0 1
1 2
1 4
1 6
1 8
1 16
1 22
1 24
1 37
2 5
2 9
2 12
2 25
2 28
2 36
2 38
3 4
3 26
3 29
3 31
3 33
4 15
4 17
4 25
4 28
4 32
5 10
5 14
5 16
5 33
5 36
5 38
6 2
6 7
6 11
6 15
6 23
6 26
6 32
6 34
7 1
7 3
7 6
7 10
7 12
7 14
7 19
7 27
7 33
7 35
7 38
8 2
8 4
8 9
8 11
8 13
8 15
8 18
8 20
8 24
8 26
8 29
8 34
8 37
9 3
9 6
9 8
9 19
9 25
9 30
10 7
10 16
10 20
10 26
10 29
10 31
11 11
11 21
11 24
11 30
11 32
12 5
12 10
12 15
12 20
12 22
12 25
12 28
12 31
12 33
12 37
13 11
13 14
13 21
13 23
13 27
13 29
13 36
13 38
14 2
14 4
14 10
14 12
14 22
14 24
14 28
14 37
15 5
15 11
15 13
15 17
15 23
15 27
15 33
15 36
15 38
16 2
16 6
16 10
16 16
16 18
16 22
16 24
16 28
16 34
16 37
17 5
17 11
17 17
17 19
17 21
17 23
17 29
17 35
18 2
18 4
18 18
18 20
18 22
18 24
18 27
18 33
18 37
19 5
19 28
19 30
19 32
19 34
19 38
20 1
20 4
20 8
20 13
20 15
20 17
20 22
20 24
20 29
20 31
20 33
21 3
21 12
21 14
21 18
21 20
21 23
21 25
21 28
21 30
21 32
21 34
22 19
22 24
22 29
23 5
23 20
23 22
23 27
23 35
24 6
24 8
24 12
24 21
24 23
24 28
24 34
24 36
25 1
25 5
25 13
25 19
25 22
25 24
25 26
25 33
25 37
26 2
26 9
26 12
26 23
26 36
26 38
27 1
27 3
27 5
27 13
27 18
27 20
27 22
27 37
28 12
28 14
28 19
28 21
28 26
28 28
28 30
28 32
17 0
29 15
29 20
29 22
29 27
29 31
30 1
30 9
30 23
30 30
30 32
30 35
30 37
31 2
31 5
31 7
31 10
31 19
31 24
31 26
32 1
32 3
32 8
32 20
32 23
32 25
32 27
32 30
32 34
33 2
33 10
33 26
33 31
33 37
34 11
34 13
34 16
34 25
34 27
34 30
35 3
35 12
35 14
35 17
35 19
35 23
35 26
35 28
35 34
35 36
35 38
36 2
36 4
36 6
36 13
36 15
36 18
36 25
36 27
36 33
37 1
37 3
37 5
37 16
37 19
37 22
37 26
37 32
37 34
37 38
38 4
38 6
38 10
38 23
38 25
38 27
38 29
1 7
0 10
0 27
1 31
5 0
5 20
9 39
10 0
11 1
11 35
12 1
13 0
15 0
29 11
21 39
23 0
23 10
28 9
28 35
28 39
29 4
29 7
31 14
32 39
35 0
35 21
36 8
38 8
38 12
39 8
39 12
39 14
39 17
39 31
39 33
39 36
0 16
2 16
19 13
0 6
3 9
0 4
0 8
0 22
1 15
2 7
0 24
39 10
12 2
22 10
24 10
2 17
2 39
2 13
3 8
3 10
5 39
6 31
7 39
36 10
37 10
9 34
10 15
7 29
11 37
14 17
15 14
15 39
19 35
17 37
19 39
17 36
17 38
20 38
21 35
22 32
21 16
20 16
26 8
32 35
27 6
26 39
35 30
31 35
33 35
25 15
26 16
26 15
30 38
29 38
31 38
32 10
32 9
32 11
33 13
33 17
33 16
35 29
35 31
38 1
23 25
39 25
39 27
13 5
14 6
37 0
14 5
39 23
37 39
22 25
29 5
38 30
18 10
19 11
17 15
39 29
18 16
18 11
17 16
4 2
5 2
38 7
38 13
27 9
36 7
3 36
4 36
35 20
3 13
5 6
6 4
5 18
17 2
9 1
8 5
4 18
6 6
6 3
29 17
25 17
28 1
29 0
2 1
32 18
29 1
2 32
3 24
9 33
2 2
8 6
18 35
11 38
4 30
14 16
6 28
9 15
7 31
31 18
8 1
24 17
30 17
16 14
7 36
3 27
3 25
3 30
3 32
4 11
20 37
25 8
5 22
4 34
32 21
28 6
33 22
6 27
11 8
33 8
34 7
33 0
34 1
38 18
39 19
33 14
38 19
9 27
9 10
33 1
34 8
32 22
7 37
3 28
10 22
11 19
4 33
5 11
6 22
13 32
8 10
37 30
9 26
10 8
34 32
11 20
10 21
13 25
12 32
12 26
33 32
12 12
31 29
12 27
14 25
14 3
21 9
16 26
12 11
15 2
31 30
15 26
21 8
15 29
15 21
15 28
15 22
27 33
27 32
19 19
23 3
17 25
18 19
17 24
26 19
22 3
20 2
21 5
18 29
22 6
27 24
18 6
24 29
22 13
27 19
23 6
24 14
19 29
27 23
27 29
24 30
21 4
18 5
20 3
21 13
28 29
23 37
22 34
24 13
25 20
26 25
32 6
28 16
33 28
23 34
24 37
25 21
33 27
28 15
24 4
31 6
30 27
25 25
24 5
31 27
29 24
29 23
35 24
35 25
37 14
37 36
36 23
36 14
36 36
34 37
37 23
35 37
20 23
20 25
32 33
13 2
11 2
11 3
10 3
27 2
28 2
28 3
29 3
33 30
0 12
1 12
1 13
0 13
0 11
1 5
0 5
1 3
0 3
0 2
0 7
0 9
1 9
13 4
12 4
16 3
29 30
33 9
29 32
31 32
21 33
22 33
22 35
21 31
22 31
22 30
20 34
20 35
37 27
37 25
8 3
35 11
36 11
36 12
27 21
35 9
36 9
28 31
31 21
31 20
30 20
30 19
29 19
29 18
28 18
28 27
19 12
20 12
33 25
11 36
12 36
36 34
29 16
27 16
27 17
19 4
27 36
27 35
26 35
4 16
31 1
27 4
34 12
33 12
33 11
26 13
26 33
28 33
14 18
15 18
15 19
16 19
29 35
35 27
34 10
36 26
37 2
38 2
38 3
39 3
39 4
19 31
36 5
19 33
30 2
31 12
31 11
30 11
30 10
29 10
29 9
39 30
14 23
39 28
38 28
9 37
38 26
39 26
6 8
28 0
27 0
31 25
26 1
3 38
14 36
11 17
12 16
24 35
35 18
10 6
5 9
30 0
24 7
25 7
25 6
26 6
26 5
38 5
6 12
16 23
30 22
27 8
27 10
26 10
26 11
6 10
34 26
24 22
36 38
36 39
35 39
11 15
11 16
37 33
38 35
38 24
39 24
26 3
13 15
13 16
25 9
24 9
7 34
25 2
38 38
38 37
12 17
6 14
15 16
32 26
16 0
16 1
5 37
33 19
17 4
14 1
14 0
20 18
19 18
19 17
18 17
30 15
30 14
29 14
10 30
35 35
10 17
38 32
39 32
28 13
36 3
29 28
30 28
30 29
28 22
25 23
4 38
4 39
3 39
38 39
21 19
29 12
20 32
36 19
36 20
37 20
37 21
38 21
38 22
39 22
23 8
29 21
23 21
28 25
28 24
30 24
20 30
7 2
25 36
19 20
20 20
20 21
21 21
21 22
22 22
22 23
23 23
23 24
24 24
25 27
26 27
26 28
38 15
32 37
31 37
31 36
30 36
2 37
3 37
36 32
36 31
37 31
37 29
36 29
36 28
32 24
2 35
3 35
3 34
33 23
34 23
34 24
36 24
36 22
35 22
5 34
5 35
6 35
6 36
35 13
33 21
33 20
34 20
34 19
38 34
39 34
39 35
35 4
8 36
8 35
9 35
24 11
10 32
10 33
11 33
11 34
12 34
1 26
12 0
11 0
39 38
39 37
26 22
27 38
27 39
25 39
25 38
35 33
34 33
34 34
33 34
11 13
11 12
10 12
10 11
9 11
8 25
24 1
24 0
25 0
30 31
14 21
16 21
29 26
30 26
32 29
32 28
34 28
34 29
32 2
25 28
25 29
4 4
4 5
20 39
7 13
27 26
26 26
24 27
24 26
23 26
37 35
37 37
27 28
8 30
7 30
7 32
8 32
8 33
26 30
27 30
26 24
23 29
23 28
22 28
22 27
21 27
21 26
14 14
14 13
13 13
13 12
9 9
20 28
31 9
31 8
30 8
30 7
7 15
31 39
32 19
5 15
32 17
26 37
12 21
28 37
29 37
29 39
2 22
3 22
37 4
34 31
18 23
34 17
14 38
14 39
13 39
18 21
3 0
3 1
4 0
4 1
2 19
1 18
17 22
7 26
27 12
33 36
34 36
34 38
33 38
33 39
8 8
4 3
3 3
6 38
6 39
28 20
18 15
19 15
19 14
20 14
24 33
24 32
25 32
25 31
32 15
32 14
32 31
19 22
18 0
18 1
19 1
19 2
21 2
21 1
22 1
22 0
34 14
34 15
35 15
35 16
36 16
36 17
37 17
37 18
31 23
21 24
38 16
39 16
39 15
1 23
0 23
17 12
17 13
16 13
16 15
39 18
39 20
17 18
7 9
16 11
22 38
22 39
23 38
23 39
9 0
9 2
8 19
33 4
33 5
37 6
37 7
22 15
23 15
22 20
9 24
10 24
10 25
11 25
11 26
13 26
13 24
12 24
12 23
11 23
11 22
9 22
20 6
19 7
18 39
18 38
13 8
31 16
6 1
6 0
7 0
1 0
1 1
9 20
31 34
30 34
30 33
19 27
19 26
18 26
18 25
16 25
16 27
17 27
17 28
18 28
18 30
17 30
1 25
0 25
0 26
14 27
15 37
13 28
18 32
38 11
39 11
1 21
0 21
0 20
39 9
38 9
5 4
5 5
37 15
37 13
39 13
16 38
16 39
18 3
12 19
10 19
19 24
27 14
21 29
16 17
15 12
8 12
13 30
14 30
14 31
1 29
8 23
7 23
7 24
6 24
6 25
5 25
5 26
4 26
4 27
28 11
17 20
5 7
4 7
4 8
9 18
7 4
7 5
2 27
2 26
9 4
9 5
2 6
3 6
3 5
23 36
2 8
25 12
7 7
15 24
12 14
33 3
34 3
34 2
35 2
1 36
0 36
0 37
13 22
21 15
2 4
31 3
31 4
32 4
32 5
8 14
9 14
9 13
5 19
6 19
5 17
6 17
6 16
23 12
22 12
22 11
21 11
14 9
38 0
39 0
32 7
33 7
15 7
16 8
20 7
25 34
17 6
30 5
28 5
28 7
2 20
3 20
3 19
0 18
0 17
1 17
5 21
5 23
4 23
4 24
2 24
5 32
5 31
4 31
12 9
11 9
11 10
8 39
8 38
7 18
14 29
12 30
12 29
11 29
11 28
10 28
10 27
35 6
35 7
4 29
5 29
5 28
7 28
8 28
8 27
14 11
4 14
3 14
3 15
2 15
34 0
32 0
19 6
16 29
23 2
23 4
25 4
34 5
19 8
20 5
22 14
23 14
25 16
39 7
39 6
8 21
7 21
7 20
1 19
5 13
13 20
25 18
26 18
26 20
24 20
24 19
23 19
23 18
22 18
22 17
21 17
0 32
0 31
2 31
2 33
1 33
1 34
0 34
36 1
36 0
1 39
1 38
13 33
14 33
14 34
15 34
15 35
16 35
16 36
18 36
25 14
22 7
22 5
23 16
13 31
15 8
13 37
21 37
19 37
18 34
17 34
17 33
16 33
16 32
15 32
15 31
8 17
8 16
9 16
11 31
3 12
4 12
4 10
19 10
20 10
20 9
22 9
3 17
9 29
9 31
2 10
2 11
1 28
0 28
0 29
0 15
13 6
12 6
12 7
11 7
16 7
17 10
17 9
16 9
15 6
10 39
10 38
12 38
6 33
15 4
2 29
16 5
7 11
9 7
13 35
20 0
13 10
15 10
11 5
