0 0
1 13
1 18
1 20
1 22
1 25
1 32
1 38
2 4
2 7
2 9
2 11
2 17
2 19
2 21
2 23
2 31
2 33
2 35
2 37
3 1
3 5
3 8
3 10
3 12
3 20
3 24
3 26
3 30
3 36
3 38
4 4
4 7
4 13
10 24
4 31
4 37
5 8
5 14
5 17
5 20
5 23
5 30
6 9
6 15
6 21
6 24
6 28
6 31
6 35
7 10
7 22
7 25
7 27
7 36
8 1
8 8
8 11
8 18
8 20
8 23
8 26
8 31
9 6
9 12
9 15
9 24
9 27
9 32
10 1
10 4
10 7
10 10
10 13
10 18
10 25
10 38
11 3
11 5
11 11
11 14
11 17
11 19
11 23
11 26
11 29
11 37
12 4
12 6
12 8
12 10
12 12
12 15
12 18
12 20
12 22
12 27
12 30
13 1
13 3
13 5
13 11
13 13
13 17
13 19
13 23
13 25
13 36
14 2
14 12
14 18
14 20
14 22
14 24
14 32
15 1
15 3
15 5
15 11
15 13
15 19
15 21
15 23
15 25
15 27
15 30
15 33
15 35
16 4
16 6
16 12
16 22
16 24
16 26
16 28
16 31
17 5
17 8
17 10
17 13
17 16
17 18
17 21
17 23
17 25
17 29
17 38
18 1
18 11
18 14
18 22
18 37
19 2
19 4
19 6
19 12
19 20
19 25
19 28
19 31
19 33
20 1
20 3
20 7
20 10
20 13
20 18
20 21
20 24
20 30
20 37
21 8
21 11
21 17
21 19
21 22
21 25
21 36
22 7
22 9
22 18
22 20
22 23
22 26
22 28
22 30
22 35
23 2
23 4
23 8
23 10
23 12
23 14
23 21
23 24
23 31
23 34
23 36
24 1
24 5
24 9
24 11
24 13
24 22
24 25
24 32
24 35
25 10
25 14
25 18
25 20
25 23
25 26
25 28
25 31
25 33
25 36
25 38
26 2
26 4
26 6
26 9
26 15
26 17
26 19
26 21
26 24
26 32
26 37
27 1
27 3
27 13
27 16
27 18
27 20
27 25
27 28
27 31
27 33
27 38
28 2
28 4
28 6
28 12
28 14
28 17
28 19
28 21
28 23
28 26
28 29
29 5
29 11
29 18
29 22
29 27
29 33
30 1
30 4
30 6
30 9
30 16
30 26
30 32
31 5
31 8
31 10
31 12
31 14
31 17
31 22
31 27
31 30
31 36
31 38
32 1
32 3
32 9
32 11
32 13
32 15
32 18
32 23
32 26
32 28
32 31
32 37
33 2
33 4
33 8
33 10
33 12
33 14
33 16
33 19
33 24
33 27
33 29
33 35
34 1
34 5
34 7
34 9
34 11
34 13
34 15
34 17
34 22
34 28
34 31
34 33
34 36
35 6
35 8
35 10
35 12
35 16
35 23
35 25
35 27
35 32
35 34
35 37
36 1
36 4
36 7
36 9
36 11
36 13
36 17
36 24
36 28
36 31
36 36
36 38
37 8
37 10
37 18
37 29
37 37
38 7
38 16
38 27
38 30
38 32
38 34
38 38
0 8
0 10
0 27
0 36
1 28
5 0
6 2
11 34
13 39
14 8
14 15
17 33
19 39
21 39
22 0
28 9
29 38
29 39
37 22
38 14
38 21
39 1
39 9
39 12
39 14
39 21
39 23
1 39
0 38
1 4
6 34
0 20
8 36
1 26
11 36
2 34
3 0
4 26
1 34
3 34
4 1
5 4
3 25
3 39
5 3
5 5
9 1
9 0
9 2
7 37
10 39
13 15
15 15
12 7
13 37
11 7
13 7
13 0
15 0
15 10
20 33
17 39
29 34
19 5
18 5
20 5
20 0
19 32
20 14
21 13
21 12
23 15
24 0
25 39
27 39
28 7
2 13
3 14
3 13
29 29
8 21
9 22
28 38
31 35
32 0
31 39
8 22
31 24
31 23
32 21
31 21
22 37
22 36
13 33
39 38
13 32
5 10
5 9
4 35
6 7
4 36
39 30
5 32
39 27
5 7
38 31
39 16
39 32
38 39
3 6
4 11
2 29
5 31
3 7
3 11
38 13
3 29
16 33
8 35
38 20
10 36
3 22
35 19
1 2
22 15
10 30
1 14
1 15
4 24
0 2
10 29
2 22
35 20
7 34
12 37
6 26
29 32
5 12
5 24
7 26
5 13
7 14
20 34
4 21
2 25
6 29
6 14
18 32
10 20
7 17
4 20
6 30
8 33
16 1
10 8
6 11
11 31
7 18
10 19
14 6
30 34
8 28
8 16
31 32
32 33
17 1
8 32
19 14
10 9
7 11
12 31
8 27
32 32
9 16
14 5
11 21
29 30
13 9
12 21
12 16
18 26
12 9
12 17
18 25
15 17
14 17
21 31
17 27
16 27
21 30
22 5
23 29
21 4
20 26
37 31
18 17
21 27
19 29
22 29
23 5
21 3
19 30
22 27
17 17
19 8
20 25
24 3
19 7
23 19
25 12
21 6
23 3
24 12
26 35
22 19
26 29
21 7
26 36
24 7
25 8
26 11
26 28
25 5
22 11
25 1
23 7
26 10
25 9
30 19
24 27
26 5
26 1
23 11
29 19
25 27
24 30
24 31
34 3
30 11
33 3
32 5
28 24
33 25
33 30
34 38
38 36
31 11
33 31
33 5
33 26
28 25
35 2
35 38
37 36
35 35
35 1
35 36
30 7
30 8
35 29
36 33
35 28
35 33
36 26
35 26
20 36
36 5
34 24
37 12
37 4
35 24
36 6
36 12
38 4
24 14
24 15
25 15
18 36
15 37
14 36
15 39
7 31
15 36
14 37
13 35
14 35
15 38
16 38
16 39
14 39
20 32
20 31
22 31
20 38
20 39
18 38
18 39
22 39
11 38
12 38
11 39
12 39
37 1
12 36
33 28
31 26
8 38
3 31
2 36
34 32
28 5
9 38
9 39
8 39
3 9
34 27
35 31
8 37
2 12
1 12
1 11
0 11
36 23
36 22
35 22
35 17
1 9
0 9
28 3
26 3
24 10
27 2
3 4
38 6
32 2
1 7
0 7
0 6
25 37
27 19
27 17
11 4
35 11
25 32
16 25
26 38
26 39
2 32
38 11
19 3
35 9
35 15
38 28
29 4
29 26
19 1
19 0
18 0
25 19
23 9
32 27
14 23
33 11
33 15
14 25
12 19
13 24
14 19
5 39
32 35
32 36
33 36
33 37
34 37
34 39
16 23
26 20
31 9
38 17
38 33
39 33
39 34
11 0
34 12
33 9
34 10
34 8
16 5
25 17
34 6
32 14
37 38
37 39
36 39
30 5
15 24
15 22
32 12
7 21
7 20
6 20
6 19
5 19
5 18
4 18
4 17
3 17
3 16
2 16
27 9
29 9
29 10
30 10
30 12
29 12
21 1
21 0
36 10
38 22
39 22
32 10
13 20
24 36
35 13
38 10
39 10
39 11
27 4
13 22
38 24
37 25
31 13
29 6
29 7
31 7
31 6
32 6
32 4
31 4
31 3
30 3
30 2
29 2
29 1
28 1
28 0
27 0
5 34
5 35
3 35
36 8
6 36
6 37
5 37
5 38
4 38
4 39
1 31
28 39
38 29
39 29
39 28
27 37
28 37
20 2
13 2
26 18
7 0
27 6
27 7
26 7
26 8
24 39
24 38
24 8
24 6
25 6
24 4
25 4
39 31
10 3
10 2
11 2
11 1
14 0
14 1
12 1
12 0
33 13
24 2
25 2
25 0
39 13
37 13
37 11
7 5
7 6
7 3
8 3
8 4
3 33
4 33
4 32
6 32
12 5
8 19
23 1
23 0
30 38
30 39
32 39
32 38
37 9
13 18
28 33
28 34
27 34
27 35
38 25
38 26
39 26
25 35
25 34
24 34
24 33
23 33
23 32
2 30
2 28
20 17
37 28
37 27
36 27
36 25
9 31
9 30
8 30
11 18
4 30
38 35
38 37
39 37
39 39
18 15
27 32
9 18
37 34
36 34
36 35
32 8
37 24
38 18
39 18
39 17
31 31
30 31
30 30
6 39
17 22
28 18
14 13
6 3
31 1
31 0
30 0
33 1
33 0
34 0
36 37
29 23
29 24
30 24
30 25
38 2
39 2
39 3
2 18
8 2
27 12
27 11
28 11
24 18
23 18
23 17
22 17
22 16
21 16
28 31
28 30
27 30
27 29
11 6
10 6
10 5
9 5
9 4
3 27
4 27
4 28
5 28
5 29
7 29
7 28
9 28
3 2
4 2
4 3
10 0
31 28
31 29
32 29
32 30
7 4
18 33
12 23
10 17
25 29
25 30
23 30
34 30
34 29
15 20
36 29
36 30
37 30
36 18
36 19
37 19
37 20
33 20
32 20
32 19
13 12
39 24
16 13
36 16
37 16
37 17
34 14
22 8
18 2
0 16
39 5
21 18
34 2
34 4
36 2
35 4
35 5
36 3
37 3
37 5
16 7
15 7
4 25
4 23
3 23
21 14
22 14
18 31
17 31
17 30
16 30
16 29
15 29
15 28
14 28
14 27
13 27
13 26
12 26
12 25
11 25
11 24
4 29
10 23
9 23
18 23
9 20
9 21
11 20
11 22
21 35
21 34
22 34
3 21
30 27
30 33
31 33
23 20
24 20
24 21
25 21
25 22
26 22
26 23
27 23
27 24
29 21
22 4
20 4
20 6
22 6
38 8
39 8
39 7
9 13
9 14
10 14
10 15
11 15
11 16
13 16
22 2
13 4
10 32
11 32
11 30
15 34
16 34
16 35
17 35
28 20
6 5
6 6
23 28
24 28
7 1
6 1
6 0
6 27
6 25
29 28
28 28
28 27
27 27
27 26
26 26
26 25
37 32
36 32
25 25
11 8
25 24
16 16
15 16
30 35
30 36
29 36
24 24
34 35
34 34
33 34
33 33
24 23
14 11
14 10
13 10
13 8
23 23
23 22
22 22
19 27
19 26
22 21
21 21
21 20
20 20
20 19
19 19
19 18
18 18
24 26
23 26
23 25
22 25
22 24
21 24
21 23
20 23
20 22
19 22
19 21
18 21
18 20
17 20
17 19
16 19
16 18
15 18
13 14
12 14
12 13
11 13
11 12
10 12
10 11
9 11
9 10
8 10
8 9
7 9
7 8
6 8
38 15
39 15
31 18
30 18
30 17
29 17
29 16
28 16
28 15
27 15
27 14
26 14
26 13
25 13
15 2
16 2
16 3
17 3
17 4
18 4
29 14
30 14
30 15
31 15
31 16
32 16
32 17
33 17
33 18
34 18
34 19
3 37
27 21
39 20
2 20
2 3
1 3
1 1
2 1
2 0
15 14
5 21
5 22
6 22
6 23
7 23
7 24
8 24
8 25
9 25
9 26
10 26
10 27
11 27
11 28
12 28
12 29
13 29
13 30
14 30
14 31
15 31
15 32
16 32
38 0
39 0
30 20
25 11
9 8
9 7
8 7
8 6
17 7
17 6
18 6
36 14
15 12
1 23
1 24
2 24
2 26
17 24
2 38
2 39
4 0
21 26
8 0
18 16
19 16
19 15
23 35
31 37
16 0
32 24
32 25
34 25
34 23
33 23
33 22
32 22
4 5
4 6
2 6
2 5
1 5
9 34
8 12
18 8
20 8
20 9
21 9
21 10
22 10
22 12
20 12
20 11
19 11
19 10
18 10
17 9
0 26
0 25
28 13
21 28
20 28
20 29
14 21
30 22
34 21
2 14
0 14
0 13
16 21
23 13
18 29
18 28
17 28
28 22
17 26
17 37
19 34
1 21
1 19
0 21
0 19
0 22
0 18
37 7
17 15
17 14
23 37
21 37
14 3
15 4
19 37
16 8
15 8
34 16
26 33
3 19
7 13
7 15
8 15
8 17
6 17
6 16
5 16
5 15
4 15
4 14
1 17
11 10
35 7
19 13
18 13
18 12
17 12
17 11
16 11
16 10
26 31
13 6
15 6
1 37
0 37
0 28
0 29
0 39
12 3
15 26
36 0
26 16
33 7
10 34
10 35
9 35
0 32
0 33
1 33
1 35
0 35
12 11
4 8
2 10
4 10
4 12
6 10
6 12
7 35
7 33
9 33
2 8
14 33
12 33
12 34
19 24
10 37
