0 0
1 3
1 7
1 9
1 15
1 17
1 23
1 25
1 27
1 32
1 38
2 2
2 4
2 8
2 10
2 12
2 14
2 16
2 22
2 24
2 26
2 28
2 31
3 1
3 3
3 9
3 11
3 13
3 15
3 17
3 19
3 21
3 23
3 25
3 27
3 29
4 2
4 8
4 10
4 12
4 14
4 16
4 20
4 22
4 24
4 26
4 30
4 33
4 35
4 38
5 7
5 9
5 11
5 13
5 15
5 19
5 21
5 23
5 25
5 34
5 36
6 10
6 14
6 20
6 22
6 24
6 27
6 33
6 35
7 3
7 7
7 11
7 13
7 18
7 23
7 28
7 31
7 34
7 36
8 4
8 6
8 12
8 17
8 19
8 22
8 24
8 30
8 32
8 35
8 37
9 5
9 7
9 10
9 16
9 18
9 20
9 25
9 27
9 31
9 36
10 6
10 11
10 19
10 21
10 28
10 30
10 32
11 7
11 9
11 14
11 20
11 22
11 24
11 31
11 33
12 8
12 10
12 15
12 19
12 21
12 23
12 27
12 30
12 38
13 9
13 11
13 16
13 18
13 20
13 22
13 24
13 26
13 28
13 31
13 33
14 1
14 5
14 7
14 12
14 14
14 17
14 19
14 21
14 27
14 29
14 32
14 34
15 8
15 11
15 15
15 18
15 20
15 28
15 30
15 33
15 35
15 38
16 7
16 10
16 12
16 16
16 19
16 21
16 23
16 26
16 29
16 32
16 36
17 2
17 11
17 17
17 20
17 24
17 27
18 1
18 3
18 12
18 15
18 18
18 23
18 25
18 32
18 35
18 38
19 2
19 6
19 13
19 17
19 19
19 24
19 26
19 28
19 30
20 1
20 11
20 18
20 20
20 23
20 25
20 27
20 29
20 38
21 5
21 7
21 9
21 21
21 26
21 28
21 30
21 33
21 37
22 6
22 8
22 10
22 20
22 27
22 29
22 34
22 38
23 4
23 7
23 9
23 16
23 18
23 26
23 30
23 32
24 2
24 8
24 15
24 17
24 19
24 31
24 35
25 3
25 16
25 18
25 26
25 29
25 32
25 36
26 8
26 12
26 15
26 17
26 27
26 30
26 33
26 35
27 4
27 6
27 9
27 11
27 16
27 18
27 21
27 26
27 28
27 36
28 1
28 3
28 5
28 7
28 10
28 12
28 15
28 17
28 19
28 25
28 27
28 30
28 32
28 37
29 6
29 8
29 11
29 13
29 16
29 24
29 26
29 31
29 36
29 38
30 7
30 12
30 14
30 23
30 25
30 27
30 30
30 32
30 37
31 3
31 6
31 8
31 11
31 13
31 15
31 19
31 21
31 24
31 31
31 33
31 38
32 7
32 12
32 14
32 16
32 20
32 22
32 28
32 30
32 32
32 34
33 6
33 11
33 13
33 15
33 17
33 19
33 21
33 27
33 33
33 35
33 37
34 1
34 4
34 7
34 9
34 12
34 14
34 16
34 18
34 20
34 22
34 32
34 34
34 36
35 2
35 5
35 8
35 11
35 15
35 17
35 19
35 21
35 23
35 31
35 35
35 37
36 1
36 6
36 18
36 20
36 22
36 24
36 28
36 32
36 34
36 38
37 2
37 5
37 9
37 14
37 19
37 23
37 25
37 27
37 35
38 3
38 6
38 10
38 12
38 15
38 17
38 20
38 22
38 24
38 28
38 31
38 38
0 20
0 30
0 36
4 5
6 0
6 39
7 1
8 0
9 39
11 0
11 36
12 4
13 3
19 9
20 15
22 23
23 0
24 11
24 22
24 24
24 38
24 39
25 0
25 5
26 23
26 39
30 0
31 1
32 0
39 1
39 33
1 37
1 39
1 6
0 23
0 9
0 38
5 38
0 7
29 1
0 25
12 5
23 22
25 22
23 24
25 24
0 32
0 27
21 36
23 38
25 38
3 0
20 36
22 36
5 30
4 39
6 3
6 2
6 4
12 39
15 1
19 5
11 34
26 1
27 0
27 1
15 39
17 7
17 6
17 8
17 29
16 38
17 39
17 38
17 28
17 30
18 0
20 0
21 23
20 39
33 1
36 29
37 8
22 39
39 10
25 4
25 6
24 20
23 20
25 20
32 3
32 2
32 4
28 33
29 35
29 39
32 24
31 39
33 38
34 0
10 36
37 10
36 27
36 8
38 8
39 15
39 20
36 39
14 3
16 3
17 4
39 6
17 3
39 12
39 17
5 5
39 38
39 3
38 32
39 22
39 31
38 39
19 15
24 12
1 13
22 14
2 6
1 34
1 19
2 34
2 13
1 18
3 7
6 16
22 13
6 37
4 28
7 25
6 15
3 8
8 28
6 36
3 28
7 24
15 2
2 37
5 17
4 31
9 28
2 20
9 23
4 17
4 32
8 33
10 34
18 5
9 14
10 17
3 20
8 23
9 17
9 15
30 35
7 9
8 34
6 9
6 6
29 3
30 3
11 18
6 7
35 29
11 19
8 8
8 7
10 13
11 13
11 16
11 15
15 9
15 31
16 34
14 25
15 4
15 10
16 14
20 3
15 24
15 34
15 32
15 5
13 25
32 23
32 38
15 14
15 23
20 2
34 24
35 25
35 24
24 27
26 19
26 10
17 13
25 9
24 26
18 16
26 13
20 12
25 8
17 12
20 6
26 3
26 18
22 25
27 10
18 17
26 14
20 13
22 26
21 6
18 27
23 28
27 3
36 15
22 28
19 27
21 11
37 15
22 11
31 17
32 9
32 17
23 34
26 37
26 25
32 8
26 26
30 9
26 36
24 34
30 8
30 5
30 6
29 18
28 18
27 29
27 30
30 28
31 26
30 29
30 26
33 29
36 12
34 10
32 29
35 3
34 11
34 26
36 11
33 26
35 4
38 36
37 36
38 26
37 26
36 25
22 16
20 33
28 36
28 35
27 35
12 3
11 3
11 2
13 1
15 0
14 0
0 8
1 8
0 6
37 20
0 10
1 10
5 35
32 6
3 4
3 5
2 5
2 7
4 7
20 5
20 7
19 7
5 33
35 22
26 16
33 20
32 15
6 34
35 20
32 13
33 18
9 26
12 31
35 18
33 16
12 26
27 5
9 19
36 23
6 13
20 37
20 35
19 35
19 34
18 34
18 33
8 36
37 6
19 29
23 10
24 10
24 9
26 9
26 11
17 32
30 13
36 19
19 25
32 11
23 15
23 14
24 14
36 5
38 18
33 7
3 35
36 21
19 23
8 31
21 15
21 14
18 37
18 36
17 36
17 35
16 35
16 33
3 33
11 23
37 1
27 17
23 8
15 19
35 1
35 0
36 0
38 19
39 19
39 18
14 33
6 23
7 35
36 37
33 14
30 11
35 16
36 16
36 17
37 17
37 18
33 12
28 31
17 21
3 26
12 33
12 34
13 34
13 35
14 35
14 36
15 36
15 37
16 37
24 18
27 15
5 24
35 14
36 14
33 0
4 15
14 28
38 13
17 23
33 36
3 24
6 28
13 38
4 34
38 4
21 38
21 39
21 8
28 16
11 21
19 38
19 39
18 39
20 28
29 7
11 32
7 22
28 26
4 13
32 21
20 26
3 22
10 31
15 21
39 29
23 39
15 29
6 21
29 12
24 16
34 21
15 7
10 38
34 19
38 16
39 16
34 17
4 9
2 15
5 22
38 23
39 23
39 24
28 4
29 4
29 5
31 5
31 4
32 19
34 15
28 11
38 14
39 14
39 13
30 24
38 25
38 27
30 31
1 29
14 38
14 39
13 39
4 29
5 29
22 7
4 27
5 27
5 26
6 26
6 25
8 25
13 10
28 24
34 8
18 2
23 31
38 5
39 5
39 4
37 28
37 29
38 29
38 30
39 30
28 2
29 2
13 32
35 12
37 12
37 13
19 18
3 12
22 1
12 36
12 37
13 37
31 10
31 9
31 20
26 34
3 10
31 7
4 3
16 39
12 22
28 6
31 2
12 24
13 19
36 2
36 3
37 3
37 4
25 17
9 32
9 33
10 33
27 12
27 13
28 13
28 14
29 14
29 15
30 15
30 16
31 16
38 21
39 21
23 23
1 26
0 26
20 19
33 4
33 5
34 5
34 6
35 6
35 7
36 7
31 12
32 33
18 24
34 37
34 38
35 38
35 39
31 18
4 23
19 1
19 0
25 12
25 13
2 38
2 39
3 38
3 39
23 12
12 18
10 18
10 16
12 16
16 22
29 10
29 9
28 9
28 8
27 8
27 7
26 7
26 6
11 38
11 39
10 39
38 34
20 24
21 24
21 25
23 25
5 10
39 28
33 2
34 2
34 3
9 6
1 24
0 24
2 9
37 38
37 39
4 21
3 18
1 22
0 22
0 21
2 17
31 14
28 0
29 0
24 36
8 13
8 14
7 14
39 39
14 18
24 7
24 6
23 6
23 5
22 5
22 4
21 4
21 3
22 21
23 21
17 10
37 22
19 3
1 4
0 4
0 3
16 11
7 17
7 16
8 16
23 17
29 25
7 38
36 9
35 9
35 10
33 10
33 9
23 19
22 19
22 18
21 18
21 17
20 17
27 38
25 23
13 21
5 1
34 31
1 28
0 28
0 29
9 37
10 37
21 29
22 30
5 31
6 31
6 32
7 32
7 33
2 36
8 18
39 11
38 11
4 25
25 15
9 35
10 35
34 25
34 27
29 21
28 21
28 20
29 23
9 0
9 1
10 0
10 1
34 13
10 29
31 0
0 1
33 22
33 23
34 23
21 22
20 22
20 21
19 21
19 20
18 20
18 19
17 19
17 18
16 18
16 17
15 17
15 16
14 16
14 15
13 15
13 14
12 14
26 0
32 27
31 27
31 28
13 17
3 31
3 30
2 30
2 29
25 33
25 2
26 2
26 4
10 7
21 1
21 0
22 0
14 6
2 23
35 36
20 30
5 39
26 21
25 21
4 19
39 37
38 37
11 6
11 5
10 5
10 4
9 4
9 3
8 3
30 38
30 39
11 30
16 2
14 2
25 25
27 25
10 22
9 22
9 21
8 21
8 20
7 20
7 19
6 19
6 18
5 18
21 31
21 32
22 32
22 33
23 33
23 35
22 35
36 31
37 31
37 32
39 32
35 34
3 16
19 32
19 31
18 31
18 30
16 4
14 4
0 15
13 12
12 12
12 11
11 11
11 10
10 10
10 9
9 9
9 8
7 8
7 10
8 10
8 11
9 11
9 12
10 12
10 14
15 12
16 30
16 31
14 31
14 30
13 30
13 29
12 29
12 28
11 28
11 27
10 27
9 30
22 37
23 37
2 3
29 27
29 28
28 28
28 29
22 2
23 2
23 3
24 3
24 4
11 25
10 25
10 24
9 24
25 35
5 16
30 19
29 19
29 20
32 31
7 4
7 6
5 4
5 6
5 12
13 5
27 23
27 22
28 22
30 21
30 22
31 22
31 23
34 33
1 2
3 2
18 11
19 11
19 12
21 12
21 10
20 10
20 9
27 19
27 20
37 24
14 11
0 37
0 39
14 13
38 35
39 35
39 34
25 19
36 33
18 9
18 8
33 30
33 28
29 17
16 8
16 9
14 9
14 8
13 8
13 7
12 7
13 23
2 25
8 5
39 2
38 2
5 8
16 6
18 6
18 4
8 38
8 39
7 39
31 34
30 34
30 33
29 33
29 32
16 13
16 15
17 15
18 13
17 16
18 14
19 14
19 16
32 25
31 25
28 38
28 39
27 39
5 37
4 37
4 36
4 1
4 0
5 0
17 0
17 1
1 16
26 29
26 28
25 28
25 27
24 1
24 0
37 34
21 20
25 39
22 9
14 22
11 8
5 14
39 9
38 9
38 7
39 7
7 12
29 30
0 12
1 12
1 14
16 28
16 27
15 27
15 26
14 26
14 24
16 24
16 25
17 25
17 26
18 26
18 28
18 22
23 27
35 32
7 37
27 37
25 37
12 9
23 29
24 29
24 30
25 30
25 31
26 31
26 32
27 32
27 33
5 2
21 34
30 36
31 36
31 37
32 37
32 39
39 0
31 30
33 34
4 11
6 11
12 0
7 30
7 29
8 29
8 27
7 27
7 2
7 0
0 17
3 14
2 0
2 1
31 32
16 20
14 20
33 32
24 32
10 20
12 20
5 20
2 11
36 35
32 35
27 27
21 27
2 32
0 31
1 31
0 33
1 33
1 35
0 35
34 35
29 37
35 30
35 28
13 27
0 19
2 19
2 21
2 27
