0 0
1 5
1 8
1 11
1 16
1 24
1 27
1 30
1 35
1 37
2 4
2 6
2 15
2 17
2 19
2 34
2 36
2 38
3 7
3 14
3 16
3 25
3 28
3 33
3 35
3 37
4 4
4 8
4 13
4 15
4 17
4 19
4 24
4 36
5 3
5 7
5 12
5 14
5 16
5 18
5 20
5 22
5 37
6 1
6 11
6 13
6 15
6 17
6 21
6 23
6 33
7 2
7 8
7 12
7 14
7 24
7 34
8 1
8 7
8 15
8 17
8 23
8 26
8 29
9 6
9 16
9 27
9 30
9 32
10 1
10 4
10 20
10 22
10 28
10 31
10 38
11 2
11 7
11 12
11 17
11 21
11 27
11 29
11 32
11 37
12 1
12 22
12 28
12 30
12 35
13 4
13 8
13 17
13 20
13 29
13 31
13 34
13 36
14 1
14 18
14 27
14 35
14 37
15 2
15 8
15 19
15 21
15 23
15 31
15 34
15 38
16 6
16 9
16 18
16 20
16 24
16 32
17 10
17 17
17 19
17 21
17 23
17 25
17 30
17 33
17 37
18 5
18 7
18 14
18 20
18 22
18 31
19 3
19 6
19 12
19 33
20 2
20 7
20 24
20 26
20 28
20 30
20 34
21 3
21 8
21 10
21 12
21 17
21 23
21 25
21 29
21 35
22 2
22 9
22 11
22 16
22 18
22 20
22 24
22 30
22 34
22 36
22 38
23 1
23 3
23 15
23 19
23 21
23 23
23 25
23 28
23 31
23 35
23 37
24 2
24 4
24 8
24 14
24 16
24 18
24 20
24 22
24 26
24 32
24 34
24 36
25 5
25 7
25 17
25 19
25 21
25 28
25 35
26 6
26 18
26 20
27 1
27 4
27 7
27 19
27 21
27 28
27 31
28 2
28 5
28 8
28 11
28 20
28 24
28 26
28 29
28 32
28 34
29 3
29 9
29 23
29 27
29 30
29 33
30 2
30 4
30 7
30 14
30 16
30 26
30 31
30 34
31 5
31 8
31 11
31 13
31 17
31 20
31 27
31 35
31 37
32 7
32 12
32 14
32 16
32 28
32 30
32 32
32 34
32 36
32 38
33 1
33 4
33 8
33 10
33 17
33 26
33 31
33 35
33 37
34 2
34 7
34 9
34 11
34 25
34 27
34 32
34 36
34 38
35 1
35 3
35 6
35 8
35 12
35 17
35 20
35 22
35 33
35 35
36 2
36 5
36 7
36 19
36 21
36 23
36 32
36 34
37 12
37 20
37 35
38 2
38 11
38 25
38 34
0 18
0 20
0 22
0 33
1 21
2 0
3 10
9 36
11 9
11 14
11 24
13 12
13 13
13 25
15 15
17 35
18 0
18 39
20 14
20 38
20 39
21 0
25 11
25 38
26 14
26 39
27 38
28 13
28 37
28 39
31 23
35 29
37 0
37 27
38 15
38 28
38 29
38 38
38 39
39 15
39 17
39 19
39 21
39 27
39 30
4 22
20 17
0 11
0 37
0 27
1 23
0 35
0 24
18 15
0 30
38 26
12 25
14 25
37 29
17 15
19 15
3 32
4 9
6 37
7 3
38 23
39 24
38 24
7 26
13 5
7 25
7 27
10 19
12 5
14 5
11 6
11 26
12 0
13 22
14 0
11 35
13 21
13 23
15 39
17 26
18 33
18 32
18 34
20 31
20 27
19 27
21 27
24 9
19 38
6 29
7 30
7 29
14 12
33 0
33 14
32 39
8 35
9 34
8 9
9 8
8 34
8 8
34 28
35 27
34 39
35 0
14 28
15 29
14 29
39 2
16 11
39 34
17 12
26 2
17 11
26 1
39 11
38 10
11 13
3 20
25 14
28 14
3 19
9 2
9 1
30 23
7 0
6 36
7 1
38 16
37 38
1 14
1 1
35 14
20 16
0 4
4 38
1 4
11 19
2 14
0 1
4 37
3 3
8 3
2 24
4 32
6 19
3 4
3 24
3 12
5 9
5 19
12 18
6 6
23 5
26 24
4 12
25 3
7 32
8 13
20 36
12 17
10 6
19 31
24 5
22 4
21 21
5 6
27 24
24 3
7 13
16 26
20 35
7 33
12 37
14 9
25 9
8 31
13 32
22 21
22 3
9 31
14 8
13 37
13 33
12 7
18 9
10 33
15 4
21 33
14 16
13 7
20 4
36 30
37 31
15 3
21 34
10 32
14 20
17 9
14 17
36 31
16 7
18 18
20 3
17 6
15 20
16 8
17 18
22 7
18 6
19 21
21 7
24 24
18 21
20 9
23 24
21 9
20 22
26 29
25 33
20 23
25 23
26 28
24 33
22 32
22 26
25 22
24 27
23 32
22 25
27 33
24 28
28 33
32 5
33 5
29 1
26 8
26 7
35 10
29 2
29 15
34 10
31 31
30 32
30 15
30 33
30 12
32 31
31 12
37 3
31 6
37 2
32 18
36 25
34 23
31 7
37 6
37 22
33 24
33 12
36 24
32 17
35 18
35 23
33 25
36 22
36 6
34 12
35 4
35 19
38 13
37 13
35 5
34 20
31 16
31 21
5 39
5 38
6 38
24 37
25 37
25 36
19 24
3 38
24 1
9 20
9 19
8 19
8 18
22 15
22 17
21 14
21 13
23 36
22 19
13 3
23 34
19 39
23 38
27 36
27 37
37 10
37 11
21 30
21 31
22 31
22 33
20 33
6 3
6 2
5 2
5 1
37 23
37 21
37 34
11 15
11 16
10 16
10 17
9 17
1 32
14 2
16 2
31 36
35 21
34 6
23 22
6 22
15 22
18 36
34 33
1 31
0 31
0 32
20 29
36 14
36 15
35 15
35 16
23 11
21 11
2 33
2 32
34 8
26 35
24 35
30 20
29 20
1 28
16 38
20 19
20 20
5 24
5 25
35 34
22 37
28 12
27 12
27 11
1 25
27 14
29 14
29 16
5 28
32 20
4 5
18 37
19 37
19 36
9 24
35 13
20 18
21 18
13 28
13 27
12 27
12 26
5 23
4 23
2 16
37 28
10 27
10 26
9 26
18 19
19 19
19 20
6 18
6 20
32 37
7 21
18 17
19 22
21 22
17 36
23 16
15 18
34 31
30 27
27 20
39 32
6 16
34 26
35 26
35 25
37 25
37 26
5 15
36 20
31 34
14 38
14 39
13 39
39 25
39 26
39 23
39 22
1 29
0 29
0 28
17 38
17 39
16 39
21 20
2 18
6 24
6 25
25 31
26 32
25 20
8 22
9 22
9 23
10 23
10 24
22 35
31 26
32 26
32 27
33 27
33 28
35 28
37 19
5 13
17 24
35 30
37 30
2 28
2 27
3 27
3 26
4 26
4 25
1 26
0 26
0 25
15 37
16 37
5 17
21 38
21 39
22 39
5 27
6 27
6 28
39 29
39 28
21 24
21 36
19 14
19 13
18 13
18 12
3 15
37 32
38 32
38 33
39 33
35 2
4 16
4 18
13 30
14 36
15 24
14 24
14 23
2 25
2 23
27 22
38 4
12 23
12 24
38 20
39 20
31 14
4 28
4 29
3 29
3 30
2 30
30 3
8 24
8 25
26 31
25 18
34 37
32 8
25 34
31 2
5 4
27 18
35 32
26 19
38 18
39 18
0 23
35 36
19 5
19 4
18 4
18 3
17 3
25 6
28 19
28 21
13 1
13 0
27 34
25 32
5 21
4 21
4 20
2 20
2 21
26 21
34 17
34 18
33 18
33 19
6 14
4 14
18 8
18 10
24 17
39 31
27 32
24 31
26 17
32 23
32 24
34 24
34 22
33 22
28 25
21 5
21 4
4 35
37 8
38 7
28 35
19 1
23 18
23 20
11 1
11 0
10 0
7 17
14 26
24 19
36 33
33 32
13 35
29 24
30 24
30 25
3 17
39 38
39 39
14 31
14 32
15 32
15 33
16 33
16 34
17 34
7 15
32 15
33 15
33 16
19 16
21 16
23 9
23 8
22 8
22 6
23 6
33 30
30 39
24 21
23 4
7 23
3 34
12 29
26 26
25 26
25 25
33 36
8 27
8 28
9 28
9 29
10 29
10 30
11 30
11 31
12 31
12 32
36 37
37 37
37 36
38 36
38 35
39 35
18 29
18 28
24 15
24 13
25 15
25 13
25 16
25 12
32 33
14 34
30 0
30 1
28 1
28 0
27 0
2 5
8 16
39 4
39 3
38 3
29 34
23 14
39 9
39 10
38 8
18 25
18 26
19 26
19 34
36 18
36 17
37 17
37 16
32 29
31 4
32 4
32 6
31 28
30 6
30 5
29 5
29 4
28 4
28 3
27 3
27 2
28 23
11 28
25 0
27 16
28 17
29 18
15 0
15 1
37 39
0 13
1 13
0 12
1 12
2 37
29 26
32 13
33 13
25 2
12 34
11 34
11 33
9 33
39 16
31 18
31 19
33 11
32 11
32 10
31 10
31 9
30 9
30 8
29 8
29 7
28 7
28 6
27 6
27 5
26 5
26 4
25 4
1 39
23 27
23 26
21 26
19 7
37 7
25 27
27 26
27 27
28 27
28 28
29 28
29 29
30 29
30 30
31 30
37 5
38 5
12 2
16 21
23 30
23 29
22 29
22 28
21 28
34 1
34 0
29 22
30 22
29 36
29 37
30 37
30 38
31 38
31 39
9 35
18 30
19 30
39 6
39 7
36 8
36 9
35 9
38 1
39 1
38 0
39 0
19 32
31 32
29 32
29 31
28 31
28 30
27 30
27 29
20 6
25 29
16 19
7 35
7 36
5 36
33 9
2 11
3 11
3 13
10 10
11 10
11 11
39 14
38 14
38 12
39 12
36 0
36 1
8 11
9 12
2 35
20 1
20 0
19 0
35 11
17 22
35 7
16 14
15 13
33 2
33 3
34 3
34 4
36 4
36 3
1 9
1 10
0 10
1 15
3 9
3 8
2 8
2 7
1 7
1 6
6 10
5 10
5 11
26 23
24 23
10 37
9 37
9 38
8 38
8 39
7 39
36 35
19 11
22 1
22 0
23 0
11 36
12 36
12 38
11 38
11 39
10 39
20 8
20 10
26 25
15 35
4 3
2 3
2 2
1 2
1 0
3 0
3 1
24 25
11 22
36 12
10 21
19 2
17 29
17 28
30 17
32 0
32 1
30 13
30 11
29 11
29 10
28 10
28 9
27 9
27 8
25 8
25 10
26 10
3 36
7 7
6 7
6 8
5 8
12 6
12 8
11 8
22 23
29 39
1 36
0 36
21 2
20 25
16 12
16 13
0 8
22 10
14 13
17 20
23 2
19 28
34 35
8 6
14 11
9 11
3 6
14 4
14 6
16 4
15 6
16 5
15 7
17 5
17 7
16 10
15 10
15 9
13 9
13 10
0 21
33 38
33 39
6 12
15 14
7 9
9 9
9 7
10 7
10 5
9 5
9 4
8 4
8 2
10 2
10 3
11 3
11 4
12 4
1 19
0 19
12 12
12 13
8 14
9 14
9 15
0 3
0 5
32 35
33 34
33 7
1 38
0 38
0 39
6 30
5 30
5 31
4 31
4 33
5 33
5 34
6 34
14 21
14 19
13 19
13 18
11 18
11 20
12 20
12 21
8 12
7 5
6 5
4 7
15 28
15 27
16 27
16 25
18 23
13 15
13 16
15 16
6 32
8 30
8 32
10 13
10 12
7 11
35 38
35 39
17 32
17 31
16 31
16 30
15 30
17 14
16 17
16 23
17 16
2 39
24 7
0 34
1 34
22 12
20 12
30 35
25 39
24 39
27 39
1 17
0 17
0 16
17 0
6 0
8 0
