0 0
1 1
1 15
1 18
1 22
1 26
1 36
1 38
2 5
21 19
2 16
2 30
2 33
2 35
2 37
3 4
3 8
3 10
3 34
4 17
4 21
4 23
4 26
4 33
5 2
5 4
5 10
5 18
5 20
5 32
6 1
6 3
6 5
6 14
6 16
6 19
6 37
7 2
7 20
7 38
8 1
8 3
8 5
8 9
8 14
8 16
8 19
8 21
8 23
8 29
9 4
9 13
9 17
9 22
9 30
10 1
10 3
10 18
10 26
10 31
11 2
11 4
11 17
11 21
12 3
12 12
12 25
13 7
13 26
14 6
14 8
14 11
14 13
14 20
14 27
14 31
15 7
15 9
15 12
15 19
15 21
15 23
16 1
16 3
16 11
16 13
16 22
16 35
16 37
17 2
17 4
17 6
17 12
17 14
17 23
17 34
18 3
18 7
18 11
18 13
18 24
19 18
19 25
19 30
19 32
19 35
20 4
20 6
20 14
20 19
20 21
20 26
20 29
20 31
21 1
21 3
21 5
21 7
21 13
21 17
21 22
21 25
21 27
21 37
22 2
22 6
22 16
22 19
22 26
22 31
22 36
23 7
23 10
23 28
24 5
24 11
24 13
24 34
25 1
25 4
25 10
25 12
25 14
25 18
25 26
25 28
25 35
26 13
26 15
26 23
26 34
26 36
27 1
27 22
27 24
27 30
27 33
27 35
28 5
28 9
28 17
28 21
28 23
28 29
28 31
28 34
28 38
29 4
29 6
29 10
29 15
29 20
29 22
29 24
29 30
30 3
30 5
30 7
30 9
30 16
30 21
30 25
30 34
31 4
31 6
31 17
31 35
32 3
32 18
32 24
32 31
32 34
33 7
33 9
33 22
33 25
33 27
33 32
34 2
34 26
34 38
35 1
35 5
35 13
35 15
35 23
35 25
36 14
36 16
36 18
36 24
36 26
36 30
36 38
37 1
37 4
37 6
37 15
37 19
37 25
37 29
38 7
38 9
38 12
38 26
38 37
0 6
0 11
0 24
0 32
0 34
1 20
3 0
3 12
3 39
4 38
7 25
9 7
10 39
11 9
12 31
12 32
12 34
12 36
12 38
13 0
13 37
14 2
14 33
15 16
16 27
16 28
17 9
17 17
18 20
18 37
18 39
21 9
23 0
23 23
24 22
25 20
25 39
29 1
29 27
30 12
31 28
32 1
32 11
33 11
34 34
35 11
38 32
39 2
39 16
39 32
0 36
2 1
7 29
2 18
0 26
1 25
29 38
30 38
4 37
24 21
2 17
2 19
4 16
29 37
29 39
37 28
6 10
36 28
38 28
6 0
8 38
9 38
8 28
8 37
8 39
16 0
10 19
9 19
11 19
16 9
18 9
16 19
37 31
34 30
24 33
37 30
35 30
16 36
33 13
33 5
34 13
34 5
15 36
17 36
21 0
26 38
23 16
27 38
37 0
24 1
23 15
23 17
39 7
25 0
25 19
24 18
27 0
11 31
29 11
30 26
33 34
35 34
33 18
5 27
6 26
2 26
3 25
3 26
5 26
34 3
39 9
35 0
35 22
33 3
35 3
4 35
5 34
8 7
36 39
4 34
39 12
39 26
3 11
11 10
11 0
12 1
11 1
14 3
17 18
36 5
37 5
32 29
32 30
30 32
28 1
30 33
21 10
18 21
19 11
15 4
16 4
2 2
7 30
23 26
24 25
24 26
11 13
6 9
11 12
1 4
2 14
2 4
6 21
6 17
2 15
6 18
6 20
1 10
3 6
7 6
38 34
38 21
3 20
1 27
27 18
2 21
7 5
2 6
11 26
4 7
1 31
1 9
1 28
3 29
27 17
38 22
5 22
4 20
24 2
28 11
37 34
2 22
7 22
12 26
31 26
4 8
5 11
34 22
1 30
2 29
4 22
37 38
38 39
13 12
8 22
38 38
19 3
5 12
14 12
37 7
20 3
10 14
8 12
14 22
23 8
14 25
19 10
12 8
9 14
15 10
8 13
15 22
23 9
12 7
14 26
16 7
16 24
15 11
27 14
16 23
17 7
25 16
16 33
22 14
23 12
19 7
22 4
26 14
17 33
21 14
26 16
21 35
31 37
20 24
19 13
20 7
21 4
22 38
24 12
20 13
24 29
20 25
31 36
21 32
21 28
23 20
26 3
21 18
23 30
26 9
22 33
21 36
26 27
25 24
22 37
26 4
22 30
26 10
28 25
22 20
2 9
21 29
26 24
25 37
21 31
24 28
28 32
25 27
28 36
26 21
28 24
30 29
31 22
25 36
33 23
28 7
28 33
27 36
26 22
30 30
29 7
33 24
31 21
34 8
33 8
34 36
36 12
37 17
34 37
38 14
36 17
30 35
36 13
37 14
10 28
9 29
9 28
24 35
14 16
20 5
25 34
25 33
26 33
29 14
16 2
20 15
10 7
10 6
18 32
8 25
8 24
9 39
7 39
18 12
19 12
19 14
18 14
18 15
17 15
17 16
16 16
11 8
13 8
31 34
9 1
4 4
11 38
11 39
4 13
3 13
3 14
1 14
1 13
30 39
28 39
18 30
17 30
17 31
30 1
30 2
29 34
4 18
30 11
30 10
6 15
20 20
4 10
4 11
6 11
17 5
12 2
12 0
10 0
15 0
15 1
14 0
14 1
7 19
9 26
34 28
35 18
2 11
2 10
0 10
38 10
17 0
17 1
18 1
18 2
19 2
19 4
18 4
29 9
10 2
6 13
35 16
5 24
6 24
6 23
29 5
20 30
21 6
21 2
6 2
33 28
33 29
34 29
17 3
39 24
30 6
2 36
35 14
14 29
14 28
13 28
21 12
39 36
16 12
4 24
4 25
6 25
27 23
35 10
37 12
35 12
23 36
2 34
34 27
38 11
39 11
39 10
37 20
37 21
39 20
39 21
31 29
29 29
29 28
28 28
5 30
6 31
6 33
38 3
5 21
7 21
31 18
0 12
17 27
17 28
12 29
13 29
15 27
15 28
14 30
15 30
15 31
14 19
27 34
27 12
38 19
38 18
37 18
37 16
6 4
13 27
36 8
36 9
37 9
37 10
36 22
36 23
11 3
33 26
17 38
5 23
37 23
37 24
38 24
38 25
10 4
39 25
35 32
36 32
7 23
29 26
29 25
27 25
27 26
26 26
26 28
32 25
31 25
31 24
30 24
30 8
26 35
31 16
31 15
30 15
12 18
26 1
26 0
7 3
29 21
37 26
16 14
2 25
24 38
9 5
20 38
20 39
29 23
0 27
2 27
36 25
36 36
14 14
33 20
5 31
36 19
5 6
34 25
17 22
17 21
16 21
16 20
15 20
24 4
34 32
34 31
33 31
32 27
31 27
28 30
4 32
22 7
22 8
21 8
6 30
39 23
38 36
38 35
39 35
13 21
12 20
21 16
32 12
33 12
32 14
33 14
23 27
22 27
22 28
24 14
24 15
25 15
25 17
24 17
5 29
33 10
32 10
32 9
31 9
1 37
0 37
0 38
14 5
15 5
15 6
16 6
23 33
23 34
22 34
22 35
16 8
15 8
8 30
8 31
9 31
20 28
20 27
19 27
19 26
18 26
18 25
17 25
17 24
28 20
24 10
2 0
1 0
30 13
31 13
35 24
20 37
19 37
19 36
6 27
7 27
7 28
5 3
5 19
38 4
39 4
39 3
19 21
19 22
20 22
27 15
28 15
28 16
29 16
29 17
30 17
31 5
24 6
25 6
25 7
30 37
32 37
32 38
33 38
15 24
15 25
39 37
38 33
39 33
32 4
33 4
32 2
33 2
2 8
9 3
13 25
13 24
12 24
1 33
0 33
0 25
24 0
35 26
6 32
7 32
7 33
31 31
31 32
32 32
32 33
33 33
15 3
35 33
36 33
3 33
3 30
3 28
4 28
4 27
27 13
28 13
28 12
3 9
18 23
38 31
39 31
0 29
8 35
13 15
35 20
35 2
35 4
36 4
36 6
35 6
35 7
34 7
34 9
32 35
33 35
33 36
25 11
16 38
16 39
17 39
13 3
13 4
12 4
12 5
11 5
28 37
28 35
38 8
39 8
36 1
36 0
0 7
0 8
34 0
34 1
37 2
37 3
39 13
38 13
38 15
39 15
6 38
16 10
14 10
14 9
20 10
20 11
18 10
0 1
13 6
32 17
33 17
33 16
10 17
12 17
13 17
13 18
12 21
36 31
1 23
0 23
0 22
36 27
36 29
23 25
22 25
29 31
29 32
21 38
21 39
27 32
27 31
26 31
26 30
25 30
25 29
22 22
22 23
21 23
21 24
19 24
24 7
24 8
11 35
10 36
19 17
20 17
20 18
22 18
22 17
26 12
14 35
13 35
22 15
22 13
23 13
23 11
25 5
23 6
23 5
22 5
23 29
23 31
24 31
21 26
22 3
23 3
23 2
5 37
3 37
23 38
23 39
24 39
8 15
17 37
28 0
26 7
5 33
25 2
25 3
27 3
27 2
28 2
31 7
32 7
32 6
33 6
32 0
31 0
30 4
1 35
0 35
35 36
35 35
36 35
32 20
32 19
33 19
10 29
10 30
11 30
28 10
13 20
22 0
22 1
20 0
20 1
8 4
7 16
7 17
8 17
8 18
9 18
25 21
27 21
38 6
39 6
6 6
6 7
5 7
17 11
19 39
39 29
38 29
38 27
39 27
39 17
11 18
11 20
14 21
14 23
39 1
38 1
38 0
8 20
9 20
9 21
10 21
10 22
11 22
11 23
8 6
8 8
7 8
7 9
5 9
20 35
22 32
20 32
20 33
19 33
19 34
18 34
18 35
17 35
25 9
27 9
27 8
28 8
28 6
27 6
27 5
24 37
26 37
16 18
15 18
10 24
10 25
11 25
11 27
10 27
24 19
23 19
23 21
27 29
2 38
2 39
1 39
19 31
24 23
25 23
25 25
36 37
37 37
33 21
34 21
26 39
0 3
1 3
1 2
3 3
3 2
4 2
34 23
32 23
32 22
30 22
30 20
30 19
29 19
13 31
13 32
14 32
15 35
15 37
5 5
5 17
5 16
37 39
39 39
3 16
3 17
1 17
1 16
0 16
0 15
14 7
16 34
16 32
11 32
10 32
10 33
9 33
9 34
28 4
31 3
18 6
19 6
19 8
18 8
22 10
11 36
28 18
26 18
26 19
4 39
5 39
29 3
5 1
5 0
4 0
7 1
7 0
8 0
3 5
3 7
10 35
19 19
18 19
18 18
25 13
36 15
19 29
9 23
1 19
0 19
0 18
9 37
10 37
11 34
35 38
35 39
34 39
14 34
13 34
9 16
8 2
13 38
13 39
14 39
2 32
2 31
0 31
12 14
12 13
13 13
11 16
7 14
13 11
12 11
12 10
9 9
5 14
5 35
6 35
6 36
7 36
7 37
21 21
0 5
1 5
1 21
3 21
3 19
13 36
34 15
3 23
3 35
10 10
10 13
10 15
17 13
8 10
9 11
9 12
7 12
28 22
15 13
