0 0
1 2
1 7
1 11
1 14
1 17
1 20
1 22
1 24
1 27
1 33
2 3
2 15
2 18
2 23
2 25
2 34
3 4
3 14
3 17
3 24
3 30
3 32
4 3
4 7
4 9
4 13
4 18
4 20
4 23
4 25
4 28
4 31
4 38
5 4
5 6
5 19
5 26
5 29
5 32
5 35
6 3
6 5
6 18
6 20
6 27
6 33
6 36
7 2
7 4
7 6
7 9
7 11
7 21
7 23
7 25
7 28
7 37
8 1
8 8
8 10
8 12
8 17
8 22
8 24
8 26
8 33
9 9
9 13
9 18
9 23
9 28
9 36
10 4
10 17
10 22
10 29
10 32
10 35
11 5
11 12
11 14
11 16
11 23
11 26
11 28
12 11
12 15
12 17
12 29
12 32
13 5
13 10
13 12
13 14
13 16
13 18
13 26
13 33
13 37
14 1
14 7
14 9
14 11
14 13
14 15
14 17
14 21
14 23
14 38
15 2
15 8
15 10
15 12
15 14
15 16
15 22
15 29
15 31
15 33
15 36
16 1
16 7
16 9
16 13
16 17
16 21
16 37
17 6
17 22
17 38
18 4
18 9
18 16
18 18
18 21
18 29
18 36
19 10
19 14
19 17
19 24
19 30
19 35
20 16
20 18
20 25
20 31
21 6
21 17
21 23
21 28
21 30
21 35
22 9
22 12
22 16
22 18
22 21
22 27
22 29
23 5
23 8
23 13
23 17
23 28
23 31
23 36
24 6
24 9
24 12
24 16
24 27
24 32
24 35
24 37
25 5
25 10
25 15
25 24
25 26
25 28
25 34
25 36
26 4
26 6
26 16
26 19
26 23
26 25
26 29
26 31
26 35
27 3
27 5
27 15
27 17
27 20
27 22
27 30
27 32
27 36
28 14
28 16
28 21
28 26
28 28
28 33
29 2
29 6
29 10
29 13
29 15
29 17
29 20
29 22
29 25
29 29
29 32
29 34
30 5
30 12
30 16
30 21
30 30
30 33
30 36
30 38
31 6
31 17
31 20
31 22
31 31
31 37
32 7
32 9
32 16
32 21
32 23
32 32
32 34
32 36
33 2
33 8
33 10
33 17
33 20
33 22
33 24
34 3
34 6
34 9
34 11
34 18
34 21
34 23
34 25
34 36
35 2
35 4
35 7
35 12
35 14
35 24
35 31
35 37
36 32
36 30
36 27
36 20
36 18
36 15
36 13
36 8
36 3
36 34
36 36
37 4
37 7
37 12
37 14
37 16
37 26
37 33
37 37
38 2
38 11
38 15
38 24
38 27
38 38
0 5
0 37
2 39
5 0
5 15
10 0
11 39
16 26
19 39
20 0
20 1
20 20
20 38
21 38
22 39
26 1
26 12
27 11
28 39
31 26
32 14
32 27
33 28
37 0
38 19
38 29
39 9
39 19
39 21
39 29
24 24
34 31
0 24
0 22
38 18
38 20
0 33
19 1
1 21
1 32
3 34
3 33
3 35
4 39
3 38
6 17
9 1
14 0
14 39
9 37
9 38
8 37
10 37
13 19
24 19
25 20
25 19
12 19
14 19
15 30
17 13
16 0
16 20
14 30
16 30
17 39
17 12
17 14
16 18
18 38
20 19
20 21
22 23
23 21
23 20
23 22
24 38
10 2
11 3
10 3
23 38
25 38
31 25
27 2
27 37
29 3
29 9
28 3
30 3
39 27
30 39
0 13
1 12
1 13
7 13
8 14
32 33
8 13
31 33
33 33
9 20
10 19
9 19
9 5
10 6
10 5
36 21
31 27
38 7
39 7
38 28
38 30
38 6
38 8
38 39
39 15
39 24
39 2
21 24
22 25
21 33
22 34
21 25
27 10
21 34
12 23
34 32
13 23
2 1
2 2
31 4
32 5
31 5
8 31
12 7
3 37
2 21
2 8
1 8
5 2
1 4
12 8
5 8
5 24
11 10
3 26
3 12
3 6
7 31
3 22
2 16
4 36
8 3
5 30
6 38
9 11
4 24
7 18
12 10
3 13
5 21
3 25
1 3
4 8
5 3
4 6
5 31
7 3
6 37
5 36
8 11
3 23
2 17
8 18
5 20
6 22
6 29
28 9
10 24
7 29
7 22
10 13
10 23
9 30
14 25
11 13
17 10
35 21
35 0
36 1
8 27
35 1
16 34
12 4
11 18
9 29
11 31
13 25
11 17
12 5
17 9
16 11
16 15
8 28
11 32
15 11
19 8
15 15
18 8
16 23
16 22
17 17
19 4
18 5
19 22
19 26
18 34
19 28
18 22
18 6
20 4
18 17
26 27
20 14
20 7
21 8
19 15
19 25
20 27
19 34
19 29
19 32
21 14
24 33
25 27
22 8
20 6
28 23
24 4
19 16
21 27
28 5
26 21
26 14
19 31
24 34
28 22
24 5
29 5
27 21
7 12
30 18
30 23
26 15
25 17
32 18
30 17
25 32
30 22
32 17
29 27
25 16
27 7
30 14
26 32
28 27
26 7
30 7
29 14
34 16
30 6
33 26
34 17
34 26
35 33
34 34
36 33
36 11
36 28
38 33
38 3
37 31
36 5
34 35
33 37
36 38
32 3
39 33
36 4
36 29
36 31
36 12
38 4
38 13
36 37
33 36
33 3
37 13
33 1
11 4
13 4
6 19
7 19
7 20
8 20
8 21
7 17
5 18
5 17
4 17
12 12
8 16
7 33
28 15
37 21
37 20
29 33
25 29
7 10
38 37
28 17
7 39
7 38
8 38
35 30
34 30
34 29
33 29
30 4
28 13
32 22
34 24
32 24
32 25
33 25
33 27
36 35
5 38
5 39
36 19
31 21
8 36
7 36
7 35
6 35
6 34
5 34
5 33
4 33
4 32
23 18
24 18
24 17
26 17
26 18
27 18
27 19
30 25
3 39
30 37
38 25
36 26
33 23
23 35
22 35
22 36
21 36
21 37
20 37
33 21
7 1
15 13
15 9
13 15
13 13
35 25
13 11
37 15
4 10
5 10
5 11
7 5
29 21
29 24
29 23
31 23
5 5
15 32
13 9
31 10
30 10
38 23
39 23
39 22
32 20
31 19
31 18
35 13
4 12
4 11
34 10
11 15
6 9
5 9
3 10
3 9
2 9
30 15
30 13
34 38
22 0
27 12
6 11
2 11
2 12
38 26
39 26
39 25
30 20
32 38
5 7
8 9
32 10
32 11
33 11
33 12
34 12
31 12
27 33
37 27
37 28
35 28
35 27
2 7
3 7
3 5
34 22
35 22
35 23
36 23
36 24
37 24
37 25
27 35
11 11
11 9
10 9
10 8
9 8
27 31
17 7
27 23
24 15
4 19
22 26
22 24
20 24
20 23
19 23
19 21
33 18
33 19
34 19
34 20
35 20
18 27
25 12
25 11
24 11
24 10
22 2
22 1
21 1
21 0
36 7
29 18
29 19
39 20
22 11
22 10
21 29
31 9
30 9
37 38
37 39
15 7
39 28
25 25
24 25
24 26
2 33
2 32
28 20
39 38
39 39
19 18
19 19
18 19
18 20
17 20
17 21
8 4
9 4
8 2
9 2
15 17
15 18
14 18
29 12
29 11
30 11
15 21
15 20
14 20
3 31
19 11
18 11
22 22
21 22
21 21
25 14
27 14
21 18
21 19
22 19
22 20
23 9
39 14
38 14
38 12
39 16
38 16
35 38
35 39
34 39
31 38
31 39
32 39
11 27
12 38
0 28
1 29
19 36
5 13
23 0
14 22
14 12
26 36
26 37
25 37
14 8
3 3
25 23
24 23
24 22
2 24
28 34
29 7
31 7
30 29
30 28
29 28
29 26
34 37
25 9
25 8
24 8
24 7
23 7
23 6
22 6
22 5
21 5
37 36
20 11
20 10
20 15
35 36
18 15
18 14
24 20
9 0
8 0
32 35
14 27
15 27
20 13
19 13
19 12
18 12
32 37
35 15
35 16
36 16
36 17
37 17
37 18
15 38
14 10
25 35
29 38
29 39
37 34
38 34
38 35
39 35
39 36
23 3
23 4
25 4
18 2
18 3
19 2
19 3
8 23
15 4
15 3
16 3
12 0
32 13
33 32
33 34
35 32
35 34
26 24
16 14
16 16
17 16
17 18
20 17
16 8
23 32
23 33
22 33
28 25
27 25
27 26
26 26
23 27
26 22
26 20
17 27
17 26
18 26
26 28
27 28
27 29
28 29
28 30
29 30
29 31
30 31
30 32
31 32
35 18
36 14
17 32
17 33
13 29
14 29
14 31
27 39
32 15
33 15
33 16
23 14
0 29
35 6
35 5
34 5
34 4
38 10
39 10
39 11
25 6
31 36
1 23
0 23
26 34
11 29
4 1
22 17
21 3
24 1
24 2
23 12
16 12
16 10
11 25
11 24
12 24
18 10
39 31
39 30
31 16
37 30
37 32
38 32
34 14
31 34
30 34
30 35
29 35
29 36
28 36
28 37
13 27
16 6
31 1
31 2
39 18
23 29
23 30
22 30
22 31
21 31
19 0
12 34
12 35
13 35
1 35
1 36
2 36
25 39
6 6
1 28
20 28
20 26
0 2
18 28
19 5
13 17
17 5
17 4
16 4
14 2
14 3
15 5
14 5
14 6
13 6
13 7
9 17
2 30
1 30
0 27
34 2
10 34
10 33
9 33
9 32
8 32
8 30
10 30
10 31
12 31
12 30
20 30
16 2
14 14
32 31
32 30
31 30
0 32
0 31
17 31
16 31
13 21
15 34
15 35
16 35
16 36
17 36
17 37
18 37
37 8
39 8
13 38
13 39
12 39
39 6
37 6
37 5
9 6
8 6
8 7
7 7
7 8
14 24
15 24
15 23
11 7
11 6
17 23
17 24
18 24
11 2
12 2
12 1
13 1
13 0
2 14
29 16
8 25
26 5
19 9
19 7
21 7
21 9
6 32
35 11
37 11
14 33
1 39
1 38
0 38
0 21
0 20
21 39
20 39
25 33
25 31
24 31
31 0
32 0
14 26
15 26
22 13
12 33
11 35
11 36
10 36
20 32
20 33
1 34
0 34
0 36
24 13
29 1
30 1
30 2
27 16
3 18
24 36
10 38
10 39
10 20
10 21
11 21
11 22
12 22
33 9
12 37
13 32
1 0
1 1
3 20
2 20
2 19
1 19
1 18
0 18
0 17
16 38
16 39
15 39
21 16
18 39
18 35
9 24
38 1
39 1
38 0
39 0
32 8
23 16
26 30
24 28
21 12
17 29
16 29
16 28
15 28
12 20
12 18
10 18
1 6
0 6
0 7
18 32
18 33
22 15
22 28
12 28
28 32
9 15
9 14
10 14
10 12
9 12
7 14
6 14
6 15
4 14
4 15
3 15
3 16
1 16
1 15
9 10
2 22
4 22
4 21
11 0
6 21
6 23
5 23
18 30
8 34
5 25
6 25
6 26
7 26
7 27
9 27
9 26
10 26
9 35
13 34
2 27
2 26
1 26
1 25
0 25
32 4
32 2
2 35
15 37
14 37
14 36
13 36
4 35
4 37
20 35
3 1
3 0
4 0
2 37
16 33
9 22
36 9
35 9
35 8
34 8
34 7
33 7
33 6
32 6
27 4
28 4
28 6
27 6
27 8
28 8
12 14
28 10
14 16
10 28
0 12
0 11
34 0
36 0
36 2
37 2
37 3
39 3
23 39
23 37
26 10
15 1
15 0
12 16
6 4
3 28
3 29
4 29
4 30
6 30
6 28
5 28
5 27
4 27
4 26
17 0
17 1
4 2
6 2
28 2
12 26
26 2
26 3
7 24
0 4
2 4
10 16
1 10
6 0
0 14
4 4
35 3
27 0
26 0
