0 1
1 2
1 4
1 13
1 17
1 19
1 24
1 33
1 35
2 1
2 3
2 29
2 32
2 34
2 38
3 2
3 12
3 19
3 21
3 26
3 28
30 2
3 33
4 3
4 11
4 20
4 27
4 29
4 31
4 34
5 4
5 6
5 12
5 14
5 19
5 23
5 28
5 30
6 3
6 5
6 7
6 13
6 22
6 24
6 36
7 4
7 6
7 8
7 11
7 23
7 25
7 31
7 34
7 37
8 2
8 5
8 7
8 9
8 15
8 24
8 26
8 30
8 32
8 38
9 3
9 6
9 14
9 16
9 18
9 20
9 25
9 31
9 37
10 4
10 11
10 15
10 17
10 19
10 24
10 38
11 2
11 6
11 9
11 14
11 16
11 18
11 20
11 30
12 7
12 13
12 21
12 29
12 31
12 33
12 37
13 8
13 10
13 12
13 20
13 30
13 32
13 38
14 7
14 9
14 21
14 25
14 27
14 31
14 37
15 3
15 5
15 10
15 12
15 14
15 22
15 26
15 38
16 4
16 7
16 9
16 13
16 30
16 37
17 1
17 3
17 12
17 16
17 18
17 21
17 26
17 29
18 2
18 4
18 11
18 13
18 17
18 19
18 22
19 3
19 5
19 12
19 14
19 16
19 18
19 32
19 37
20 2
20 4
20 6
20 8
20 13
20 15
20 17
20 23
20 26
20 28
20 30
20 33
20 35
21 1
21 7
21 9
21 11
21 14
21 16
21 22
21 29
21 31
21 36
22 8
22 13
22 15
22 23
22 25
22 32
22 35
22 37
23 6
23 14
23 16
23 19
23 21
23 24
23 36
24 1
24 7
24 15
24 17
24 20
24 22
24 29
24 32
25 2
25 5
25 14
25 16
25 19
25 21
26 1
26 3
26 6
26 13
26 15
26 23
26 29
26 32
27 2
27 4
27 12
27 24
27 26
27 28
28 5
28 7
28 15
28 19
28 21
28 25
28 29
28 31
28 37
29 4
29 6
29 14
29 20
29 26
29 28
29 30
29 32
29 34
29 38
3 30
30 5
30 10
30 12
30 19
30 25
30 27
30 29
30 31
30 33
30 35
31 1
31 6
31 9
31 13
31 15
31 17
31 24
31 28
31 30
31 32
31 34
31 36
31 38
32 10
32 12
32 14
32 25
32 27
32 29
32 31
32 33
32 37
33 3
33 13
33 15
33 17
33 21
33 26
33 28
33 30
33 32
33 38
34 4
34 6
34 9
34 12
34 16
34 18
34 27
34 29
34 36
35 7
35 17
35 19
35 26
35 28
35 30
35 32
35 37
36 1
36 8
36 10
36 12
36 18
36 23
36 25
36 27
36 29
36 33
36 38
37 2
37 6
37 11
37 13
37 19
37 21
37 24
37 26
37 28
37 30
37 34
38 1
38 3
38 5
38 10
38 12
38 20
38 23
38 25
38 27
38 29
0 6
0 8
0 11
0 15
0 22
0 28
0 31
0 37
1 6
1 9
1 10
5 0
6 17
7 0
10 27
12 4
12 23
12 35
14 0
15 35
18 24
20 20
22 4
23 27
24 34
24 39
25 26
26 35
28 0
39 17
39 32
39 35
1 36
0 4
0 35
1 12
1 14
35 1
0 33
3 38
4 38
0 13
1 16
0 24
1 5
1 7
39 1
22 27
24 27
1 23
39 3
3 37
3 39
5 15
6 2
36 3
37 3
37 0
37 1
8 39
16 31
10 6
18 29
10 39
10 5
10 7
18 28
18 30
19 35
17 0
17 25
16 26
16 27
23 32
23 31
23 33
24 24
24 8
24 9
23 8
25 8
26 7
26 0
25 29
25 28
25 30
31 0
0 20
1 21
1 20
25 38
26 39
31 39
26 38
33 39
5 8
6 9
6 8
4 32
5 33
4 33
10 28
13 18
14 19
36 39
7 18
13 19
8 18
11 38
12 39
12 38
22 1
23 2
23 1
4 36
39 5
12 34
39 20
16 35
5 36
19 9
18 38
19 39
11 4
19 8
19 38
2 9
12 22
21 20
6 26
21 4
7 26
7 21
26 36
27 10
28 11
27 11
2 36
4 1
7 22
6 20
35 2
3 1
14 15
5 20
7 16
14 14
8 13
17 31
1 26
4 5
8 16
24 23
2 22
7 35
2 13
7 36
3 22
3 13
8 14
5 5
3 10
2 26
6 29
3 11
5 29
35 15
36 16
35 16
9 29
9 12
25 33
8 29
25 32
12 1
10 12
12 2
12 17
11 17
15 6
11 10
26 21
15 7
13 26
12 9
11 11
17 8
17 5
13 36
38 31
39 30
15 16
27 21
21 18
16 22
14 26
13 9
38 30
16 8
18 20
16 16
22 30
17 4
13 37
20 18
17 22
22 17
18 21
21 30
22 16
19 27
27 32
20 27
28 32
21 12
28 35
24 13
29 35
21 13
24 14
31 20
34 34
24 18
30 20
29 22
30 18
34 35
24 19
37 32
34 25
29 21
28 23
30 14
32 35
36 32
34 26
35 21
27 23
27 6
31 14
31 35
36 36
35 20
28 6
36 37
33 24
32 24
34 14
32 4
30 7
33 14
33 4
35 9
30 6
34 10
36 9
35 5
34 11
34 5
39 26
35 13
37 15
37 7
37 22
9 26
10 26
10 25
37 14
35 12
37 8
39 9
38 26
37 23
21 35
38 9
3 16
2 17
2 16
16 29
5 17
5 18
26 26
14 35
14 36
12 36
23 25
24 25
24 26
36 28
36 26
18 12
36 24
36 30
18 14
9 24
22 0
21 0
34 28
24 28
26 28
16 12
7 24
34 30
35 18
16 14
15 31
15 30
14 30
34 32
30 11
31 37
36 11
28 30
36 19
20 16
14 12
20 14
31 33
38 28
29 33
32 30
32 28
32 32
28 4
38 18
32 26
19 19
19 20
17 20
17 19
16 19
16 18
28 28
38 33
33 16
31 31
35 31
37 20
33 31
29 31
5 22
28 8
33 18
30 32
3 3
31 2
30 30
37 5
30 28
38 19
39 19
39 18
39 23
38 34
39 34
39 33
38 24
22 14
36 17
37 17
37 18
37 27
37 25
37 33
37 31
39 31
39 29
30 23
31 22
32 17
39 27
39 25
30 34
38 37
38 36
38 39
12 12
20 1
23 20
38 11
1 30
10 23
34 38
34 22
34 23
14 24
34 17
28 20
2 33
30 22
26 24
8 25
33 27
29 19
31 23
27 34
28 26
34 21
28 17
29 16
30 26
32 21
31 21
30 24
10 18
33 1
35 29
34 19
15 4
28 2
29 2
29 3
30 3
30 4
38 38
37 38
37 39
28 38
20 3
21 3
21 2
22 2
19 4
28 22
28 24
35 33
35 34
36 34
35 27
10 34
9 19
0 34
1 34
39 37
39 36
9 17
29 5
37 29
24 21
11 29
11 28
12 28
12 27
13 27
13 31
39 21
38 21
38 22
36 22
36 21
13 25
12 25
12 24
11 24
28 14
9 15
12 14
29 17
30 17
31 18
31 19
32 19
20 5
21 5
21 6
22 6
22 7
23 7
29 15
30 15
33 33
33 34
32 34
38 15
38 16
39 15
39 16
10 16
12 32
33 22
33 23
28 12
29 12
29 13
30 13
26 2
39 39
1 18
37 35
37 36
24 16
31 16
38 13
39 13
39 12
1 29
0 29
0 30
33 29
35 38
35 39
34 39
6 6
38 2
39 2
23 29
22 29
22 28
21 28
28 16
27 27
16 25
15 25
23 4
23 5
24 5
24 6
25 6
25 7
9 28
9 30
10 30
10 31
11 31
25 1
25 0
24 0
7 5
30 36
3 20
35 23
37 12
22 24
36 0
35 0
38 0
39 0
35 36
27 31
26 31
26 30
5 13
27 7
27 5
26 5
26 4
25 4
25 3
24 3
24 2
23 38
24 36
24 37
3 32
3 31
2 31
2 30
33 25
35 25
33 20
32 36
33 36
33 37
34 37
10 14
31 29
32 11
8 34
9 35
28 18
0 32
1 32
36 15
24 33
18 18
0 36
27 13
27 33
26 33
26 34
7 28
6 28
6 27
5 27
8 31
22 31
14 38
32 1
32 0
33 0
4 12
31 27
25 20
26 20
26 19
27 19
31 25
13 11
18 25
18 26
19 26
19 28
16 3
7 30
6 30
6 31
5 31
5 32
33 12
36 13
34 13
34 15
26 14
24 31
24 30
18 3
22 34
22 33
21 33
21 32
20 32
20 31
19 31
19 30
30 1
30 0
29 0
10 33
11 33
11 34
17 28
17 27
24 35
23 35
6 4
15 27
15 28
14 28
29 27
20 34
19 34
19 33
18 33
18 32
17 32
21 8
28 34
17 30
19 11
20 11
20 12
22 12
22 11
20 7
27 37
27 36
28 36
18 23
19 23
19 22
20 22
14 32
19 36
27 3
20 36
20 37
21 37
21 38
22 38
22 39
23 39
3 29
27 1
27 0
34 3
34 2
33 2
22 26
21 26
21 25
20 25
20 24
22 19
21 19
27 25
32 13
38 4
39 4
21 17
0 16
0 17
25 15
25 13
23 13
23 17
23 18
25 18
25 17
26 17
26 16
31 12
3 27
8 35
27 15
23 15
32 15
29 25
26 22
25 22
25 23
39 6
38 6
38 7
36 7
36 6
35 6
35 4
36 4
17 11
23 23
23 22
22 22
22 21
21 21
6 0
18 16
15 1
1 39
12 20
1 1
8 27
21 23
29 29
8 20
8 21
9 21
9 34
10 0
24 11
27 39
25 39
14 8
36 2
6 35
6 34
5 34
8 6
31 5
32 5
32 6
33 6
33 7
34 7
34 8
35 8
32 38
32 39
25 36
25 37
16 10
5 3
5 2
4 2
4 0
12 18
12 16
13 16
13 15
6 38
11 37
10 37
10 36
9 36
3 8
2 8
2 7
11 19
8 33
7 33
7 32
15 15
15 17
14 17
14 18
13 33
13 34
19 15
6 23
13 7
8 23
6 25
5 25
5 24
13 13
17 34
16 34
16 33
15 33
3 17
3 18
0 23
13 29
21 15
37 10
27 29
32 3
35 10
33 10
33 9
32 9
32 8
31 8
31 7
29 7
12 30
39 10
39 8
23 37
2 14
2 12
0 14
0 12
11 39
13 39
19 13
11 15
10 20
8 0
8 1
21 10
22 36
30 38
30 39
29 39
4 23
9 32
14 10
7 17
7 15
6 15
6 14
13 21
13 22
14 22
17 13
19 2
15 11
7 2
7 3
8 3
8 4
9 4
9 5
11 5
11 3
10 3
10 2
9 2
2 35
2 37
15 23
16 23
16 21
15 21
15 20
14 20
14 5
14 6
16 6
16 5
18 5
18 6
19 6
4 21
26 12
20 39
18 39
18 37
17 37
17 36
16 36
4 14
4 15
3 15
17 2
4 30
0 9
0 10
4 19
16 38
16 39
15 39
15 13
8 8
7 19
6 19
6 21
3 6
4 6
4 4
4 28
18 1
18 0
19 0
17 15
11 13
20 29
4 35
4 37
4 10
2 10
0 7
9 38
9 39
29 37
1 3
0 3
0 2
19 17
15 37
2 28
16 1
16 0
15 0
1 38
0 38
0 39
18 10
18 9
17 9
17 7
17 17
7 7
7 38
7 39
6 39
23 9
22 9
2 23
2 24
3 24
3 25
11 21
11 22
2 19
15 2
14 2
14 3
13 3
13 4
2 39
28 10
29 10
29 9
30 9
8 37
0 25
1 25
1 27
0 27
2 21
0 21
0 19
2 0
31 10
6 37
20 9
25 9
26 9
26 10
5 11
6 11
6 12
7 12
7 13
9 13
9 11
8 11
8 10
7 10
7 9
5 9
5 7
12 6
4 39
2 4
2 5
0 5
9 7
11 7
11 8
12 8
12 10
10 10
10 9
9 9
3 34
4 26
2 2
15 9
11 1
13 1
13 0
