0 0
1 1
1 3
1 5
1 7
1 9
1 12
1 14
1 16
1 20
1 22
1 27
1 30
1 33
1 37
2 2
2 4
2 6
2 8
2 13
2 15
2 17
2 19
2 21
2 23
2 26
2 34
2 36
3 1
3 3
3 7
3 18
3 20
3 22
3 24
3 27
3 30
3 33
3 35
3 37
4 2
4 8
4 15
4 17
4 19
4 21
4 28
4 34
4 36
5 3
5 13
5 16
5 18
5 27
5 33
5 35
5 37
6 2
6 4
6 6
6 8
6 11
6 17
6 24
6 28
6 32
6 34
6 36
7 1
7 3
7 5
7 7
7 9
7 15
7 22
7 27
7 29
7 31
7 33
8 2
8 4
8 8
8 10
8 16
8 20
8 23
8 26
8 28
8 30
8 32
9 1
9 3
9 5
9 11
9 21
9 27
9 29
9 31
10 2
10 4
10 10
10 12
10 17
10 22
10 28
10 30
10 36
10 38
11 1
11 3
11 5
11 9
11 11
11 13
11 18
11 20
11 23
11 29
11 37
12 6
12 8
12 10
12 19
12 27
12 30
12 32
12 36
12 38
13 1
13 7
13 9
13 22
13 25
13 33
13 35
13 37
14 2
14 8
14 13
14 15
14 21
14 26
14 29
14 32
14 34
14 36
14 38
15 7
15 12
15 14
15 16
15 25
15 31
15 33
15 35
15 37
16 6
16 8
16 10
16 13
16 18
16 20
16 26
16 32
16 34
16 38
17 2
17 5
17 7
17 14
17 23
17 33
17 35
17 37
18 1
18 3
18 6
18 8
18 15
18 18
18 20
18 22
18 26
18 36
18 38
19 2
19 7
19 17
19 19
19 21
19 27
19 32
19 35
20 3
20 8
20 18
20 31
20 33
20 36
20 38
21 1
21 6
21 14
21 17
21 21
21 24
21 28
21 30
21 34
21 37
22 10
22 13
22 22
22 29
22 31
22 33
22 36
22 38
23 1
23 5
23 7
23 9
23 12
23 17
23 21
23 23
23 27
23 30
24 2
24 13
24 18
24 22
24 28
24 31
24 34
25 12
25 14
25 19
25 27
25 29
25 38
26 3
26 5
26 7
26 11
26 13
26 15
26 17
26 28
26 34
27 6
27 8
27 10
27 12
27 16
27 22
27 29
27 31
27 37
28 2
28 7
28 9
28 17
28 32
28 34
28 36
29 3
29 5
29 8
29 25
29 27
29 31
29 33
29 37
30 4
30 9
30 12
30 15
30 17
30 24
30 32
31 16
31 28
31 30
31 33
31 38
32 4
32 6
32 9
32 12
32 15
32 17
32 20
32 23
32 27
32 29
32 31
32 34
33 5
33 7
33 16
33 18
33 24
33 26
33 30
33 32
33 38
34 3
34 6
34 8
34 10
34 12
34 17
34 25
34 36
35 7
35 9
35 11
35 18
35 20
35 22
35 24
35 35
35 38
36 6
36 8
36 12
36 19
36 21
36 23
36 34
37 7
37 20
37 33
37 35
37 38
38 2
38 6
38 8
38 14
38 19
38 34
0 35
7 39
16 0
16 28
17 30
25 24
26 0
28 19
29 22
30 0
31 2
33 0
33 1
35 0
35 15
37 0
37 30
38 4
39 16
0 9
0 14
0 16
0 3
27 23
32 1
34 1
0 30
0 33
0 27
26 23
28 23
0 37
5 21
28 0
29 1
28 1
27 20
28 21
27 21
9 0
10 39
11 0
11 14
12 39
13 0
25 39
14 39
12 15
13 16
16 39
13 15
16 27
16 29
33 39
21 25
22 1
20 14
21 27
22 0
22 2
22 39
23 6
22 6
24 6
26 19
18 11
26 2
19 12
19 11
30 22
34 30
34 32
12 13
13 13
5 25
6 25
0 21
1 21
35 39
1 10
34 38
1 11
2 31
39 8
37 39
38 9
38 18
14 4
1 38
39 19
3 5
39 14
38 15
2 30
15 4
2 5
1 39
24 0
25 1
28 18
3 12
24 1
2 0
5 29
4 6
4 32
5 1
4 23
6 30
2 12
4 4
3 38
2 28
5 9
7 11
4 7
4 33
5 28
2 1
6 12
7 30
5 2
7 37
5 22
4 26
2 27
5 8
9 7
3 23
5 5
3 39
4 3
8 11
6 13
7 36
34 29
34 33
8 7
4 27
8 14
6 5
20 27
8 15
20 25
29 14
20 15
30 13
10 32
12 34
26 18
34 27
35 26
30 14
34 26
13 34
14 10
11 7
13 18
10 31
12 17
15 22
10 6
13 19
14 9
14 30
13 5
34 37
37 15
37 11
38 12
37 12
27 3
14 27
12 7
13 3
20 22
10 5
11 17
37 36
38 37
14 22
13 6
28 3
14 28
20 21
14 31
13 2
37 37
18 4
19 30
18 5
17 12
19 23
26 32
18 16
21 19
20 30
17 13
18 23
27 32
19 9
18 17
33 20
27 27
37 3
21 7
20 19
23 14
19 8
27 28
34 20
21 8
37 2
27 14
23 13
23 19
21 35
23 37
25 10
22 20
22 21
25 21
26 10
28 38
22 11
22 37
26 14
24 19
24 16
21 36
30 6
29 35
24 21
23 16
29 29
22 12
28 37
30 5
28 35
31 24
28 29
30 27
28 15
32 24
32 21
25 35
31 27
28 16
32 22
31 10
25 34
30 34
33 28
31 9
33 14
36 10
34 4
32 28
33 15
30 33
33 9
34 22
34 5
35 10
34 9
37 22
9 13
36 22
10 13
10 14
9 14
9 12
7 14
15 15
15 13
39 2
34 31
33 31
10 37
38 13
39 13
27 30
34 24
26 16
9 35
9 36
10 35
16 37
31 4
34 18
39 15
11 30
26 12
35 8
33 12
35 12
31 15
29 4
25 28
2 7
10 9
32 30
9 10
17 20
31 17
25 13
28 31
34 13
34 14
35 14
34 7
36 35
36 36
35 36
35 37
18 21
28 33
17 18
9 4
36 7
32 11
32 10
33 10
38 5
8 9
29 7
29 6
28 6
28 5
27 5
27 4
26 4
18 19
32 26
9 2
37 34
32 16
11 10
33 8
32 8
32 7
31 7
31 6
14 37
27 2
30 10
30 11
37 19
37 18
36 18
36 17
35 17
35 16
34 16
31 12
31 13
32 13
32 14
27 7
17 10
18 10
18 9
20 9
20 10
21 10
21 11
23 11
23 10
19 6
20 6
20 7
22 7
22 5
21 5
13 36
22 27
22 28
23 28
23 29
24 29
24 30
25 30
25 31
26 31
12 37
35 6
26 33
37 6
2 35
29 9
15 34
26 20
25 20
25 22
26 22
29 24
28 24
28 25
27 25
32 35
23 8
20 37
1 31
1 32
0 31
0 32
4 35
9 30
18 7
1 28
1 29
0 28
0 29
9 28
28 22
32 5
33 6
15 32
33 37
33 36
4 30
4 29
3 29
3 28
7 32
28 20
16 25
36 13
26 6
22 30
7 28
27 9
13 32
14 33
5 32
3 32
3 31
21 29
20 17
36 4
27 11
35 34
35 33
36 33
15 1
38 11
39 11
36 20
31 20
31 21
30 20
30 21
6 31
6 29
14 7
38 7
39 7
39 6
22 17
26 24
28 10
26 29
11 36
30 16
34 35
16 33
23 22
34 11
38 21
23 38
23 39
24 38
24 39
23 31
29 26
30 26
30 25
31 25
33 17
17 6
21 33
15 36
24 9
25 9
25 11
8 31
38 33
38 32
37 32
17 38
17 39
18 39
29 32
37 8
37 9
36 9
36 11
35 19
32 18
32 19
33 19
33 21
3 2
24 12
38 29
26 8
26 38
15 38
15 39
11 19
37 27
37 28
37 14
37 16
12 1
12 0
36 38
36 39
33 27
33 29
14 14
15 6
19 26
20 26
10 1
10 0
33 34
33 33
21 38
21 39
20 39
32 33
32 32
31 32
31 31
30 31
30 30
29 30
16 19
34 39
30 36
26 35
24 35
24 36
23 36
22 24
23 25
16 7
33 4
33 3
32 3
32 2
2 20
29 28
30 28
20 32
31 23
30 23
11 4
28 8
8 38
39 9
39 38
38 38
38 39
39 39
33 25
4 1
6 1
11 2
3 36
6 38
35 28
36 29
7 4
19 18
14 17
21 13
20 13
20 12
37 24
38 24
25 15
24 15
24 14
13 38
13 39
39 18
39 17
16 23
15 23
15 24
35 4
35 3
36 3
21 18
21 20
23 20
23 18
35 21
8 1
8 0
7 0
10 3
18 14
5 36
14 1
14 0
15 0
38 36
38 35
39 35
39 34
3 21
2 33
8 3
14 25
32 38
32 39
31 39
8 17
7 17
7 18
12 9
23 24
24 24
24 23
18 25
18 28
18 29
7 2
23 26
6 33
3 10
4 10
4 11
22 32
9 26
17 34
12 31
35 23
16 5
16 31
17 31
17 32
18 32
18 33
19 33
19 34
20 34
20 35
3 15
16 21
15 21
15 20
14 20
18 35
6 7
28 27
26 27
26 26
25 26
22 35
22 34
23 34
23 33
24 33
24 32
36 5
38 20
39 20
39 21
6 3
29 39
29 38
30 38
30 37
31 37
31 36
2 37
2 38
21 31
22 25
7 26
37 26
7 8
1 8
0 8
0 7
18 2
15 2
16 2
11 38
11 39
29 17
29 18
30 18
10 11
13 21
36 24
36 25
35 25
38 3
11 12
12 12
12 11
13 11
13 10
15 10
15 11
16 11
16 12
18 12
1 19
38 27
38 28
4 37
4 38
5 38
5 39
6 39
30 8
35 29
17 15
17 16
16 16
16 17
15 17
15 18
14 18
0 38
24 3
23 3
19 20
8 18
8 19
9 19
9 20
10 20
10 21
11 21
11 22
12 22
12 23
13 23
13 24
9 17
9 16
10 16
7 16
6 16
6 15
5 15
5 14
4 14
4 13
3 13
4 20
5 20
5 19
6 19
6 18
7 34
8 34
8 33
9 33
9 32
11 32
11 33
12 33
12 35
18 27
17 27
17 26
39 29
39 30
38 30
37 21
29 13
29 12
28 12
6 35
27 38
27 39
26 39
18 37
21 16
21 15
22 15
22 14
20 24
19 24
19 22
22 23
21 23
21 22
4 9
2 10
2 9
19 16
19 15
20 28
19 28
19 29
3 19
3 8
24 17
25 17
25 18
0 36
1 36
36 28
2 3
17 22
16 14
24 27
0 26
1 26
5 17
19 38
19 31
0 34
1 34
22 9
12 14
36 30
35 27
17 8
27 17
27 18
17 24
16 9
9 38
9 39
8 39
1 2
0 2
1 4
0 1
0 4
0 5
2 16
29 36
37 23
38 23
15 26
15 27
27 13
27 15
29 15
6 9
6 10
7 10
7 6
36 1
36 0
17 1
17 0
18 0
26 37
25 37
19 36
13 27
13 26
12 26
12 25
11 25
11 24
10 24
10 23
9 23
9 22
8 22
8 21
7 21
7 20
19 3
19 4
20 4
25 3
25 2
12 5
14 5
14 3
12 3
2 18
38 1
38 0
39 0
2 14
4 18
0 10
29 34
31 34
7 12
25 5
24 5
24 4
23 4
6 37
23 0
25 0
17 29
3 11
27 36
10 27
11 27
11 28
12 28
12 29
13 29
13 30
15 30
15 29
9 8
9 6
11 6
11 8
5 12
5 11
14 16
39 25
38 25
0 20
0 22
32 0
31 0
8 37
25 7
24 7
1 23
1 24
2 24
2 25
3 25
3 26
5 26
21 3
21 2
20 2
20 1
19 1
12 16
12 18
34 2
34 0
5 24
4 24
16 35
4 22
6 22
6 23
7 23
7 24
8 24
8 25
31 29
1 15
0 15
13 8
33 23
3 17
8 29
10 29
30 3
30 2
29 2
4 16
14 35
2 22
3 34
15 8
27 34
23 2
17 36
5 34
29 0
27 0
21 0
1 6
12 20
17 3
17 4
8 27
1 17
0 17
0 18
10 18
3 4
3 6
5 4
5 6
3 0
1 0
6 27
1 13
0 13
0 12
8 5
14 12
