0 0
1 7
1 12
1 15
1 20
1 23
1 26
1 28
1 32
2 8
2 10
2 13
2 16
2 21
2 29
2 31
2 37
3 7
3 23
3 36
3 38
4 15
4 17
4 19
4 24
4 35
4 37
5 6
5 8
5 10
5 13
5 20
5 23
5 32
6 19
6 33
6 37
7 1
7 5
7 14
7 17
7 26
7 32
7 38
8 6
8 8
8 23
8 25
8 29
8 36
9 7
9 9
9 11
9 18
9 22
9 24
9 28
10 1
10 10
10 17
10 23
10 37
11 11
11 16
11 18
11 22
11 24
11 33
12 12
12 15
12 17
12 19
12 21
12 26
12 38
13 1
13 4
13 7
13 11
13 18
13 20
13 37
14 2
14 5
14 10
14 19
14 21
14 23
14 32
14 38
15 1
15 9
15 24
15 26
15 33
16 4
16 7
16 10
16 18
16 28
16 34
16 37
17 1
17 3
17 5
17 8
17 11
17 23
17 29
17 38
18 2
18 4
18 6
18 9
18 19
18 26
18 28
18 30
18 32
18 35
19 1
19 5
19 7
19 10
19 12
19 14
19 16
19 25
19 27
19 31
19 36
19 38
20 17
20 26
20 37
21 10
21 21
21 27
21 30
21 32
21 34
21 36
22 1
22 3
22 8
22 22
22 24
22 31
22 33
22 35
22 37
23 2
23 10
23 13
23 25
23 32
24 11
24 19
24 28
24 31
24 33
24 35
25 5
25 12
25 15
25 27
25 29
25 32
25 36
26 14
26 16
26 22
26 30
26 37
27 17
27 23
27 31
27 38
28 4
28 7
28 26
28 36
29 1
29 3
29 5
29 9
29 18
29 27
29 37
30 2
30 17
30 26
31 1
31 7
31 9
31 21
31 23
31 25
31 34
32 10
32 17
32 20
32 22
32 24
33 1
33 5
33 11
33 19
33 21
33 23
33 37
34 6
34 9
34 12
34 24
34 38
35 1
35 19
35 25
35 37
36 6
36 14
36 17
36 20
36 38
37 9
37 15
37 21
37 31
37 33
38 1
38 14
38 16
38 19
38 32
38 34
38 37
0 2
1 5
2 1
2 34
3 0
3 5
4 27
5 0
5 39
9 14
9 20
11 3
11 29
14 28
15 16
16 21
21 14
21 39
22 16
25 0
25 9
26 1
26 8
28 13
28 15
28 34
29 20
29 23
30 32
33 34
36 27
37 4
37 28
38 5
38 12
38 26
38 29
39 5
39 7
39 10
39 12
39 22
39 30
1 27
0 26
16 19
6 1
35 27
0 28
2 27
3 39
5 15
2 23
4 16
2 22
2 24
8 30
5 7
7 19
7 0
8 38
10 0
10 28
7 30
9 30
4 7
6 7
7 13
7 39
9 12
8 37
6 13
8 13
11 32
35 31
36 30
36 31
23 15
24 16
17 39
24 15
19 0
33 0
21 17
22 10
19 39
23 8
22 9
22 11
22 0
20 3
21 3
25 6
27 24
28 1
27 39
29 0
28 9
31 0
28 8
28 10
31 35
31 14
32 15
0 19
1 18
31 15
1 19
33 4
3 10
4 11
34 1
4 10
11 1
12 1
36 39
38 0
38 38
38 39
39 1
14 16
39 34
39 32
37 38
39 38
36 22
37 22
4 28
37 26
13 28
14 34
15 35
15 19
15 34
23 29
31 32
29 21
23 28
32 34
28 23
38 6
36 4
6 2
3 16
5 14
26 32
7 18
27 33
0 8
27 32
1 8
32 8
9 35
10 8
34 28
31 8
35 20
3 32
13 39
2 11
10 32
34 29
8 35
31 11
32 12
21 18
6 10
5 21
9 8
32 11
7 10
5 22
4 33
3 31
2 12
15 11
13 38
38 35
39 36
9 26
15 10
5 33
11 20
38 36
35 23
36 24
8 17
13 9
35 24
8 26
14 0
7 24
32 4
14 9
12 20
11 37
34 2
9 17
14 12
10 19
10 15
17 31
14 1
8 24
13 12
10 18
10 25
18 31
11 15
20 13
18 11
10 24
17 25
13 24
19 13
18 25
19 11
19 29
16 32
24 37
13 23
20 28
18 29
24 36
25 34
16 33
20 27
17 18
24 34
19 23
20 31
18 18
22 20
19 24
21 31
23 23
21 20
22 23
24 24
25 13
26 28
25 18
29 31
27 29
25 14
24 25
25 28
24 18
27 30
28 31
31 27
30 22
28 17
30 4
28 28
29 7
28 38
29 17
31 22
29 28
30 27
34 22
30 7
29 4
31 18
30 10
36 36
29 38
33 22
31 17
35 36
30 9
33 13
33 7
34 13
33 6
35 5
18 21
35 15
37 7
35 6
35 14
36 7
33 36
31 6
27 4
26 21
26 20
20 34
17 16
17 19
17 17
16 17
16 16
18 16
39 26
39 25
20 21
8 28
2 9
3 9
3 8
4 8
17 37
9 10
16 3
16 1
4 6
3 6
13 36
12 39
14 39
20 10
20 36
19 15
24 32
19 17
12 37
11 38
10 38
8 1
31 10
29 10
29 11
24 27
38 8
8 3
7 3
19 6
5 31
36 9
35 9
10 36
9 36
9 37
4 3
3 3
9 1
9 0
8 0
22 27
20 16
21 16
20 25
16 11
14 11
14 13
30 25
9 3
9 4
18 3
29 32
29 30
30 30
30 29
5 3
5 2
20 1
8 2
7 2
38 9
39 9
39 8
18 36
37 32
9 34
7 37
7 36
6 36
38 11
39 11
39 35
31 2
39 37
7 4
36 1
37 1
37 0
39 0
39 2
38 2
17 28
20 7
37 8
37 6
39 6
18 27
4 4
3 4
30 16
19 9
19 8
18 8
18 7
17 7
17 6
16 6
16 5
15 5
15 4
14 4
14 3
13 3
13 2
10 6
11 7
5 35
38 13
39 13
39 14
33 24
2 2
3 2
34 17
33 17
33 16
4 20
4 21
3 21
3 22
36 34
14 20
15 20
15 21
18 5
27 14
28 14
39 20
12 34
33 20
23 35
26 15
13 33
11 0
11 2
10 2
21 1
21 0
20 0
6 0
4 36
7 29
7 31
15 25
23 31
17 4
11 6
14 22
34 15
34 16
38 15
24 1
27 11
27 12
26 12
32 19
32 18
33 18
7 20
6 20
6 21
17 2
36 15
36 16
37 16
37 17
38 17
38 18
29 19
30 19
30 18
32 16
10 9
11 9
11 10
13 17
14 17
14 18
15 18
17 13
17 14
25 23
35 17
35 18
16 29
16 30
17 30
15 32
17 32
19 2
20 2
10 7
4 18
36 18
1 29
0 29
0 30
36 19
25 3
25 2
37 19
37 20
13 10
38 20
38 21
39 21
25 26
10 11
10 12
11 12
11 13
12 13
12 14
13 14
13 15
14 15
13 8
12 8
12 7
9 6
19 4
20 4
20 5
26 17
25 17
25 16
22 32
5 37
2 18
2 17
3 17
15 2
1 22
1 21
13 0
15 0
31 33
32 33
32 35
24 10
25 10
25 11
26 11
39 16
12 11
34 21
34 23
27 10
28 12
36 23
24 13
24 12
23 12
23 11
36 25
37 25
31 24
30 5
30 3
3 15
2 15
2 14
1 14
1 13
0 13
0 12
38 4
39 4
13 32
12 32
12 33
34 32
35 33
32 30
32 31
33 31
26 31
25 31
25 30
24 30
24 29
31 20
1 31
25 39
26 13
3 11
1 11
1 10
17 12
18 12
14 33
23 21
24 21
24 22
37 29
37 30
35 30
11 26
11 25
12 25
12 24
1 16
22 25
30 35
30 34
27 16
28 16
28 18
27 18
27 19
37 34
37 35
36 35
5 19
23 5
25 4
23 19
22 19
22 18
21 11
21 12
20 12
20 14
14 35
11 34
11 35
12 35
4 0
34 0
35 0
17 21
17 22
18 22
18 23
31 37
32 38
12 16
2 0
1 0
18 10
17 10
17 9
16 9
16 8
15 8
15 7
14 7
14 6
13 6
13 5
12 5
12 4
11 4
16 36
16 35
17 35
17 34
18 34
18 33
19 33
19 32
20 32
0 27
29 36
39 19
22 30
22 29
21 29
21 28
19 28
27 7
27 8
20 30
19 30
29 8
29 6
28 6
28 5
30 1
30 0
34 34
34 33
29 26
5 16
5 17
6 17
6 18
21 35
8 18
8 16
7 16
7 15
8 7
18 1
18 0
17 0
14 24
36 33
32 29
31 31
21 8
21 9
23 9
22 7
23 7
6 34
7 34
7 33
8 33
8 32
13 19
22 13
22 14
23 14
22 36
22 39
22 38
23 38
23 37
23 16
9 23
3 37
25 19
32 25
32 26
31 26
31 28
34 11
34 10
33 10
33 9
32 9
32 7
34 7
34 8
4 25
3 25
3 26
9 25
9 27
10 27
22 34
22 21
24 20
16 13
16 14
36 37
37 37
37 27
0 3
0 4
1 3
1 4
23 1
23 0
24 0
36 21
5 11
5 12
6 11
6 12
5 9
6 9
6 8
7 8
23 26
25 8
15 28
15 27
16 27
16 26
17 26
17 24
16 24
16 23
15 23
12 22
35 32
23 33
21 22
4 30
21 6
1 33
1 34
0 34
0 35
26 3
26 2
8 22
31 38
31 39
30 39
26 23
26 24
25 24
11 17
18 38
18 39
25 37
25 38
26 38
26 39
2 30
33 38
22 2
34 19
3 35
3 34
4 34
4 32
2 32
3 29
3 28
2 28
2 36
1 36
1 37
27 26
18 14
9 29
10 29
23 3
23 4
22 4
22 5
12 18
21 24
32 37
24 2
0 25
1 25
1 24
33 30
21 33
36 13
36 12
35 12
29 2
28 2
28 3
38 33
39 33
3 19
33 32
6 32
5 25
3 24
5 24
23 22
2 7
23 24
32 23
25 22
1 6
0 1
34 25
34 26
35 26
35 28
33 28
33 27
0 15
9 31
10 31
10 33
2 38
2 39
1 39
30 12
31 12
10 22
2 20
20 39
20 38
34 4
34 5
36 5
20 18
20 19
19 19
19 20
18 20
30 37
20 23
39 23
32 21
24 39
37 14
11 23
36 3
35 3
35 2
33 2
32 0
32 1
37 39
24 5
24 6
26 6
26 5
8 39
9 39
8 9
26 27
26 29
28 29
28 27
13 21
27 22
28 22
28 21
4 26
26 0
16 39
16 38
15 38
15 37
14 37
2 26
5 28
5 29
28 35
0 7
0 9
28 0
32 14
33 14
33 12
37 10
11 21
11 19
9 19
9 21
35 38
35 39
34 39
0 23
28 24
28 25
34 37
6 26
6 27
7 27
19 26
30 14
8 5
26 33
25 33
25 35
26 35
26 36
27 36
27 37
28 37
28 39
4 38
4 39
6 38
6 39
39 39
28 33
4 23
7 6
6 6
6 5
5 5
0 32
8 12
8 11
30 23
30 21
21 26
38 31
39 31
0 18
0 17
6 23
7 23
7 25
19 35
6 14
4 14
4 13
3 13
21 37
19 37
39 29
39 28
12 27
13 27
13 26
14 26
10 16
10 14
12 29
13 29
13 30
14 30
14 31
8 14
32 5
32 3
0 20
