0 0
1 1
1 3
1 7
1 10
1 15
1 17
1 19
1 22
1 37
2 2
2 4
2 16
2 18
2 36
3 3
4 4
4 7
4 13
4 20
4 24
4 26
4 37
5 5
5 8
5 11
5 14
5 16
5 23
5 34
5 36
6 1
6 4
6 6
6 9
6 13
6 15
6 24
6 29
6 35
6 37
7 5
7 7
7 14
7 25
7 30
7 36
8 1
8 4
8 27
8 29
8 31
8 33
8 35
9 5
9 7
9 11
9 13
9 15
9 18
9 21
9 28
9 30
9 32
9 36
10 6
10 14
10 22
10 24
10 27
10 29
10 31
10 37
11 1
11 10
11 30
11 33
11 35
12 2
12 5
12 9
12 11
12 15
12 19
12 36
13 1
13 6
13 8
13 12
13 14
13 16
13 18
13 20
13 25
13 27
13 29
13 31
14 5
14 7
14 9
14 11
14 13
14 15
14 24
14 30
14 32
14 35
15 4
15 6
15 14
15 23
15 31
15 36
16 3
16 5
16 15
16 18
16 20
16 22
16 27
16 30
16 34
16 37
17 4
17 6
17 9
17 11
17 17
17 21
17 28
17 38
18 5
18 7
18 10
18 20
18 25
18 29
18 31
18 33
19 1
19 3
19 8
19 17
19 19
19 24
19 30
19 32
19 34
19 37
20 2
20 9
20 14
20 18
20 20
20 23
20 25
20 28
20 31
20 36
20 38
21 1
21 3
21 8
21 10
21 12
21 19
21 24
21 29
21 32
21 37
22 2
22 4
22 7
22 11
22 13
22 15
22 20
22 22
22 25
22 33
22 36
23 3
23 5
23 12
23 17
23 29
23 32
23 34
23 37
24 2
24 4
24 22
24 25
24 30
24 33
25 1
25 3
25 17
26 4
26 6
26 8
26 21
26 24
26 34
27 1
27 3
27 5
27 7
27 9
27 11
27 23
27 28
27 31
27 33
27 35
27 38
28 6
28 8
28 10
28 16
28 27
28 29
28 32
29 7
29 15
29 20
29 26
29 30
30 1
30 6
30 11
30 13
30 16
30 18
30 21
30 24
31 7
31 10
31 14
31 17
31 19
31 25
31 38
32 5
32 9
32 18
32 29
32 33
32 35
32 37
33 3
33 6
33 12
33 21
33 24
33 32
33 34
33 38
34 4
34 13
34 20
34 23
34 25
34 27
35 3
35 10
35 16
35 18
36 17
36 23
36 27
36 30
36 35
37 3
37 9
37 12
37 21
37 28
37 31
38 1
38 4
38 13
38 22
38 29
38 32
0 5
0 13
0 33
1 25
2 26
2 32
3 28
3 39
7 11
7 19
7 39
9 9
12 39
23 0
24 9
24 15
24 39
26 14
26 26
29 36
30 34
35 39
36 0
38 17
38 25
38 37
39 7
39 16
39 18
39 20
39 24
39 26
1 11
1 12
37 1
39 1
26 28
1 6
4 21
0 7
0 10
0 19
32 3
25 14
27 14
30 33
30 35
2 11
11 0
13 0
3 24
8 18
11 24
10 38
10 39
9 38
11 38
19 5
17 39
21 0
35 20
23 15
16 25
17 25
22 14
25 30
25 29
25 31
26 11
5 30
6 31
31 28
32 27
29 3
30 4
32 28
6 30
29 4
29 32
27 16
31 1
30 30
3 34
4 33
31 0
31 2
6 17
7 16
34 14
30 29
30 31
39 32
4 34
14 2
6 11
6 16
13 2
11 3
37 24
33 2
36 24
34 38
11 2
19 25
33 30
33 39
32 30
37 17
35 19
35 21
28 21
28 20
3 23
38 23
38 0
35 35
36 36
39 22
39 13
37 36
16 35
17 36
4 28
16 36
3 32
6 27
14 37
15 38
5 21
15 37
6 28
35 23
4 18
9 25
4 19
10 19
9 24
19 4
36 32
37 33
37 32
2 6
10 18
26 12
23 10
24 11
23 11
23 35
8 17
24 36
11 25
23 36
33 20
7 32
25 18
26 19
3 36
25 19
1 27
36 7
8 32
21 14
36 6
3 17
8 37
4 2
4 36
0 27
27 17
30 22
31 23
9 34
5 38
30 23
8 34
4 3
8 36
2 17
5 37
5 12
5 13
35 14
7 8
7 3
11 6
12 30
7 0
7 9
10 4
13 33
7 4
12 6
12 34
34 37
8 14
13 30
7 1
38 2
39 3
9 4
13 32
14 28
9 14
11 34
38 3
20 7
13 28
35 34
12 17
38 27
39 28
21 26
16 7
15 10
15 12
18 38
20 8
18 27
17 30
13 23
16 16
22 9
38 28
21 25
16 6
14 12
19 38
13 17
14 10
19 10
18 23
15 19
14 23
16 17
21 9
18 30
17 34
17 27
18 24
16 19
20 10
18 34
22 23
23 22
22 24
19 21
19 20
25 7
26 7
25 38
28 24
26 22
26 38
24 27
26 23
28 23
22 38
22 37
36 4
28 2
29 9
30 8
36 3
27 2
29 28
30 7
28 9
5 33
31 21
31 15
28 28
32 21
33 17
33 26
31 16
32 7
34 5
33 36
31 32
32 17
34 6
34 26
33 7
32 32
32 36
36 13
36 12
4 25
3 25
3 26
35 30
34 10
8 11
24 17
24 18
23 18
35 27
27 10
26 10
26 9
9 37
7 37
18 1
39 37
39 38
3 21
3 20
34 12
18 6
19 6
19 7
21 7
22 35
22 34
37 8
37 7
35 7
37 20
23 25
32 12
21 11
15 30
26 1
28 3
28 1
29 1
18 17
15 32
26 27
27 27
10 30
27 15
28 15
38 33
38 34
39 33
39 34
29 22
29 21
28 37
29 38
7 15
8 15
8 13
7 13
7 35
8 30
28 38
28 39
27 39
38 21
39 21
30 38
39 23
37 11
37 10
36 10
36 9
35 9
9 20
9 19
8 19
33 9
29 37
2 29
8 28
10 28
27 32
27 37
27 36
26 36
26 35
37 23
37 22
36 22
36 21
21 2
35 17
39 8
39 9
38 9
20 24
33 23
33 22
34 22
34 21
11 19
12 21
12 22
20 32
15 22
34 24
30 17
22 21
37 25
16 38
16 39
18 19
29 35
28 35
19 31
5 35
1 29
1 28
2 28
32 4
33 4
33 5
35 5
35 4
37 4
37 5
38 5
38 6
39 6
12 20
17 5
24 13
2 22
2 23
1 23
1 24
0 24
35 11
1 8
27 34
30 12
37 2
39 2
39 4
34 28
17 10
31 35
39 25
1 26
2 30
15 5
37 27
39 27
39 29
32 38
32 39
31 39
26 3
28 13
34 3
34 2
35 2
35 25
4 23
20 27
20 26
22 26
20 16
20 15
19 15
37 0
39 0
19 33
13 21
13 22
22 19
39 19
19 18
20 19
29 16
10 23
11 23
11 22
13 5
31 9
31 8
32 8
0 31
30 10
28 7
38 14
39 14
38 15
39 15
39 17
12 10
29 10
39 31
38 31
38 30
37 30
37 29
36 29
36 28
35 0
20 17
21 15
21 13
20 13
20 12
29 11
28 11
28 12
27 12
27 13
23 23
24 23
24 24
25 24
25 25
26 25
21 36
13 24
34 39
28 33
29 33
29 6
24 10
21 23
21 22
20 22
20 21
18 21
22 10
22 8
32 2
25 15
25 16
31 11
32 6
31 6
31 5
30 5
29 8
24 12
25 12
25 13
24 3
15 1
1 9
0 9
0 8
33 11
24 5
20 1
20 0
19 0
32 19
14 6
32 10
26 5
39 12
38 12
12 8
19 16
27 6
17 12
17 13
18 13
18 14
19 14
25 2
17 22
17 23
16 23
16 24
15 24
16 21
19 2
23 2
27 21
27 22
25 22
25 21
24 21
24 20
23 20
5 24
13 13
23 13
23 14
33 13
33 14
32 14
32 15
13 26
3 7
2 7
2 8
29 13
29 14
30 14
30 15
0 11
0 12
30 3
30 2
9 6
22 3
16 11
15 11
12 4
12 3
10 3
10 5
11 5
11 7
10 7
23 16
22 16
22 17
34 16
33 16
33 18
34 18
34 19
13 9
19 23
36 19
36 18
37 18
12 1
12 0
25 4
0 21
22 32
28 26
24 8
25 8
25 6
37 16
36 16
36 15
35 15
35 13
37 13
4 8
2 5
18 32
1 31
1 32
0 32
9 39
8 39
6 19
6 20
5 20
5 22
6 22
6 23
7 23
7 24
22 12
22 1
22 0
24 1
24 0
25 0
9 12
14 25
12 37
11 37
11 36
10 36
10 35
9 35
2 38
7 6
9 29
2 3
9 33
10 33
10 32
11 32
11 31
12 31
12 29
11 29
23 27
23 28
24 28
24 29
27 8
0 6
15 7
17 7
17 8
18 8
18 9
19 9
19 11
18 11
32 0
30 0
27 4
28 5
31 27
31 26
30 26
30 25
29 25
29 24
27 24
14 8
0 30
24 32
24 31
23 31
23 30
16 26
15 26
15 27
14 27
14 29
15 15
15 16
14 16
35 36
35 37
33 37
33 35
15 0
14 0
14 1
6 25
8 7
8 8
9 8
20 3
20 4
21 4
21 5
22 5
22 6
23 6
23 7
15 3
14 3
14 4
11 39
13 7
4 0
34 8
19 36
19 35
20 35
20 34
29 29
29 27
31 29
13 19
10 21
33 33
31 13
26 17
26 18
21 18
31 22
31 20
30 20
30 19
29 19
29 18
28 18
28 17
33 27
33 25
32 25
32 24
31 24
0 1
11 9
18 4
18 3
17 3
17 2
16 2
16 1
21 31
21 30
20 30
20 29
19 29
19 28
18 28
18 26
23 4
24 35
24 34
25 34
25 33
26 33
1 16
26 31
26 20
31 18
7 29
16 31
17 31
17 29
16 29
16 28
34 32
34 31
33 31
33 29
24 37
25 37
25 39
29 31
28 31
28 30
27 30
27 29
26 29
23 39
23 38
21 38
21 39
20 39
23 33
21 20
1 21
1 20
0 20
21 33
5 1
5 2
6 2
6 3
9 22
8 22
8 21
7 21
15 13
5 15
24 26
6 36
17 15
17 16
8 5
21 28
2 19
1 36
2 1
2 0
1 0
14 18
15 18
15 20
14 20
1 34
0 34
31 31
31 33
4 5
4 6
5 6
5 7
6 7
6 8
9 10
10 10
10 11
11 11
11 12
12 12
17 20
1 38
1 39
2 39
16 9
15 9
10 13
12 18
12 16
16 4
13 15
37 39
8 3
8 2
9 2
9 1
10 1
10 0
22 29
14 14
1 18
0 18
0 17
0 22
3 33
3 31
3 2
2 15
10 26
10 25
5 26
5 27
4 27
12 25
7 17
5 4
36 26
9 17
9 16
10 16
10 15
11 15
11 14
12 14
27 0
15 35
15 34
14 34
14 33
12 33
2 35
3 35
3 37
2 37
12 35
13 35
13 36
14 36
14 38
14 39
13 39
5 17
5 18
3 18
3 16
4 16
3 4
9 31
14 31
20 37
17 18
17 35
16 33
17 33
1 2
16 14
37 35
32 34
6 5
1 14
0 14
0 15
18 39
17 37
18 37
0 37
12 27
11 27
37 37
37 38
36 38
36 39
2 12
2 13
3 13
3 14
4 14
13 11
7 33
7 31
5 31
4 29
5 29
7 27
7 26
8 26
8 25
1 4
0 4
0 3
6 0
8 0
6 14
2 10
3 10
6 39
6 38
4 38
4 39
5 9
5 10
6 10
6 12
4 12
4 11
36 33
36 34
34 34
38 39
31 37
9 27
36 31
6 34
