0 0
1 1
1 3
1 8
1 10
1 12
1 14
1 17
1 22
1 24
1 26
1 28
1 30
1 32
1 34
1 38
2 2
2 9
2 13
2 15
2 19
2 21
2 23
2 25
2 27
2 33
3 1
3 3
3 6
3 14
3 16
3 22
3 24
3 26
3 28
3 34
4 2
4 7
4 9
4 15
4 19
4 21
4 23
4 25
4 27
4 30
5 1
5 4
5 6
5 8
5 20
5 22
5 24
5 33
5 38
6 5
6 7
6 9
6 11
6 13
6 15
6 21
6 23
6 25
6 27
6 34
6 36
7 2
7 6
7 10
7 12
7 19
7 22
7 24
7 26
28 26
7 35
7 37
8 1
8 7
8 9
8 11
8 13
8 15
8 17
8 20
8 23
8 25
8 31
8 34
8 36
8 38
9 5
9 8
9 12
9 14
9 16
9 18
9 21
9 27
9 29
9 35
9 37
10 4
10 6
10 15
10 17
10 30
10 34
10 36
10 38
11 5
11 11
11 14
11 16
11 20
11 23
11 25
11 35
11 37
12 4
12 6
12 9
12 13
12 15
12 24
12 26
12 36
12 38
13 1
13 3
13 5
13 7
13 10
13 14
13 17
13 19
13 22
13 25
13 27
13 37
14 2
14 4
14 6
14 11
14 18
14 20
14 23
14 26
14 28
14 36
14 38
15 1
15 5
15 17
15 19
15 21
15 24
15 29
15 31
15 34
16 6
16 10
16 14
16 18
16 25
16 30
16 35
16 38
17 2
17 4
17 7
17 9
17 28
17 31
17 34
17 36
18 1
18 3
18 8
18 10
18 27
18 29
19 2
19 4
19 6
19 9
19 15
19 20
19 23
19 25
20 3
20 10
20 13
20 24
20 26
20 31
21 2
21 11
21 20
21 29
21 32
21 35
22 1
22 6
22 10
22 19
22 21
22 30
22 33
22 36
22 38
23 2
23 7
23 9
23 15
23 20
23 22
23 31
23 37
24 1
24 6
24 8
24 21
24 29
24 32
24 36
25 2
25 18
25 22
25 30
26 1
26 3
26 11
26 13
26 15
26 17
26 28
26 31
27 4
27 6
27 10
27 12
27 14
27 16
27 18
27 21
27 33
27 38
28 3
28 5
28 9
28 13
28 15
28 17
28 22
28 30
28 34
29 2
29 4
29 6
29 8
29 10
29 12
29 16
29 20
29 23
29 25
29 27
29 37
30 5
30 7
30 9
30 11
30 22
30 24
30 26
30 28
30 36
31 2
31 4
31 8
31 13
31 23
31 27
31 34
31 37
32 1
32 14
32 19
32 28
32 31
32 35
32 38
33 2
33 4
33 7
33 20
33 27
34 1
34 3
34 6
34 8
34 10
34 12
34 19
34 24
34 26
34 28
34 31
34 34
34 36
34 38
35 2
35 7
35 9
35 11
35 13
35 23
35 25
35 27
35 29
35 35
35 37
36 6
36 8
36 12
36 14
36 19
36 21
36 24
36 26
36 28
36 30
36 34
36 36
36 38
37 5
37 7
37 9
37 11
37 13
37 15
37 18
37 25
37 27
37 29
37 35
38 3
38 8
38 12
38 16
38 19
38 24
38 26
38 28
38 30
0 36
1 36
3 36
3 39
10 0
12 33
13 31
18 12
21 15
21 17
22 24
24 39
26 24
27 36
29 32
30 0
30 39
37 0
38 32
38 38
38 39
39 1
39 22
39 32
39 37
37 3
39 3
0 3
0 10
0 22
0 24
0 12
0 8
1 11
19 16
19 17
25 24
27 24
0 32
18 16
20 16
0 30
0 34
1 31
3 17
3 0
2 17
4 17
5 0
5 39
10 8
8 39
11 30
12 30
10 39
11 29
11 31
19 35
20 36
13 0
20 35
25 38
26 38
17 23
18 22
18 23
26 33
15 0
16 21
17 18
17 17
17 19
20 27
19 19
21 24
23 24
19 27
21 27
28 31
24 0
26 0
23 3
1 35
25 36
26 32
26 34
34 39
32 39
3 35
32 0
33 21
34 0
37 38
39 24
39 30
39 28
38 5
39 26
36 39
19 32
20 33
38 31
38 33
38 23
39 8
9 23
38 2
39 19
20 32
39 16
10 23
20 6
21 7
21 6
9 25
18 11
10 25
22 17
24 27
24 14
23 27
23 14
5 16
4 13
5 31
5 15
4 14
5 12
4 34
1 6
4 31
6 12
2 6
5 34
6 1
7 1
3 10
2 11
7 33
9 10
3 9
7 4
16 22
13 29
2 31
10 9
7 34
13 28
11 18
6 4
8 10
14 14
10 18
10 28
15 14
17 15
9 28
11 27
17 14
11 12
11 26
11 13
13 8
13 9
15 27
27 31
12 11
14 27
13 11
15 32
15 3
16 16
14 3
15 33
32 21
16 8
16 1
38 4
15 16
17 38
17 1
15 7
17 8
18 38
15 6
19 7
19 0
21 37
27 8
34 32
19 1
19 8
23 11
22 37
23 18
21 22
22 34
34 33
28 8
22 11
23 19
25 20
22 35
22 22
33 5
32 8
23 33
33 29
31 10
24 23
24 20
23 5
33 28
33 8
26 19
24 22
24 33
33 6
31 6
7 32
30 10
23 6
29 26
26 18
30 6
32 36
29 21
32 26
29 18
32 37
31 29
33 35
32 27
29 22
31 25
28 18
34 35
31 28
30 25
32 17
32 18
33 15
3 37
32 15
31 20
31 19
33 10
34 14
34 13
38 10
37 10
28 29
25 11
34 37
18 20
18 19
20 20
20 19
21 19
15 20
16 20
16 19
34 27
34 25
37 28
37 26
26 2
35 28
35 36
35 26
35 34
33 3
35 24
7 15
13 26
8 16
30 8
30 37
13 18
10 16
8 14
28 10
8 12
12 25
4 24
19 5
20 5
20 4
21 4
21 3
22 3
22 2
4 22
10 14
4 20
2 26
16 24
17 24
17 25
18 25
18 26
19 26
38 27
39 27
37 6
38 6
38 7
39 7
2 24
16 34
21 33
21 34
23 34
4 26
27 39
30 4
23 32
22 32
22 31
21 31
21 30
20 30
20 29
19 29
19 28
18 28
23 36
8 8
38 29
39 29
24 2
24 3
25 3
25 4
26 4
2 22
36 5
23 21
30 27
2 28
35 8
39 9
38 9
38 11
38 17
15 18
11 24
15 30
19 24
39 25
38 25
29 28
30 23
7 7
5 23
3 15
22 9
22 26
21 26
21 25
20 25
12 14
2 14
22 20
36 29
35 6
36 27
5 21
36 25
10 7
9 7
9 6
8 6
8 5
7 5
7 3
38 35
36 35
37 19
19 33
19 34
18 34
24 25
25 26
6 38
6 10
10 5
37 8
5 25
17 35
35 10
8 37
36 32
36 31
35 31
18 9
32 4
32 5
31 5
9 15
17 27
20 23
21 23
21 21
2 20
31 32
32 33
38 18
39 18
39 17
10 37
36 7
27 17
2 3
36 9
14 5
37 24
37 23
36 23
36 22
35 22
35 21
34 21
34 20
28 12
26 14
32 11
31 11
31 12
30 12
30 13
29 13
7 25
11 1
7 23
31 7
32 7
37 14
36 18
29 19
29 17
25 25
34 17
32 30
32 29
36 1
6 26
6 24
36 15
36 16
37 16
37 17
12 5
32 24
33 23
25 1
25 0
6 22
38 21
35 3
35 4
34 4
34 5
28 4
32 9
31 9
36 33
37 33
37 34
37 31
37 30
26 12
32 32
33 32
33 31
16 39
17 39
17 37
16 37
16 36
15 36
15 35
14 35
14 34
30 29
30 30
29 30
29 31
19 31
18 31
18 30
17 30
17 29
16 29
16 28
15 28
24 26
32 34
33 34
3 23
27 28
29 5
33 36
28 33
29 33
29 34
30 34
30 35
31 35
31 36
24 28
25 28
25 29
26 29
26 30
27 30
26 27
26 26
23 25
14 37
14 17
27 32
29 9
11 15
25 23
23 23
18 2
18 17
16 17
16 15
18 15
3 25
31 33
28 6
39 23
36 11
15 38
21 28
22 28
22 29
23 29
23 30
24 30
24 31
25 31
25 32
34 7
34 9
27 5
7 38
7 39
6 39
29 11
32 23
32 22
31 22
28 14
8 24
9 24
34 23
28 23
27 23
27 22
26 22
26 21
25 21
6 14
20 15
20 14
19 14
19 13
18 13
7 29
6 29
35 32
9 32
10 32
16 26
15 26
15 25
14 25
14 24
26 10
25 19
13 24
28 27
28 25
27 25
13 23
39 31
34 29
34 30
35 30
4 8
12 23
27 19
27 20
28 20
28 21
12 22
11 22
30 21
30 20
32 20
11 21
10 21
10 20
9 20
9 34
9 19
8 19
8 18
7 18
7 17
6 17
19 36
18 36
6 16
31 31
39 33
20 2
29 24
33 24
12 3
29 7
7 13
23 1
23 0
22 0
20 17
33 1
33 0
5 36
5 37
6 37
23 16
22 16
22 15
9 13
3 21
31 3
38 13
39 13
39 12
5 5
16 11
15 11
15 12
0 18
13 38
6 8
4 16
23 8
1 23
0 23
36 20
12 31
12 1
12 0
11 0
37 12
27 9
27 7
26 7
26 6
25 6
33 38
33 39
27 3
31 24
31 26
35 12
16 31
16 32
17 32
17 33
33 26
14 39
12 37
8 32
8 33
19 39
20 39
20 38
21 38
21 36
9 26
8 26
8 27
7 27
7 28
6 28
31 17
31 16
30 16
30 15
29 15
11 38
11 39
12 39
5 7
8 29
8 30
9 30
9 31
10 31
14 0
14 1
33 17
33 16
34 16
35 14
33 14
4 18
5 18
5 19
6 19
6 20
7 20
7 21
8 21
8 22
9 22
32 13
35 1
35 0
36 0
27 15
12 29
14 29
38 20
39 20
39 21
3 7
4 1
4 0
9 38
9 39
7 31
15 23
15 22
14 22
14 21
13 21
13 20
12 20
12 19
11 19
11 2
10 2
10 3
9 3
9 4
6 33
6 32
5 32
16 13
16 12
17 11
15 10
14 10
17 10
19 21
19 22
1 15
1 16
2 16
9 1
9 0
8 0
17 22
13 13
14 13
14 12
1 25
0 25
0 26
27 0
27 1
34 18
36 37
37 37
37 36
9 17
37 2
36 2
13 36
36 13
2 34
2 35
2 1
2 0
1 0
19 10
19 11
20 11
20 12
21 12
21 13
22 13
1 29
0 29
0 28
14 19
14 31
14 32
13 33
37 21
11 17
12 17
12 16
13 16
13 15
14 15
5 30
6 30
10 33
11 33
11 34
27 11
22 18
24 18
24 17
25 17
2 18
1 18
1 19
0 19
12 27
10 27
10 29
33 12
24 7
0 31
28 16
39 15
38 15
11 36
29 3
39 2
1 33
0 33
35 38
35 39
2 8
20 7
18 7
18 6
17 6
17 5
16 5
16 4
15 4
19 3
21 1
37 39
15 2
16 2
16 0
13 6
20 9
16 9
16 7
14 7
14 8
12 7
12 8
34 11
31 14
31 0
31 1
20 0
18 0
4 28
4 29
3 29
3 30
2 30
2 32
3 32
3 33
4 33
22 7
4 35
35 19
11 6
18 4
39 4
37 4
17 3
25 13
24 13
24 12
23 12
6 6
9 36
0 17
26 16
33 19
23 10
24 10
24 9
25 9
25 8
24 35
25 35
25 34
6 0
6 2
5 2
5 3
4 3
4 4
3 4
3 5
9 11
10 11
10 12
12 12
12 10
11 10
11 9
9 9
5 13
5 11
4 11
4 10
2 10
2 12
3 12
3 13
0 35
13 2
24 15
25 15
34 2
38 0
39 0
31 38
31 39
4 6
32 2
3 19
1 21
0 21
7 36
1 13
0 13
0 14
28 2
30 2
21 10
7 11
0 11
2 38
2 39
1 39
4 38
4 39
7 9
1 9
0 9
23 38
23 39
22 39
13 4
5 9
24 37
25 37
27 13
24 5
22 5
1 2
0 2
0 1
29 36
11 4
3 27
5 27
29 0
29 1
27 34
27 35
28 35
0 4
0 5
1 4
1 5
8 2
1 37
0 37
0 38
39 38
39 39
3 2
25 39
1 27
10 35
12 35
8 35
0 7
1 7
6 35
39 36
27 37
28 37
28 38
29 38
29 39
