0 0
1 1
1 3
1 5
1 7
1 11
1 17
1 19
1 22
1 25
1 29
2 2
2 4
2 10
2 12
2 23
2 28
2 30
2 32
2 34
3 3
3 5
3 11
3 13
3 20
3 22
3 24
3 31
3 33
3 35
3 38
4 4
4 9
4 12
4 23
4 25
4 27
4 30
4 34
4 36
5 5
5 8
5 11
5 26
5 28
5 31
5 33
5 38
6 2
6 4
6 6
6 12
6 19
6 32
7 1
7 5
7 7
7 13
7 15
7 17
7 20
7 26
7 28
7 31
7 38
8 6
8 11
8 16
8 18
8 27
9 1
9 7
9 9
9 15
9 17
9 19
9 25
9 28
9 34
9 36
9 38
10 6
10 8
10 10
10 13
10 16
10 18
10 20
10 22
10 24
10 29
10 32
10 35
10 37
11 1
11 5
11 7
11 9
11 17
11 19
11 21
11 25
11 28
11 30
11 33
11 36
11 38
12 2
12 6
12 8
12 13
12 15
12 29
12 34
13 1
13 3
13 7
13 12
13 24
13 30
13 33
13 35
14 2
14 4
14 6
14 8
14 26
14 34
14 36
15 1
15 3
15 5
15 7
15 9
15 13
15 15
15 17
15 19
15 27
15 29
15 32
15 35
16 2
16 4
16 6
16 10
16 12
16 14
16 18
16 20
16 24
16 26
16 28
16 30
16 33
16 36
17 5
17 19
17 21
17 23
17 27
17 32
17 34
17 37
18 6
18 9
18 12
18 17
18 20
18 22
18 24
18 26
18 28
18 33
18 36
19 2
19 7
19 13
19 18
19 21
19 23
19 25
19 27
19 29
19 32
20 1
20 3
20 6
20 11
20 15
20 17
20 24
20 31
21 2
21 7
21 10
21 16
21 18
21 38
22 3
22 15
22 31
23 2
23 4
23 7
23 14
23 18
23 26
23 32
23 34
23 38
24 3
24 8
24 15
24 19
24 21
24 24
24 27
24 33
25 2
25 7
25 9
25 11
25 13
25 22
25 25
25 28
25 32
25 35
25 37
26 5
26 10
26 12
26 16
26 18
26 23
26 26
26 36
26 38
27 6
27 9
27 11
27 13
27 17
27 21
27 24
27 33
27 35
28 12
28 22
28 29
28 34
29 6
29 8
29 11
29 13
29 17
29 20
29 23
29 27
29 30
29 32
29 35
29 38
30 3
30 7
30 12
30 14
30 16
30 21
30 28
30 31
30 33
31 2
31 11
31 15
31 23
31 26
31 29
31 32
31 34
31 36
32 1
32 3
32 16
32 24
32 27
32 30
32 33
32 37
33 2
33 7
33 9
33 12
33 15
33 17
33 21
33 23
33 25
33 28
33 31
33 38
34 1
34 5
34 13
34 16
34 20
34 22
34 26
34 29
34 32
34 34
34 36
35 2
35 4
35 6
35 21
35 27
35 33
35 35
36 1
36 3
36 11
36 13
36 18
36 20
36 26
36 34
36 36
37 2
37 8
37 10
37 12
37 15
37 17
37 25
37 27
37 29
37 35
38 1
38 3
38 11
38 16
38 18
38 20
38 26
38 28
38 33
0 9
0 33
0 35
1 36
3 15
4 0
6 36
13 19
19 39
21 27
21 29
21 34
22 23
23 36
24 0
26 30
30 0
38 5
39 5
39 7
39 9
39 31
39 37
1 8
0 3
0 17
0 19
7 39
0 7
0 5
0 22
5 23
35 8
36 8
4 38
5 39
10 1
4 37
39 12
35 10
10 0
10 2
38 12
36 10
9 39
36 12
31 9
32 9
10 23
9 23
11 23
11 39
13 0
13 11
20 34
12 11
14 11
15 0
17 38
17 39
16 38
18 38
22 34
20 29
21 39
20 38
23 13
23 39
32 0
23 30
22 29
22 30
34 0
26 15
26 19
26 39
27 26
25 15
27 15
25 19
27 19
25 30
27 25
27 27
27 32
29 39
2 0
3 1
2 1
30 23
36 0
30 22
30 24
38 4
38 6
38 0
6 8
7 9
7 8
33 39
34 38
24 17
34 37
39 1
39 3
23 17
11 3
6 21
12 3
6 20
39 26
39 28
36 37
14 24
15 23
38 35
39 35
15 24
38 34
38 36
27 29
27 30
28 30
39 33
20 27
12 19
22 24
2 25
3 25
3 17
1 13
2 17
1 12
8 20
2 8
29 4
9 20
8 2
13 15
4 10
14 15
8 35
30 4
4 11
8 1
4 2
5 13
9 35
29 18
30 19
6 0
4 3
5 29
5 12
29 19
7 3
6 1
5 30
4 6
6 3
4 5
8 32
8 31
11 31
11 32
9 5
10 27
9 6
13 9
10 28
13 8
27 4
26 4
16 8
15 8
17 3
35 23
36 22
31 7
16 16
22 8
35 22
16 3
14 18
32 7
17 35
21 32
22 7
37 37
19 8
16 31
15 16
18 14
16 32
21 31
19 9
15 18
17 36
28 14
18 13
21 5
28 13
23 5
20 22
21 6
19 22
22 11
35 29
23 6
23 28
28 5
24 28
36 29
28 6
27 37
22 19
29 36
26 37
22 18
29 37
24 31
24 32
34 2
30 10
31 17
29 15
30 11
30 15
35 15
31 13
31 16
32 18
30 13
35 16
31 38
33 18
31 37
30 35
31 21
35 25
34 30
31 35
35 26
32 21
34 31
34 24
32 2
33 24
39 17
16 37
38 21
33 33
38 17
38 22
32 4
34 33
30 2
36 2
34 4
24 9
24 7
28 17
28 18
27 18
37 28
37 26
35 13
28 11
17 12
35 3
17 28
17 26
35 5
36 27
35 37
35 36
26 11
9 18
33 16
9 16
3 23
9 37
26 13
34 35
29 31
6 26
26 9
16 19
19 6
11 37
33 3
14 35
34 9
35 9
3 12
33 8
15 28
3 21
35 11
38 19
13 34
1 20
16 5
30 6
31 6
31 5
11 13
31 3
29 7
26 35
33 37
33 36
32 36
35 34
3 14
4 14
4 13
6 13
20 7
20 8
21 8
21 9
25 10
22 4
22 5
19 36
35 7
34 7
34 6
33 6
33 5
37 11
15 26
11 8
37 13
37 14
36 14
36 15
34 15
34 14
33 14
33 13
23 29
23 27
22 27
22 26
11 29
30 8
31 8
16 13
4 8
23 31
25 31
25 29
16 11
38 15
32 23
1 21
0 21
0 20
18 8
18 7
7 16
28 24
29 25
14 37
14 38
18 25
22 10
23 10
23 11
24 11
32 15
9 8
17 1
27 16
27 14
29 14
29 16
16 29
24 4
24 5
25 5
25 6
26 6
26 7
27 7
27 8
28 8
28 9
29 9
29 10
4 18
3 18
3 19
2 19
2 20
18 23
23 8
12 28
13 28
13 29
14 29
14 30
15 30
15 31
17 30
17 31
20 4
20 5
25 8
31 10
14 7
18 29
36 17
4 20
14 5
37 20
37 21
36 21
22 16
10 25
14 3
3 16
4 16
37 9
20 12
21 12
21 13
23 1
23 0
22 0
10 7
28 25
36 35
33 10
33 11
32 11
32 12
31 12
31 14
0 6
1 6
12 30
12 31
13 31
13 32
14 32
14 33
15 33
15 34
16 34
16 35
30 32
4 26
29 24
18 35
18 34
27 10
10 31
10 30
9 30
9 29
36 19
15 36
31 24
31 25
32 25
32 26
33 26
33 27
34 27
34 28
35 28
16 25
35 30
1 18
0 18
19 33
20 33
20 32
22 32
33 30
33 29
32 29
32 28
31 28
31 27
30 27
30 26
29 26
28 23
27 23
27 22
26 22
26 21
25 21
25 20
24 20
7 14
19 15
19 14
20 14
20 13
17 22
29 12
22 21
21 11
20 20
21 20
23 22
19 12
19 11
18 11
18 10
17 10
17 9
16 9
22 14
22 13
37 16
17 14
39 18
39 16
37 18
16 7
24 38
20 16
17 33
25 18
24 18
24 16
25 16
18 32
25 14
24 14
24 13
36 25
34 25
34 23
36 23
39 21
39 20
4 24
5 24
5 25
10 9
19 26
20 26
20 25
23 15
12 26
13 25
16 1
16 0
17 0
7 27
21 17
23 21
19 17
27 20
28 20
28 21
29 21
29 22
8 28
20 35
2 3
39 24
13 17
12 17
12 16
33 22
12 1
12 0
11 0
14 1
14 0
12 7
19 20
19 19
18 19
18 18
17 18
17 17
16 17
7 22
7 21
8 21
20 21
21 21
17 6
25 12
30 18
30 17
32 17
32 19
12 33
20 0
18 2
17 2
35 18
34 17
27 12
21 19
13 22
12 21
15 10
14 10
14 9
12 9
12 10
11 10
22 2
2 11
12 25
12 24
11 24
23 19
38 30
20 23
14 25
8 19
7 19
7 18
6 18
6 17
5 17
31 22
31 20
30 20
35 20
4 22
5 22
5 21
6 28
6 29
7 29
7 30
21 15
34 12
0 4
1 4
13 36
12 36
12 35
11 35
11 34
10 34
10 33
9 33
9 32
20 2
7 32
7 33
6 33
6 34
5 34
16 15
8 7
28 35
28 36
27 36
35 32
36 32
36 33
37 33
37 34
13 26
14 17
11 18
12 18
2 22
26 25
26 24
25 24
25 23
24 23
24 22
14 19
38 27
39 27
24 2
19 28
20 28
22 22
18 27
12 14
13 14
13 13
14 13
14 12
15 12
20 10
11 22
12 22
38 2
39 2
17 4
18 4
18 5
19 1
0 27
0 38
0 39
1 39
1 26
2 26
2 27
3 27
3 28
4 28
4 29
5 27
37 24
38 24
38 25
39 25
11 20
12 20
1 34
0 34
26 28
26 27
25 27
25 26
24 26
24 25
23 25
23 24
26 17
3 4
27 38
27 39
28 38
28 39
16 27
2 29
4 35
27 34
6 31
5 4
11 26
11 27
34 21
21 24
25 38
25 39
24 39
1 2
0 2
0 1
5 32
38 38
13 21
6 15
5 15
15 6
0 23
1 23
1 24
2 24
9 27
9 26
8 26
8 25
7 25
7 24
21 1
10 19
13 16
0 16
1 16
13 2
6 11
7 11
7 12
8 12
8 13
9 13
9 14
10 14
10 15
11 15
11 16
15 2
15 4
0 8
15 14
5 19
23 3
12 12
8 15
9 0
8 17
13 4
14 27
9 2
9 3
7 2
7 4
8 4
8 5
10 5
3 2
5 2
3 0
1 0
3 30
17 20
24 37
23 37
25 3
10 17
13 6
13 23
14 23
10 36
30 36
30 34
29 34
29 33
28 33
28 32
39 23
21 3
18 21
28 2
28 3
28 0
33 20
11 2
11 4
11 6
19 31
19 30
20 30
18 16
22 38
22 39
6 7
5 7
5 6
0 25
16 21
15 21
15 20
3 6
3 7
2 7
10 21
38 29
39 29
39 30
28 27
28 28
29 28
29 29
30 29
30 30
31 30
31 31
32 31
32 32
33 32
33 34
32 34
0 14
0 13
2 13
37 1
37 0
16 39
15 39
26 32
26 33
25 33
25 34
24 34
24 35
23 35
2 9
3 9
3 10
37 3
37 4
36 4
37 7
37 6
36 6
20 18
5 10
5 9
6 9
16 23
5 0
7 0
4 31
6 5
19 3
3 32
1 28
7 37
7 36
8 36
8 34
34 39
35 39
2 31
2 33
10 38
10 39
4 39
3 39
1 30
0 30
0 29
37 30
37 31
4 33
25 0
25 1
26 1
26 2
27 2
27 3
10 12
10 11
9 11
9 10
8 10
8 9
33 0
33 1
2 35
2 36
3 36
3 37
39 4
27 5
29 5
12 5
5 37
5 36
9 22
9 24
18 37
18 39
19 24
38 39
37 39
37 38
34 19
0 36
7 6
17 24
6 38
6 39
39 0
28 1
29 1
29 0
30 39
30 38
32 38
32 39
3 34
12 39
12 38
38 8
39 8
35 1
35 0
0 32
1 32
39 34
21 36
21 37
20 37
29 3
2 5
39 38
20 39
1 10
0 10
0 11
39 32
38 32
39 11
39 10
38 10
39 6
8 38
8 39
2 38
25 36
27 0
37 36
39 36
39 13
23 33
31 33
31 0
31 1
