1 2
1 7
1 14
1 16
1 18
1 24
1 26
1 30
1 34
1 36
1 38
2 1
2 6
2 8
2 10
2 13
2 15
2 22
2 25
2 27
2 31
2 33
3 2
3 7
3 9
3 11
3 14
3 23
3 26
3 32
4 4
4 8
4 10
4 12
4 15
4 24
4 30
5 5
5 7
5 11
5 16
5 18
5 28
5 31
6 4
6 6
6 13
6 15
6 17
6 21
6 24
6 29
6 34
6 36
7 1
7 3
7 5
7 7
7 16
7 18
7 25
7 28
7 35
7 37
8 2
8 4
8 6
8 8
8 10
8 13
8 15
8 17
8 21
8 24
8 26
8 36
8 38
9 3
9 5
9 7
9 9
9 11
9 14
9 16
9 18
9 20
9 27
9 32
9 34
9 37
10 2
10 4
10 6
10 8
10 10
10 12
10 15
10 17
10 19
10 24
10 26
10 28
10 33
10 35
10 38
11 1
11 5
11 7
11 9
11 11
11 13
11 16
11 18
11 20
11 22
11 25
11 27
11 36
12 10
12 12
12 17
12 19
12 21
12 35
13 1
13 11
13 18
13 20
13 22
13 24
13 29
14 2
14 4
14 23
14 30
14 32
15 1
15 5
15 17
15 27
15 29
15 31
15 33
15 35
16 2
16 4
16 18
16 20
16 23
16 26
16 32
16 34
17 1
17 3
17 5
17 7
17 9
17 19
17 24
17 31
17 33
18 2
18 4
18 6
18 8
18 10
18 12
18 18
18 20
18 23
18 29
18 32
18 34
18 36
18 38
19 3
19 5
19 7
19 9
19 11
19 17
19 19
19 21
19 24
19 27
19 35
19 37
20 4
20 6
20 8
20 15
20 20
20 22
20 28
20 30
20 32
20 34
20 36
21 7
21 12
21 14
21 16
21 21
21 23
21 29
21 31
21 33
21 37
22 13
22 15
22 17
22 22
22 28
22 30
22 32
22 34
22 36
22 38
23 1
23 3
23 6
23 9
23 14
23 18
23 21
23 23
23 27
23 29
23 33
23 37
24 2
24 4
24 10
24 13
24 15
24 17
24 19
24 22
24 24
24 26
24 28
25 1
25 7
25 9
25 18
25 20
25 25
26 10
26 17
26 34
27 1
27 9
27 24
27 27
27 30
27 32
28 2
28 10
28 18
28 22
28 25
28 37
29 1
29 8
29 17
29 19
29 23
29 26
29 28
29 30
29 35
29 38
30 2
30 9
30 11
30 14
30 18
30 24
30 27
30 33
31 1
31 3
31 5
31 7
31 10
31 13
31 15
31 17
31 19
31 22
31 25
31 28
31 30
31 32
32 2
32 4
32 14
32 16
32 18
32 23
32 31
32 33
32 36
32 38
33 1
33 3
33 5
33 7
33 9
33 11
33 13
33 15
33 17
33 22
33 28
33 30
33 32
34 2
34 4
34 6
34 10
34 12
34 14
34 23
34 29
34 31
35 1
35 3
35 5
35 7
35 9
35 11
35 13
35 15
35 22
35 24
35 30
35 36
35 38
36 4
36 6
36 8
36 10
36 21
36 23
36 25
36 27
36 29
36 31
36 34
36 37
37 7
37 9
37 13
37 15
37 20
37 22
37 24
37 26
37 28
37 32
37 38
38 1
38 3
38 8
38 14
38 16
38 23
38 25
38 27
38 29
38 33
0 5
0 7
0 16
0 18
0 26
0 34
0 36
1 10
1 11
1 17
1 35
1 37
2 0
2 17
2 35
2 37
3 18
3 38
3 39
4 2
4 38
5 24
5 23
5 25
5 32
4 32
5 36
5 37
6 32
7 0
7 10
7 11
8 39
12 1
12 0
12 2
12 5
12 4
12 7
13 25
12 25
14 8
15 0
15 23
15 22
15 24
15 39
16 13
17 0
17 26
17 25
17 27
18 14
18 13
18 15
18 39
19 0
21 11
21 25
21 24
22 11
22 39
23 0
24 33
24 34
24 37
24 36
25 0
25 6
24 6
25 39
26 1
26 2
26 12
26 11
26 13
26 20
26 32
27 0
27 34
27 33
27 35
28 4
28 12
28 11
29 0
31 0
32 25
32 24
32 26
32 39
33 0
35 39
37 39
38 4
37 4
38 17
37 17
38 20
38 19
38 34
37 34
37 35
38 38
38 37
39 1
39 3
39 5
39 11
39 17
39 23
39 25
39 27
39 29
39 31
39 33
39 36
39 38
11 32
14 15
15 15
14 6
26 15
33 19
34 19
38 12
1 19
2 3
2 29
0 3
3 16
3 28
3 34
4 13
4 22
5 9
5 20
6 8
6 38
8 22
10 30
11 3
11 29
12 33
11 14
13 3
14 21
13 9
13 27
13 31
13 35
15 7
15 19
16 8
16 28
16 36
17 17
17 21
18 30
19 29
20 2
20 17
20 38
21 19
21 5
21 9
22 4
23 31
22 26
23 7
23 35
25 3
25 14
25 23
25 29
27 6
27 16
27 38
28 14
28 27
29 10
29 36
30 4
32 10
30 20
33 37
34 33
32 21
35 32
36 2
36 16
39 7
39 13
6 30
7 30
13 38
14 38
11 37
12 37
21 1
21 0
31 35
30 35
25 21
26 22
25 35
26 36
28 20
29 21
0 0
0 2
0 4
0 6
0 8
0 11
0 12
0 14
0 15
0 17
0 19
0 21
0 24
0 25
0 27
0 30
0 31
0 33
0 35
1 6
1 13
1 15
1 20
1 25
1 27
1 29
1 31
1 33
2 2
2 5
2 7
2 14
2 16
2 21
2 26
2 28
2 32
2 34
3 6
3 8
3 10
3 15
3 20
3 22
3 27
4 5
4 7
4 9
4 11
4 14
4 16
4 23
4 37
4 39
5 4
5 6
5 8
5 10
5 15
5 17
5 27
6 3
6 5
6 7
6 14
6 16
6 18
6 20
6 28
6 37
7 2
7 4
7 6
7 13
7 15
7 17
7 19
7 24
7 29
7 36
8 3
8 5
8 7
8 14
8 16
8 18
8 20
8 23
8 25
8 32
8 37
9 2
9 4
9 6
9 8
9 10
9 15
9 17
9 19
9 24
9 26
9 33
10 1
10 3
10 5
10 7
10 9
10 11
10 16
10 18
10 20
10 25
10 27
10 29
10 34
11 0
11 2
11 4
11 10
11 12
11 15
11 17
11 19
11 21
11 28
11 33
11 35
12 11
12 16
12 18
12 20
12 22
13 2
13 4
13 10
13 15
13 19
13 21
13 23
13 28
14 3
14 5
14 7
14 9
14 22
14 27
14 29
14 31
14 33
14 35
15 2
15 4
15 6
15 16
15 26
15 28
15 30
15 32
15 34
16 3
16 5
16 7
16 9
16 11
16 17
16 19
16 27
16 31
16 33
16 35
17 2
17 4
17 6
17 8
17 10
17 15
17 18
17 20
17 23
17 32
17 34
17 36
18 3
18 5
18 7
18 9
18 11
18 17
18 19
18 31
18 33
18 35
18 37
19 2
19 4
19 6
19 8
19 10
19 20
19 30
19 32
19 34
19 36
20 0
20 3
20 5
20 7
20 9
20 14
20 21
20 27
20 29
20 31
20 33
20 35
20 37
21 2
21 4
21 8
21 13
21 15
21 17
21 20
21 22
21 26
21 28
21 30
21 32
21 34
21 36
22 3
22 12
22 14
22 16
22 21
22 27
22 29
22 31
22 33
22 35
22 37
23 2
23 8
23 13
23 15
23 17
23 22
23 26
23 28
23 30
23 34
23 36
24 3
24 7
24 9
24 14
24 16
24 18
24 23
24 25
24 27
24 29
25 2
25 8
25 13
25 15
25 17
25 22
25 26
25 28
25 34
25 36
26 0
26 9
26 16
26 21
26 27
26 33
26 35
28 19
28 21
28 30
28 38
29 2
29 11
29 14
29 16
29 18
29 20
29 27
29 29
29 31
29 37
29 39
30 3
30 5
30 10
30 15
30 17
30 19
30 28
30 30
30 32
31 2
31 4
31 6
31 14
31 16
31 18
31 29
31 31
31 33
32 3
32 5
32 7
32 13
32 15
32 17
32 19
32 22
32 28
32 30
32 32
32 37
33 2
33 4
33 6
33 8
33 10
33 12
33 14
33 16
33 21
33 29
33 31
33 33
34 3
34 5
34 7
34 9
34 11
34 13
34 15
34 20
34 22
34 28
34 30
34 32
35 2
35 4
35 6
35 8
35 10
35 12
35 14
35 21
35 23
35 25
35 27
35 29
35 31
35 37
36 7
36 9
36 11
36 13
36 15
36 20
36 22
36 24
36 26
36 28
36 30
37 8
37 10
37 12
37 14
37 16
37 23
37 25
37 27
37 29
37 31
37 37
38 7
38 9
38 13
38 15
39 4
39 6
39 8
39 10
39 12
39 14
39 16
39 37
0 37
0 38
1 0
1 1
1 3
1 4
1 8
1 9
2 9
1 22
1 23
1 39
2 11
2 12
2 18
2 19
2 23
2 24
2 30
2 36
3 36
2 38
2 39
3 4
3 3
4 3
3 12
3 13
3 24
3 25
3 30
3 31
4 31
3 33
4 18
4 19
5 19
4 21
5 21
4 25
4 26
4 28
4 29
4 33
4 34
5 13
5 12
5 29
5 30
5 34
5 35
6 35
6 0
6 1
6 11
6 12
6 23
6 22
6 25
6 26
6 31
7 31
6 33
6 39
7 8
7 9
8 9
7 21
7 22
7 26
7 27
7 33
7 34
7 38
7 39
8 1
8 0
9 0
8 11
8 12
8 27
8 28
9 28
8 34
8 35
9 12
9 13
9 21
9 22
9 30
9 31
9 35
9 36
9 38
9 39
10 39
10 13
10 14
10 22
10 23
10 31
10 32
10 36
10 37
11 6
12 6
11 8
11 23
11 24
12 24
11 26
11 38
12 38
12 8
12 9
12 14
12 13
12 26
12 27
12 29
12 30
13 30
12 32
13 32
12 34
13 34
12 36
13 36
13 0
13 13
13 12
13 17
13 39
14 39
14 0
14 1
14 11
14 12
14 14
14 17
14 18
15 18
14 20
15 20
14 24
14 25
14 37
15 13
15 14
15 36
15 37
16 0
16 1
16 21
16 22
16 24
16 25
16 29
17 12
17 13
17 29
17 30
18 0
18 1
18 21
18 22
18 24
18 25
18 27
18 28
19 28
19 13
19 12
19 15
19 16
20 16
19 18
19 22
19 23
19 25
19 26
19 38
19 39
20 11
20 12
20 18
20 19
20 23
20 24
21 6
21 38
21 39
22 0
22 1
22 6
22 7
22 9
22 10
23 10
22 18
22 19
22 23
22 24
23 24
23 4
23 5
24 5
23 19
23 20
23 32
24 32
24 0
24 1
24 12
24 11
24 20
24 21
25 4
26 4
25 10
25 11
25 19
25 24
25 30
26 6
26 7
26 19
26 18
26 24
26 25
26 30
26 31
27 31
26 37
27 37
26 39
27 39
27 2
27 3
28 3
27 5
28 5
27 7
27 8
27 10
27 11
27 13
28 13
27 15
28 15
27 18
27 17
28 17
27 22
27 23
27 25
27 26
28 26
27 29
27 28
28 28
28 0
28 1
28 8
28 9
29 9
28 23
28 24
28 32
28 33
28 35
28 36
29 6
29 7
29 22
29 24
29 25
29 33
29 34
30 34
30 0
30 1
30 7
30 8
30 13
30 12
30 22
30 23
30 25
30 26
30 36
31 36
30 38
31 8
31 9
32 9
31 12
31 11
32 11
31 20
31 21
31 23
31 24
31 26
31 27
31 38
31 39
32 0
32 1
32 34
32 35
33 18
33 23
33 24
34 24
33 27
33 26
34 26
33 36
34 36
34 1
34 0
35 0
34 18
34 17
34 34
35 16
35 17
35 34
35 35
36 1
37 1
36 3
37 3
36 5
36 18
36 32
36 33
37 33
36 35
36 36
36 38
36 39
37 5
37 6
37 18
37 19
37 21
38 0
39 0
38 2
39 2
38 21
38 22
39 22
38 24
39 24
38 26
39 26
38 28
39 28
38 30
39 30
38 32
39 32
38 35
38 39
39 39
39 18
39 19
39 34
39 35
3 0
3 1
4 0
4 1
16 38
16 39
17 38
17 39
23 38
23 39
24 38
24 39
33 38
33 39
34 38
34 39
