1 3
1 8
1 11
1 20
1 22
1 25
1 27
1 33
2 2
2 21
2 26
2 28
2 38
3 1
3 3
3 9
3 22
3 27
3 29
3 31
3 33
4 2
4 10
4 13
4 23
4 28
4 30
4 32
4 37
5 1
5 3
5 6
5 9
5 14
5 22
5 29
5 31
5 38
6 2
6 7
6 10
6 13
6 23
6 30
6 35
6 37
7 3
7 6
7 8
7 14
7 16
7 20
7 34
7 36
8 7
8 15
8 17
8 27
8 30
8 32
8 35
9 4
9 6
9 8
9 14
9 16
9 20
9 25
9 29
9 31
9 33
10 1
10 5
10 7
10 15
10 21
10 23
10 30
10 34
11 4
11 6
11 8
11 14
11 16
11 20
11 24
11 26
11 31
11 33
11 35
12 1
12 5
12 7
12 9
12 13
12 17
12 19
12 21
12 27
12 32
12 34
12 38
13 6
13 8
13 10
13 12
13 16
13 18
13 20
13 28
13 30
13 33
13 35
13 37
14 1
14 5
14 7
14 9
14 17
14 19
14 34
14 36
15 6
15 13
15 18
15 22
15 26
15 32
15 37
16 19
16 23
16 25
16 31
17 1
17 3
17 11
17 26
17 28
17 30
17 37
18 2
18 8
18 10
18 27
18 29
18 31
18 38
19 1
19 3
19 9
19 14
19 26
19 28
19 35
19 37
20 8
20 32
20 34
20 36
21 4
21 9
21 14
21 24
21 26
21 28
21 31
21 33
21 35
21 37
22 10
22 15
22 17
22 25
22 29
22 32
23 11
23 14
23 16
23 30
24 1
24 4
24 7
24 9
24 17
24 31
24 33
24 37
25 5
25 8
25 10
25 16
25 28
25 30
25 38
26 6
26 9
26 11
26 17
26 29
26 31
26 33
26 36
27 4
27 7
27 10
27 13
27 18
27 20
27 30
27 32
27 34
28 2
28 5
28 17
28 19
28 38
29 4
29 7
29 13
29 16
29 18
29 21
29 23
29 30
29 32
29 37
30 14
30 17
30 33
30 38
31 4
31 11
31 13
31 16
31 18
31 26
31 28
31 30
31 32
31 34
31 36
32 2
32 8
32 12
32 25
32 27
32 33
32 35
33 1
33 3
33 6
33 9
33 11
33 13
33 16
33 18
33 22
33 26
33 34
33 36
34 8
34 10
34 14
34 17
34 25
34 27
34 30
34 32
34 37
35 3
35 9
35 18
35 20
35 22
35 28
35 31
35 36
35 38
36 2
36 8
36 10
36 14
36 17
36 30
36 32
36 37
37 7
37 9
37 11
37 13
37 15
37 31
37 35
37 38
38 6
38 10
38 12
38 14
38 16
38 23
38 30
38 36
0 6
0 8
0 11
0 13
0 15
0 35
0 37
1 7
1 12
1 14
1 17
1 36
2 7
2 36
2 39
3 5
3 6
7 10
7 9
7 23
8 0
9 1
9 23
9 27
9 26
10 0
11 25
10 25
12 0
12 25
13 24
14 3
14 24
15 34
16 37
16 36
16 38
17 0
18 19
17 19
18 22
18 23
18 32
18 39
19 5
19 4
19 6
19 15
19 17
20 14
20 13
21 3
20 3
21 20
22 3
22 20
22 39
23 1
23 0
23 2
24 18
24 36
23 36
25 1
25 0
25 26
25 25
25 39
26 13
26 12
26 22
25 22
27 2
27 14
27 22
27 25
28 39
29 24
28 24
30 1
30 0
30 2
30 23
30 39
31 19
31 21
32 22
36 5
35 5
36 25
35 25
36 28
36 27
36 33
37 0
37 20
37 33
37 39
38 18
38 17
38 22
38 38
38 37
39 12
39 14
39 16
39 18
39 21
39 23
39 30
39 36
39 38
0 28
2 19
4 19
5 19
17 35
5 16
6 0
16 14
19 24
21 11
37 3
38 3
1 29
0 4
3 11
0 21
1 1
1 9
2 30
3 20
3 25
3 35
3 38
4 21
4 4
5 12
5 33
6 17
5 27
6 5
6 32
7 1
7 18
8 21
8 28
8 37
10 17
10 38
11 10
9 10
11 37
12 3
12 23
13 22
13 26
13 39
14 29
15 4
15 10
15 16
15 28
16 21
15 30
17 4
17 13
17 24
18 25
19 30
18 34
20 10
20 23
20 38
22 5
22 8
23 28
22 12
22 27
23 32
22 34
25 3
25 34
25 20
26 15
26 19
26 38
29 34
28 3
30 5
28 6
29 28
30 10
30 15
30 27
31 9
31 24
32 29
31 38
32 0
32 31
33 4
33 7
33 20
33 28
34 12
34 33
35 11
35 29
36 12
36 21
36 23
38 1
38 32
38 34
23 25
23 24
24 24
28 10
28 9
29 9
0 0
0 3
0 5
0 7
0 9
0 10
0 12
0 14
0 16
0 17
0 20
0 22
0 24
0 25
0 27
0 29
0 33
0 34
0 36
0 38
0 39
1 0
1 2
1 4
1 5
1 10
1 19
1 21
1 23
1 24
1 26
1 28
1 31
1 32
1 34
1 38
1 39
2 1
2 3
2 6
2 8
2 9
2 11
2 12
2 14
2 16
2 17
2 20
2 22
2 25
2 27
2 29
2 31
2 33
2 35
2 37
3 0
3 2
3 4
3 8
3 10
3 13
3 15
3 16
3 19
3 21
3 23
3 26
3 28
3 30
3 32
3 34
3 37
3 39
4 1
4 3
4 6
4 9
4 14
4 22
4 27
4 29
4 31
4 33
4 38
5 0
5 2
5 10
5 13
5 15
5 23
5 28
5 30
5 32
5 37
6 1
6 3
6 6
6 14
6 16
6 29
6 31
6 36
7 0
7 2
7 7
7 13
7 15
7 17
7 19
7 30
7 35
8 6
8 14
8 16
8 18
8 20
8 29
8 31
8 36
9 0
9 5
9 7
9 13
9 15
9 17
9 19
9 28
9 30
9 32
10 4
10 6
10 8
10 14
10 16
10 20
10 26
10 29
10 31
10 33
10 39
11 3
11 5
11 7
11 9
11 15
11 17
11 19
11 21
11 23
11 32
11 34
11 38
12 2
12 4
12 6
12 8
12 10
12 14
12 16
12 18
12 20
12 22
12 24
12 26
12 33
12 35
12 37
12 39
13 5
13 7
13 9
13 11
13 15
13 17
13 19
13 21
13 27
13 29
13 34
13 36
13 38
14 4
14 6
14 8
14 10
14 16
14 18
14 20
14 28
14 30
14 37
14 39
15 5
15 7
15 14
15 17
15 19
15 21
15 27
15 31
15 38
16 6
16 13
16 16
16 22
16 24
16 26
16 28
16 30
17 2
17 5
17 10
17 23
17 25
17 27
17 29
17 34
17 36
18 9
18 17
18 26
18 28
18 30
18 35
18 37
19 8
19 13
19 19
19 23
19 25
19 27
19 29
19 34
19 36
20 4
20 9
20 24
20 26
20 28
20 33
20 35
20 37
21 8
21 10
21 23
21 25
21 27
21 32
21 34
21 36
22 0
22 2
22 11
22 14
22 16
22 24
22 28
23 15
23 29
24 0
24 8
24 16
24 25
24 30
24 32
24 34
25 9
25 15
25 29
25 31
25 33
26 10
26 14
26 16
26 20
26 28
26 30
26 32
27 3
27 17
27 19
27 29
27 31
27 33
28 4
28 7
28 16
28 18
28 25
28 30
28 32
28 34
28 37
29 0
29 8
29 10
29 12
29 17
29 29
29 31
29 33
30 4
30 7
30 11
30 13
30 16
30 24
30 26
30 28
30 30
30 32
30 34
31 0
31 8
31 10
31 12
31 17
31 25
31 27
31 29
31 31
31 33
31 35
32 1
32 9
32 11
32 13
32 16
32 26
32 28
32 34
32 36
33 0
33 2
33 5
33 8
33 10
33 12
33 17
33 25
33 27
33 35
33 37
34 1
34 9
34 11
34 13
34 18
34 20
34 22
34 31
34 34
34 36
34 38
35 2
35 8
35 10
35 14
35 17
35 19
35 21
35 30
35 37
36 3
36 7
36 9
36 11
36 13
36 18
36 20
36 29
36 31
37 8
37 10
37 12
37 14
37 25
37 27
37 30
37 32
37 34
38 9
38 26
39 17
39 22
39 37
4 7
4 11
4 12
4 18
4 24
4 25
5 25
4 36
4 35
5 4
5 5
5 7
5 8
5 17
5 18
5 21
5 20
6 20
5 35
5 34
6 34
5 39
6 8
6 9
6 12
6 11
7 11
6 22
6 24
6 26
6 27
6 39
6 38
7 5
7 4
7 21
7 22
7 24
7 25
7 27
7 28
7 32
7 33
7 37
7 38
8 4
8 3
8 8
8 9
9 9
8 25
8 26
8 33
8 34
9 3
9 2
10 2
9 11
9 21
9 22
10 22
9 24
10 24
9 34
9 35
9 37
9 38
10 10
10 11
10 35
10 36
11 36
11 0
11 1
11 13
11 12
12 12
11 27
11 28
12 28
11 30
12 30
12 31
13 1
13 0
14 0
13 13
13 31
13 32
14 2
14 13
14 12
14 22
14 23
15 23
14 26
14 25
15 25
14 32
14 33
15 33
14 35
15 2
15 1
15 9
16 9
15 12
15 11
16 11
15 35
15 36
16 0
16 1
16 3
16 4
16 18
17 18
16 20
17 20
16 32
17 8
17 7
17 12
17 14
17 31
17 32
17 38
17 39
18 1
18 0
19 0
18 3
18 4
18 6
18 7
18 12
18 11
18 14
18 15
18 21
19 21
19 2
19 10
19 11
19 32
19 31
20 31
19 38
19 39
20 2
20 1
21 1
20 7
20 6
20 15
21 15
20 18
20 17
21 17
21 5
21 6
21 12
21 13
21 19
21 21
21 29
21 30
21 38
21 39
22 4
22 7
23 7
22 9
22 19
22 18
22 21
22 22
23 22
22 26
23 26
22 30
22 31
23 31
22 33
23 33
22 35
23 35
22 37
23 37
23 4
23 5
23 9
23 10
23 12
23 13
23 17
23 18
23 39
24 3
24 2
25 2
24 5
24 6
24 10
24 11
24 13
24 14
24 20
24 21
25 21
24 23
25 23
24 28
24 27
25 27
24 38
24 39
25 4
25 6
25 7
25 11
25 12
25 17
25 18
26 18
25 36
25 37
26 37
26 0
26 4
26 5
26 7
26 8
26 24
26 25
26 34
26 35
26 39
27 0
27 1
28 1
27 5
27 6
27 8
27 9
27 12
27 11
28 11
27 21
27 23
28 23
27 35
27 36
27 38
27 39
28 13
28 14
28 21
28 20
28 27
28 28
29 2
29 3
29 5
29 6
29 14
29 15
29 20
29 19
29 22
29 36
29 38
29 39
30 18
30 19
30 21
30 22
30 36
30 37
31 37
31 2
31 3
31 5
31 6
31 14
31 15
31 39
32 3
32 4
32 6
32 7
32 18
32 19
33 19
32 21
33 21
32 24
32 23
33 23
32 30
33 30
32 32
32 38
32 39
33 14
33 15
33 32
33 33
34 3
34 4
35 4
34 7
34 6
35 6
34 15
34 16
34 24
34 26
34 28
34 29
35 23
35 24
35 26
35 27
35 32
35 33
35 35
35 39
36 0
36 1
36 15
36 16
36 22
36 35
36 36
36 38
36 39
37 2
38 2
37 6
37 5
37 16
37 17
37 22
37 23
37 36
37 37
38 0
38 5
38 4
39 4
38 7
38 11
38 13
39 13
38 15
39 15
38 24
39 24
38 31
38 35
38 39
39 39
39 0
39 1
39 6
39 7
39 10
39 11
39 31
39 32
39 34
39 35
38 19
38 20
39 19
39 20
38 28
38 29
39 28
39 29
