1 2
1 4
1 11
1 13
1 16
1 18
1 21
1 24
1 38
2 14
2 17
2 19
2 22
2 25
2 34
2 37
3 2
3 4
3 6
3 10
3 15
3 18
3 20
3 38
4 3
4 5
4 7
4 13
4 16
4 24
4 31
4 34
5 2
5 4
5 6
5 8
5 10
5 12
5 14
5 17
5 25
6 7
6 9
6 11
6 13
6 15
6 18
6 22
6 24
7 12
7 14
7 16
7 23
7 25
7 29
7 32
7 36
8 1
8 6
8 15
8 21
8 24
8 26
8 28
8 34
9 2
9 5
9 9
9 16
9 22
9 25
9 27
9 29
9 31
9 35
9 37
10 3
10 6
10 8
10 10
10 12
10 14
10 17
10 26
10 28
10 30
10 34
11 9
11 11
11 13
11 15
11 18
11 22
11 25
11 27
11 29
11 33
12 10
12 14
12 19
12 23
12 26
12 28
12 34
13 13
13 18
13 27
13 29
13 38
14 1
14 15
14 17
14 23
14 26
15 2
15 4
15 6
15 12
15 16
15 18
15 20
15 24
15 32
16 1
16 5
16 7
16 11
16 13
16 25
16 33
16 35
16 37
17 8
17 18
17 24
17 26
17 28
17 32
17 34
17 38
18 7
18 19
18 22
18 25
18 33
18 37
19 21
19 24
19 26
19 28
19 38
20 4
20 6
20 25
20 27
20 29
20 34
20 36
21 3
21 5
21 14
21 19
21 21
21 24
21 30
22 22
22 29
22 31
23 7
23 11
23 13
23 15
23 25
23 27
23 32
23 34
24 6
24 8
24 10
24 12
24 14
24 16
24 22
24 24
24 26
24 38
25 4
25 7
25 9
25 11
25 15
25 25
25 37
26 5
26 8
26 16
26 26
27 6
27 12
27 14
27 25
27 27
27 32
28 1
28 7
28 11
28 13
28 15
28 26
28 29
28 31
28 33
28 37
29 2
29 6
29 12
29 14
29 16
29 18
29 20
29 25
29 38
30 1
30 10
30 17
30 21
30 29
31 11
31 18
31 20
31 22
31 25
31 35
31 37
32 1
32 6
32 10
32 12
32 17
32 19
32 21
32 29
32 36
32 38
33 2
33 5
33 7
33 9
33 11
33 16
33 22
33 28
33 35
33 37
34 1
34 3
34 8
34 10
34 12
34 17
34 23
34 36
35 2
35 4
35 7
35 9
35 11
35 13
35 16
35 18
35 21
35 24
35 35
35 37
36 5
36 8
36 10
36 14
36 17
36 32
37 2
37 4
37 9
37 16
37 28
38 3
38 8
38 26
38 29
38 32
38 35
0 6
0 13
0 31
0 33
0 38
1 12
1 31
1 39
2 0
2 12
3 39
4 0
4 27
3 27
4 30
5 27
5 30
6 19
5 19
7 18
7 34
7 33
9 36
8 36
10 36
11 0
12 4
12 7
12 36
12 35
13 23
13 22
13 24
13 31
13 32
14 4
14 6
15 3
15 30
15 39
16 0
16 3
17 9
16 9
17 31
17 39
18 1
17 1
18 9
19 10
20 10
22 1
21 1
22 19
22 18
24 19
24 39
25 32
26 34
27 21
28 9
28 8
28 20
28 35
28 34
31 1
31 0
31 2
31 33
31 32
32 25
32 26
33 33
34 0
35 32
36 0
36 33
38 7
38 13
38 14
37 14
39 3
39 6
39 8
39 11
39 13
39 15
39 23
39 26
39 35
39 38
1 29
4 38
8 19
9 0
20 16
21 16
23 28
24 28
30 38
30 39
35 19
36 19
0 1
1 9
2 28
3 8
3 25
4 22
5 32
6 4
5 39
7 27
7 37
6 26
7 2
8 8
8 13
8 32
9 11
9 23
9 20
10 1
10 19
11 5
11 31
11 16
12 30
13 11
14 28
14 13
14 35
15 22
17 14
15 26
17 20
15 36
17 4
18 13
18 17
18 29
18 23
18 35
19 7
19 14
19 31
18 15
20 22
21 26
19 19
19 33
21 35
20 37
22 8
22 14
22 24
23 17
23 21
24 1
24 33
25 23
25 27
27 4
26 24
27 16
28 3
28 5
29 23
30 34
30 7
30 15
30 26
30 31
31 9
31 16
32 31
33 13
33 20
34 26
34 34
34 38
36 12
36 15
36 38
37 18
38 5
37 30
38 10
38 24
38 27
10 38
10 39
21 12
21 11
22 37
22 36
22 39
24 35
25 35
27 28
26 28
31 13
31 14
38 1
39 1
38 33
39 33
13 9
14 9
15 8
36 23
37 23
11 20
12 21
30 3
30 4
29 4
35 28
34 28
34 29
37 21
38 21
38 22
0 0
0 2
0 4
0 5
0 7
0 9
0 11
0 12
0 14
0 16
0 18
0 21
0 24
0 26
0 27
0 30
0 32
0 34
0 36
0 37
0 39
1 0
1 1
1 3
1 5
1 8
1 10
1 14
1 15
1 17
1 19
1 20
1 22
1 23
1 25
1 27
1 28
1 30
1 32
1 34
1 37
2 2
2 4
2 6
2 7
2 10
2 11
2 13
2 15
2 16
2 18
2 20
2 21
2 23
2 24
2 26
2 29
2 33
2 35
2 36
2 38
2 39
3 0
3 1
3 3
3 5
3 7
3 9
3 11
3 13
3 14
3 16
3 17
3 19
3 21
3 22
3 24
3 26
3 28
3 30
3 31
3 34
3 37
4 2
4 4
4 6
4 8
4 10
4 12
4 23
4 25
4 35
4 37
4 39
5 7
5 9
5 11
5 13
5 22
5 24
5 26
5 31
5 34
5 38
6 8
6 10
6 12
6 14
6 23
6 25
6 39
7 1
7 4
7 11
7 13
7 15
7 19
7 24
7 26
7 28
7 38
8 0
8 5
8 16
8 20
8 25
8 27
8 29
8 33
8 37
9 1
9 6
9 8
9 10
9 17
9 19
9 21
9 24
9 26
9 28
9 30
9 32
9 34
10 0
10 7
10 9
10 11
10 13
10 18
10 25
10 27
10 29
10 31
10 33
10 37
11 10
11 12
11 14
11 17
11 19
11 21
11 26
11 28
11 30
11 39
12 0
12 11
12 13
12 18
12 20
12 22
12 27
12 29
13 17
13 19
13 26
13 28
13 30
14 16
14 18
14 20
14 22
14 32
15 11
15 13
15 15
15 17
15 19
15 21
15 23
15 33
15 35
15 37
16 4
16 6
16 8
16 10
16 12
16 14
16 16
16 18
16 20
16 24
16 26
16 28
16 34
16 36
17 0
17 5
17 7
17 11
17 13
17 15
17 17
17 19
17 25
17 27
17 29
17 33
17 35
17 37
18 10
18 12
18 24
18 26
18 28
19 1
19 13
19 25
19 27
20 5
20 7
20 14
20 19
20 21
20 24
20 26
20 28
20 33
20 35
20 38
21 4
21 6
21 29
21 39
22 3
22 5
22 7
22 30
23 6
23 8
23 12
23 14
23 16
23 22
23 24
23 26
23 31
23 33
24 7
24 9
24 11
24 13
24 15
24 23
24 25
24 27
24 32
24 37
25 3
25 8
25 10
25 16
25 24
25 26
25 36
26 2
26 4
26 9
26 19
26 25
26 27
27 3
27 5
27 13
27 24
27 26
28 2
28 6
28 12
28 14
28 16
28 23
28 25
28 30
28 32
28 38
29 1
29 3
29 5
29 13
29 15
29 17
29 24
29 29
29 31
29 39
30 0
30 2
30 14
30 16
30 18
30 20
30 25
30 28
30 30
30 32
30 35
31 4
31 10
31 17
31 19
31 21
31 29
31 34
31 36
32 5
32 7
32 9
32 11
32 16
32 18
32 20
32 22
32 28
32 30
32 35
32 37
33 6
33 8
33 10
33 12
33 15
33 17
33 23
33 29
33 34
33 36
33 38
34 2
34 7
34 9
34 11
34 16
34 35
34 37
35 3
35 8
35 10
35 12
35 17
35 29
35 36
36 2
36 4
36 9
36 16
36 18
36 28
36 37
37 3
37 5
37 15
37 17
37 22
37 29
37 38
38 18
38 28
39 0
39 7
39 12
39 14
39 22
39 27
39 32
4 14
4 15
4 17
4 18
5 18
4 20
5 20
4 32
4 33
5 1
5 0
6 0
5 3
5 5
5 15
5 16
5 28
5 29
6 29
5 36
6 2
6 3
6 5
6 6
6 16
6 17
7 17
6 21
6 32
6 33
6 36
6 37
7 6
7 7
8 7
7 9
8 9
7 21
7 22
7 30
7 31
8 31
7 35
8 35
8 2
8 3
8 12
9 12
8 14
8 22
8 23
9 3
9 4
9 14
9 15
9 38
9 39
10 2
10 4
10 5
10 15
10 16
10 22
10 23
10 35
11 2
11 3
12 3
11 6
11 8
11 23
11 24
11 32
11 34
11 35
12 5
12 6
12 8
12 9
12 16
12 15
12 24
12 25
12 32
12 33
12 38
12 37
13 37
13 1
13 2
13 10
14 10
13 12
14 12
13 15
13 14
14 14
13 35
13 34
14 34
13 39
14 0
14 2
14 3
14 5
15 5
14 8
14 7
15 7
14 24
14 25
15 25
14 27
15 27
14 29
15 29
14 38
14 39
15 0
15 1
15 31
16 2
17 2
16 31
16 32
16 38
16 39
17 22
17 23
18 3
18 4
19 4
18 6
19 6
18 8
19 8
18 16
18 18
19 18
18 21
18 20
19 20
18 31
18 32
19 32
18 34
19 34
18 36
18 38
18 39
19 39
19 15
19 16
19 22
19 23
19 29
19 30
20 30
19 36
19 37
20 0
21 0
20 3
20 2
21 2
20 9
20 11
20 12
20 17
21 8
21 9
21 13
22 13
21 15
22 15
21 17
21 18
21 20
21 22
21 23
22 23
21 25
22 25
21 27
21 31
21 32
22 32
21 34
22 34
21 36
21 37
22 11
22 10
23 10
22 20
22 21
22 27
22 28
22 38
23 1
23 2
24 2
23 4
23 18
23 29
23 35
23 36
23 38
23 39
24 0
25 0
24 4
24 5
24 17
24 18
24 21
24 20
25 20
24 29
24 30
25 30
24 34
25 34
25 5
25 6
25 12
25 14
25 22
25 38
25 39
26 39
26 6
26 7
26 12
26 11
27 11
26 14
26 15
27 15
26 17
27 17
26 21
26 22
26 29
27 29
26 32
26 31
27 31
26 37
27 1
27 0
28 0
27 7
27 8
27 33
27 34
27 37
27 36
28 36
28 10
28 18
28 19
29 19
28 21
29 21
28 28
28 27
29 7
29 8
29 10
29 11
29 26
29 27
29 33
29 34
29 37
30 37
30 6
31 6
30 8
30 9
30 11
30 12
31 12
30 22
30 23
31 23
31 24
32 24
31 26
31 27
31 38
31 39
32 39
32 0
32 2
32 3
32 13
32 14
32 32
33 0
33 1
33 3
33 4
33 19
33 21
33 26
33 27
34 27
33 31
33 32
34 4
34 5
34 13
34 14
34 18
34 19
34 21
34 22
34 24
34 25
35 25
35 0
35 1
35 5
35 6
35 14
35 15
35 20
35 22
35 23
35 31
35 33
35 34
35 38
35 39
36 6
36 7
36 11
36 13
37 13
36 20
36 21
36 24
37 24
36 26
36 30
36 31
36 35
37 35
37 0
37 1
37 7
37 8
37 10
37 11
37 26
37 27
37 32
37 33
38 2
39 2
38 4
38 9
38 16
38 20
38 25
38 31
38 30
38 34
39 34
38 39
39 39
39 4
39 5
39 9
39 10
39 16
39 17
39 19
39 20
39 24
39 25
39 29
39 30
38 36
38 37
39 36
39 37
