1 1
1 3
1 5
1 11
1 13
1 15
1 17
1 21
1 25
1 31
1 33
1 35
1 37
2 2
2 4
2 6
2 8
2 12
2 14
2 16
2 22
2 26
2 32
2 34
2 36
2 38
3 1
3 3
3 5
3 11
3 13
3 15
3 17
3 20
3 27
3 33
3 37
4 2
4 6
4 12
4 18
4 21
4 25
4 28
4 31
4 34
5 1
5 7
5 13
5 19
5 22
5 24
5 29
5 33
5 35
5 38
6 6
6 8
6 11
6 14
6 18
6 23
6 25
6 27
6 34
7 5
7 7
7 12
7 15
7 17
7 19
7 24
7 29
7 35
7 38
8 1
8 6
8 8
8 11
8 13
8 16
8 18
8 20
8 22
8 25
8 30
8 34
9 4
9 12
9 14
9 19
9 21
9 23
9 26
9 29
9 33
9 35
9 38
10 9
10 11
10 13
10 15
10 18
10 20
10 22
10 27
10 30
10 32
10 34
10 36
11 1
11 3
11 10
11 12
11 14
11 16
11 19
11 21
11 23
11 26
11 28
11 31
11 33
11 35
11 38
12 4
12 6
12 11
12 13
12 15
12 17
12 20
12 22
12 24
12 27
13 1
13 5
13 7
13 10
13 14
13 18
13 21
13 23
13 25
13 28
14 6
14 19
14 22
14 24
14 26
14 29
14 31
14 33
14 36
15 2
15 7
15 10
15 13
15 18
15 21
15 23
15 25
15 27
15 30
15 32
15 34
15 38
16 3
16 5
16 11
16 14
16 16
16 24
16 26
16 28
16 33
16 35
17 2
17 4
17 6
17 10
17 15
17 17
17 21
17 23
17 25
17 29
17 34
17 36
17 38
18 1
18 3
18 5
18 7
18 14
18 16
18 18
18 22
18 24
18 30
18 33
18 35
19 2
19 6
19 8
19 10
19 15
19 17
19 25
19 28
19 31
19 36
19 38
20 7
20 9
20 11
20 16
20 18
20 21
20 26
20 29
20 33
20 35
20 37
21 3
21 6
21 10
21 14
21 17
21 19
21 22
21 24
21 27
21 30
21 34
21 36
21 38
22 2
22 4
22 15
22 18
22 23
22 26
22 28
22 33
22 35
22 37
23 3
23 11
23 13
23 16
23 19
23 22
23 27
23 29
23 36
24 2
24 4
24 8
24 10
24 12
24 14
24 17
24 20
24 23
24 26
25 3
25 5
25 7
25 11
25 13
25 18
25 21
25 24
25 31
25 33
25 35
25 37
26 2
26 4
26 6
26 10
26 12
26 17
26 20
26 22
26 25
26 27
26 34
26 36
26 38
27 1
27 3
27 5
27 11
27 14
27 16
27 21
27 24
27 26
27 30
27 35
28 2
28 4
28 6
28 9
28 15
28 17
28 20
28 25
28 27
28 29
28 31
28 33
29 3
29 5
29 10
29 12
29 14
29 16
29 18
29 21
29 24
29 26
29 28
29 30
29 32
29 34
29 36
29 38
30 4
30 6
30 11
30 13
30 15
30 17
30 20
30 22
30 25
30 27
30 29
30 31
30 33
30 35
30 37
31 2
31 5
31 10
31 12
31 14
31 16
31 21
31 23
31 26
31 28
31 30
31 32
31 34
31 36
31 38
32 1
32 3
32 6
32 9
32 11
32 13
32 17
32 22
32 24
32 29
32 31
32 33
32 37
33 2
33 4
33 7
33 10
33 12
33 18
33 20
33 23
33 25
33 30
33 38
34 3
34 8
34 11
34 13
34 16
34 19
34 21
34 26
34 28
34 31
34 34
34 36
35 2
35 4
35 7
35 10
35 14
35 17
35 20
35 25
35 29
35 37
36 3
36 5
36 11
36 13
36 15
36 18
36 26
36 28
36 30
37 2
37 4
37 8
37 10
37 12
37 14
37 16
37 19
37 21
37 27
37 29
38 1
38 9
38 11
38 13
38 17
38 20
38 22
38 26
38 28
38 30
38 34
0 3
0 5
0 9
0 11
0 13
0 15
0 17
0 28
0 31
0 33
0 35
0 37
2 39
3 0
5 0
6 3
6 31
5 31
7 39
9 39
10 8
9 8
10 38
10 37
11 0
11 8
11 39
13 39
14 38
14 37
15 16
15 39
16 0
17 39
18 0
19 39
20 12
19 12
21 0
21 12
21 31
20 31
21 39
22 31
24 39
25 0
27 0
31 39
33 39
36 33
36 34
36 39
37 7
36 7
38 24
38 23
38 32
38 31
38 35
37 35
39 1
39 6
39 9
39 11
39 13
39 15
39 17
39 20
39 22
39 28
39 30
39 32
39 34
0 26
2 28
2 29
1 7
1 27
2 18
1 19
2 24
4 4
4 8
4 16
4 23
4 32
5 5
5 15
5 20
6 16
6 28
6 36
7 0
8 32
8 36
9 2
10 24
10 4
11 29
12 9
13 30
12 32
12 36
13 3
13 12
14 8
14 20
15 36
14 11
16 9
16 12
16 18
17 8
17 27
19 22
18 11
19 32
20 2
18 20
18 26
21 20
19 4
19 19
21 25
22 10
23 1
23 7
23 24
23 33
23 38
24 15
24 28
24 36
26 8
25 19
25 26
27 37
28 22
26 23
31 7
28 11
28 35
29 19
31 0
31 18
32 15
32 26
33 5
34 9
32 35
33 14
35 35
36 24
34 22
34 38
38 5
35 0
36 20
36 36
37 25
38 18
38 38
10 6
0 25
0 27
1 24
1 26
2 3
2 5
2 7
2 9
2 11
2 13
2 15
2 17
2 23
2 27
2 33
2 35
2 37
3 2
3 4
3 6
3 8
3 12
3 14
3 16
3 34
3 36
4 5
4 7
4 13
4 15
4 17
4 24
4 33
4 35
5 6
5 14
5 18
5 21
5 23
5 25
5 32
5 34
6 5
6 7
6 15
6 17
6 24
6 26
6 29
6 33
6 35
7 6
7 8
7 11
7 16
7 18
7 25
7 34
8 0
8 2
8 12
8 17
8 19
8 21
8 26
8 29
8 33
8 35
9 11
9 13
9 18
9 20
9 22
9 30
9 32
9 34
10 10
10 12
10 14
10 19
10 21
10 23
10 26
10 31
10 33
10 35
10 39
11 2
11 4
11 9
11 11
11 13
11 15
11 20
11 22
11 27
11 30
11 32
11 34
12 3
12 5
12 10
12 12
12 14
12 16
12 21
12 23
12 35
13 6
13 11
13 15
13 17
13 22
13 24
14 7
14 10
14 18
14 21
14 23
14 25
14 30
14 32
14 39
15 3
15 22
15 24
15 26
15 31
15 33
15 37
16 2
16 4
16 10
16 13
16 21
16 23
16 25
16 27
16 32
16 34
16 36
17 3
17 5
17 9
17 14
17 16
17 18
17 20
17 22
17 24
17 26
17 33
17 35
17 37
18 2
18 4
18 6
18 8
18 10
18 15
18 17
18 19
18 25
18 34
18 36
19 5
19 7
19 9
19 11
19 16
19 18
19 33
19 35
19 37
20 6
20 8
20 10
20 17
20 22
20 32
20 34
20 36
21 2
21 7
21 18
21 21
21 23
21 26
21 33
21 35
21 37
22 3
22 22
22 27
22 36
23 2
23 4
23 10
23 12
23 23
23 26
23 28
24 3
24 5
24 7
24 9
24 11
24 13
24 16
24 31
24 33
25 2
25 4
25 6
25 8
25 10
25 12
25 17
25 20
25 32
25 34
25 36
26 3
26 5
26 7
26 11
26 16
26 21
26 24
26 26
26 28
26 35
26 37
27 2
27 4
27 6
27 15
27 17
27 20
27 25
27 27
27 29
28 3
28 5
28 14
28 16
28 21
28 24
28 26
28 28
28 30
28 32
29 4
29 6
29 9
29 11
29 13
29 15
29 17
29 20
29 25
29 27
29 29
29 31
29 33
29 35
29 37
30 0
30 5
30 10
30 12
30 14
30 16
30 21
30 26
30 28
30 30
30 32
30 34
30 36
31 1
31 6
31 9
31 11
31 13
31 15
31 17
31 22
31 29
31 31
31 33
31 35
31 37
32 0
32 2
32 10
32 12
32 14
32 18
32 23
32 30
32 32
33 1
33 3
33 6
33 11
33 13
33 19
33 24
33 26
33 31
34 0
34 2
34 7
34 10
34 12
34 20
34 23
34 25
34 27
34 35
35 1
35 3
35 11
35 13
35 24
35 26
35 28
35 34
35 36
36 0
36 2
36 4
36 10
36 12
36 14
36 25
36 27
36 29
36 37
37 1
37 3
37 5
37 9
37 11
37 13
37 15
37 20
37 26
37 28
37 34
37 36
38 4
38 25
38 37
39 5
39 23
39 31
0 1
0 2
1 2
0 4
1 4
0 6
1 6
0 8
1 8
0 10
1 10
0 12
1 12
0 14
1 14
0 16
1 16
0 19
0 18
1 18
0 21
0 22
1 22
0 32
1 32
0 34
1 34
0 36
1 36
1 0
1 20
2 0
2 1
2 20
2 21
2 25
2 31
3 10
3 18
3 19
3 21
3 22
4 22
3 25
3 26
3 28
3 29
3 31
3 32
3 39
3 38
4 0
4 1
4 3
4 10
4 11
4 19
4 20
4 26
4 27
4 29
4 30
5 30
4 38
4 37
5 2
5 3
5 8
5 9
5 11
5 12
5 27
5 28
5 36
5 37
5 39
6 0
6 1
7 1
6 9
6 10
6 12
6 13
6 19
6 20
7 20
6 22
6 38
6 39
7 3
7 4
7 13
7 14
7 22
7 23
7 27
7 28
7 30
7 31
8 31
7 36
7 37
8 4
8 7
8 10
8 9
9 9
8 14
8 15
8 23
8 24
8 38
8 39
9 1
9 3
10 3
9 15
9 16
9 24
9 25
9 27
9 28
9 36
9 37
10 0
10 1
10 16
10 17
10 28
10 29
11 6
11 7
12 7
11 17
11 18
11 24
11 25
11 36
11 37
12 1
12 0
13 0
12 18
12 19
12 25
12 26
12 28
12 29
13 29
12 31
13 31
12 33
12 38
12 39
13 2
13 4
13 8
13 9
13 13
13 19
13 20
13 26
13 27
13 33
13 34
13 36
13 37
14 2
14 1
14 4
14 5
14 13
14 14
14 27
14 28
14 34
14 35
15 35
15 0
15 1
15 5
15 6
15 8
15 9
15 11
15 12
15 14
15 15
16 15
15 17
16 17
15 20
15 19
16 19
15 28
15 29
16 6
16 7
17 7
16 29
16 30
16 38
16 39
17 0
17 1
17 11
17 12
17 28
17 30
17 31
18 13
18 21
19 21
18 23
18 28
18 29
18 31
18 32
18 38
18 39
19 3
20 3
19 13
19 14
19 23
19 24
19 26
19 27
19 29
19 30
20 30
20 14
20 15
20 19
20 20
20 24
20 25
20 27
20 28
20 38
20 39
21 4
21 5
21 9
21 11
22 11
21 13
21 15
21 16
21 28
21 29
22 0
22 1
22 5
22 6
23 6
22 9
22 8
23 8
22 13
22 14
22 16
22 17
22 19
22 20
22 24
22 25
22 29
22 30
23 30
22 32
23 32
22 34
22 38
22 39
23 39
23 14
23 15
23 17
23 18
23 20
23 21
23 34
23 35
24 35
23 37
24 37
24 0
24 1
24 18
24 19
24 21
24 22
24 24
24 25
25 25
24 27
25 27
24 29
25 15
25 14
25 22
25 23
25 29
25 30
25 38
25 39
26 39
26 0
26 1
26 9
26 14
26 13
26 18
26 19
26 30
26 31
27 31
26 33
27 9
27 10
28 10
27 13
27 12
28 12
27 22
27 23
27 33
27 34
28 34
27 36
28 36
27 38
28 38
28 0
28 1
28 7
28 8
28 18
28 19
29 1
29 2
29 22
29 23
29 39
30 2
30 3
30 7
30 8
30 18
30 19
30 23
30 24
30 38
30 39
31 3
31 4
31 20
31 24
31 25
32 25
31 27
32 4
32 5
32 7
32 8
32 16
32 20
32 21
32 27
32 28
32 34
32 36
32 38
32 39
33 8
33 9
33 16
33 17
33 21
33 22
33 28
33 29
33 34
33 33
33 36
33 37
34 37
34 4
34 5
34 14
34 15
34 17
34 18
34 29
34 30
34 33
34 39
35 5
35 6
36 6
35 9
35 8
36 8
35 15
35 16
35 18
35 19
36 19
35 22
35 21
36 21
35 38
35 39
36 16
36 17
36 23
37 17
37 18
37 22
37 23
37 30
37 38
37 39
38 0
39 0
38 2
38 10
39 10
38 12
39 12
38 14
39 14
38 16
39 16
38 19
38 21
39 21
38 27
38 29
39 29
38 33
39 33
39 2
39 3
39 18
39 19
39 26
39 27
39 35
39 36
39 38
39 39
0 29
0 30
1 29
1 30
0 38
0 39
1 38
1 39
8 5
10 5
9 5
9 6
9 7
19 0
19 1
20 0
20 1
34 32
35 30
35 32
36 32
35 31
36 31
37 31
38 7
38 8
39 7
39 8
