1 4
1 6
1 11
1 16
1 18
1 23
1 25
1 27
1 31
1 34
1 36
1 38
2 5
2 7
2 10
2 12
2 15
2 24
2 28
2 30
2 32
2 35
2 37
3 1
3 3
3 6
3 9
3 27
3 29
3 33
3 36
3 38
4 2
4 4
4 10
4 14
4 20
4 24
4 28
4 30
4 32
4 34
5 1
5 3
5 5
5 11
5 13
5 15
5 17
5 25
5 27
5 29
5 31
5 33
5 35
5 38
6 2
6 6
6 10
6 12
6 14
6 16
6 18
6 20
6 23
6 26
6 28
6 30
6 32
6 36
7 1
7 5
7 11
7 13
7 15
7 17
7 21
7 24
7 27
7 29
7 31
7 33
7 37
8 6
8 9
8 14
8 16
8 22
8 25
8 28
8 32
8 34
8 38
9 10
9 20
9 29
9 31
9 35
9 37
10 5
10 7
10 9
10 11
10 14
10 19
10 21
10 28
10 30
10 32
10 34
10 36
11 4
11 8
11 10
11 12
11 15
11 18
11 20
11 22
11 31
11 33
11 35
11 37
12 1
12 9
12 11
12 13
12 16
12 19
12 21
12 23
12 28
12 30
12 32
12 34
12 36
12 38
13 7
13 10
13 12
13 14
13 17
13 20
13 22
13 24
13 27
13 31
13 33
13 37
14 1
14 4
14 6
14 8
14 11
14 15
14 21
14 23
14 25
14 32
14 34
14 36
15 2
15 5
15 7
15 9
15 20
15 26
15 30
15 35
15 37
16 1
16 3
16 6
16 8
16 10
16 14
16 27
16 29
16 31
17 2
17 4
17 9
17 21
17 23
17 25
17 28
17 30
17 34
17 37
18 3
18 5
18 10
18 13
18 22
18 24
18 26
18 35
18 38
19 2
19 4
19 6
19 8
19 11
19 14
19 19
19 21
19 23
19 25
19 27
19 30
19 36
20 3
20 5
20 7
20 10
20 12
20 15
20 18
20 22
20 28
20 31
20 33
20 35
20 37
21 2
21 4
21 6
21 11
21 16
21 19
21 21
21 29
21 32
21 34
21 36
21 38
22 1
22 3
22 10
22 12
22 14
22 17
22 20
22 22
22 28
22 33
22 37
23 2
23 6
23 8
23 11
23 13
23 18
23 21
23 23
23 25
23 27
23 30
23 34
23 36
23 38
24 1
24 5
24 7
24 12
24 17
24 22
24 26
24 35
25 6
25 8
25 11
25 13
25 16
25 30
25 34
26 1
26 7
26 9
26 14
26 17
26 23
26 25
26 29
26 35
27 2
27 6
27 8
27 10
27 13
27 15
27 18
27 20
27 22
27 24
27 26
27 30
27 33
28 1
28 7
28 9
28 14
28 17
28 19
28 21
28 23
28 25
28 27
28 31
28 34
28 36
29 6
29 8
29 10
29 13
29 24
29 26
29 28
29 30
29 35
30 5
30 7
30 9
30 11
30 14
30 23
30 25
30 27
30 29
30 31
30 34
30 38
31 4
31 6
31 8
31 10
31 15
31 17
31 19
31 21
31 24
31 26
31 28
31 30
32 1
32 3
32 11
32 14
32 20
32 22
32 25
32 29
33 2
33 12
33 17
33 19
33 21
33 23
33 26
33 28
33 30
34 1
34 4
34 8
34 10
34 13
34 16
34 20
34 22
34 27
34 31
34 33
34 37
35 11
35 26
35 32
35 34
35 38
36 1
36 4
36 8
36 10
36 12
36 14
36 16
36 20
36 25
36 27
36 30
36 33
37 2
37 5
37 7
37 9
37 11
37 13
37 17
37 21
37 24
37 26
37 28
37 31
37 38
38 1
38 3
38 6
38 8
38 12
38 18
38 20
38 23
38 29
38 33
38 37
0 9
0 11
0 18
0 23
0 25
0 27
0 29
0 31
0 36
0 38
1 0
1 39
3 0
3 39
4 21
5 0
6 8
7 0
8 39
10 0
10 6
9 6
11 6
12 0
12 39
13 1
13 2
14 0
16 0
16 17
16 32
15 32
17 18
17 32
18 0
20 0
21 25
20 25
22 0
23 24
22 24
24 24
24 38
25 32
25 31
26 37
26 36
28 0
28 39
29 1
29 2
30 0
32 0
33 6
32 6
33 33
33 34
33 37
33 36
33 38
34 0
34 6
35 1
35 2
35 39
36 0
37 33
37 32
37 34
38 0
39 1
39 3
39 6
39 8
39 10
39 12
39 15
39 18
39 20
39 29
0 7
4 6
4 7
11 24
11 25
18 15
19 38
19 39
30 32
31 32
1 8
1 13
1 19
3 15
4 18
7 19
8 1
8 4
8 11
8 26
8 18
10 16
10 38
11 27
12 3
13 5
13 18
13 29
15 23
15 28
14 13
14 38
17 6
16 38
17 11
18 31
18 33
19 9
19 16
19 32
21 8
21 23
21 27
21 30
22 15
23 32
23 9
23 19
24 14
25 18
25 4
25 21
26 19
26 27
27 11
27 16
29 15
27 35
28 32
30 3
30 12
29 18
30 36
32 9
32 31
33 24
34 14
34 18
34 29
35 5
35 13
35 17
35 19
35 24
35 36
36 6
36 22
37 15
38 25
38 4
38 14
38 16
39 38
38 31
38 30
9 25
10 26
15 18
14 17
38 35
39 34
15 11
15 12
16 12
27 4
27 3
26 3
31 34
31 35
32 35
0 0
0 1
0 4
0 6
0 8
0 10
0 39
1 5
1 7
1 10
1 15
2 6
2 11
2 23
2 25
2 27
2 29
2 31
2 36
3 2
3 10
3 12
3 24
3 26
3 28
3 30
3 32
3 37
4 3
4 9
4 11
4 13
4 15
4 19
4 25
4 27
4 29
4 31
4 33
5 2
5 4
5 10
5 12
5 14
5 16
5 18
5 26
5 28
5 30
5 32
5 34
6 3
6 5
6 11
6 13
6 15
6 17
6 19
6 27
6 29
6 31
6 33
6 35
7 4
7 6
7 14
7 16
7 18
7 28
7 30
7 32
7 34
7 36
8 15
8 17
8 27
8 29
8 31
8 33
8 35
8 37
9 9
9 11
9 14
9 16
9 26
9 28
9 30
9 32
9 34
9 36
10 4
10 8
10 10
10 15
10 20
10 25
10 27
10 29
10 31
10 33
10 35
10 37
11 3
11 5
11 9
11 11
11 19
11 21
11 28
11 30
11 32
11 34
11 36
12 2
12 10
12 12
12 20
12 22
12 27
12 29
12 31
12 33
12 35
12 37
13 0
13 6
13 11
13 13
13 19
13 21
13 23
13 28
13 32
13 34
13 36
14 5
14 7
14 12
14 18
14 20
14 35
14 37
15 6
15 8
15 17
15 19
15 29
15 36
16 2
16 9
16 11
16 23
16 28
16 30
16 37
17 3
17 10
17 22
17 24
17 29
17 31
17 33
17 38
18 2
18 4
18 6
18 21
18 23
18 25
18 30
18 34
18 39
19 3
19 5
19 7
19 10
19 15
19 18
19 20
19 22
19 31
19 33
19 35
20 2
20 4
20 6
20 11
20 19
20 21
20 32
20 34
20 36
21 3
21 5
21 7
21 10
21 12
21 20
21 22
21 28
21 31
21 33
21 35
21 37
22 2
22 4
22 6
22 11
22 13
22 16
22 21
22 23
22 25
22 27
22 32
22 34
22 36
22 38
23 3
23 5
23 7
23 10
23 12
23 17
23 20
23 22
23 26
23 33
23 35
24 2
24 4
24 6
24 11
24 13
24 16
24 21
24 34
25 1
25 5
25 7
25 12
25 17
25 29
26 2
26 4
26 6
26 8
26 13
26 18
26 24
26 28
27 5
27 7
27 9
27 12
27 14
27 17
27 19
27 21
27 23
27 25
27 27
27 29
27 36
28 6
28 8
28 13
28 18
28 20
28 22
28 24
28 26
28 28
28 30
28 33
28 35
28 37
29 0
29 5
29 7
29 9
29 14
29 23
29 25
29 27
29 29
29 34
29 36
30 2
30 4
30 6
30 8
30 10
30 13
30 15
30 24
30 26
30 28
30 30
30 35
31 3
31 9
31 14
31 16
31 18
31 20
31 25
31 27
31 29
31 31
32 2
32 15
32 17
32 19
32 21
32 26
32 28
32 30
32 34
32 36
33 16
33 18
33 20
33 22
33 25
33 27
33 29
34 5
34 7
34 9
34 15
34 17
34 19
34 21
34 26
34 28
34 34
34 36
35 0
35 4
35 8
35 10
35 14
35 16
35 20
35 22
35 25
35 27
35 33
35 37
36 5
36 7
36 9
36 11
36 13
36 15
36 17
36 19
36 21
36 24
36 26
37 6
37 8
37 10
37 12
37 14
37 16
37 18
37 20
37 25
37 27
38 32
38 34
38 38
39 0
39 33
39 35
39 37
39 39
0 13
0 12
1 12
0 16
0 17
1 17
0 19
0 20
1 20
0 22
1 22
0 24
1 24
0 26
1 26
0 28
1 28
0 30
1 30
0 32
0 34
0 35
1 35
0 37
1 37
1 2
1 3
1 32
1 33
2 0
2 1
2 3
2 4
2 9
2 8
2 13
2 14
3 14
2 16
2 18
2 19
2 21
2 33
2 34
2 38
2 39
3 4
3 5
4 5
3 7
3 8
3 16
3 17
4 17
3 20
3 21
3 34
3 35
4 0
4 1
4 23
4 35
4 36
4 38
4 39
5 39
5 6
5 7
6 7
5 20
5 21
5 23
5 24
5 36
5 37
6 0
6 1
6 9
6 21
6 22
6 24
6 25
6 37
6 38
7 2
7 9
7 10
8 10
7 12
7 20
7 22
7 23
7 25
7 26
7 38
7 39
8 0
8 2
8 3
9 3
8 5
9 5
8 8
8 7
9 7
8 12
8 13
8 20
8 21
8 23
8 24
9 24
9 0
9 1
9 19
9 18
10 18
9 21
9 22
9 38
9 39
10 12
10 13
10 22
10 23
11 23
11 0
11 1
11 7
11 13
11 14
11 16
11 17
11 38
11 39
12 4
13 4
12 7
12 8
12 14
12 15
12 17
12 18
12 24
12 25
13 8
13 9
13 15
13 16
14 16
13 25
13 26
13 30
13 38
13 39
14 2
14 3
14 9
14 10
15 10
14 14
14 22
14 24
14 26
14 27
15 27
14 30
14 31
15 31
14 33
15 0
15 1
15 3
15 4
15 14
15 15
16 15
15 22
15 21
15 24
15 25
15 33
15 34
15 38
15 39
16 4
16 5
17 5
16 7
16 13
16 21
16 20
16 25
16 26
16 34
16 35
17 0
17 1
17 7
17 8
17 13
17 14
18 14
17 17
17 20
17 19
18 19
17 26
17 27
17 35
17 36
18 8
18 9
18 11
18 12
18 16
18 17
18 27
18 28
18 36
18 37
19 37
19 0
19 1
19 12
19 13
19 24
19 26
19 28
19 29
20 8
20 9
20 13
20 14
20 16
20 17
20 23
20 24
20 26
20 27
20 29
20 30
20 38
20 39
21 39
21 0
21 1
21 14
21 15
21 17
21 18
22 8
22 9
22 18
22 19
22 30
22 29
23 1
23 0
24 0
23 14
23 15
23 29
23 28
23 31
23 37
23 39
24 39
24 8
24 9
24 18
24 19
24 23
24 25
24 27
24 28
24 30
24 31
24 37
24 36
25 9
25 10
25 14
25 15
25 20
26 20
25 23
25 22
26 22
25 25
25 26
26 26
25 33
25 35
25 36
26 0
26 10
26 11
26 15
26 16
26 30
26 31
26 33
26 34
27 34
26 38
27 0
27 1
27 31
27 32
27 38
27 39
28 2
28 3
28 10
28 11
28 15
28 16
29 11
29 12
29 17
30 17
29 19
30 19
29 21
29 31
29 32
29 38
29 39
30 39
30 21
30 22
30 33
31 33
30 37
31 0
31 1
31 5
31 7
31 11
31 12
31 22
31 23
31 37
31 38
32 5
32 4
32 7
32 8
33 8
32 10
32 12
32 13
32 23
32 24
32 38
32 39
33 0
33 1
33 4
33 3
33 10
33 11
33 13
33 14
33 31
33 32
34 32
34 2
34 3
34 11
34 12
35 12
34 23
34 24
34 30
34 38
34 39
35 30
35 31
35 35
36 2
36 3
36 28
36 29
36 31
36 32
36 34
36 35
36 38
36 39
37 39
37 0
37 1
37 3
37 4
37 23
37 22
37 29
37 30
37 37
37 36
38 36
38 2
39 2
38 5
38 7
39 7
38 9
39 9
38 11
39 11
38 13
38 17
38 19
39 19
38 22
38 21
39 21
38 24
38 26
39 26
38 28
39 28
39 4
39 5
39 13
39 14
39 16
39 17
39 23
39 24
39 30
39 31
