1 3
1 6
1 12
1 21
1 23
1 27
1 30
2 7
2 22
2 24
2 31
2 33
3 3
3 8
3 16
3 21
3 23
3 27
3 32
4 1
4 7
4 10
4 22
4 24
4 28
4 31
4 36
5 11
5 19
5 21
5 23
5 25
5 27
5 29
5 35
6 3
6 5
6 20
6 22
6 24
6 26
6 28
6 30
7 4
7 6
7 11
7 21
7 23
7 27
7 33
7 35
8 5
8 7
8 12
8 16
8 22
8 24
8 26
8 28
8 34
8 38
9 4
9 10
9 13
9 17
9 20
9 25
9 33
10 5
10 7
10 11
10 18
10 21
10 32
10 34
11 6
11 12
11 19
11 22
11 24
11 31
11 33
11 35
12 18
12 20
12 25
12 27
12 32
12 34
12 36
13 5
13 13
13 15
13 19
13 26
13 31
13 33
14 6
14 12
14 14
14 27
14 30
14 32
15 7
15 10
15 18
15 20
15 26
15 29
15 33
15 36
16 1
16 6
16 11
16 19
16 21
16 23
16 34
17 3
17 5
17 7
17 10
17 22
17 24
17 29
17 32
17 35
18 6
18 8
18 18
18 21
18 23
18 25
18 30
18 33
18 36
19 1
19 3
19 5
19 7
19 19
19 24
19 34
20 2
20 4
20 6
20 8
20 14
20 20
21 3
21 7
21 15
21 21
21 23
21 30
22 10
22 22
22 24
22 26
22 34
22 36
23 6
23 12
23 23
23 29
23 33
23 35
23 37
24 7
24 13
24 15
24 19
24 34
24 38
25 3
25 6
25 12
25 14
25 16
25 18
25 30
26 4
26 7
26 13
26 15
26 19
26 21
26 26
26 29
26 31
26 33
26 35
26 38
27 5
27 14
27 20
27 25
27 30
27 34
28 1
28 3
28 6
28 13
28 15
28 18
28 26
28 28
28 35
28 38
29 2
29 4
29 7
29 9
29 14
29 16
29 27
29 33
29 36
30 1
30 3
30 5
30 8
30 15
30 17
30 19
30 32
30 34
31 2
31 16
31 18
31 20
31 23
31 33
31 38
32 1
32 3
32 8
32 15
32 24
33 4
33 9
33 14
33 22
33 29
33 37
34 8
34 12
34 15
34 27
34 30
34 32
34 34
34 36
34 38
35 1
35 11
35 13
35 16
35 25
35 31
35 37
36 12
36 14
36 18
36 26
36 32
37 7
37 11
37 21
37 24
37 28
37 37
38 2
38 15
38 29
38 31
38 33
0 1
0 9
0 12
0 27
0 30
0 32
0 37
1 13
1 20
0 20
3 1
3 0
3 17
3 36
3 37
4 16
4 15
5 13
5 18
4 18
6 31
7 16
7 15
7 31
8 39
9 38
9 37
10 37
12 0
12 3
11 3
13 3
13 9
13 10
13 16
12 16
14 39
16 0
16 13
16 12
16 14
17 12
17 38
17 39
18 10
18 9
18 38
19 36
19 35
19 37
19 39
21 31
20 31
21 39
22 12
22 11
24 0
24 27
24 26
24 39
25 2
25 17
24 17
25 38
25 37
26 2
26 17
26 22
26 39
28 39
29 23
28 23
30 27
30 26
30 31
29 31
31 31
31 39
32 33
32 32
32 34
33 18
32 18
34 25
34 24
34 35
33 35
34 39
35 0
35 22
35 35
36 1
36 2
36 16
36 15
36 28
36 27
36 29
37 9
38 3
37 3
38 18
38 21
38 20
38 22
39 2
39 8
39 17
39 19
39 21
39 23
39 27
39 29
0 7
6 1
7 1
11 10
13 7
19 32
20 18
21 18
17 1
22 0
30 35
31 35
33 20
38 35
1 8
1 10
1 17
1 25
2 4
1 28
3 34
4 3
4 33
6 7
6 12
8 36
9 23
8 32
9 35
10 9
10 25
10 27
10 39
11 1
12 11
12 23
12 30
14 19
13 35
14 8
15 15
16 27
14 25
15 5
16 30
15 24
18 0
18 16
19 21
19 29
20 10
20 12
20 33
21 5
22 7
23 1
22 38
23 14
23 21
23 25
24 24
24 29
24 36
25 8
27 36
29 11
25 10
25 25
25 34
26 0
27 7
30 21
28 19
31 6
29 18
29 38
31 9
31 14
31 25
32 10
32 30
32 38
33 2
33 16
34 21
33 0
33 31
34 3
35 9
36 38
37 13
37 19
37 32
39 34
3 9
2 9
14 1
14 0
27 9
26 9
28 29
29 29
35 17
34 17
36 5
37 5
38 6
39 6
38 10
39 10
18 14
19 15
35 7
36 8
12 21
13 21
13 22
23 31
23 30
22 30
23 10
23 9
24 9
10 14
11 14
11 13
38 25
38 26
37 26
0 0
0 2
0 3
0 6
0 8
0 10
0 11
0 13
0 16
0 17
0 19
0 21
0 23
0 24
0 26
0 28
0 29
0 31
0 33
0 34
0 36
0 38
0 39
1 2
1 4
1 5
1 7
1 11
1 18
1 22
1 24
1 26
1 29
1 31
1 33
1 35
1 36
1 38
2 0
2 3
2 6
2 8
2 10
2 12
2 13
2 16
2 17
2 20
2 21
2 23
2 25
2 27
2 28
2 30
2 32
2 34
2 37
2 39
3 2
3 4
3 5
3 7
3 10
3 12
3 13
3 15
3 19
3 20
3 22
3 24
3 26
3 28
3 29
3 31
3 33
3 35
3 39
4 0
4 2
4 4
4 6
4 11
4 17
4 19
4 21
4 23
4 25
4 27
4 32
4 35
5 3
5 5
5 7
5 10
5 12
5 20
5 22
5 24
5 26
5 28
5 36
6 4
6 6
6 11
6 21
6 23
6 25
6 27
6 29
6 35
6 37
7 0
7 5
7 7
7 22
7 24
7 26
7 28
7 32
7 34
7 36
8 4
8 6
8 8
8 15
8 23
8 25
8 27
8 33
8 35
8 37
9 0
9 3
9 5
9 7
9 9
9 14
9 32
9 34
9 39
10 6
10 8
10 10
10 31
10 33
10 38
11 0
11 7
11 11
11 18
11 23
11 25
11 27
11 32
11 34
11 39
12 10
12 17
12 19
12 22
12 24
12 26
12 28
12 31
12 33
12 35
13 0
13 8
13 14
13 25
13 27
13 30
13 32
13 34
14 7
14 13
14 26
14 31
14 33
15 6
15 14
15 19
15 21
15 25
15 30
16 5
16 7
16 10
16 20
16 22
16 24
16 26
16 29
17 0
17 4
17 6
17 16
17 21
17 23
17 25
18 1
18 3
18 5
18 7
18 15
18 24
18 29
18 37
18 39
19 0
19 2
19 4
19 6
19 12
19 14
19 28
19 33
20 1
20 3
20 5
20 7
20 13
20 21
20 27
20 32
20 37
20 39
21 0
21 2
21 4
21 14
21 22
21 26
21 36
22 1
22 3
22 21
22 23
22 25
22 27
22 31
22 33
22 35
22 37
23 0
23 7
23 11
23 19
23 22
23 24
23 26
23 34
23 36
24 6
24 8
24 10
24 12
24 14
24 16
24 18
24 23
24 30
24 37
25 0
25 7
25 11
25 13
25 15
25 19
25 24
25 26
25 29
25 31
25 39
26 10
26 12
26 14
26 16
26 20
26 25
26 30
26 32
26 34
27 13
27 15
27 26
27 31
27 35
28 2
28 7
28 9
28 14
28 20
28 27
29 1
29 3
29 8
29 15
29 19
29 21
29 32
30 0
30 2
30 4
30 16
30 18
30 20
30 33
31 1
31 3
31 5
31 8
31 15
31 32
31 34
32 0
32 2
32 4
32 9
32 14
33 3
33 5
33 8
33 10
33 15
33 21
33 30
33 32
33 34
33 36
34 4
34 9
34 11
34 16
34 20
34 22
34 31
34 33
34 37
35 5
35 8
35 10
35 12
35 32
35 36
36 7
36 11
36 13
36 17
36 19
36 37
37 2
37 6
37 8
37 10
37 12
37 18
37 20
37 27
37 29
38 32
38 34
38 37
39 3
39 5
39 9
39 13
39 18
39 20
39 22
39 26
39 33
39 35
39 38
4 8
4 9
4 29
4 30
4 37
4 38
5 0
5 1
5 30
5 31
5 34
5 33
6 33
6 2
6 9
6 18
6 19
7 2
7 3
7 9
7 10
7 12
7 13
8 13
7 17
7 19
7 20
7 30
7 38
7 39
8 10
8 11
8 17
8 18
8 20
8 21
8 30
8 29
9 11
9 12
9 16
9 18
9 19
9 21
9 22
10 22
9 24
10 24
9 26
10 26
9 29
9 28
10 28
10 1
10 2
11 2
10 4
10 12
10 13
10 16
10 17
10 19
10 20
10 35
10 36
11 36
11 4
11 5
11 15
12 15
11 20
11 21
11 29
11 30
12 5
12 6
13 6
12 13
12 12
13 12
12 37
12 38
13 2
14 2
13 4
13 18
14 18
13 20
14 20
13 36
13 38
13 39
14 4
14 5
14 10
14 11
14 15
14 16
14 22
14 23
15 23
14 29
14 28
14 36
14 37
15 37
15 0
15 1
15 3
15 8
15 9
15 11
15 12
15 16
15 17
15 27
15 28
15 32
15 34
15 35
15 39
16 3
16 2
17 2
16 18
16 32
16 33
16 35
16 36
17 36
16 38
16 39
17 8
17 9
17 11
18 11
17 13
17 14
17 18
17 19
17 28
17 27
17 30
17 31
17 33
17 34
18 17
18 19
18 20
19 20
18 22
18 27
18 26
18 31
18 32
18 34
18 35
19 8
19 9
20 9
19 17
19 18
19 22
19 23
19 25
19 26
19 30
20 30
20 11
20 15
20 16
20 19
20 23
20 24
21 24
20 35
20 34
21 34
21 6
22 6
21 8
21 10
21 11
21 16
21 17
22 17
21 19
21 20
21 28
21 29
22 29
22 8
22 9
22 13
23 13
22 15
23 15
22 39
23 2
23 4
23 5
23 28
24 28
23 32
23 38
23 39
24 2
24 3
24 20
24 21
24 32
24 33
25 33
24 35
25 35
25 4
25 5
25 21
25 22
26 1
26 3
26 5
26 6
27 6
26 8
27 8
26 18
26 27
26 28
26 36
26 37
27 1
27 0
28 0
27 3
27 4
27 18
27 19
27 21
27 22
28 22
27 24
27 28
27 29
27 33
27 38
27 39
28 4
28 5
28 11
28 12
28 16
28 17
29 17
28 24
28 25
28 30
29 30
28 33
28 34
28 36
28 37
29 37
29 5
29 6
29 10
29 12
29 13
29 25
29 26
29 28
30 28
29 34
29 35
29 39
30 6
30 7
30 9
30 10
30 13
30 14
30 23
30 24
31 24
30 36
30 38
30 39
31 12
31 11
32 11
31 17
31 19
31 21
31 22
31 26
31 30
31 29
32 29
31 36
31 37
32 37
32 6
32 7
32 16
32 17
32 19
32 20
32 22
32 23
32 25
32 26
32 39
33 1
33 12
33 13
33 23
33 24
33 27
33 28
33 38
33 39
34 0
34 1
34 6
34 7
34 13
34 14
34 18
35 18
34 26
34 28
34 29
35 2
35 3
35 14
35 15
35 24
35 26
35 27
35 29
35 30
35 34
35 38
35 39
36 0
37 0
36 4
37 4
36 21
36 22
36 24
36 25
37 25
36 31
37 31
36 34
36 33
37 33
37 15
37 14
38 14
37 22
37 23
37 35
37 36
37 38
37 39
38 39
38 1
39 1
38 7
39 7
38 11
39 11
38 16
38 24
39 24
38 28
39 28
38 30
39 15
39 16
39 30
39 31
5 14
5 15
6 14
6 15
