1 8
1 11
1 13
1 17
1 19
1 21
1 23
1 25
1 27
1 29
1 33
1 35
1 37
2 4
2 7
2 9
2 12
2 14
2 18
2 20
2 22
2 24
2 36
2 38
3 5
3 8
3 13
3 17
3 19
3 23
3 25
3 27
3 29
3 37
4 6
4 9
4 11
4 20
4 22
4 28
4 38
5 1
5 12
5 21
5 23
5 32
5 34
5 36
6 2
6 11
6 20
6 22
6 28
6 33
6 35
6 37
7 1
7 5
7 7
7 12
7 14
7 16
7 23
7 27
7 29
7 32
7 34
7 36
8 4
8 15
8 24
8 33
9 1
9 3
9 12
9 16
9 19
9 23
9 25
9 30
9 32
10 20
10 24
10 31
10 38
11 7
11 10
11 12
11 15
11 17
11 32
12 1
12 6
12 8
12 13
12 16
12 21
12 23
12 25
12 28
12 30
12 33
12 35
12 37
13 2
13 7
13 9
13 14
13 18
13 20
13 22
13 24
13 29
13 34
13 38
14 1
14 3
14 5
14 19
14 21
14 23
14 28
14 30
14 33
14 35
15 2
15 4
15 6
15 20
15 22
15 29
15 31
15 34
16 1
16 3
16 5
16 7
16 9
16 11
16 23
16 27
16 30
16 32
16 35
17 2
17 4
17 6
17 8
17 10
17 16
17 19
17 28
17 31
17 34
17 36
18 1
18 3
18 7
18 15
18 18
18 20
18 29
18 37
19 19
19 21
19 27
20 3
20 7
20 14
20 18
20 20
20 25
20 30
20 33
20 36
21 6
21 13
21 19
21 21
21 23
21 29
21 37
22 2
22 7
22 12
22 20
22 22
22 24
22 27
22 30
22 38
23 3
23 6
23 13
23 16
23 19
23 23
23 25
23 28
23 31
23 33
24 4
24 7
24 10
24 12
24 14
24 17
24 24
24 29
24 34
24 38
25 5
25 8
25 11
25 13
25 15
25 18
25 22
25 25
25 28
25 30
25 33
25 35
25 37
26 6
26 9
26 16
26 23
26 29
26 34
26 36
26 38
27 1
27 4
27 7
27 10
27 15
27 17
27 24
27 27
27 33
27 35
27 37
28 2
28 5
28 11
28 16
28 25
28 36
28 38
29 1
29 3
29 6
29 17
29 27
29 32
30 5
30 14
30 21
30 24
30 28
30 33
31 6
31 20
31 22
31 32
31 34
32 1
32 3
32 5
32 7
32 9
32 21
32 23
32 27
32 29
32 31
32 33
32 35
32 38
33 2
33 4
33 8
33 10
33 14
33 16
33 19
33 22
33 24
33 26
33 28
33 30
33 34
33 36
34 3
34 5
34 7
34 9
34 11
34 13
34 15
34 17
34 23
34 25
34 27
34 29
34 37
35 8
35 16
35 18
35 21
35 24
35 28
35 30
35 33
35 36
36 2
36 9
36 19
36 25
36 27
36 29
36 31
36 34
37 1
37 3
37 5
37 7
37 10
37 32
37 35
37 37
38 2
38 4
38 6
38 8
38 11
38 13
38 24
38 27
38 36
38 38
0 5
0 8
0 13
0 15
0 17
0 19
0 21
0 23
0 25
0 27
0 29
0 31
0 33
1 31
1 30
2 39
3 30
4 39
5 0
7 0
8 19
8 18
8 20
8 39
9 0
9 7
8 7
9 36
8 36
10 36
10 39
12 0
12 5
11 5
13 39
14 0
15 16
16 24
17 24
18 14
17 14
18 25
19 33
19 34
19 39
20 0
21 9
20 9
22 9
22 39
23 0
23 38
23 37
24 39
26 39
27 0
27 32
28 12
27 12
28 39
29 0
29 7
28 7
29 12
29 19
29 18
30 10
30 9
30 11
30 13
30 17
30 25
29 25
30 38
29 38
31 12
32 0
32 39
34 12
33 12
34 38
33 38
34 39
35 12
35 38
36 13
36 39
37 0
38 14
37 14
38 22
38 21
38 39
39 6
39 8
39 11
39 13
39 15
39 20
39 22
39 24
39 38
4 13
4 14
13 12
14 12
13 26
14 26
21 35
24 2
25 2
27 22
28 22
30 35
30 36
35 22
36 22
37 33
38 33
38 29
39 29
0 38
1 3
3 1
3 15
3 35
4 4
4 18
4 26
4 33
5 3
5 5
5 8
5 19
5 29
5 38
6 24
6 4
6 15
7 10
7 21
7 30
8 11
8 28
9 10
10 1
9 14
10 16
11 20
10 13
10 22
11 24
10 26
10 33
11 27
11 34
11 38
12 3
12 10
12 31
14 37
14 14
15 10
16 33
17 26
17 17
17 38
18 5
18 9
18 22
18 35
18 30
19 4
19 8
19 29
21 31
20 5
20 38
21 11
22 32
22 14
22 36
23 8
23 21
23 26
23 35
29 29
25 0
27 8
28 14
28 26
29 4
30 1
30 3
31 8
31 14
31 24
32 11
31 28
33 32
34 31
35 6
35 14
36 36
36 17
37 30
39 1
38 9
38 25
1 1
0 1
10 3
10 4
13 16
13 15
19 11
19 10
36 20
37 20
38 17
38 16
36 15
7 8
8 9
37 18
38 19
19 15
19 16
20 16
25 19
24 19
24 20
27 19
27 18
26 18
0 0
0 2
0 4
0 6
0 7
0 9
0 11
0 12
0 14
0 16
0 18
0 20
0 22
0 24
0 26
0 28
0 30
0 32
0 34
0 35
0 37
0 39
1 2
1 4
1 7
1 12
1 14
1 16
1 18
1 20
1 22
1 24
1 26
1 28
1 32
1 34
1 36
2 3
2 8
2 13
2 15
2 17
2 19
2 21
2 23
2 25
2 27
2 33
2 35
2 37
3 2
3 4
3 9
3 14
3 16
3 18
3 20
3 22
3 24
3 26
3 28
4 3
4 5
4 10
4 19
4 21
4 23
4 27
5 2
5 6
5 9
5 11
5 20
5 22
5 28
5 31
5 33
5 35
5 39
6 3
6 5
6 10
6 12
6 16
6 19
6 21
6 23
6 32
6 34
6 36
6 38
7 2
7 4
7 9
7 11
7 13
7 15
7 20
7 22
7 24
7 28
7 31
7 33
7 39
8 3
8 8
8 12
8 14
8 16
8 23
8 25
8 27
8 32
9 9
9 11
9 13
9 20
9 22
9 24
9 26
9 31
10 10
10 12
10 32
11 6
11 16
11 33
12 2
12 7
12 20
12 22
12 24
12 29
12 32
12 34
12 36
13 3
13 8
13 10
13 19
13 21
13 23
13 28
13 33
13 35
13 37
14 2
14 4
14 20
14 22
14 29
14 34
14 36
15 3
15 5
15 14
15 21
15 30
15 35
16 2
16 4
16 6
16 8
16 10
16 12
16 22
16 26
16 31
16 34
16 36
17 1
17 3
17 5
17 7
17 9
17 11
17 13
17 15
17 18
17 25
17 35
17 37
18 2
18 4
18 6
18 8
18 10
18 19
18 31
18 34
19 3
19 7
19 14
19 18
19 20
19 22
19 30
20 4
20 6
20 8
20 13
20 19
20 21
20 29
21 5
21 7
21 12
21 20
21 22
21 30
21 36
22 6
22 8
22 13
22 16
22 19
22 21
22 23
22 31
22 35
22 37
23 2
23 7
23 12
23 20
23 24
23 27
23 32
23 34
23 39
24 0
24 11
24 13
24 28
24 33
24 35
24 37
25 12
25 14
25 29
25 34
25 36
26 15
26 19
26 30
26 35
26 37
27 9
27 16
27 20
27 34
27 36
28 8
28 10
28 15
28 27
28 35
29 5
29 9
29 11
29 26
29 28
29 31
29 39
30 4
30 32
31 3
31 5
31 9
31 11
31 13
31 21
31 25
31 31
31 33
32 2
32 4
32 6
32 8
32 10
32 14
32 22
32 24
32 26
32 28
32 30
32 32
32 34
33 3
33 5
33 7
33 9
33 11
33 13
33 15
33 23
33 25
33 27
33 29
33 31
33 35
33 39
34 4
34 6
34 8
34 10
34 14
34 16
34 24
34 26
34 28
34 30
34 36
35 9
35 11
35 13
35 15
35 17
35 25
35 27
35 29
35 39
36 10
36 18
36 26
36 28
36 30
37 2
37 4
37 6
37 11
37 13
37 19
37 27
37 29
37 36
38 3
38 18
38 26
39 2
39 14
39 19
39 21
39 25
39 30
39 39
1 9
1 10
1 38
1 39
2 0
2 1
2 5
2 6
2 10
2 11
2 29
2 30
3 6
3 7
3 11
3 12
4 12
3 32
4 32
3 34
4 34
3 36
3 38
3 39
4 0
4 1
4 7
4 8
4 17
5 17
4 25
4 29
4 30
4 36
4 37
5 37
5 13
5 14
6 14
5 24
5 25
6 0
6 1
6 7
6 8
6 27
6 26
7 26
6 29
6 30
7 6
7 17
7 18
7 35
7 37
8 37
8 0
8 1
8 6
8 5
8 30
8 29
9 29
8 35
8 34
9 2
10 2
9 4
9 5
9 15
10 15
9 18
9 17
10 17
9 33
9 34
9 38
9 39
10 0
10 7
10 8
10 19
10 21
11 21
10 23
11 23
10 25
11 25
10 27
10 28
11 28
10 30
10 35
11 35
10 37
11 37
11 0
11 1
11 3
11 4
11 8
11 9
12 9
11 11
11 13
11 14
11 19
11 18
11 30
11 31
11 39
12 11
12 12
12 14
12 15
12 18
12 17
13 17
12 26
12 27
12 38
12 39
13 0
13 1
13 5
13 6
13 13
14 13
13 25
13 30
13 31
14 6
14 7
15 7
14 9
15 9
14 11
15 11
14 15
14 16
14 18
14 25
14 24
14 27
14 31
14 32
15 1
15 0
16 0
15 18
15 19
15 23
15 24
15 27
15 28
15 32
15 33
16 16
16 17
16 19
16 20
16 28
16 29
17 20
17 21
18 21
17 23
18 23
17 27
17 29
17 30
17 32
17 33
17 39
18 0
18 12
19 12
18 16
18 17
18 27
18 28
19 28
18 36
18 38
18 39
19 0
19 1
19 25
19 26
19 32
19 36
19 37
20 37
20 2
20 10
20 11
20 15
20 17
20 23
20 24
20 26
20 27
20 31
20 32
20 34
20 35
20 39
21 0
21 2
21 3
21 14
21 15
21 17
21 18
21 24
21 25
21 27
21 28
21 33
22 33
21 38
21 39
22 0
22 1
22 3
22 4
22 11
22 10
23 10
22 25
22 26
22 28
22 29
23 4
23 5
23 14
23 15
23 17
23 18
24 18
23 22
23 29
23 30
24 3
24 5
24 6
24 8
24 9
24 15
24 16
24 22
24 23
24 25
24 26
24 30
24 31
25 1
25 3
25 4
25 6
25 7
25 9
25 10
25 16
25 17
26 17
25 20
25 21
25 23
25 24
25 26
25 27
25 31
25 32
25 38
25 39
26 0
26 1
26 4
26 5
26 7
26 8
26 10
26 11
27 11
26 13
26 21
26 22
26 24
26 25
26 27
26 28
26 32
26 33
27 2
27 3
27 5
27 6
28 6
27 13
27 14
27 23
27 25
27 26
27 28
27 29
27 38
27 39
28 0
28 1
28 3
28 4
28 17
28 18
28 21
28 23
28 24
29 24
28 29
28 30
28 32
28 33
28 37
29 2
30 2
29 13
29 14
29 16
29 21
29 20
30 20
29 33
29 34
30 34
29 36
29 37
30 0
30 6
30 7
31 7
30 16
30 15
31 15
30 18
30 22
30 23
31 23
30 27
31 27
30 30
30 29
31 29
31 0
31 1
31 18
31 19
31 35
31 36
31 38
31 39
32 16
32 17
32 19
32 20
32 36
32 37
33 37
33 0
33 1
33 17
33 18
33 20
33 21
33 33
34 1
34 2
34 18
34 19
34 21
34 22
34 33
34 34
35 0
35 2
35 3
36 3
35 5
36 5
35 7
35 19
35 20
35 23
35 31
35 32
35 34
35 35
36 35
35 37
36 37
36 0
36 1
36 7
36 8
36 16
36 21
37 21
36 23
36 24
36 32
36 33
37 8
37 9
37 15
37 16
37 24
37 25
37 31
37 34
37 38
37 39
38 1
38 0
39 0
38 5
38 7
39 7
38 10
38 12
39 12
38 23
39 23
38 28
38 31
38 32
39 32
38 34
38 35
38 37
39 4
39 5
39 9
39 10
39 16
39 17
39 27
39 28
39 36
39 37
14 38
14 39
15 38
15 39
