1 1
1 25
1 28
1 32
2 8
2 20
2 37
3 1
3 4
3 15
3 17
3 21
3 23
3 26
3 29
3 31
4 16
4 18
4 30
4 37
5 1
5 7
5 10
5 15
5 34
6 16
6 18
6 21
6 24
6 26
6 35
6 37
7 4
7 11
7 17
7 23
7 27
7 29
7 34
7 36
8 5
8 18
8 28
9 11
9 21
9 23
9 29
10 7
10 12
10 14
10 18
10 38
11 5
11 17
12 2
12 11
12 26
13 5
13 9
13 12
14 4
14 8
14 16
14 18
14 21
14 26
14 28
15 5
15 12
15 17
15 25
15 27
15 36
16 4
16 16
16 18
16 20
16 24
16 26
16 28
16 30
17 2
17 5
17 8
17 14
17 17
17 19
17 21
17 32
17 34
17 36
17 38
18 9
18 15
18 33
18 37
19 7
19 14
19 16
19 22
19 32
20 3
20 5
20 17
20 21
20 23
20 28
20 36
21 6
21 24
21 27
21 35
22 8
22 10
22 14
22 28
22 31
22 34
23 9
23 15
23 20
23 35
24 14
24 19
24 28
24 31
25 7
25 12
25 15
25 20
25 25
25 27
26 2
26 8
26 10
26 13
26 16
26 32
26 35
26 37
27 1
27 4
27 15
27 38
28 5
28 11
28 20
28 25
28 27
29 6
29 8
29 18
29 28
29 30
29 32
30 4
30 9
30 14
30 16
30 19
30 25
30 29
30 31
30 35
31 3
31 10
31 15
31 17
31 24
31 32
31 34
31 36
32 14
32 16
32 18
32 20
32 28
32 33
32 35
33 1
33 7
33 9
33 15
33 17
33 21
34 2
34 4
34 8
34 16
34 18
34 22
34 24
34 27
35 1
35 3
35 5
35 17
35 19
35 21
35 23
35 28
36 2
36 13
36 18
36 24
37 1
37 9
37 14
37 17
37 19
37 23
37 34
38 12
38 15
38 24
38 32
0 1
0 6
0 9
0 12
0 17
0 23
0 25
1 2
1 11
1 20
1 30
1 29
2 10
3 32
2 32
4 32
5 0
5 33
6 13
5 13
6 25
5 25
6 31
7 25
7 31
7 39
9 24
10 1
10 0
10 2
10 15
9 15
10 24
10 34
10 33
11 15
11 21
11 29
10 29
11 36
11 35
12 29
12 38
13 34
14 0
15 1
15 2
16 0
16 32
16 31
18 0
19 19
18 19
19 39
20 19
21 21
21 20
21 38
20 38
21 39
22 1
22 3
22 6
22 5
23 22
23 39
24 0
24 38
24 37
25 26
24 26
26 26
26 31
25 31
27 0
27 31
28 1
28 2
29 1
29 0
30 20
29 20
30 39
31 0
31 6
31 37
32 12
32 39
33 0
33 10
32 10
34 10
34 12
34 33
33 33
34 39
35 0
35 32
36 25
36 38
35 38
37 0
37 10
37 30
38 10
38 30
39 2
39 5
39 24
39 36
2 6
5 8
6 8
8 3
9 3
12 0
15 8
15 9
17 10
37 7
38 7
38 25
4 20
1 7
1 15
1 13
1 26
4 22
3 5
5 38
6 10
7 6
7 19
8 12
8 30
8 35
8 16
9 27
9 39
10 22
10 31
11 3
11 7
11 27
11 32
13 1
13 15
13 25
13 30
14 13
15 21
16 6
17 12
17 27
18 11
18 13
18 35
18 17
21 4
21 16
18 21
19 2
19 27
20 10
21 7
21 29
21 32
22 36
22 19
21 18
23 29
24 3
25 36
24 10
26 11
26 14
27 9
27 17
28 16
27 33
28 7
28 29
28 35
31 26
28 39
32 4
29 24
29 34
30 2
31 19
32 31
33 5
35 9
36 4
35 15
35 30
36 6
37 3
37 21
37 28
38 20
38 22
38 33
38 39
39 26
14 22
13 22
12 13
12 14
20 1
20 0
1 38
0 38
5 5
5 4
20 12
19 12
35 36
34 36
36 35
38 16
39 16
3 13
3 12
2 12
5 11
4 11
0 0
0 2
0 3
0 5
0 7
0 8
0 10
0 11
0 13
0 14
0 16
0 18
0 22
0 24
0 26
0 28
0 29
0 32
0 34
0 35
0 37
0 39
1 0
1 4
1 8
1 14
1 16
1 18
1 19
1 21
1 24
1 27
1 31
1 33
1 34
1 37
2 1
2 2
2 4
2 5
2 7
2 9
2 11
2 13
2 15
2 17
2 19
2 21
2 23
2 25
2 26
2 28
2 29
2 31
2 33
2 35
2 36
2 38
3 0
3 2
3 3
3 6
3 8
3 9
3 14
3 16
3 18
3 20
3 22
3 24
3 25
3 27
3 28
3 30
3 35
3 37
3 39
4 0
4 1
4 4
4 5
4 7
4 8
4 10
4 12
4 15
4 17
4 19
4 21
4 23
4 26
4 27
4 29
4 31
4 33
4 34
4 36
4 38
5 2
5 6
5 9
5 12
5 14
5 16
5 18
5 21
5 24
5 26
5 28
5 30
5 31
5 35
5 37
6 0
6 1
6 4
6 7
6 9
6 11
6 15
6 17
6 19
6 20
6 22
6 23
6 27
6 29
6 33
6 34
6 36
6 38
6 39
7 0
7 2
7 3
7 5
7 7
7 10
7 12
7 13
7 15
7 16
7 18
7 21
7 22
7 24
7 26
7 28
7 30
7 32
7 33
7 35
7 37
8 1
8 4
8 6
8 8
8 11
8 17
8 19
8 21
8 29
8 32
8 34
9 0
9 2
9 7
9 12
9 16
9 18
9 20
9 22
9 33
10 13
10 17
10 21
10 25
10 35
10 39
11 0
11 2
11 4
11 14
11 16
11 26
11 31
11 33
12 1
12 3
12 5
12 7
12 17
12 30
12 32
13 0
13 4
13 6
13 8
13 16
13 26
13 31
14 5
14 9
14 12
14 15
14 17
14 25
14 27
15 0
15 4
15 11
15 16
15 18
15 22
15 24
15 26
15 28
15 35
16 5
16 12
16 17
16 19
16 21
16 23
16 25
16 27
16 29
16 36
17 11
17 13
17 26
17 28
17 35
17 37
18 2
18 10
18 14
18 29
18 32
18 34
19 0
19 3
19 13
19 15
19 17
19 21
19 23
19 26
19 28
19 33
20 2
20 4
20 16
20 18
20 20
20 27
20 29
20 32
20 35
20 39
21 3
21 5
21 8
21 10
21 12
21 28
21 31
21 34
21 36
22 7
22 9
22 11
22 13
22 20
22 24
22 27
22 35
23 3
23 5
23 8
23 10
23 14
23 16
23 19
23 21
23 23
23 28
23 31
24 4
24 7
24 9
24 15
24 20
24 27
25 8
25 16
25 21
25 24
25 28
25 37
26 9
26 12
26 15
26 17
26 36
26 38
27 5
27 16
27 22
27 35
27 37
27 39
28 0
28 6
28 15
28 24
28 26
28 36
29 2
29 7
29 9
29 14
29 25
29 27
29 29
29 31
29 35
30 0
30 3
30 10
30 13
30 15
30 24
30 26
30 30
30 32
30 34
31 2
31 4
31 14
31 16
31 20
31 25
31 31
31 33
31 35
31 39
32 3
32 13
32 15
32 17
32 19
32 21
33 2
33 4
33 8
33 14
33 16
33 18
33 20
33 22
33 39
34 3
34 5
34 7
34 9
34 15
34 17
34 19
34 21
34 23
35 2
35 4
35 6
35 8
35 16
35 18
35 20
35 22
35 27
35 29
35 39
36 3
36 7
36 17
36 19
36 21
36 23
36 28
37 2
37 18
37 20
37 22
37 27
38 11
38 26
38 31
38 34
39 12
39 15
39 25
39 27
39 35
39 37
39 39
8 14
9 14
8 23
8 24
8 26
8 27
8 36
9 36
8 39
8 38
9 38
9 4
9 5
9 9
9 10
9 28
9 31
9 30
10 30
10 5
10 6
11 6
10 8
10 10
10 11
10 19
10 23
11 23
10 27
10 28
10 37
11 8
11 9
11 11
11 12
12 12
11 18
11 19
11 37
11 38
12 9
12 10
12 20
12 21
13 21
12 24
12 25
12 27
12 28
13 28
12 35
13 2
13 10
13 11
13 13
13 14
13 18
13 19
13 23
14 23
13 33
13 35
13 36
13 38
13 39
14 39
14 2
14 3
14 7
14 19
14 20
15 20
14 29
14 30
14 32
14 33
14 36
14 37
15 6
15 7
15 13
15 14
15 30
15 31
15 37
15 38
16 38
16 2
16 3
16 8
16 9
17 9
16 14
16 15
16 34
16 33
17 33
17 0
17 1
17 3
17 4
17 6
17 7
17 15
17 16
18 16
17 18
18 18
17 20
18 20
17 22
18 22
17 24
17 30
17 31
17 39
18 5
18 7
18 8
18 24
18 25
18 36
18 38
18 39
19 5
19 6
19 8
19 9
20 9
19 11
20 11
19 30
19 31
19 36
19 37
20 37
20 6
20 7
20 14
20 22
20 24
20 25
21 0
21 1
21 14
21 15
22 15
21 17
21 22
21 23
21 25
21 26
22 17
22 18
22 29
22 30
22 32
22 33
22 38
22 39
23 0
23 1
23 12
23 25
24 25
23 33
23 34
23 36
23 37
24 2
25 2
24 12
24 13
24 17
24 18
24 29
24 30
25 30
24 32
25 32
24 34
24 35
25 35
24 39
25 39
25 0
25 6
25 10
25 11
25 13
25 14
25 18
25 19
26 0
26 1
26 4
26 3
26 6
26 7
26 19
26 20
27 20
26 25
27 25
26 27
26 33
26 34
27 2
27 3
27 8
28 8
27 11
27 10
28 10
27 13
27 14
27 18
27 27
27 28
28 28
27 30
28 30
27 32
28 4
28 12
28 18
28 19
29 19
28 21
28 32
28 33
29 33
28 38
29 4
29 5
29 11
29 12
29 16
29 17
29 21
29 22
29 38
29 39
30 5
30 6
30 8
30 17
30 18
31 18
30 28
30 36
30 37
31 8
31 9
32 9
31 11
32 11
31 23
31 28
31 29
32 29
32 0
32 1
32 7
32 6
33 6
32 23
32 24
33 24
32 26
32 27
32 32
32 34
32 36
32 37
33 27
33 28
34 28
33 31
33 32
33 34
33 35
34 35
34 0
34 1
34 11
35 11
34 13
35 13
34 26
34 25
34 37
35 37
35 24
35 25
35 31
35 33
35 34
36 34
36 0
36 1
36 5
37 5
36 9
36 10
36 12
36 14
36 15
36 30
36 31
36 36
37 8
37 12
37 13
37 15
37 16
37 24
37 25
37 32
37 33
37 35
37 36
37 39
37 38
38 38
38 6
39 6
38 8
38 9
39 9
38 13
38 14
38 17
39 17
38 19
38 23
38 28
38 29
39 29
39 19
39 20
39 22
39 23
39 32
39 33
38 0
38 1
39 0
39 1
38 3
38 4
39 3
39 4
