1 2
1 5
1 8
1 13
1 18
1 23
1 25
1 30
1 32
1 34
2 1
2 3
2 12
2 17
2 19
2 24
2 29
2 31
2 33
2 35
2 38
3 2
3 4
3 8
3 16
3 22
3 25
3 30
3 32
3 34
3 36
4 3
4 5
4 7
4 9
4 12
4 26
4 29
4 31
4 33
4 35
4 37
5 4
5 13
5 20
5 25
5 27
5 30
5 32
5 34
6 3
6 10
6 14
6 26
6 31
6 33
6 38
7 7
7 9
7 16
7 23
7 25
7 30
7 32
7 34
7 37
8 2
8 4
8 8
8 17
8 20
8 22
8 24
8 26
8 29
8 31
8 38
9 1
9 3
9 11
9 16
9 18
9 21
9 23
9 25
9 27
9 30
10 2
10 4
10 10
10 15
10 26
10 29
10 37
11 1
11 3
11 5
11 11
11 14
11 21
11 23
11 25
11 30
11 33
11 35
12 2
12 4
12 6
12 9
12 15
12 22
12 24
12 29
12 31
13 3
13 7
13 14
13 17
13 23
13 25
13 28
13 32
14 4
14 6
14 10
14 13
14 18
14 22
14 24
14 29
14 31
15 11
15 14
15 17
15 19
15 21
15 23
15 25
15 28
15 32
15 35
16 9
16 13
16 18
16 20
16 22
16 33
17 3
17 7
17 10
17 17
17 19
17 26
17 28
18 4
18 6
18 9
18 11
18 13
18 18
18 22
18 25
18 29
18 32
18 35
19 3
19 14
19 19
19 21
19 23
19 30
19 33
20 6
20 15
20 17
20 20
20 22
20 24
20 29
20 31
21 1
21 7
21 9
21 11
21 13
21 16
21 18
21 21
21 23
21 28
21 30
21 32
22 2
22 6
22 8
22 10
22 14
22 17
22 19
22 25
22 27
22 29
22 31
22 33
22 35
22 37
23 1
23 3
23 9
23 15
23 18
23 20
23 26
23 30
23 36
23 38
24 2
24 10
24 13
24 19
24 22
24 25
24 27
24 29
24 37
25 3
25 8
25 12
25 14
25 16
25 26
25 28
25 31
25 33
25 35
25 38
26 6
26 13
26 15
26 36
27 5
27 7
27 12
27 14
27 16
27 22
27 25
27 28
27 31
27 37
28 1
28 3
28 6
28 8
28 10
28 13
28 15
28 17
28 23
28 29
28 32
28 36
28 38
29 2
29 4
29 7
29 9
29 14
29 19
29 21
29 24
29 27
29 30
29 37
30 1
30 3
30 5
30 8
30 10
30 12
30 22
30 29
30 31
30 33
31 2
31 6
31 9
31 13
31 25
31 30
31 32
32 1
32 7
32 18
32 24
32 26
32 29
32 31
32 33
32 35
33 2
33 5
33 8
33 12
33 25
33 27
33 30
33 32
33 36
33 38
34 4
34 6
34 11
34 19
34 21
34 24
34 26
34 33
35 7
35 12
35 16
35 20
35 25
35 28
35 32
35 34
36 8
36 15
36 21
36 33
37 2
37 6
37 9
37 12
37 17
37 20
37 22
37 24
37 28
37 32
37 34
37 38
38 1
38 3
38 5
38 7
38 18
38 21
38 23
38 25
38 27
38 29
38 33
38 35
0 8
0 11
0 16
0 18
0 20
0 23
0 28
0 30
0 32
0 34
0 37
1 22
2 39
5 0
7 0
7 14
7 13
9 0
9 12
8 12
10 38
9 38
9 39
11 0
11 38
11 39
13 34
13 33
13 35
13 38
13 39
14 0
14 9
13 9
15 1
15 37
15 36
16 3
16 2
16 4
16 38
16 39
17 16
18 16
18 39
19 0
21 39
23 22
23 21
23 23
23 39
24 6
25 19
25 20
25 39
26 0
28 33
28 39
30 16
30 17
30 39
31 18
31 19
32 0
32 17
33 9
32 9
33 14
33 13
33 17
33 39
34 9
34 18
34 38
35 18
36 14
35 14
36 38
37 14
38 4
37 4
38 9
38 8
38 10
38 15
38 30
37 30
38 36
37 36
39 3
39 5
39 7
39 9
39 11
39 14
39 18
39 21
39 23
39 30
39 35
24 0
31 21
1 10
1 36
2 5
2 14
2 26
3 23
3 10
3 18
4 1
4 14
5 6
5 37
6 29
6 12
7 3
7 11
7 18
7 21
7 27
8 34
8 6
9 19
9 28
8 36
9 5
12 10
10 17
11 16
11 19
12 13
12 20
12 26
13 1
13 19
14 15
14 26
15 7
15 12
15 30
16 11
16 24
17 14
17 23
16 35
18 27
17 5
17 8
18 2
20 4
20 38
20 10
20 27
20 33
21 5
21 3
21 36
22 12
23 7
22 4
23 11
23 32
23 16
23 34
24 15
25 1
25 23
26 8
26 17
26 29
26 34
26 38
27 20
27 35
29 25
29 28
29 32
30 14
30 24
30 20
30 35
31 4
31 11
31 27
31 38
32 3
32 22
33 23
35 2
33 28
35 5
35 10
35 22
35 30
36 25
36 31
36 35
37 0
38 13
38 19
1 6
0 6
4 38
3 38
5 18
6 19
4 17
5 16
11 36
12 36
12 37
20 25
19 25
19 26
20 35
19 35
19 34
26 10
25 10
25 9
0 0
0 2
0 3
0 5
0 7
0 9
0 10
0 12
0 13
0 15
0 17
0 19
0 21
0 22
0 24
0 25
0 27
0 29
0 31
0 33
0 35
0 36
0 38
1 1
1 3
1 7
1 9
1 12
1 17
1 19
1 24
1 29
1 31
1 33
1 35
2 0
2 2
2 6
2 8
2 13
2 16
2 18
2 20
2 25
2 28
2 30
2 32
2 34
3 1
3 3
3 5
3 7
3 9
3 12
3 17
3 19
3 21
3 24
3 26
3 29
3 31
3 33
3 35
4 0
4 2
4 4
4 6
4 8
4 13
4 16
4 20
4 25
4 30
4 32
4 34
5 3
5 5
5 12
5 14
5 17
5 19
5 24
5 26
5 31
5 33
5 38
6 0
6 11
6 13
6 18
6 23
6 25
6 27
6 30
6 32
6 34
6 37
6 39
7 6
7 8
7 10
7 17
7 22
7 24
7 26
7 29
7 31
7 38
8 3
8 5
8 7
8 9
8 11
8 13
8 16
8 21
8 23
8 25
8 30
8 39
9 2
9 4
9 8
9 10
9 15
9 17
9 20
9 22
9 24
9 26
9 29
9 34
10 3
10 14
10 16
10 21
10 23
10 25
10 30
10 33
10 39
11 2
11 4
11 15
11 20
11 22
11 24
11 29
11 34
11 37
12 3
12 5
12 11
12 14
12 21
12 23
12 25
12 28
12 30
12 35
12 39
13 2
13 4
13 6
13 10
13 13
13 18
13 20
13 22
13 24
13 29
13 31
13 37
14 3
14 5
14 7
14 14
14 17
14 19
14 21
14 23
14 25
14 28
14 30
15 2
15 4
15 6
15 13
15 18
15 20
15 22
15 24
15 29
16 12
16 14
16 19
16 21
16 23
16 28
16 36
17 2
17 4
17 6
17 9
17 11
17 13
17 18
17 20
17 22
17 27
17 35
18 0
18 3
18 5
18 10
18 12
18 19
18 21
18 26
18 28
19 2
19 4
19 6
19 20
19 22
19 29
20 3
20 5
20 7
20 16
20 21
20 23
20 26
20 28
20 30
20 34
21 2
21 6
21 8
21 10
21 12
21 17
21 22
21 27
21 29
21 31
21 33
21 35
22 1
22 3
22 5
22 7
22 9
22 11
22 18
22 26
22 28
22 30
22 32
22 34
22 36
23 0
23 2
23 4
23 6
23 10
23 17
23 19
23 25
23 27
23 29
23 37
24 1
24 3
24 16
24 26
24 28
25 0
25 4
25 13
25 15
25 27
25 32
25 34
26 5
26 9
26 12
26 14
26 16
26 20
26 28
26 31
26 35
27 6
27 8
27 13
27 15
27 17
27 36
28 2
28 7
28 9
28 14
28 16
28 35
28 37
29 1
29 3
29 8
29 10
29 20
29 26
29 29
29 33
30 2
30 4
30 9
30 11
30 19
30 21
30 25
30 30
30 32
30 34
31 3
31 14
31 17
31 22
31 24
31 26
31 29
31 31
31 33
31 35
32 2
32 23
32 25
32 30
32 32
32 34
32 36
33 11
33 24
33 26
33 29
33 31
33 33
33 35
34 5
34 10
34 20
34 25
34 30
34 32
34 34
34 39
35 1
35 4
35 11
35 15
35 19
35 21
35 29
35 31
35 33
36 0
36 2
36 12
36 20
36 22
36 28
36 32
36 34
37 1
37 3
37 5
37 13
37 21
37 23
37 25
37 27
37 29
37 31
37 33
37 35
38 0
38 26
38 28
38 32
38 38
39 4
39 8
39 10
39 15
39 27
39 29
39 31
39 39
1 4
2 4
1 14
1 15
1 26
1 27
1 38
1 39
2 10
2 11
2 22
2 23
2 36
2 37
3 37
3 14
3 15
3 39
4 39
4 11
4 10
4 23
4 22
4 27
4 28
4 36
5 7
6 7
5 10
5 9
6 9
5 21
5 22
5 28
5 29
5 35
5 36
6 2
7 2
6 4
7 4
6 16
6 15
7 15
6 20
7 20
7 33
7 36
7 35
8 35
8 0
8 1
8 18
8 19
8 27
8 28
8 33
8 32
8 37
9 37
9 31
9 32
10 0
10 1
10 5
10 6
10 9
10 11
10 12
10 19
10 18
11 18
10 28
10 27
10 35
10 36
11 6
11 7
11 9
11 10
11 12
11 13
11 26
11 27
11 31
11 32
12 1
12 0
13 0
12 7
12 8
13 8
12 17
12 16
12 32
12 33
13 15
13 16
13 26
13 27
14 11
14 12
14 32
14 33
14 35
14 36
14 39
15 0
16 0
15 9
15 10
16 10
15 15
15 16
15 27
15 26
15 31
15 33
15 34
16 34
15 38
15 39
16 7
16 8
16 16
16 17
16 26
16 25
17 25
16 31
16 32
17 29
17 30
17 32
17 33
17 38
17 39
18 7
18 8
18 14
18 15
19 15
18 17
18 23
18 24
19 24
18 30
18 31
18 33
18 34
18 37
18 36
19 36
19 9
20 9
19 11
20 11
19 13
19 17
19 18
19 31
19 32
20 32
19 38
19 39
20 39
20 1
20 0
21 0
20 13
20 14
20 18
20 19
20 37
21 37
21 14
21 15
21 19
21 20
21 25
21 24
22 13
22 15
22 16
22 20
22 21
22 23
22 24
22 38
22 39
23 8
23 13
23 14
24 14
23 31
23 33
24 33
23 35
24 8
24 9
24 12
24 11
25 11
24 18
24 20
24 21
24 23
24 24
24 31
24 30
24 35
24 36
24 38
24 39
25 2
25 6
25 7
26 7
25 17
25 18
25 22
26 22
25 24
25 25
25 29
25 30
25 36
25 37
26 37
26 2
26 3
26 25
26 26
26 33
26 39
27 1
27 0
28 0
27 3
27 4
27 10
27 11
27 19
27 21
27 23
27 24
27 26
27 27
27 29
27 30
27 32
27 33
27 38
27 39
28 4
28 5
28 11
28 12
28 19
28 18
28 21
28 22
28 24
28 25
28 27
28 28
28 30
28 31
29 31
29 5
29 6
29 12
29 13
30 13
29 15
30 15
29 17
29 18
29 22
29 23
30 23
29 36
29 38
29 39
30 0
30 6
30 7
30 27
30 28
30 36
30 37
31 37
31 0
31 1
31 5
31 7
31 8
32 8
31 10
32 10
31 12
31 39
32 5
32 6
32 12
32 13
32 15
32 19
32 21
33 21
32 27
32 28
32 38
32 39
33 0
33 1
33 4
33 3
33 6
33 7
33 15
33 16
34 16
33 18
33 19
33 37
34 2
34 3
34 7
34 8
35 8
34 12
34 13
35 13
34 22
34 23
34 28
34 27
34 37
34 36
35 6
35 17
35 24
36 24
35 27
35 26
36 26
35 35
35 36
36 6
36 7
36 9
36 10
36 17
36 16
36 37
37 37
36 39
37 39
37 7
37 8
37 10
37 11
37 15
37 16
37 18
37 19
38 2
38 6
39 6
38 12
38 17
39 17
38 20
38 22
39 22
38 24
38 34
39 1
39 2
39 12
39 13
39 19
39 20
39 24
39 25
39 33
39 34
39 36
39 37
