1 1
1 4
1 6
1 11
1 14
1 16
1 18
1 20
1 27
1 29
1 31
1 37
2 5
2 7
2 10
2 19
2 21
2 28
2 30
2 35
2 38
3 1
3 4
3 6
3 8
3 11
3 18
3 20
3 27
4 5
4 7
4 9
4 12
4 14
4 16
4 19
4 21
4 23
4 25
4 31
4 34
4 37
5 1
5 3
5 6
5 13
5 15
5 18
5 22
5 26
5 30
5 32
5 35
6 2
6 10
6 12
6 19
6 21
6 33
6 36
6 38
7 3
7 5
7 7
7 9
7 11
7 13
7 15
7 20
7 22
7 29
7 32
7 37
8 4
8 6
8 8
8 10
8 12
8 16
8 25
8 27
8 30
8 38
9 2
9 5
9 7
9 11
9 15
9 24
9 26
9 28
9 31
9 33
9 36
10 1
10 6
10 16
10 22
10 25
10 27
10 29
10 34
11 2
11 5
11 7
11 10
11 12
11 14
11 17
11 21
11 23
11 28
11 33
11 35
11 38
12 1
12 3
12 6
12 11
12 15
12 18
12 22
12 29
12 32
13 2
13 7
13 16
13 19
13 21
13 23
13 25
13 28
13 30
13 33
13 35
13 37
14 1
14 3
14 5
14 8
14 11
14 14
14 18
14 20
14 22
14 24
14 32
14 36
15 2
15 4
15 6
15 12
15 15
15 19
15 21
15 23
15 26
15 33
15 35
15 37
16 3
16 5
16 7
16 9
16 11
16 13
16 18
16 20
16 22
16 27
16 30
16 34
16 36
17 1
17 4
17 6
17 8
17 10
17 12
17 14
17 19
17 21
17 23
17 37
18 2
18 7
18 11
18 13
18 22
18 30
18 34
18 38
19 3
19 8
19 10
19 12
19 23
19 28
19 31
19 33
19 35
19 37
20 4
20 9
20 11
20 13
20 22
20 24
20 29
20 34
20 36
21 3
21 10
21 12
21 14
21 16
21 25
21 35
21 37
22 2
22 8
22 13
22 15
22 21
22 26
22 29
22 33
22 36
23 4
23 6
23 14
23 16
23 25
23 37
24 5
24 10
24 12
24 15
24 17
24 20
24 22
24 24
24 26
24 29
24 32
24 34
24 36
24 38
25 6
25 8
25 11
25 13
25 16
25 18
25 23
25 25
25 27
25 35
25 37
26 1
26 5
26 7
26 9
26 12
26 14
26 17
26 24
26 26
26 30
26 32
26 34
26 36
27 2
27 4
27 6
27 8
27 10
27 13
27 15
27 27
27 31
28 1
28 3
28 5
28 7
28 9
28 14
28 16
28 18
28 22
28 38
29 2
29 8
29 12
29 17
29 21
29 23
29 27
29 31
30 1
30 16
30 18
30 20
30 24
30 26
30 28
30 30
30 33
31 2
31 5
31 14
31 17
31 19
31 25
31 27
31 29
31 34
31 38
32 1
32 3
32 10
32 12
32 18
32 23
32 26
32 28
32 30
32 33
32 35
32 37
33 2
33 4
33 6
33 9
33 11
33 13
33 19
33 24
33 29
33 36
33 38
34 1
34 3
34 5
34 10
34 12
34 14
34 17
34 23
34 25
34 28
34 30
34 37
35 4
35 13
35 15
35 18
35 24
35 26
35 29
35 31
35 38
36 1
36 3
36 5
36 12
36 14
36 16
36 27
36 30
36 32
37 2
37 4
37 7
37 20
37 28
38 1
38 3
38 8
38 10
38 18
38 21
38 23
38 26
38 33
38 36
0 4
0 9
0 11
0 14
0 16
0 27
1 15
2 15
2 24
2 25
2 39
5 0
6 26
6 25
6 27
8 17
7 17
10 0
14 39
15 16
14 16
16 16
17 15
18 15
18 39
19 18
19 19
19 32
18 32
20 0
20 20
20 32
20 39
21 31
22 22
21 22
22 31
22 39
23 0
24 21
23 21
24 39
25 21
26 39
28 0
28 27
28 26
28 28
28 34
27 34
28 39
29 33
30 0
31 39
32 0
33 39
35 39
36 7
36 6
36 38
36 37
37 30
37 39
38 9
37 9
38 22
37 22
38 32
37 32
38 38
38 37
39 3
39 6
39 8
39 15
39 18
39 21
39 23
39 26
39 30
39 32
39 36
39 38
1 32
2 32
6 34
7 34
8 20
8 19
18 0
20 6
24 1
24 2
32 14
32 15
34 35
35 35
38 14
0 25
0 38
1 8
1 12
1 22
2 2
0 2
3 13
3 29
4 10
4 17
5 8
5 37
6 6
6 16
6 23
7 1
7 24
8 32
9 3
10 11
9 9
10 8
10 18
10 30
11 25
12 8
12 27
12 13
13 12
13 17
13 31
15 28
15 8
16 32
16 38
17 28
17 31
18 4
18 24
19 1
19 14
19 26
20 2
21 5
21 17
19 16
22 11
21 28
22 34
23 33
25 29
23 27
26 3
27 25
28 24
26 22
27 17
29 4
29 6
29 29
30 3
30 22
31 31
32 5
33 31
33 34
34 7
35 20
37 15
36 10
36 23
38 5
38 16
38 19
38 27
39 13
39 34
25 19
26 19
4 38
3 38
36 33
35 33
4 27
4 28
5 28
30 8
30 7
31 7
0 1
0 3
0 5
0 6
0 8
0 10
0 12
0 13
0 15
0 17
0 18
0 20
0 22
0 24
0 26
0 28
0 29
0 31
0 32
0 34
0 35
0 37
0 39
1 0
1 2
1 3
1 5
1 7
1 10
1 13
1 17
1 19
1 21
1 28
1 30
2 1
2 4
2 6
2 18
2 20
2 27
2 29
3 5
3 7
3 19
3 21
3 28
4 6
4 8
4 11
4 13
4 15
4 18
4 20
4 22
4 24
5 2
5 12
5 14
5 19
5 21
5 23
5 25
5 27
5 31
5 38
6 3
6 11
6 13
6 15
6 20
6 22
6 32
6 37
6 39
7 4
7 6
7 8
7 10
7 12
7 14
7 16
7 23
7 25
7 38
8 5
8 7
8 9
8 11
8 13
8 15
8 24
8 26
8 39
9 4
9 6
9 8
9 25
9 27
9 32
10 5
10 7
10 21
10 28
10 31
10 33
11 6
11 11
11 13
11 18
11 20
11 22
11 32
11 34
12 2
12 7
12 10
12 12
12 19
12 21
12 23
12 25
12 28
12 33
12 35
13 1
13 3
13 8
13 11
13 18
13 20
13 22
13 24
13 29
13 32
13 34
13 36
14 2
14 4
14 17
14 19
14 21
14 23
14 28
14 33
14 35
14 37
15 3
15 5
15 11
15 18
15 20
15 22
15 27
15 32
15 34
15 36
16 4
16 6
16 8
16 10
16 12
16 19
16 21
16 23
16 26
16 31
16 33
16 35
16 37
17 0
17 7
17 9
17 11
17 13
17 20
17 22
17 27
17 30
17 34
17 36
18 1
18 8
18 10
18 12
18 14
18 16
18 19
18 21
18 23
18 26
18 31
18 33
18 35
18 37
19 0
19 2
19 4
19 9
19 11
19 13
19 22
19 34
19 36
20 3
20 5
20 10
20 12
20 14
20 19
20 35
20 37
21 2
21 11
21 13
21 15
21 18
21 26
21 29
21 36
22 14
22 25
22 30
22 35
22 37
23 5
23 15
23 22
23 24
23 26
23 29
23 34
23 36
24 0
24 4
24 6
24 11
24 16
24 23
24 25
24 33
24 35
24 37
25 5
25 7
25 12
25 17
25 22
25 24
25 26
25 32
25 34
25 36
26 4
26 6
26 8
26 13
26 23
26 25
26 27
26 29
26 31
26 37
27 3
27 5
27 7
27 9
27 14
27 24
27 26
27 28
27 30
28 2
28 4
28 6
28 8
28 10
28 15
28 17
28 19
28 23
28 31
28 37
29 3
29 7
29 16
29 18
29 20
29 22
29 24
29 26
29 28
29 30
29 36
30 2
30 17
30 19
30 21
30 25
30 27
30 29
31 8
31 10
31 18
31 20
31 26
31 28
31 30
31 33
31 37
32 2
32 9
32 11
32 19
32 27
32 29
32 34
32 36
33 3
33 5
33 10
33 12
33 20
33 23
33 28
33 30
33 33
33 35
33 37
34 2
34 4
34 11
34 13
34 24
34 29
35 1
35 3
35 12
35 14
35 23
35 25
35 30
36 0
36 2
36 4
36 11
36 13
36 15
36 20
36 24
36 39
37 1
37 3
37 10
37 12
37 14
37 16
37 21
37 23
37 33
38 0
38 11
38 13
38 28
39 12
39 14
39 22
39 27
39 29
39 31
39 33
39 37
1 25
1 26
1 33
1 35
1 36
1 38
1 39
2 8
2 9
2 11
2 12
3 12
2 14
3 14
2 16
2 22
2 23
3 23
2 31
2 33
2 34
2 36
2 37
3 37
3 0
3 2
3 3
3 9
3 10
3 16
3 17
3 25
3 26
4 26
3 31
3 30
4 30
3 34
3 35
3 39
4 39
4 0
4 1
4 3
4 4
4 32
4 33
4 35
4 36
5 36
5 4
5 5
6 5
5 7
6 7
5 10
5 9
6 9
5 16
5 17
5 29
5 33
5 34
6 1
6 0
7 0
6 18
6 29
6 30
6 35
7 2
7 18
7 19
7 21
7 27
7 28
7 30
7 31
8 31
7 33
8 33
7 35
7 36
8 2
8 3
8 21
8 22
8 28
8 29
8 36
8 37
9 0
9 1
9 10
10 10
9 12
10 12
9 14
9 16
9 17
10 17
9 20
9 19
10 19
9 22
9 23
9 29
9 30
9 34
9 35
9 37
9 38
10 2
10 3
10 14
10 15
10 23
10 24
11 24
10 26
10 35
10 36
10 38
10 39
11 39
11 1
11 0
12 0
11 3
11 4
11 8
11 9
11 15
11 16
11 26
11 27
11 29
11 30
11 36
11 37
12 4
12 5
12 14
12 16
12 17
12 30
12 31
12 37
12 38
13 5
13 6
13 14
13 15
14 15
13 27
13 26
13 38
13 39
14 0
14 6
14 7
15 7
14 10
14 9
15 9
14 12
14 13
14 26
14 25
14 31
14 30
15 30
15 0
15 1
15 13
15 14
15 24
15 25
15 38
15 39
16 1
16 2
16 14
16 15
16 17
16 28
16 29
17 2
17 3
18 3
17 5
17 17
17 18
17 24
17 25
17 38
17 39
18 5
18 6
18 28
18 29
19 6
19 7
19 17
19 24
19 25
20 25
19 27
19 29
19 30
19 38
19 39
20 8
20 16
20 17
20 21
21 21
20 23
20 27
20 28
20 30
20 31
20 33
21 0
21 4
21 6
21 8
21 9
21 23
21 24
21 33
21 34
21 38
21 39
22 0
22 1
22 4
22 3
22 6
22 7
22 9
22 10
23 10
22 12
22 16
22 17
22 20
23 20
22 27
22 28
22 32
23 32
23 2
23 3
23 7
23 8
23 12
23 13
23 17
23 18
23 38
23 39
24 8
24 9
24 13
24 14
24 18
24 19
24 27
24 28
25 28
24 31
24 30
25 30
25 1
25 2
26 2
25 9
25 10
25 14
25 15
25 20
26 20
25 38
25 39
26 0
26 10
26 11
26 15
26 16
27 16
26 18
27 18
26 33
26 35
27 0
27 1
27 11
27 12
27 22
27 21
28 21
27 32
27 33
27 35
27 36
27 38
27 39
28 12
28 13
29 0
29 1
29 5
30 5
29 9
30 9
29 11
29 13
29 14
29 32
29 34
30 11
30 12
30 14
30 15
30 23
30 31
30 32
30 34
30 35
31 35
31 0
31 1
31 3
31 4
32 4
31 6
32 6
31 12
31 13
32 13
31 15
31 16
31 23
31 24
32 17
32 21
32 22
32 24
32 25
32 31
32 32
32 38
32 39
33 1
33 0
34 0
33 7
33 8
33 14
33 15
33 17
33 18
33 25
33 26
34 6
34 8
34 9
34 15
34 16
34 18
34 19
35 19
34 22
34 21
35 21
34 26
34 27
34 31
34 32
35 32
34 36
34 38
34 39
35 5
35 6
35 9
35 10
35 16
35 17
35 27
35 28
35 34
36 34
35 36
35 37
36 8
37 8
36 17
36 18
36 26
36 28
36 29
37 29
36 31
37 31
37 5
37 6
37 18
37 19
37 26
37 27
37 36
37 37
38 2
38 4
38 7
39 7
38 17
38 20
38 34
38 35
39 35
38 39
39 39
39 1
39 2
39 4
39 5
39 9
39 10
39 16
39 17
39 19
39 20
29 38
29 39
30 38
30 39
38 24
38 25
39 24
39 25
