1 11
1 15
1 18
1 21
1 23
1 33
1 36
2 10
2 16
2 22
2 24
2 27
2 29
2 34
2 37
3 3
3 6
3 9
3 11
3 14
3 23
3 25
3 28
3 35
3 38
4 10
4 12
4 15
4 22
4 24
4 26
4 29
4 33
5 1
5 7
5 11
5 13
5 16
5 18
5 21
5 23
5 27
5 32
5 34
6 3
6 6
6 12
6 14
6 19
6 31
6 33
7 4
7 10
7 13
7 15
7 20
7 30
8 3
8 5
8 11
8 14
8 27
8 29
8 31
8 33
9 6
9 12
9 19
9 22
9 28
9 30
9 32
9 34
10 3
10 5
10 13
10 17
10 20
10 23
10 29
10 31
10 33
11 4
11 8
11 11
11 18
11 32
12 2
12 9
12 12
12 16
12 23
12 25
12 33
12 37
13 1
13 8
13 17
13 22
13 24
13 26
13 32
14 2
14 5
14 7
14 25
14 33
14 35
14 37
15 8
15 10
15 18
15 20
15 22
15 24
15 26
15 31
15 34
15 38
16 9
16 11
16 15
16 19
16 21
16 27
16 32
17 2
17 8
17 10
17 12
17 14
17 18
17 33
18 1
18 7
18 9
18 11
18 13
18 24
18 27
18 31
18 34
18 36
18 38
19 10
19 14
19 17
19 29
19 32
19 35
19 37
20 11
20 13
20 30
20 34
20 36
20 38
21 7
21 27
21 29
21 35
21 37
22 8
22 15
22 17
22 22
22 28
22 30
22 34
22 38
23 7
23 9
23 14
23 16
23 23
23 26
23 29
24 1
24 4
24 13
24 15
24 30
24 35
25 2
25 9
25 26
25 29
25 36
26 1
26 3
26 5
26 10
26 16
26 27
26 32
26 35
26 37
27 2
27 4
27 6
27 8
27 11
27 26
27 28
27 33
27 36
28 3
28 5
28 7
28 17
28 29
28 34
28 37
29 2
29 4
29 6
29 14
29 16
29 18
29 30
29 35
29 38
30 1
30 5
30 15
30 17
30 19
30 21
30 23
30 28
30 31
30 36
31 10
31 18
31 20
31 24
31 32
32 1
32 4
32 25
32 28
32 31
32 38
33 8
33 26
33 29
33 33
34 7
34 10
34 12
34 21
34 27
34 30
34 34
34 36
34 38
35 2
35 6
35 11
35 13
35 17
35 20
35 23
35 28
35 33
35 37
36 1
36 10
36 12
36 25
36 27
36 38
37 3
37 16
37 26
37 32
37 34
38 6
38 15
38 17
38 19
38 23
38 27
38 35
38 37
0 5
0 8
0 11
0 23
0 30
0 33
0 38
1 4
1 39
2 3
2 2
3 39
5 0
5 35
4 35
6 37
7 16
6 16
7 37
8 16
8 36
8 38
8 39
9 36
9 38
10 37
10 39
11 0
12 20
13 0
13 18
13 30
13 39
15 29
15 39
16 0
16 29
16 28
18 0
18 29
18 28
18 39
19 1
19 2
19 5
19 4
19 19
20 3
20 32
20 31
21 5
21 4
21 19
22 11
21 11
22 18
22 21
21 21
22 32
23 11
23 18
23 21
24 0
24 5
23 5
24 12
25 12
26 0
26 14
26 19
27 21
26 21
27 22
27 39
28 22
29 12
29 11
29 39
30 8
31 34
31 33
32 0
32 12
31 12
32 15
32 39
33 15
34 0
34 23
34 22
34 24
34 31
33 31
34 39
35 3
34 3
35 14
35 16
35 31
36 0
38 1
37 1
38 5
37 5
38 12
37 12
38 22
37 22
39 1
39 4
39 12
39 15
39 21
39 23
39 27
1 19
2 19
3 4
4 4
9 0
9 8
12 29
13 13
13 15
15 2
15 3
24 32
27 9
28 9
35 8
36 8
38 31
1 6
1 25
1 28
2 12
3 16
1 13
3 21
3 36
3 30
5 9
4 6
4 31
6 1
6 8
7 22
6 26
7 34
9 10
10 1
10 9
10 27
11 6
11 22
11 30
11 26
11 34
13 10
13 28
11 38
14 12
12 7
12 35
14 16
14 27
15 36
16 23
16 34
19 7
19 23
17 16
17 20
21 25
22 24
19 27
19 33
22 36
22 6
23 27
25 4
25 33
25 38
27 30
28 27
29 24
28 25
29 33
30 3
30 29
30 38
31 16
31 22
32 7
32 17
32 21
32 36
36 21
37 28
33 35
36 33
37 18
38 8
38 25
39 32
38 38
3 1
3 0
17 3
18 3
17 22
18 22
23 38
23 39
37 10
37 9
2 17
3 18
7 24
7 25
8 25
13 4
12 4
12 5
32 5
31 5
31 6
35 29
36 29
36 30
11 13
11 14
12 14
9 14
9 15
10 15
24 23
24 24
25 24
0 0
0 3
0 4
0 6
0 7
0 9
0 10
0 12
0 13
0 15
0 16
0 18
0 19
0 21
0 22
0 24
0 25
0 27
0 29
0 31
0 32
0 34
0 36
0 37
0 39
1 1
1 2
1 7
1 10
1 12
1 14
1 16
1 17
1 20
1 22
1 24
1 27
1 29
1 31
1 32
1 34
1 35
1 37
2 0
2 4
2 6
2 9
2 11
2 14
2 15
2 18
2 20
2 21
2 23
2 25
2 26
2 28
2 30
2 33
2 35
2 36
2 38
2 39
3 2
3 5
3 7
3 8
3 10
3 12
3 13
3 15
3 17
3 22
3 24
3 26
3 27
3 29
3 37
4 5
4 7
4 9
4 11
4 16
4 21
4 23
4 25
4 30
4 32
4 36
5 6
5 8
5 12
5 22
5 24
5 26
5 31
5 33
6 0
6 7
6 13
6 25
6 30
6 32
7 1
7 3
7 14
7 29
7 31
7 33
7 36
8 0
8 2
8 4
8 10
8 15
8 22
8 24
8 28
8 30
8 32
8 34
9 1
9 3
9 5
9 9
9 23
9 29
9 31
9 33
9 37
9 39
10 0
10 4
10 6
10 8
10 14
10 28
10 30
10 32
11 5
11 7
11 23
11 27
11 29
11 31
11 33
11 37
12 8
12 13
12 15
12 22
12 24
12 26
12 28
12 32
12 34
12 36
13 2
13 5
13 7
13 9
13 12
13 16
13 23
13 25
13 27
13 29
13 33
13 35
13 37
14 6
14 8
14 13
14 22
14 24
14 26
14 34
14 36
15 7
15 9
15 19
15 21
15 23
15 25
15 37
16 8
16 10
16 12
16 16
16 18
16 20
16 22
16 26
17 7
17 9
17 11
17 13
17 15
17 19
17 34
17 36
18 2
18 10
18 12
18 14
18 23
18 35
18 37
19 11
19 13
19 20
19 24
19 28
19 34
19 36
20 2
20 4
20 7
20 14
20 25
20 27
20 29
20 33
20 35
20 37
21 6
21 8
21 15
21 20
21 24
21 28
21 34
21 36
21 38
22 7
22 9
22 14
22 16
22 23
22 29
22 33
22 39
23 6
23 8
23 10
23 15
23 28
23 30
24 9
24 14
24 29
24 31
24 36
25 5
25 25
25 30
25 32
25 35
25 37
26 2
26 4
26 6
26 20
26 26
26 36
27 3
27 5
27 7
27 12
27 27
27 37
28 2
28 4
28 6
28 30
29 1
29 3
29 5
29 15
29 17
29 31
29 34
30 2
30 6
30 14
30 16
30 18
30 20
30 22
30 24
30 27
30 30
31 13
31 15
31 17
31 19
31 21
31 31
32 6
32 18
32 20
32 37
33 7
33 12
33 19
33 34
33 36
34 2
34 6
34 11
34 20
34 26
34 33
34 35
34 37
35 5
35 10
35 12
35 27
35 30
36 9
36 20
36 26
36 28
37 0
37 4
37 15
37 19
37 21
37 25
37 27
37 33
37 35
38 7
38 18
38 32
38 34
38 36
38 39
39 0
39 8
39 11
39 22
39 31
39 33
39 35
3 33
3 34
4 34
4 0
4 1
4 3
4 13
4 14
4 18
4 19
4 27
4 28
4 39
4 38
5 3
5 2
6 2
5 10
5 14
5 15
6 15
5 17
5 19
5 20
5 28
5 29
5 37
5 38
6 4
6 5
6 10
6 11
6 17
6 18
6 20
6 21
7 21
6 23
7 23
6 27
7 27
6 34
6 35
6 39
7 5
7 6
7 8
7 9
7 11
7 12
7 18
7 19
7 38
7 39
8 6
8 7
9 7
8 12
8 13
9 13
8 17
8 19
8 20
8 26
9 11
9 17
9 18
9 20
9 21
9 26
9 27
9 35
10 2
10 11
10 12
11 12
10 16
10 18
10 19
10 21
10 22
10 24
10 25
11 25
10 34
10 35
11 2
11 3
12 3
11 9
11 10
11 16
11 17
11 19
11 20
11 39
12 0
12 1
12 10
12 11
12 17
12 18
12 38
12 39
13 21
13 20
14 20
13 31
14 3
14 4
14 10
14 11
15 11
14 15
14 18
14 17
15 17
14 31
14 32
14 38
14 39
15 5
15 15
15 14
16 14
15 27
15 28
15 30
15 32
15 33
16 33
15 35
16 35
16 2
16 3
16 5
16 6
16 24
16 30
16 31
17 0
17 1
17 4
18 4
17 17
17 21
18 21
17 24
17 25
17 27
17 28
17 31
17 32
18 6
19 6
18 8
18 17
18 18
19 18
18 25
18 26
19 26
18 30
18 32
18 33
19 0
20 0
19 8
19 9
19 15
19 16
19 30
19 31
19 38
19 39
20 39
20 9
20 10
21 10
20 12
20 16
20 17
20 23
20 22
21 22
21 12
21 13
21 17
21 18
21 26
21 30
21 31
22 31
22 3
22 4
23 4
22 26
22 27
22 35
22 37
23 37
23 12
23 13
23 17
23 19
23 20
24 20
23 22
24 22
23 24
23 25
23 35
23 34
24 2
24 3
25 3
24 7
24 17
24 16
24 26
24 27
24 33
24 34
24 38
24 39
25 0
25 1
25 7
25 8
25 10
25 11
26 11
25 13
26 13
25 16
25 15
26 15
25 18
25 23
25 27
25 28
26 8
26 9
26 18
26 17
26 22
26 23
26 28
26 29
27 29
26 31
26 33
26 34
26 38
26 39
27 1
27 0
28 0
27 10
27 17
27 16
28 16
27 24
27 25
27 31
27 32
27 34
27 35
28 8
28 10
28 11
28 14
28 13
29 13
28 18
28 19
29 19
28 21
29 21
28 23
29 23
28 26
28 28
28 32
28 33
28 35
28 36
28 38
28 39
29 7
29 8
29 25
29 26
29 28
29 29
29 36
29 37
30 37
30 0
30 4
31 4
30 10
30 11
31 11
30 32
30 33
30 35
30 39
31 0
31 1
31 9
31 8
32 8
31 23
31 25
31 26
31 28
31 29
31 35
31 36
31 38
31 39
32 2
32 3
32 10
32 23
32 24
32 26
32 27
32 29
32 30
33 30
32 33
32 32
33 32
33 0
33 1
33 5
33 4
34 4
33 10
33 9
33 14
33 21
33 22
33 24
33 25
33 27
33 28
33 38
33 39
34 8
34 9
34 13
34 14
34 28
34 29
35 0
35 1
35 7
35 18
35 19
35 21
35 22
35 25
35 24
35 32
36 32
35 34
36 34
35 36
35 38
35 39
36 39
36 3
36 2
37 2
36 7
36 6
37 6
36 11
37 11
36 14
36 13
37 13
36 16
36 17
37 17
36 24
36 23
37 23
36 36
36 37
37 30
37 31
37 37
37 38
38 3
38 9
38 10
38 14
38 16
38 20
38 24
39 24
38 26
39 26
39 2
39 3
39 5
39 6
39 13
39 14
39 16
39 17
39 19
39 20
39 37
39 38
14 0
14 1
15 0
15 1
16 38
16 39
17 38
17 39
22 0
22 1
23 0
23 1
33 16
33 17
34 16
34 17
38 28
38 29
39 28
39 29
