1 1
1 3
1 5
1 10
1 15
1 17
1 24
1 26
1 28
1 30
1 38
2 2
2 4
2 9
2 11
2 16
2 18
2 21
2 23
2 25
2 29
2 37
3 1
3 3
3 5
3 17
3 19
3 22
3 24
3 34
3 36
3 38
4 2
4 4
4 11
4 15
4 18
4 20
4 23
4 28
4 30
4 35
4 37
5 1
5 3
5 5
5 12
5 14
5 16
5 19
5 21
5 24
5 29
5 31
5 34
6 2
6 6
6 8
6 10
6 15
6 17
6 20
6 22
6 25
6 30
6 32
6 38
7 1
7 7
7 9
7 11
7 16
7 18
7 21
7 23
7 26
7 29
7 31
7 33
7 35
7 37
8 5
8 10
8 12
8 14
8 17
8 22
8 25
8 30
8 32
8 36
8 38
9 4
9 6
9 9
9 11
9 13
9 18
9 20
9 26
9 29
9 31
9 35
9 37
10 1
10 3
10 7
10 10
10 12
10 14
10 16
10 19
10 21
10 25
10 27
10 38
11 2
11 4
11 6
11 13
11 15
11 17
11 20
11 22
11 26
11 32
11 34
12 1
12 3
12 7
12 12
12 21
12 23
12 25
12 33
12 35
12 37
13 2
13 9
13 11
13 17
13 19
13 22
13 24
13 26
13 29
13 31
13 34
13 36
13 38
14 1
14 3
14 10
14 13
14 18
14 20
14 23
14 27
14 30
14 32
14 35
15 4
15 6
15 14
15 17
15 21
15 28
16 1
16 5
16 10
16 22
16 26
16 35
16 38
17 6
17 15
17 17
17 20
17 23
17 25
17 27
17 30
17 34
18 1
18 4
18 7
18 9
18 18
18 21
18 24
18 26
18 28
18 31
18 33
18 38
19 2
19 5
19 8
19 10
19 15
19 19
19 22
19 25
19 32
19 34
19 37
20 1
20 6
20 9
20 11
20 13
20 20
20 26
20 28
20 30
20 33
21 2
21 5
21 7
21 10
21 12
21 14
21 16
21 18
21 21
21 27
21 29
21 31
21 36
22 1
22 3
22 8
22 11
22 13
22 15
22 19
22 26
22 28
22 30
22 37
23 2
23 4
23 7
23 10
23 12
23 14
23 20
23 23
23 25
23 27
23 29
23 38
24 3
24 11
24 13
24 15
24 22
24 24
24 26
24 28
24 30
24 37
25 1
25 5
25 7
25 10
25 12
25 14
25 16
25 23
25 25
25 27
25 29
25 31
25 38
26 6
26 8
26 11
26 15
26 17
26 20
26 22
26 24
26 26
26 28
26 32
26 34
26 37
27 5
27 9
27 12
27 14
27 16
27 18
27 23
27 25
27 27
27 31
27 33
27 35
27 38
28 1
28 6
28 8
28 10
28 13
28 15
28 17
28 22
28 26
28 28
28 30
28 32
28 34
29 2
29 5
29 7
29 9
29 11
29 14
29 18
29 20
29 27
29 29
29 31
29 35
29 37
30 1
30 3
30 6
30 10
30 12
30 19
30 21
30 23
30 25
30 28
30 30
30 36
30 38
31 2
31 4
31 11
31 13
31 20
31 22
31 24
31 26
31 29
31 31
31 34
31 37
32 1
32 9
32 12
32 19
32 21
32 23
32 25
32 27
32 30
32 33
32 35
32 38
33 20
33 22
33 24
33 26
33 28
33 34
33 36
34 1
34 7
34 9
34 15
34 19
34 21
34 23
34 25
34 30
34 37
35 2
35 6
35 10
35 13
35 20
35 22
35 31
35 38
36 1
36 3
36 5
36 7
36 11
36 14
36 16
36 18
36 21
36 25
36 32
36 34
36 36
37 4
37 12
37 17
37 19
37 22
37 26
37 33
37 35
37 37
38 1
38 3
38 8
38 10
38 13
38 27
38 29
38 31
38 36
38 38
0 1
0 3
0 5
0 7
0 15
0 17
0 20
0 22
0 24
0 26
0 28
0 30
0 35
0 38
1 0
1 6
1 14
1 27
1 34
2 8
2 13
2 12
2 27
3 0
3 6
5 0
5 13
4 13
6 13
7 0
8 39
10 0
10 39
11 31
10 31
12 0
14 0
14 6
14 7
15 35
15 34
15 36
16 0
16 39
17 1
17 2
17 13
17 38
17 37
18 0
18 39
19 13
21 39
23 39
25 39
26 3
25 3
27 39
28 0
30 0
30 39
31 14
30 14
30 15
31 17
32 0
32 14
32 15
32 39
33 1
33 2
33 30
33 29
33 31
34 0
35 28
34 28
35 39
36 0
36 15
35 15
36 28
37 15
38 0
38 7
37 7
38 14
38 39
39 1
39 3
39 6
39 8
39 10
39 13
39 18
39 27
39 29
39 36
39 38
20 22
20 23
24 17
24 18
1 31
1 19
3 29
4 25
4 32
5 7
5 36
6 4
6 34
7 24
7 27
8 1
8 3
9 33
10 8
10 23
10 35
11 38
12 5
12 8
12 14
12 27
14 16
13 4
15 23
17 32
14 25
14 37
14 39
15 11
18 35
19 3
20 15
19 17
20 37
21 34
22 9
22 17
22 24
22 35
23 5
23 16
23 21
24 8
29 16
29 33
25 33
30 8
26 0
28 38
29 22
30 32
32 3
32 10
33 13
33 38
35 33
36 9
36 30
37 24
38 34
36 38
37 20
38 5
38 11
4 9
4 8
38 25
39 25
31 6
31 5
32 5
21 32
22 32
22 33
24 35
0 0
0 6
0 27
0 34
2 3
2 10
2 17
2 22
2 24
2 36
2 38
3 2
3 4
3 18
3 23
3 35
3 37
4 3
4 14
4 19
4 24
4 27
4 29
4 31
4 34
4 36
5 2
5 4
5 8
5 15
5 20
5 28
5 30
6 3
6 7
6 9
6 16
6 21
6 29
6 31
7 8
7 10
7 17
7 22
7 25
7 28
7 30
7 32
7 34
7 36
8 4
8 9
8 11
8 13
8 18
8 29
8 31
8 33
8 35
8 37
9 3
9 5
9 10
9 12
9 14
9 19
9 25
10 2
10 4
10 6
10 9
10 11
10 13
10 15
10 20
10 24
10 26
11 3
11 5
11 10
11 12
11 14
11 16
11 21
11 23
11 25
11 33
11 35
11 39
12 2
12 4
12 6
12 9
12 11
12 17
12 22
12 24
12 26
12 34
12 36
12 38
13 3
13 10
13 18
13 23
13 25
13 30
13 35
13 37
13 39
14 2
14 9
14 14
14 17
14 19
14 31
14 36
15 3
15 10
15 13
15 18
15 32
16 2
16 6
16 17
16 23
16 25
16 34
17 0
17 7
17 16
17 24
17 26
17 33
17 35
17 39
18 8
18 15
18 17
18 25
18 27
18 32
18 34
18 37
19 4
19 9
19 26
19 28
19 33
20 5
20 10
20 25
20 27
20 29
20 34
21 1
21 6
21 11
21 13
21 15
21 17
21 26
21 28
21 30
21 33
21 35
21 37
22 2
22 7
22 10
22 12
22 14
22 16
22 25
22 27
22 29
22 31
22 36
23 3
23 6
23 11
23 13
23 15
23 22
23 24
23 26
23 28
23 30
23 37
24 7
24 10
24 12
24 14
24 16
24 23
24 25
24 27
24 29
24 36
25 0
25 6
25 11
25 13
25 15
25 22
25 24
25 26
25 28
25 30
25 37
26 5
26 7
26 12
26 14
26 16
26 21
26 23
26 25
26 27
26 29
26 31
26 33
27 6
27 8
27 13
27 15
27 17
27 22
27 24
27 26
27 28
27 30
27 32
27 34
28 2
28 5
28 7
28 9
28 14
28 16
28 18
28 27
28 29
28 31
28 33
28 35
29 6
29 8
29 10
29 15
29 19
29 28
29 30
29 32
29 36
30 2
30 11
30 20
30 22
30 24
30 29
30 31
30 37
31 3
31 12
31 15
31 19
31 21
31 23
31 25
31 30
32 2
32 6
32 8
32 11
32 13
32 20
32 22
32 24
32 26
32 34
33 0
33 7
33 12
33 19
33 21
33 23
33 25
33 33
33 35
34 8
34 20
34 22
34 24
34 29
35 7
35 9
35 21
35 23
35 25
35 30
36 2
36 4
36 17
36 22
36 24
36 33
36 35
37 3
37 18
37 21
37 25
37 34
37 36
39 0
39 7
39 24
39 39
0 2
1 2
0 4
1 4
0 8
0 10
0 11
0 13
0 14
0 16
1 16
0 19
0 18
1 18
0 21
1 21
0 23
1 23
0 25
1 25
0 29
1 29
0 31
0 32
1 32
0 36
0 37
1 37
0 39
1 39
1 8
1 9
1 11
1 12
2 0
2 1
2 5
2 6
2 14
2 15
2 19
2 20
2 26
2 28
3 28
2 31
2 30
3 30
2 34
2 33
3 8
3 9
3 11
3 12
4 12
3 15
3 16
3 20
3 21
3 25
3 26
3 32
3 33
3 39
4 0
4 1
4 5
4 6
5 6
4 10
4 16
4 17
4 21
4 22
4 39
4 38
5 10
5 11
5 17
5 18
5 22
5 23
5 25
5 26
5 32
5 33
6 33
5 35
6 35
5 38
5 37
6 37
6 0
6 1
6 5
6 11
6 12
7 12
6 14
6 18
6 19
6 23
6 24
6 26
6 27
6 39
7 2
8 2
7 5
7 6
7 14
7 15
7 19
7 20
7 38
7 39
8 0
8 6
8 7
8 15
8 16
8 20
8 21
8 23
8 24
8 26
8 27
9 0
9 1
9 7
9 8
9 16
9 17
9 21
9 22
10 22
9 27
9 30
9 32
10 32
9 34
10 34
9 36
9 38
9 39
10 17
10 18
10 36
10 37
11 37
11 0
11 1
11 7
11 8
11 18
11 19
12 13
12 15
12 19
12 20
12 31
12 32
13 0
13 1
13 7
13 8
13 13
13 12
13 15
13 16
13 20
13 21
13 27
13 28
13 32
13 33
14 4
14 5
15 5
14 11
14 12
14 21
14 22
15 22
14 24
15 24
14 26
14 28
14 29
14 33
14 34
14 38
15 0
15 1
15 7
15 8
15 16
15 15
15 20
15 26
15 27
15 29
15 30
15 38
15 39
16 4
16 8
16 9
16 11
16 12
17 12
16 15
16 14
17 14
16 20
16 21
16 27
16 28
16 30
16 31
17 31
16 36
16 37
17 4
17 5
17 9
17 10
17 18
17 19
17 21
17 22
17 28
17 29
18 2
18 3
18 5
18 6
18 10
18 11
18 19
18 20
18 22
18 23
18 29
18 30
19 1
19 0
20 0
19 6
19 7
19 11
19 12
20 12
19 14
20 14
19 16
20 16
19 18
19 20
19 21
20 21
19 23
19 24
19 30
19 31
19 35
19 36
20 36
20 2
20 3
20 7
20 8
20 18
20 19
20 31
20 32
21 3
21 4
21 8
21 9
21 19
21 20
21 22
21 23
22 23
22 0
22 4
22 5
22 18
22 20
22 21
22 38
22 39
23 0
23 1
23 8
23 9
23 18
23 19
24 1
24 2
25 2
24 5
24 4
25 4
24 21
24 20
25 20
24 31
24 32
25 32
24 38
24 39
25 8
25 9
25 17
25 18
26 1
26 9
26 10
26 18
26 19
26 35
26 36
26 38
26 39
27 0
27 1
27 3
27 4
27 10
27 11
27 19
27 20
27 36
27 37
28 37
28 11
28 12
28 20
28 21
29 21
28 23
29 23
28 25
28 39
29 0
29 1
29 3
29 4
29 12
29 13
30 13
29 17
29 25
29 26
29 34
29 38
29 39
30 4
30 5
30 7
31 7
30 9
30 17
30 18
30 26
30 27
30 34
30 35
31 0
31 1
31 9
31 10
31 27
31 28
31 33
31 32
31 35
31 36
31 38
31 39
32 4
33 4
32 18
32 28
32 29
32 31
32 32
32 36
32 37
33 37
33 9
33 10
33 27
33 39
34 2
34 3
35 3
34 6
34 5
35 5
34 10
34 11
34 13
34 14
35 14
34 26
34 27
34 31
34 32
35 32
34 34
35 34
34 36
34 38
34 39
35 0
35 1
35 11
35 12
35 36
35 37
36 37
36 6
36 8
37 8
36 10
36 12
36 13
36 20
36 19
35 19
35 18
36 26
36 27
37 27
36 29
37 29
36 31
36 39
37 0
37 1
37 5
37 6
37 10
37 11
37 13
37 14
37 16
37 23
37 31
37 32
37 38
37 39
38 2
39 2
38 4
38 9
39 9
38 12
38 16
38 17
39 17
38 23
38 22
39 22
38 26
39 26
38 28
39 28
38 30
38 32
38 33
39 33
38 35
39 35
38 37
39 37
39 4
39 5
39 11
39 12
39 14
39 15
39 30
39 31
9 28
10 30
10 28
10 29
12 29
11 27
11 28
11 29
19 38
19 39
20 38
20 39
23 33
23 35
23 34
24 34
25 34
32 17
33 15
33 17
33 16
35 16
34 16
34 17
34 18
38 19
38 20
39 19
39 20
