1 6
1 8
1 10
1 17
1 22
1 25
1 27
1 29
1 34
1 38
2 1
2 14
2 16
2 30
2 35
3 2
3 8
3 10
3 13
3 15
3 17
3 22
3 25
3 27
3 31
4 1
4 9
4 14
4 18
4 23
4 26
4 28
4 30
4 35
5 2
5 5
5 10
5 12
5 19
5 22
5 24
5 27
5 29
5 31
5 36
5 38
6 1
6 3
6 6
6 8
6 13
6 15
6 17
6 21
6 23
6 25
6 30
6 35
7 9
7 12
7 18
7 22
7 24
7 26
7 31
7 34
7 38
8 21
8 23
8 25
8 27
8 29
8 32
9 3
9 6
9 8
9 12
9 15
9 28
9 30
9 33
10 2
10 7
10 9
10 13
10 29
10 31
10 37
11 3
11 8
11 16
11 18
11 20
11 23
11 25
11 27
11 30
11 32
11 34
11 36
11 38
12 7
12 9
12 17
12 19
12 21
12 24
12 26
12 28
12 31
12 33
12 35
13 2
13 4
13 6
13 8
13 10
13 13
13 16
13 18
13 23
13 25
13 27
13 29
13 32
13 36
13 38
14 5
14 7
14 9
14 11
14 15
14 17
14 19
14 24
14 28
14 37
15 2
15 4
15 8
15 10
15 16
15 18
15 20
15 27
15 29
15 31
15 36
15 38
16 1
16 5
16 7
16 9
16 13
16 15
16 17
16 19
16 22
16 28
16 30
16 32
16 35
16 37
17 2
17 4
17 6
17 10
17 12
17 14
17 16
17 24
17 27
17 29
17 31
17 33
17 36
18 3
18 7
18 9
18 11
18 13
18 15
18 28
18 32
18 34
18 37
19 2
19 4
19 8
19 12
19 14
19 16
19 19
19 21
19 25
19 27
19 31
19 33
19 35
20 1
20 9
20 13
20 15
20 20
20 24
20 26
20 28
20 30
20 32
20 34
20 36
21 2
21 4
21 7
21 14
21 16
21 18
21 21
21 23
21 25
21 27
21 29
21 33
21 37
22 1
22 3
22 5
22 8
22 15
22 17
22 19
22 22
22 24
22 26
22 28
22 30
22 36
22 38
23 2
23 6
23 9
23 11
23 16
23 23
23 25
23 29
23 37
24 1
24 5
24 7
24 10
24 12
24 15
24 19
24 24
24 26
24 28
24 36
24 38
25 2
25 4
25 8
25 11
25 20
25 23
25 27
25 32
25 35
25 37
26 1
26 3
26 5
26 7
26 9
26 15
26 28
26 33
26 36
26 38
27 2
27 4
27 6
27 8
27 14
27 16
27 21
27 23
27 35
27 37
28 3
28 5
28 7
28 9
28 15
28 17
28 20
28 24
28 27
28 30
28 32
28 38
29 2
29 4
29 6
29 8
29 10
29 12
29 14
29 16
29 18
29 21
29 23
29 25
29 28
29 31
29 33
30 3
30 7
30 9
30 11
30 13
30 15
30 19
30 22
30 26
30 30
30 32
31 2
31 6
31 8
31 10
31 12
31 14
31 23
31 25
31 27
31 33
32 1
32 7
32 9
32 11
32 13
32 15
32 20
32 22
32 28
33 2
33 6
33 8
33 10
33 12
33 14
33 17
33 21
33 27
33 29
33 32
33 34
33 36
34 1
34 9
34 11
34 13
34 18
34 20
34 22
34 26
34 28
34 30
34 33
35 2
35 8
35 10
35 12
35 19
35 21
35 25
35 31
35 37
36 1
36 3
36 9
36 11
36 13
36 16
36 18
36 20
36 34
37 2
37 4
37 10
37 12
37 15
37 19
37 21
37 28
38 1
38 3
38 16
38 18
38 23
38 26
38 34
0 3
0 6
0 8
0 10
0 17
0 22
0 25
0 27
0 29
0 32
0 34
0 36
0 38
1 1
1 0
1 2
1 5
1 33
1 37
1 39
2 5
2 33
2 37
3 35
3 34
3 36
3 38
3 39
4 0
5 39
6 0
6 14
5 14
7 14
7 19
6 19
7 39
8 12
8 11
8 13
8 19
8 38
8 37
9 21
9 20
9 39
11 39
13 39
15 39
16 0
18 0
19 39
20 0
22 0
22 39
23 33
22 33
24 0
24 32
24 31
24 39
25 15
25 14
25 16
26 0
26 11
26 10
26 39
30 0
30 38
32 0
33 5
34 0
34 5
34 23
34 39
35 23
35 36
34 36
36 0
36 25
36 24
36 26
36 31
36 30
36 36
36 39
37 5
37 23
37 22
37 37
38 0
38 7
38 31
38 36
38 35
38 39
39 1
39 3
39 6
39 8
39 14
39 16
39 18
39 26
39 34
39 36
39 38
0 12
7 1
14 32
14 33
26 17
36 7
38 13
1 11
1 19
1 23
3 6
1 31
4 3
2 3
4 16
6 32
7 6
7 16
7 36
9 24
8 0
9 4
9 26
11 1
9 10
11 12
10 15
10 19
10 33
11 4
12 11
12 3
12 22
13 14
14 13
13 34
14 21
17 18
17 38
14 35
16 26
18 17
18 22
20 5
20 11
20 38
21 9
22 20
23 35
24 17
25 21
25 25
26 19
26 24
26 30
26 34
27 18
27 33
28 1
28 36
29 29
30 17
31 4
30 20
30 28
31 16
31 19
31 31
32 30
32 33
35 4
33 25
35 14
35 27
35 29
38 9
37 8
38 20
38 29
38 27
39 12
31 35
31 36
35 33
35 32
38 24
39 24
8 17
9 17
0 0
0 2
0 11
0 13
0 33
0 37
0 39
1 12
1 14
2 2
2 6
2 8
2 13
2 15
2 17
2 19
2 25
2 27
2 29
2 34
2 36
3 7
3 9
3 14
3 16
3 18
3 26
3 28
3 30
4 2
4 10
4 19
4 22
4 27
4 29
4 31
4 36
5 11
5 23
5 28
5 30
5 32
5 35
5 37
6 12
6 16
6 22
6 24
6 31
6 34
6 36
7 0
7 13
7 17
7 21
7 23
7 25
7 37
8 1
8 6
8 20
8 24
8 26
8 28
8 39
9 0
9 2
9 5
9 7
9 11
9 29
9 37
10 1
10 6
10 8
10 10
10 12
10 20
10 30
10 36
11 0
11 5
11 7
11 9
11 11
11 15
11 17
11 19
11 24
11 26
11 31
11 33
11 35
11 37
12 4
12 6
12 8
12 10
12 16
12 18
12 20
12 23
12 25
12 27
12 32
12 34
12 36
13 1
13 3
13 5
13 7
13 9
13 15
13 17
13 19
13 24
13 26
13 28
13 33
13 35
13 37
14 2
14 4
14 6
14 8
14 10
14 14
14 16
14 18
14 20
14 23
14 25
14 27
14 29
14 36
15 3
15 5
15 7
15 9
15 11
15 13
15 15
15 17
15 19
15 26
15 28
15 30
15 35
15 37
16 2
16 4
16 6
16 8
16 10
16 12
16 14
16 16
16 18
16 27
16 29
16 31
16 36
17 3
17 5
17 7
17 9
17 11
17 13
17 15
17 17
17 28
17 30
17 32
17 37
18 2
18 4
18 6
18 8
18 10
18 12
18 14
18 16
18 21
18 27
18 29
18 31
18 33
19 3
19 5
19 9
19 11
19 13
19 15
19 20
19 22
19 26
19 28
19 30
19 32
19 34
20 2
20 4
20 14
20 16
20 21
20 23
20 25
20 27
20 29
20 31
20 33
20 35
21 3
21 15
21 17
21 22
21 24
21 26
21 28
21 30
21 36
22 2
22 4
22 9
22 11
22 16
22 18
22 21
22 23
22 25
22 27
22 29
22 37
23 3
23 5
23 10
23 12
23 15
23 17
23 22
23 24
23 26
23 28
23 36
24 2
24 4
24 6
24 11
24 16
24 18
24 23
24 25
24 27
24 29
24 35
24 37
25 3
25 5
25 7
25 19
25 22
25 24
25 28
25 36
26 2
26 4
26 6
26 8
26 14
26 16
26 18
26 23
26 29
26 35
26 37
27 3
27 5
27 7
27 13
27 15
27 17
27 22
27 30
27 34
27 36
28 2
28 4
28 6
28 8
28 12
28 14
28 16
28 21
28 23
28 31
28 33
28 35
29 3
29 5
29 7
29 9
29 11
29 13
29 15
29 17
29 22
29 24
29 30
29 32
29 34
30 2
30 4
30 6
30 8
30 10
30 12
30 14
30 16
30 21
30 23
30 25
30 29
30 31
30 33
31 3
31 7
31 9
31 11
31 13
31 15
31 20
31 22
31 24
31 26
31 28
31 30
32 2
32 8
32 10
32 12
32 14
32 19
32 21
32 25
32 27
32 29
33 3
33 7
33 9
33 11
33 13
33 18
33 20
33 26
33 28
33 33
34 2
34 4
34 8
34 10
34 12
34 17
34 19
34 21
34 25
34 27
34 29
35 3
35 9
35 11
35 13
35 16
35 18
35 20
35 24
35 26
35 30
36 2
36 8
36 10
36 12
36 17
36 19
36 37
37 3
37 7
37 9
37 11
37 16
37 18
37 20
37 24
37 39
38 10
38 12
39 0
39 7
39 9
39 11
39 13
39 23
39 35
39 39
0 4
0 5
0 7
1 7
0 9
1 9
0 15
0 16
1 16
0 18
1 18
0 23
0 24
1 24
0 26
1 26
0 28
1 28
0 31
0 30
1 30
0 35
1 35
2 0
2 4
2 10
2 11
2 22
2 23
2 31
2 32
3 32
2 38
2 39
3 0
3 1
3 3
3 4
3 11
3 12
3 20
3 21
3 23
3 24
4 5
4 6
5 6
4 8
4 12
4 13
5 13
4 15
5 15
4 17
4 24
4 25
4 33
4 34
4 38
4 39
5 0
5 1
5 3
5 4
5 8
5 9
5 17
5 18
6 18
5 21
5 20
6 20
5 25
5 26
6 2
6 4
6 5
7 5
6 7
6 9
6 10
6 26
6 27
7 27
6 29
6 38
6 39
7 2
7 3
7 7
7 8
7 10
7 11
7 15
8 15
7 29
7 30
7 32
7 33
8 3
8 4
8 8
8 9
9 9
8 22
8 30
8 31
9 13
9 14
10 14
9 16
10 16
9 22
9 23
10 23
9 25
10 25
9 27
9 31
9 32
10 32
10 3
10 4
10 27
10 28
10 38
10 39
11 2
12 2
11 13
11 21
11 22
11 28
11 29
12 13
12 14
12 29
12 30
12 38
12 39
13 11
13 12
14 12
13 21
13 22
13 30
13 31
14 31
14 0
14 38
14 39
15 0
15 1
15 22
15 21
15 24
15 32
15 33
16 20
16 21
16 24
16 23
16 33
16 34
16 38
16 39
17 0
17 1
17 19
18 19
17 22
17 23
17 26
17 25
17 34
17 35
18 25
18 24
19 24
18 35
18 36
18 38
18 39
19 0
19 1
19 7
19 17
19 18
19 36
19 37
20 37
20 7
20 8
21 8
20 10
21 10
20 12
20 18
20 19
20 39
21 0
21 1
21 5
21 6
21 12
21 13
21 19
21 20
21 32
21 34
21 38
21 39
22 6
22 7
22 13
22 14
22 32
22 31
22 34
22 35
23 0
23 1
23 7
23 8
23 19
23 20
23 30
23 31
23 38
23 39
24 8
24 9
24 13
24 14
24 20
24 21
24 33
25 0
25 1
25 9
25 10
25 12
26 12
25 26
25 30
25 31
25 33
25 34
25 38
25 39
26 21
26 20
27 20
26 26
26 27
26 32
27 32
27 0
27 1
27 9
27 10
28 10
27 24
27 25
27 27
27 28
27 38
27 39
28 39
28 18
28 19
28 25
28 26
28 28
28 29
28 37
29 0
29 1
29 19
29 20
29 26
29 27
30 27
29 37
29 38
30 18
31 18
30 35
30 36
31 0
31 1
31 5
31 32
32 32
31 34
32 34
31 39
32 5
32 6
32 17
32 16
32 23
33 0
33 1
33 16
33 15
33 22
33 23
33 30
33 31
33 35
34 6
34 14
34 15
34 31
34 32
34 35
34 34
35 34
35 0
35 1
35 6
35 7
35 22
35 28
36 28
35 38
35 39
36 4
36 5
36 15
36 14
36 21
36 22
36 32
36 33
36 35
37 0
37 1
37 13
37 14
37 26
37 27
37 29
37 30
38 30
37 34
37 35
38 2
39 2
38 15
39 15
38 17
39 17
38 19
39 19
38 22
38 21
39 21
38 25
39 25
38 28
38 37
39 37
39 27
39 28
0 20
0 21
1 20
1 21
7 35
8 18
9 18
10 18
8 33
8 35
9 35
8 34
9 34
10 34
31 38
32 36
32 38
32 37
34 37
33 37
33 38
33 39
38 4
38 5
39 4
39 5
38 32
38 33
39 32
39 33
