1 5
1 8
1 11
1 16
1 24
1 27
1 30
1 35
1 37
2 4
2 6
2 15
2 17
2 19
2 34
2 36
2 38
3 7
3 14
3 16
3 25
3 28
3 33
3 35
3 37
4 4
4 8
4 13
4 15
4 17
4 19
4 24
4 36
5 3
5 7
5 12
5 14
5 16
5 18
5 20
5 22
5 37
6 1
6 11
6 13
6 15
6 17
6 21
6 23
6 33
7 2
7 8
7 12
7 14
7 24
7 34
8 1
8 7
8 15
8 17
8 23
8 26
8 29
9 6
9 16
9 27
9 30
9 32
10 1
10 4
10 20
10 22
10 28
10 31
10 38
11 2
11 7
11 12
11 17
11 21
11 27
11 29
11 32
11 37
12 1
12 22
12 28
12 30
12 35
13 4
13 8
13 17
13 20
13 29
13 31
13 34
13 36
14 1
14 18
14 27
14 35
14 37
15 2
15 8
15 19
15 21
15 23
15 31
15 34
15 38
16 6
16 9
16 18
16 20
16 24
16 32
17 10
17 17
17 19
17 21
17 23
17 25
17 30
17 33
17 37
18 5
18 7
18 14
18 20
18 22
18 31
19 3
19 6
19 12
19 33
20 2
20 7
20 24
20 26
20 28
20 30
20 34
21 3
21 8
21 10
21 12
21 17
21 23
21 25
21 29
21 35
22 2
22 9
22 11
22 16
22 18
22 20
22 24
22 30
22 34
22 36
22 38
23 1
23 3
23 15
23 19
23 21
23 23
23 25
23 28
23 31
23 35
23 37
24 2
24 4
24 8
24 14
24 16
24 18
24 20
24 22
24 26
24 32
24 34
24 36
25 5
25 7
25 17
25 19
25 21
25 28
25 35
26 6
26 18
26 20
27 1
27 4
27 7
27 19
27 21
27 28
27 31
28 2
28 5
28 8
28 11
28 20
28 24
28 26
28 29
28 32
28 34
29 3
29 9
29 23
29 27
29 30
29 33
30 2
30 4
30 7
30 14
30 16
30 26
30 31
30 34
31 5
31 8
31 11
31 13
31 17
31 20
31 27
31 35
31 37
32 7
32 12
32 14
32 16
32 28
32 30
32 32
32 34
32 36
32 38
33 1
33 4
33 8
33 10
33 17
33 26
33 31
33 35
33 37
34 2
34 7
34 9
34 11
34 25
34 27
34 32
34 36
34 38
35 1
35 3
35 6
35 8
35 12
35 17
35 20
35 22
35 33
35 35
36 2
36 5
36 7
36 19
36 21
36 23
36 32
36 34
37 12
37 20
37 35
38 2
38 11
38 25
38 34
0 11
0 18
0 20
0 22
0 24
0 27
0 30
0 33
0 35
0 37
1 21
1 23
2 0
3 10
3 32
4 9
4 22
4 32
5 9
6 37
6 36
7 3
7 26
7 25
7 27
8 3
9 36
10 19
11 6
10 6
11 9
11 14
11 13
11 19
11 24
11 26
11 35
12 0
12 6
12 24
12 26
13 5
13 12
13 13
13 22
13 21
13 23
13 25
14 0
14 5
14 12
14 25
15 15
15 39
17 26
16 26
17 35
17 34
18 0
18 15
17 15
18 33
18 32
18 39
19 15
20 14
20 17
20 16
20 27
19 27
20 31
19 31
20 38
19 38
20 39
21 0
21 27
24 9
25 9
25 11
25 38
25 39
26 14
25 14
27 38
27 39
28 13
28 14
28 37
29 39
31 23
30 23
32 39
33 0
33 14
34 28
34 39
35 0
35 27
35 29
37 0
37 27
38 10
38 15
38 16
38 26
38 28
38 29
37 29
38 38
37 38
38 39
39 2
39 10
39 15
39 17
39 19
39 21
39 25
39 27
39 29
39 31
39 34
6 29
6 30
8 9
8 35
14 28
15 28
16 11
36 30
0 4
1 1
1 13
1 32
1 25
1 28
1 39
3 20
2 24
3 3
4 38
6 6
3 12
6 19
5 28
7 0
7 32
8 13
9 2
8 31
9 8
12 37
13 32
9 34
10 33
12 18
14 9
14 16
14 20
15 4
16 7
16 38
17 6
17 12
18 9
18 18
18 36
19 1
19 4
19 21
20 36
20 9
20 22
21 4
21 21
21 33
22 32
22 7
22 26
24 24
25 3
23 5
24 27
25 23
25 33
26 2
26 8
26 24
26 29
27 33
29 1
29 15
30 12
30 32
30 38
31 6
31 31
32 5
32 18
34 18
33 12
33 24
34 23
35 4
35 10
35 14
36 25
38 32
37 3
37 6
37 22
37 31
38 4
38 13
18 29
18 28
5 24
5 25
9 23
9 24
38 23
39 23
8 11
9 12
25 31
26 32
37 8
38 7
15 13
16 13
16 14
19 19
20 19
20 20
26 26
25 26
25 25
0 0
0 1
0 3
0 5
0 8
0 10
0 12
0 13
0 16
0 17
0 19
0 21
0 23
0 25
0 26
0 28
0 29
0 31
0 32
0 34
0 36
0 38
0 39
1 0
1 2
1 4
1 6
1 7
1 9
1 10
1 12
1 14
1 15
1 17
1 19
1 26
1 29
1 31
1 34
1 36
1 38
2 2
2 3
2 5
2 7
2 8
2 11
2 14
2 16
2 18
2 20
2 21
2 23
2 25
2 27
2 28
2 30
2 32
2 33
2 35
2 37
2 39
3 0
3 1
3 4
3 6
3 8
3 9
3 11
3 13
3 15
3 17
3 19
3 24
3 34
3 36
3 38
4 3
4 5
4 7
4 12
4 14
4 16
4 18
4 35
4 37
5 4
5 6
5 13
5 15
5 17
5 19
5 36
6 0
6 12
6 14
6 16
6 18
6 20
6 22
6 32
7 1
7 9
7 11
7 13
7 15
7 17
7 21
7 23
7 33
8 0
8 2
8 6
8 8
8 12
8 16
8 32
8 34
9 1
9 9
9 11
9 31
9 33
9 35
10 21
10 32
11 18
11 22
11 28
12 2
12 17
12 23
12 25
12 29
13 3
13 30
13 33
13 35
13 37
14 2
14 4
14 8
14 11
14 13
14 17
14 21
14 26
14 34
14 36
15 3
15 14
15 16
15 18
15 20
15 22
15 35
16 2
16 8
16 12
16 17
16 19
16 21
16 23
16 25
17 0
17 7
17 9
17 11
17 14
17 16
17 18
17 20
17 22
17 24
17 36
18 6
18 8
18 10
18 17
18 19
18 21
18 23
19 2
19 5
19 7
19 11
19 16
19 20
19 22
19 24
19 28
19 32
19 39
20 6
20 8
20 10
20 12
20 23
20 25
20 29
20 33
20 35
21 2
21 5
21 7
21 9
21 11
21 16
21 20
21 22
21 24
21 26
21 34
21 36
22 10
22 12
22 15
22 17
22 19
22 21
22 23
22 25
22 33
22 35
22 37
23 2
23 11
23 14
23 16
23 18
23 20
23 22
23 24
23 32
23 34
23 36
23 38
24 1
24 3
24 5
24 7
24 17
24 19
24 21
24 23
24 25
24 28
24 31
24 33
24 35
24 39
25 0
25 2
25 6
25 8
25 18
25 20
25 22
25 27
25 29
25 32
25 34
26 1
26 7
26 17
26 19
26 21
26 23
26 25
26 28
26 31
26 35
26 39
27 14
27 16
27 18
27 20
27 22
27 24
27 32
27 34
28 17
28 19
28 21
28 23
28 25
28 33
28 35
28 39
29 2
29 14
29 16
29 18
29 26
29 34
30 3
30 13
30 15
30 17
30 27
30 33
30 35
31 2
31 7
31 12
31 14
31 16
31 21
31 28
31 32
31 34
31 36
32 6
32 8
32 17
32 20
32 29
32 31
32 33
32 35
32 37
33 5
33 7
33 9
33 25
33 30
33 32
33 34
33 36
34 6
34 8
34 10
34 12
34 17
34 20
34 24
34 31
34 33
34 35
34 37
35 2
35 5
35 7
35 11
35 13
35 21
35 23
35 28
35 30
35 32
35 34
35 36
36 6
36 12
36 20
36 22
36 24
36 31
36 33
36 35
37 2
37 7
37 13
37 19
37 21
37 23
37 28
37 30
37 32
37 34
37 39
38 8
39 9
39 16
39 22
39 26
39 28
39 30
3 27
3 26
3 30
3 29
4 20
4 21
5 21
4 23
5 23
4 25
4 26
4 28
4 29
4 31
4 33
5 1
5 2
5 8
5 11
5 10
6 10
5 27
5 30
5 31
5 33
5 34
6 34
5 39
5 38
6 38
6 2
6 3
6 5
7 5
6 8
6 7
7 7
6 24
6 25
6 27
6 28
7 29
7 30
8 30
7 35
7 36
7 39
8 4
8 14
8 18
8 19
8 22
9 22
8 24
8 25
8 27
8 28
8 39
8 38
9 4
9 5
10 5
9 7
10 7
9 14
9 15
9 17
9 19
9 20
9 26
9 28
9 29
9 38
9 37
10 37
10 0
10 2
10 3
10 10
10 12
10 13
10 17
10 16
10 23
10 24
10 26
10 27
10 29
10 30
10 39
11 0
11 1
11 3
11 4
11 8
11 10
11 11
11 15
11 16
11 20
11 30
11 31
11 33
11 34
12 34
11 36
12 36
11 39
11 38
12 38
12 4
12 5
12 8
12 7
13 7
12 12
12 13
12 20
12 21
12 27
12 31
12 32
13 0
13 1
13 9
13 10
13 15
13 16
13 18
13 19
14 19
13 27
13 28
13 39
14 6
14 23
14 24
15 24
14 29
14 31
14 32
14 38
14 39
15 0
15 1
15 6
15 7
15 9
15 10
16 10
15 27
16 27
15 29
15 30
15 32
15 33
15 37
16 37
16 4
16 5
17 5
16 30
16 31
16 33
16 34
16 39
17 3
17 28
17 29
17 31
17 32
17 38
17 39
18 3
18 4
18 12
18 13
18 25
18 26
19 26
18 30
19 30
18 34
19 34
18 37
19 0
19 13
19 14
19 36
19 37
20 0
20 1
20 3
20 4
20 18
21 18
21 13
21 14
21 28
21 30
21 31
22 31
21 38
21 39
22 39
22 1
22 0
23 0
22 3
22 4
23 4
22 6
23 6
22 8
22 28
22 29
23 8
23 9
23 26
23 27
23 29
23 30
24 13
24 15
24 37
25 4
25 10
26 10
25 12
25 13
25 15
25 16
25 36
25 37
26 4
26 5
27 0
27 2
27 3
27 5
27 6
27 8
27 9
27 11
27 12
28 12
27 26
27 27
27 29
27 30
27 36
27 37
28 0
28 1
28 3
28 4
28 6
28 7
28 9
28 10
28 27
28 28
28 30
28 31
29 4
29 5
29 7
29 8
29 10
29 11
30 11
29 20
30 20
29 22
30 22
29 24
29 28
29 29
29 31
29 32
29 36
29 37
30 37
30 0
30 1
30 5
30 6
30 8
30 9
30 24
30 25
30 29
30 30
31 30
30 39
31 4
32 4
31 9
31 10
31 18
31 19
31 26
31 38
31 39
32 0
32 1
32 10
32 11
33 11
32 13
33 13
32 15
32 23
32 24
32 26
32 27
33 2
33 3
33 15
33 16
33 18
33 19
33 22
34 22
33 27
33 28
33 38
33 39
34 0
34 1
34 3
34 4
34 26
35 9
35 16
35 15
35 19
35 18
35 25
35 26
35 38
35 39
36 0
36 1
36 3
36 4
36 8
36 9
36 14
36 15
36 18
36 17
36 37
37 5
38 5
37 10
37 11
37 16
37 17
37 25
37 26
37 37
37 36
38 3
38 12
38 14
39 14
38 18
39 18
38 20
39 20
38 24
39 24
38 33
38 36
38 35
39 35
39 3
39 4
39 6
39 7
39 11
39 12
39 32
39 33
39 38
39 39
38 0
38 1
39 0
39 1
