1 3
1 8
1 10
1 17
1 23
1 29
1 31
1 33
1 35
2 2
2 11
2 14
2 16
2 22
2 28
2 32
2 34
2 36
3 3
3 8
3 10
3 18
3 21
3 23
3 26
3 33
3 35
3 37
4 1
4 9
4 11
4 14
4 29
4 32
4 34
4 36
4 38
5 2
5 4
5 8
5 10
5 15
5 18
5 33
5 37
6 1
6 5
6 7
6 9
6 11
6 14
6 19
6 21
6 25
6 32
6 36
6 38
7 2
7 8
7 10
7 20
7 26
7 28
7 31
7 33
7 35
7 37
8 1
8 9
8 13
8 18
8 21
8 25
8 27
8 29
8 32
8 34
8 36
8 38
9 8
9 16
9 19
9 22
9 24
9 26
9 30
9 33
9 35
9 37
10 1
10 3
10 7
10 9
10 12
10 15
10 17
10 25
10 29
10 31
10 34
11 2
11 8
11 10
11 19
11 30
11 32
11 38
12 3
12 9
12 20
12 24
12 29
12 31
12 37
13 2
13 5
13 10
13 23
13 25
13 30
13 32
13 36
13 38
14 1
14 9
14 11
14 15
14 17
14 22
14 24
14 26
14 31
14 33
14 35
14 37
15 2
15 5
15 8
15 10
15 14
15 23
15 25
15 29
15 36
16 1
16 6
16 9
16 20
16 22
16 24
16 31
17 2
17 5
17 7
17 10
17 19
17 21
17 23
17 25
17 28
17 32
17 35
18 3
18 6
18 11
18 14
18 17
18 20
18 22
18 24
18 26
18 33
18 36
18 38
19 2
19 12
19 15
19 18
19 21
19 23
19 25
19 30
19 37
20 1
20 3
20 14
20 16
20 22
20 24
20 28
20 36
20 38
21 2
21 4
21 11
21 17
21 19
21 21
21 23
21 33
21 37
22 1
22 3
22 5
22 9
22 18
22 20
22 22
22 31
22 34
22 38
23 2
23 4
23 6
23 10
23 13
23 16
23 19
23 21
23 23
23 27
23 29
23 32
24 5
24 14
24 17
24 20
24 24
24 26
24 28
24 37
25 1
25 12
25 15
25 18
25 25
25 27
25 29
25 34
25 36
25 38
26 2
26 4
26 13
26 16
26 26
26 28
26 37
27 3
27 8
27 11
27 14
27 17
27 27
27 34
27 36
27 38
28 4
28 7
28 9
28 12
28 15
28 18
28 20
28 25
28 28
28 35
28 37
29 3
29 5
29 8
29 11
29 16
29 19
29 23
29 26
29 29
29 31
29 36
30 4
30 6
30 12
30 14
30 17
30 24
30 27
30 30
30 32
30 37
31 5
31 7
31 9
31 11
31 13
31 16
31 18
31 20
31 23
31 25
31 28
31 31
31 36
31 38
32 6
32 8
32 10
32 12
32 17
32 19
32 24
32 26
32 29
32 37
33 1
33 4
33 7
33 9
33 13
33 16
33 18
33 20
33 23
33 25
33 27
33 35
33 38
34 5
34 14
34 19
34 21
34 24
34 26
34 28
34 32
34 34
34 36
35 1
35 4
35 6
35 9
35 12
35 15
35 22
35 33
35 35
35 37
36 3
36 5
36 7
36 10
36 13
36 16
36 19
36 21
36 31
36 34
36 36
36 38
37 6
37 8
37 11
37 14
37 32
37 35
37 37
38 7
38 9
38 12
38 15
38 21
38 24
0 1
0 3
0 10
0 12
0 15
0 17
0 23
0 25
1 0
1 25
1 24
1 26
4 23
4 24
4 39
5 25
5 26
6 6
5 6
6 28
6 29
6 39
7 6
8 39
10 0
10 5
10 4
10 19
10 18
10 20
11 12
11 11
11 34
11 33
12 0
12 5
12 4
12 16
12 15
12 17
12 28
13 6
13 13
13 28
13 39
14 0
14 12
14 18
14 27
15 12
15 18
15 27
16 0
16 16
16 17
16 39
17 38
18 39
21 28
21 27
21 29
22 0
25 39
26 8
26 9
27 22
27 23
27 31
27 39
28 0
28 21
29 2
29 21
30 0
30 33
29 33
31 35
31 39
32 31
32 30
32 32
33 0
33 39
34 1
34 2
35 0
36 1
37 0
38 1
38 16
38 28
37 28
39 1
39 7
39 9
39 15
39 21
39 24
39 27
39 29
39 31
39 34
39 38
2 5
3 5
5 16
6 16
10 13
11 25
11 26
25 23
26 0
34 38
37 18
38 10
2 38
0 5
0 32
0 36
1 13
2 20
3 12
3 31
4 3
4 19
5 0
5 20
5 12
7 4
7 14
7 22
8 3
8 11
10 37
9 10
12 22
13 8
10 23
10 27
15 3
11 14
12 7
15 30
16 14
15 34
15 38
16 11
16 26
16 33
16 29
17 8
19 10
20 26
19 13
19 19
21 15
22 14
19 35
22 24
20 12
20 18
20 34
22 36
24 3
24 22
24 35
26 18
26 33
25 10
26 24
26 30
27 1
27 5
27 29
29 38
28 10
30 8
30 15
30 19
31 1
31 3
32 14
32 21
33 11
33 33
34 10
35 29
35 39
36 26
37 4
37 22
37 33
38 19
38 26
38 36
39 11
1 19
1 18
38 3
39 3
19 8
20 9
33 29
34 30
26 20
25 20
25 19
3 28
3 27
4 27
25 5
25 6
26 6
35 23
36 23
36 24
0 0
0 2
0 4
0 6
0 8
0 9
0 11
0 13
0 14
0 16
0 18
0 19
0 22
0 24
0 29
0 31
0 33
0 35
0 37
1 2
1 7
1 9
1 11
1 14
1 16
1 20
1 22
1 28
1 30
1 32
1 34
1 36
2 3
2 8
2 10
2 15
2 21
2 31
2 33
2 35
2 37
3 9
3 11
3 14
3 32
3 34
3 36
4 0
4 8
4 10
4 18
4 26
4 28
4 33
4 35
4 37
5 1
5 3
5 5
5 7
5 9
5 11
5 14
5 19
5 32
5 34
5 36
6 0
6 2
6 4
6 8
6 10
6 20
6 22
6 31
6 33
6 35
6 37
7 1
7 3
7 7
7 9
7 11
7 21
7 25
7 32
7 34
7 36
8 2
8 8
8 10
8 14
8 22
8 24
8 26
8 28
8 33
8 35
8 37
9 9
9 15
9 23
9 25
9 27
9 29
9 34
10 2
10 8
10 14
10 16
10 22
10 26
10 30
11 7
11 9
11 13
11 15
11 31
11 37
12 2
12 6
12 8
12 19
12 23
12 30
12 36
13 9
13 20
13 22
13 24
13 31
13 35
13 37
14 8
14 10
14 16
14 21
14 23
14 25
14 32
14 34
14 36
15 4
15 9
15 11
15 17
15 22
15 24
15 26
15 31
15 33
15 37
16 5
16 10
16 21
16 23
16 25
16 30
16 32
17 6
17 9
17 14
17 20
17 22
17 24
17 29
17 31
17 39
18 2
18 10
18 21
18 23
18 25
18 30
18 32
19 1
19 3
19 9
19 14
19 20
19 22
19 24
19 26
19 31
19 36
20 2
20 4
20 8
20 13
20 15
20 19
20 21
20 23
20 25
20 27
20 35
20 37
21 3
21 5
21 7
21 12
21 14
21 18
21 20
21 22
21 24
21 34
21 36
21 38
22 2
22 4
22 6
22 8
22 13
22 19
22 21
22 23
22 35
22 39
23 3
23 5
23 7
23 9
23 20
23 22
23 24
23 28
24 6
24 8
24 10
24 23
24 25
24 27
24 29
24 36
25 0
25 9
25 24
25 26
25 28
25 30
25 35
25 37
26 1
26 3
26 5
26 19
26 23
26 27
26 29
26 31
26 34
26 36
27 0
27 4
27 18
27 28
27 33
27 35
27 37
28 8
28 11
28 19
28 29
28 36
29 0
29 4
29 12
29 22
29 30
29 37
30 5
30 11
30 13
30 16
30 23
30 31
31 6
31 8
31 10
31 12
31 17
31 19
31 24
31 37
32 7
32 9
32 11
32 13
32 16
32 18
32 20
32 23
32 25
33 8
33 10
33 17
33 19
33 24
33 26
33 30
33 32
33 34
34 0
34 4
34 9
34 18
34 20
34 25
34 27
34 29
34 33
34 35
34 39
35 5
35 19
35 21
35 24
35 26
35 28
35 34
35 36
35 38
36 0
36 4
36 6
36 20
36 22
36 35
36 37
36 39
37 3
37 5
37 7
37 19
37 21
37 24
37 31
37 34
37 36
37 38
38 11
38 18
39 4
39 10
39 12
39 28
0 26
0 27
0 39
1 4
1 5
1 38
1 39
2 0
2 1
2 6
2 12
2 13
2 18
2 17
2 23
2 24
2 26
2 27
2 29
3 29
3 1
3 2
4 2
3 4
4 4
3 6
3 7
3 17
3 16
3 19
3 20
3 22
3 24
3 25
3 38
3 39
4 12
4 13
4 15
4 16
4 22
4 21
5 21
4 31
4 30
5 17
5 24
6 24
5 29
5 30
5 38
5 39
6 12
6 13
7 13
6 15
7 15
6 17
6 18
6 26
6 27
7 27
7 5
8 5
7 18
7 19
7 29
7 30
7 38
7 39
8 0
8 12
8 16
8 17
8 19
8 20
8 30
8 31
9 0
9 1
9 3
9 4
9 7
9 6
10 6
9 12
9 13
9 17
9 18
9 20
9 21
9 31
9 32
9 36
9 39
9 38
10 38
10 10
10 11
10 24
11 24
10 28
10 32
10 33
10 36
10 35
11 35
11 0
11 1
11 3
11 4
11 17
11 18
11 20
11 21
12 21
11 28
11 29
11 39
12 10
12 11
12 25
12 26
12 32
12 33
13 33
12 38
12 39
13 0
13 1
13 4
13 3
13 11
13 12
13 15
13 14
14 14
13 17
13 18
13 26
13 27
13 29
14 2
14 3
14 5
14 6
14 29
14 30
14 38
14 39
15 39
15 0
15 1
15 6
15 7
15 13
16 13
15 15
16 15
15 20
15 19
16 19
15 28
16 28
15 35
16 2
16 3
16 7
16 8
16 35
16 36
17 1
17 0
18 0
17 3
17 4
17 11
17 12
17 17
17 18
17 26
17 27
17 33
17 34
17 36
17 37
18 37
18 4
18 5
18 7
18 8
18 12
18 13
18 15
18 16
18 18
18 19
18 27
18 28
18 34
18 35
19 5
19 6
19 11
20 11
19 16
19 17
20 17
19 28
19 29
19 33
20 33
19 38
19 39
20 39
20 0
20 29
20 30
21 0
21 1
21 9
21 10
21 16
21 31
21 32
22 10
22 11
22 16
22 17
22 27
22 26
23 26
22 29
22 30
22 32
22 33
22 37
23 0
23 1
23 11
23 12
23 14
23 15
23 17
23 18
23 30
23 31
23 33
23 34
24 34
23 37
23 38
24 1
24 2
25 2
24 4
25 4
24 12
24 13
24 15
24 16
24 18
24 19
24 21
25 21
24 31
24 32
24 38
24 39
25 11
25 13
25 14
25 16
25 17
26 17
25 32
25 33
26 7
27 7
26 11
26 12
26 14
26 15
26 25
26 38
26 39
27 2
27 9
27 10
27 12
27 13
27 15
27 16
27 20
27 21
27 25
27 26
28 2
28 3
28 5
28 6
28 13
28 14
28 16
28 17
28 23
28 24
28 26
28 27
28 31
28 32
29 32
28 34
28 38
28 39
29 6
29 7
30 7
29 10
29 9
30 9
29 14
29 15
29 17
29 18
30 18
29 20
30 20
29 24
29 25
29 27
29 28
29 34
29 35
30 3
30 2
31 2
30 25
30 26
30 28
30 29
30 35
30 36
30 38
30 39
31 0
31 4
31 14
31 15
31 21
31 22
31 26
31 27
31 29
31 30
31 32
31 33
32 0
32 1
32 4
32 5
32 27
32 28
33 28
32 35
32 36
32 38
32 39
33 2
33 3
33 5
33 6
33 12
33 14
33 15
33 21
33 22
33 36
33 37
34 37
34 6
34 7
34 12
34 13
34 15
34 16
34 22
34 23
34 31
35 3
35 2
36 2
35 7
35 8
35 10
35 11
35 13
35 14
35 16
35 17
35 31
35 32
36 8
36 9
36 11
36 12
36 14
36 15
36 17
36 18
36 27
36 30
36 29
37 29
36 32
36 33
37 9
37 10
37 12
37 13
37 15
37 16
37 26
37 27
38 0
39 0
38 2
39 2
38 6
39 6
38 8
39 8
38 13
38 14
39 14
38 20
39 20
38 25
38 30
39 30
38 35
39 35
38 37
39 37
38 39
39 39
39 16
39 17
39 25
39 26
38 22
38 23
39 22
39 23
38 32
38 33
39 32
39 33
