1 1
1 15
1 18
1 22
1 26
1 36
1 38
2 5
2 9
2 16
2 30
2 33
2 35
2 37
3 4
3 8
3 10
3 34
4 17
4 21
4 23
4 26
4 33
5 2
5 4
5 10
5 18
5 20
5 32
6 1
6 3
6 5
6 14
6 16
6 19
6 37
7 2
7 20
7 38
8 1
8 3
8 5
8 9
8 14
8 16
8 19
8 21
8 23
8 29
9 4
9 13
9 17
9 22
9 30
10 1
10 3
10 18
10 26
10 31
11 2
11 4
11 17
11 21
12 3
12 12
12 25
13 7
13 26
14 6
14 8
14 11
14 13
14 20
14 27
14 31
15 7
15 9
15 12
15 19
15 21
15 23
16 1
16 3
16 11
16 13
16 22
16 35
16 37
17 2
17 4
17 6
17 12
17 14
17 23
17 34
18 3
18 7
18 11
18 13
18 24
19 18
19 25
19 30
19 32
19 35
20 4
20 6
20 14
20 19
20 21
20 26
20 29
20 31
21 1
21 3
21 5
21 7
21 13
21 17
21 22
21 25
21 27
21 37
22 2
22 6
22 16
22 19
22 26
22 31
22 36
23 7
23 10
23 28
24 5
24 11
24 13
24 34
25 1
25 4
25 10
25 12
25 14
25 18
25 26
25 28
25 35
26 13
26 15
26 23
26 34
26 36
27 1
27 22
27 24
27 30
27 33
27 35
28 5
28 9
28 17
28 21
28 23
28 29
28 31
28 34
28 38
29 4
29 6
29 10
29 15
29 20
29 22
29 24
29 30
30 3
30 5
30 7
30 9
30 16
30 21
30 25
30 34
31 4
31 6
31 17
31 35
32 3
32 18
32 24
32 31
32 34
33 7
33 9
33 22
33 25
33 27
33 32
34 2
34 26
34 38
35 1
35 5
35 13
35 15
35 23
35 25
36 14
36 16
36 18
36 24
36 26
36 30
36 38
37 1
37 4
37 6
37 15
37 19
37 25
37 29
38 7
38 9
38 12
38 26
38 37
0 6
0 11
0 24
0 26
0 32
0 34
0 36
1 0
1 20
1 19
1 25
2 1
2 2
2 18
2 17
3 0
3 12
3 11
3 39
4 16
4 38
4 37
6 0
6 10
6 9
7 25
6 25
7 29
7 30
8 28
8 38
8 37
8 39
9 7
8 7
9 38
10 19
9 19
10 39
11 9
11 10
11 19
12 31
11 31
11 32
12 34
12 36
12 38
13 0
13 36
13 38
14 2
14 3
14 33
15 16
16 0
16 19
16 18
16 27
16 28
16 36
15 36
17 9
16 9
17 17
17 36
18 9
18 20
18 21
18 37
18 39
21 0
21 9
21 10
23 0
23 16
23 15
23 17
23 23
24 1
24 2
24 18
24 19
24 22
24 21
24 33
25 0
25 20
25 39
27 0
29 1
28 1
29 11
28 11
29 27
29 38
29 37
29 39
30 11
30 26
30 38
31 26
31 28
31 29
32 1
32 11
33 11
33 18
34 3
33 3
34 34
33 34
35 0
35 3
35 11
35 22
34 22
35 34
36 39
37 0
37 28
36 28
38 28
38 32
38 31
39 2
39 7
39 9
39 12
39 16
39 26
39 32
2 26
4 35
11 0
23 26
23 25
33 29
34 29
37 38
1 3
1 10
1 27
1 31
3 6
2 14
2 21
3 20
3 25
3 29
4 7
5 22
5 34
5 11
5 27
6 21
6 17
7 6
5 6
7 22
8 12
10 14
10 28
11 13
11 26
12 1
12 8
12 18
13 12
13 32
14 22
14 25
15 4
14 35
15 10
16 24
17 38
16 7
16 33
19 3
19 7
19 12
21 32
19 10
22 4
20 24
21 18
21 28
21 35
22 33
22 8
22 14
23 12
22 38
23 20
23 30
25 16
24 29
25 24
24 38
25 37
26 3
26 27
26 9
26 21
26 38
27 14
27 12
28 7
27 18
28 25
28 32
28 36
31 22
30 32
31 37
33 5
33 13
33 20
33 23
34 8
34 31
34 36
36 5
36 12
36 36
38 3
37 17
38 14
38 10
38 34
38 21
38 39
39 36
6 32
6 33
5 30
20 38
20 39
35 32
36 32
38 24
39 24
6 23
5 24
12 20
13 21
10 36
11 35
13 28
13 29
14 29
24 6
25 6
25 7
0 0
0 1
0 3
0 5
0 7
0 8
0 10
0 12
0 15
0 16
0 18
0 19
0 22
0 23
0 25
0 27
0 29
0 31
0 33
0 35
0 37
0 38
1 2
1 4
1 5
1 9
1 13
1 14
1 16
1 17
1 21
1 23
1 28
1 30
1 33
1 35
1 37
1 39
2 0
2 4
2 6
2 8
2 10
2 11
2 15
2 19
2 22
2 25
2 27
2 29
2 31
2 32
2 34
2 36
2 38
2 39
3 2
3 3
3 5
3 7
3 9
3 13
3 14
3 16
3 17
3 19
3 21
3 23
3 26
3 28
3 30
3 33
3 35
3 37
4 0
4 2
4 4
4 8
4 10
4 11
4 13
4 18
4 20
4 22
4 24
4 25
4 27
4 28
4 32
4 34
4 39
5 0
5 1
5 3
5 5
5 7
5 9
5 12
5 14
5 16
5 17
5 19
5 21
5 23
5 26
5 29
5 31
5 33
5 35
5 37
5 39
6 2
6 4
6 6
6 7
6 11
6 13
6 15
6 18
6 20
6 24
6 38
7 3
7 5
7 12
7 14
7 19
7 21
7 23
7 39
8 2
8 4
8 6
8 10
8 13
8 15
8 22
8 35
9 1
9 3
9 5
9 9
9 14
9 16
9 23
9 26
9 39
10 0
10 2
10 4
10 10
10 13
10 15
10 17
10 35
11 1
11 3
11 8
11 12
11 16
11 18
11 20
11 34
11 36
12 0
12 2
12 7
12 21
12 26
12 29
12 32
13 6
13 8
13 15
13 20
13 27
13 31
13 37
14 7
14 12
14 14
14 16
14 19
14 21
14 23
14 26
14 32
15 3
15 11
15 13
15 18
15 22
15 35
15 37
16 2
16 4
16 10
16 12
16 14
16 23
16 32
16 34
17 3
17 5
17 7
17 11
17 13
17 33
17 37
18 10
18 12
18 23
18 32
19 24
19 29
19 31
19 39
20 3
20 5
20 7
20 15
20 20
20 25
20 30
20 35
21 2
21 4
21 6
21 8
21 12
21 14
21 16
21 19
21 21
21 26
21 29
21 31
21 36
22 7
22 10
22 15
22 20
22 25
22 30
22 32
22 37
23 11
23 19
23 21
23 29
23 36
24 0
24 4
24 10
24 12
24 28
24 35
24 37
25 5
25 9
25 11
25 13
25 21
25 27
25 36
26 4
26 7
26 10
26 12
26 14
26 16
26 22
26 24
26 28
26 35
26 37
26 39
27 17
27 21
27 23
27 29
27 34
27 36
27 38
28 0
28 4
28 10
28 18
28 20
28 22
28 24
28 30
28 33
28 35
28 37
28 39
29 3
29 5
29 7
29 9
29 14
29 21
29 23
29 34
30 4
30 6
30 8
30 10
30 22
30 33
30 35
30 37
30 39
31 3
31 5
31 18
31 21
31 34
31 36
33 8
33 24
33 26
33 31
34 5
34 9
34 13
34 15
34 23
34 25
34 32
34 37
35 2
35 10
35 12
35 14
35 16
35 18
35 20
35 24
35 26
36 13
36 15
36 17
36 19
36 25
36 27
36 29
37 5
37 7
37 12
37 14
37 16
37 26
37 34
37 39
38 22
38 38
39 17
39 23
39 31
39 37
39 39
6 26
6 27
6 30
6 31
6 35
6 36
7 1
7 0
8 0
7 9
7 8
8 8
7 16
7 17
7 27
7 28
7 32
7 33
7 36
7 37
8 17
8 18
9 18
8 20
8 24
8 25
8 30
8 31
9 31
9 11
9 12
9 20
9 21
9 28
9 29
9 34
9 33
9 37
10 37
10 6
10 7
10 21
10 22
10 24
10 25
11 25
10 27
11 27
10 29
10 30
11 30
10 32
10 33
11 5
11 22
11 23
11 38
11 39
12 5
12 4
12 10
12 11
13 11
12 14
12 13
13 13
12 17
12 24
13 3
13 4
13 17
13 18
13 24
13 25
13 35
13 34
14 34
13 39
14 39
14 5
14 9
14 10
14 28
14 30
15 5
15 6
16 6
15 8
16 8
15 20
15 24
15 25
15 27
15 28
15 30
15 31
16 16
16 20
16 21
16 38
16 39
17 39
17 0
17 1
17 16
17 15
17 18
17 21
17 22
17 24
17 25
17 27
17 28
17 31
17 30
18 30
17 35
18 1
18 2
19 2
18 4
19 4
18 6
19 6
18 8
19 8
18 15
18 14
18 18
18 19
19 19
18 25
18 26
18 35
18 34
19 11
19 14
19 13
20 13
19 17
19 21
19 22
20 22
19 26
19 27
19 34
19 33
19 36
19 37
20 37
20 0
20 1
20 10
20 11
20 17
20 18
20 27
20 28
20 32
20 33
21 24
21 23
21 38
21 39
22 0
22 1
22 3
22 5
22 13
23 13
22 17
22 18
22 22
22 23
22 28
22 27
23 27
22 35
22 34
23 2
23 3
23 5
23 6
23 9
23 8
23 31
24 31
23 33
23 34
23 38
23 39
24 39
24 7
24 8
24 14
24 15
25 15
24 17
25 17
24 23
25 23
24 26
24 25
25 25
25 2
25 3
25 19
25 29
25 30
25 34
25 33
26 33
26 0
26 1
26 18
26 19
26 26
26 30
26 31
27 3
27 2
28 2
27 5
27 6
28 6
27 9
27 8
28 8
27 13
27 15
27 25
27 26
27 31
27 32
28 12
28 13
28 15
28 16
28 28
29 16
29 17
30 17
29 19
29 25
29 26
29 28
29 29
29 31
29 32
30 1
30 2
30 12
30 13
31 13
30 15
30 19
30 20
30 24
30 29
30 30
31 0
32 0
31 7
31 9
31 15
31 16
31 24
31 25
32 25
31 27
32 27
31 31
31 32
32 2
33 2
32 4
33 4
32 7
32 6
33 6
32 9
32 10
33 10
32 12
33 12
32 14
33 14
32 17
32 20
32 19
33 19
32 22
32 23
32 29
32 30
32 32
32 33
33 33
32 35
32 37
32 38
33 38
33 16
33 17
33 21
34 21
33 28
33 35
33 36
34 0
34 1
34 7
34 27
34 28
34 30
35 30
34 39
35 4
36 4
35 7
35 6
36 6
35 33
36 33
35 36
35 35
36 35
35 38
35 39
36 0
36 1
36 8
36 9
36 22
36 23
36 31
36 37
37 37
37 2
37 3
37 9
37 10
37 18
37 20
37 21
37 23
37 24
37 30
37 31
38 0
38 1
39 1
38 4
38 6
39 6
38 8
39 8
38 11
38 13
39 13
38 15
39 15
38 18
38 19
38 25
39 25
38 27
39 27
38 29
39 29
38 33
39 33
38 36
38 35
39 35
39 3
39 4
39 10
39 11
39 20
39 21
14 0
14 1
15 0
15 1
