1 1
1 3
1 13
1 15
1 17
1 20
1 26
1 33
2 2
2 4
2 8
2 10
2 12
2 14
2 21
2 32
3 1
3 3
3 13
3 15
3 17
3 26
3 33
3 38
4 14
4 16
4 18
4 25
4 28
4 30
4 34
4 37
5 4
5 6
5 13
5 17
5 23
5 29
5 31
5 33
5 36
5 38
6 1
6 5
6 7
6 16
6 18
6 22
6 28
6 30
6 37
7 8
7 10
7 13
7 15
7 19
7 21
7 29
7 31
7 38
8 2
8 5
8 9
8 11
8 14
8 20
8 22
8 24
8 28
8 30
9 3
9 6
9 8
9 10
9 15
9 21
9 23
9 25
9 27
9 29
9 31
9 34
9 37
10 4
10 7
10 9
10 16
10 22
10 26
10 28
10 30
10 36
11 1
11 3
11 8
11 14
11 17
11 27
11 29
11 37
12 2
12 4
12 7
12 9
12 11
12 15
12 28
12 36
13 1
13 3
13 5
13 8
13 29
13 32
13 34
14 2
14 4
14 6
14 12
14 14
14 21
14 27
14 35
15 3
15 5
15 7
15 9
15 13
15 15
15 17
15 25
15 31
15 34
16 2
16 4
16 8
16 16
16 20
16 22
16 24
16 26
16 28
16 32
16 35
16 38
17 3
17 15
17 21
17 25
17 27
17 31
17 36
18 16
18 19
18 22
18 24
18 32
18 35
18 37
19 3
19 9
19 17
19 20
19 33
19 36
20 8
20 10
20 15
20 21
20 24
20 29
20 32
21 3
21 5
21 7
21 11
21 16
21 19
21 25
21 33
22 4
22 6
22 8
22 17
22 20
22 24
22 32
22 34
23 1
23 5
23 13
23 16
23 18
23 21
23 23
23 25
23 27
23 31
23 33
24 2
24 4
24 8
24 11
24 17
24 26
24 32
24 34
24 36
24 38
25 3
25 9
25 12
25 21
25 31
25 33
26 7
26 10
26 17
26 22
26 25
26 32
26 38
27 2
27 9
27 11
27 14
27 18
27 23
27 26
27 30
27 33
27 36
28 12
28 21
28 24
28 27
28 31
28 35
29 3
29 7
29 9
29 15
29 26
29 32
30 2
30 4
30 8
30 14
30 16
30 31
30 35
30 38
31 1
31 5
31 10
31 12
31 15
31 17
31 19
31 22
31 26
31 28
31 30
31 34
31 37
32 11
32 13
32 16
32 18
32 20
32 27
32 29
32 33
33 5
33 8
33 10
33 12
33 15
33 17
33 19
33 21
33 26
33 28
33 30
33 32
33 34
34 2
34 7
34 9
34 18
34 20
34 27
34 31
35 8
35 12
35 21
35 30
35 34
36 2
36 4
36 7
36 13
36 17
36 22
36 25
36 35
37 1
37 3
37 5
37 9
37 20
37 26
38 2
38 4
38 10
38 15
38 21
38 24
38 27
38 38
0 1
0 15
0 17
0 20
0 22
0 26
0 31
0 33
0 35
0 37
1 0
1 35
1 34
1 36
1 38
1 39
2 11
1 11
3 0
3 11
5 3
4 3
5 11
6 0
6 3
7 39
9 0
12 20
12 19
13 18
13 17
13 39
14 11
13 11
15 0
15 11
17 8
17 7
17 9
18 3
18 2
18 4
20 36
20 35
20 37
21 29
21 28
21 30
23 0
24 39
25 0
25 17
25 16
25 18
25 20
26 20
26 39
27 3
26 3
27 19
28 19
29 21
29 20
29 22
30 19
30 39
32 1
32 2
32 5
32 4
32 6
33 39
35 0
36 18
35 18
36 37
36 36
36 38
37 0
37 7
37 6
37 18
38 28
38 31
37 31
38 39
39 2
39 4
39 7
39 15
39 21
39 24
39 27
39 29
39 31
39 33
39 38
14 38
24 13
24 14
25 26
25 27
27 7
27 6
0 8
1 5
1 18
1 28
2 30
3 19
3 21
7 17
7 25
4 1
4 7
4 12
6 20
7 1
8 12
8 16
8 26
8 32
9 35
10 5
10 18
10 20
10 24
10 38
8 38
12 13
14 8
12 30
14 16
14 22
12 38
15 36
14 28
15 21
15 27
15 39
16 12
16 6
16 18
16 33
17 17
18 14
18 28
18 30
19 1
19 25
19 11
18 12
21 14
22 10
19 31
23 9
22 15
22 22
22 38
24 6
24 24
25 23
25 35
26 8
27 34
29 11
28 2
29 36
31 7
28 14
28 25
32 38
28 33
29 5
30 29
32 14
32 25
33 3
33 24
34 13
34 16
34 22
35 10
34 38
35 28
35 32
36 11
36 15
38 12
36 27
38 22
39 9
38 25
1 24
0 24
3 23
2 23
13 36
13 37
25 5
26 5
38 19
39 19
32 22
32 23
27 28
28 29
3 5
3 6
2 6
5 25
5 26
6 26
18 38
19 38
19 39
30 23
30 24
31 24
34 36
33 36
33 37
38 36
38 35
37 35
10 34
10 33
11 33
23 28
24 28
24 29
27 38
27 37
28 37
0 0
0 2
0 3
0 5
0 7
0 9
0 13
0 14
0 16
0 18
0 19
0 21
0 23
0 25
0 27
0 28
0 30
0 32
0 34
0 36
0 38
0 39
1 2
1 4
1 8
1 10
1 12
1 14
1 16
1 19
1 21
1 25
1 27
1 29
1 32
2 0
2 1
2 3
2 5
2 7
2 9
2 13
2 15
2 17
2 18
2 20
2 24
2 26
2 29
2 31
2 36
3 10
3 12
3 14
3 16
3 18
3 20
3 25
3 30
3 32
3 37
4 6
4 13
4 15
4 17
4 19
4 21
4 29
4 31
4 33
4 38
5 5
5 7
5 12
5 14
5 16
5 18
5 22
5 28
5 30
5 32
5 37
6 4
6 6
6 8
6 13
6 15
6 17
6 19
6 21
6 23
6 25
6 27
6 29
6 31
6 33
7 5
7 7
7 9
7 14
7 16
7 20
7 22
7 24
7 28
7 30
7 32
8 6
8 8
8 10
8 13
8 15
8 21
8 23
8 25
8 27
8 29
8 31
9 2
9 7
9 9
9 20
9 22
9 24
9 26
9 28
9 30
9 36
10 3
10 6
10 8
10 10
10 21
10 25
10 27
10 29
10 31
10 35
10 37
11 2
11 7
11 9
11 11
11 13
11 28
11 30
11 36
12 1
12 3
12 8
12 24
12 29
12 37
13 2
13 4
13 19
13 33
14 3
14 5
14 13
14 17
14 23
14 29
14 34
14 39
15 2
15 4
15 6
15 8
15 12
15 14
15 16
15 18
15 22
15 24
15 28
15 30
15 35
15 38
16 3
16 7
16 13
16 15
16 17
16 21
16 23
16 25
16 27
16 29
16 31
16 34
16 39
17 14
17 16
17 22
17 24
17 26
17 28
17 30
17 35
18 23
18 25
18 27
18 31
18 36
18 39
19 2
19 8
19 24
19 32
19 37
20 1
20 3
20 7
20 9
20 11
20 14
20 25
20 33
20 39
21 2
21 4
21 6
21 8
21 10
21 15
21 24
21 26
21 32
22 3
22 5
22 7
22 9
22 16
22 23
22 25
22 33
23 2
23 4
23 6
23 8
23 17
23 22
23 24
23 26
23 32
23 34
24 3
24 5
24 16
24 18
24 23
24 27
24 31
24 33
24 35
24 37
25 22
25 32
26 6
26 9
26 16
27 8
27 10
27 17
27 29
27 35
27 39
28 3
28 9
28 11
28 18
28 20
28 26
28 28
28 30
28 34
28 36
29 0
29 2
29 4
29 8
29 14
29 27
29 31
29 33
29 35
30 1
30 3
30 5
30 7
30 15
30 22
30 26
30 28
30 30
30 32
30 34
31 2
31 4
31 6
31 11
31 16
31 23
31 25
31 27
31 29
31 31
31 33
32 10
32 12
32 15
32 17
32 19
32 26
32 28
32 30
32 32
32 34
32 37
33 2
33 4
33 9
33 11
33 16
33 18
33 20
33 25
33 27
33 29
33 31
33 33
33 35
34 3
34 8
34 10
34 12
34 15
34 21
34 24
34 26
34 28
34 30
34 32
34 34
34 37
35 2
35 4
35 7
35 11
35 25
35 27
35 29
35 31
35 33
36 3
36 12
36 16
36 26
37 2
37 4
37 15
37 19
37 32
37 36
38 9
39 8
39 10
39 12
39 18
39 28
39 30
39 32
39 39
2 22
3 22
2 33
2 34
3 34
2 38
2 39
3 39
3 2
4 2
3 4
4 4
3 8
4 8
3 28
3 27
4 0
4 23
4 24
5 24
4 26
4 27
4 36
4 35
5 0
5 1
5 9
5 10
6 10
5 34
5 35
5 39
6 2
7 2
6 36
6 38
6 39
7 0
7 11
7 12
7 18
7 34
7 36
7 37
8 37
8 0
8 1
8 3
8 4
8 18
8 19
8 34
8 35
8 39
9 4
9 5
9 11
9 12
10 12
9 14
9 16
9 17
10 17
9 32
9 33
9 38
9 39
10 1
10 0
11 0
10 14
10 15
10 19
10 23
11 4
11 5
11 15
11 16
11 18
11 19
11 22
11 23
11 26
11 32
12 32
11 34
11 38
11 39
12 39
12 5
12 6
12 10
12 12
13 12
12 14
12 16
12 17
12 21
12 26
12 27
12 34
12 35
13 35
13 0
13 6
13 7
14 7
13 10
13 9
14 9
13 14
13 15
14 15
13 21
13 22
13 25
13 27
13 28
13 30
13 31
14 0
14 1
14 20
15 20
14 25
14 26
15 26
14 31
14 32
14 36
14 37
15 10
15 32
15 33
16 0
16 1
16 5
16 9
16 10
16 19
16 36
16 37
17 1
17 2
17 4
17 5
17 11
17 12
17 19
17 20
17 32
17 33
17 37
17 38
18 0
19 0
18 6
18 7
18 9
18 10
19 10
18 13
18 15
18 17
18 18
18 20
18 21
18 29
19 29
18 33
18 34
19 4
19 5
20 5
19 12
19 13
19 15
19 16
19 18
19 19
19 21
19 22
19 34
19 35
20 16
20 17
20 19
20 20
20 22
20 23
20 27
20 28
20 30
20 31
21 0
21 12
21 13
22 13
21 17
21 18
21 20
21 21
22 21
21 34
21 35
21 37
21 38
22 0
22 1
22 11
22 18
22 19
22 27
22 28
22 31
22 30
22 35
22 36
23 36
22 39
23 11
23 12
24 12
23 14
23 15
23 19
23 20
23 29
23 30
23 38
23 39
24 0
24 1
24 7
24 9
24 10
24 20
24 21
24 25
25 25
25 2
26 2
25 4
26 4
25 7
25 8
25 10
25 11
25 13
25 14
26 14
25 29
25 30
25 34
25 36
25 38
25 39
26 0
26 11
26 12
26 18
26 19
26 21
26 23
26 24
26 26
26 27
27 27
26 30
26 31
26 33
26 34
26 36
26 37
27 0
27 1
28 1
27 12
27 13
28 13
27 15
28 15
27 21
27 22
27 24
27 25
27 31
27 32
28 32
28 7
28 6
29 6
28 22
28 23
28 38
29 10
29 12
29 16
29 17
29 24
29 25
29 38
29 39
30 10
30 9
30 12
30 13
30 17
30 18
31 18
30 20
30 37
30 36
31 0
32 0
31 9
31 8
32 8
31 13
31 14
31 20
31 21
32 21
31 35
31 36
31 38
31 39
32 39
33 7
33 6
33 13
33 14
33 22
33 23
34 0
34 1
34 5
34 6
34 17
35 17
34 19
34 39
35 9
35 13
35 14
36 14
35 19
35 20
35 22
35 23
35 35
35 36
35 38
35 39
36 0
36 1
36 5
36 6
36 9
36 8
37 8
36 20
36 21
36 23
36 24
36 30
37 30
36 34
37 34
37 10
37 11
38 11
37 13
37 17
37 21
37 22
37 24
37 25
37 27
37 28
37 38
37 39
38 3
39 3
38 13
38 14
39 14
38 17
38 16
39 16
38 20
39 20
38 23
38 26
38 37
39 37
39 22
39 23
39 25
39 26
39 34
39 35
38 0
38 1
39 0
39 1
38 5
38 6
39 5
39 6
