1 3
1 5
1 7
1 10
1 16
1 25
1 27
1 29
2 4
2 17
2 26
2 28
3 2
3 8
3 10
3 16
3 22
3 27
3 30
3 36
4 1
4 7
4 9
4 15
4 17
4 20
4 25
5 2
5 5
5 8
6 1
6 3
6 9
6 19
6 21
6 25
6 30
6 38
7 2
7 12
7 22
7 28
7 34
8 1
8 3
8 6
8 32
8 38
9 2
9 4
9 7
9 9
9 11
9 16
9 19
9 25
9 30
9 33
9 37
10 8
10 17
10 20
10 22
10 24
10 26
10 28
10 34
11 14
11 16
11 18
11 21
11 23
11 25
11 29
11 31
12 1
12 12
12 17
12 19
12 24
12 30
13 6
13 9
13 11
13 18
13 21
13 23
13 25
14 5
14 8
14 10
14 22
14 24
14 30
15 9
15 11
15 16
15 18
15 25
15 31
15 36
16 2
16 8
16 10
16 12
16 14
16 17
16 19
16 30
16 35
17 6
17 16
17 20
17 25
17 27
17 34
17 36
18 5
18 12
18 26
18 35
19 30
19 33
19 36
20 3
20 7
20 11
20 15
20 18
20 21
20 25
20 31
20 34
20 37
21 12
21 14
21 29
21 33
21 38
22 11
22 13
22 15
22 37
23 7
23 12
23 16
23 18
23 33
23 38
24 1
24 5
24 8
24 11
24 17
24 21
24 25
24 30
24 32
24 34
25 12
25 15
25 22
25 24
25 27
25 35
26 1
26 7
26 13
26 20
26 23
26 34
26 36
27 12
27 14
27 22
27 24
27 32
28 11
28 19
28 36
29 5
29 7
29 12
29 20
29 34
29 37
30 11
30 13
30 16
30 19
30 32
30 38
31 8
31 10
31 12
31 15
31 17
31 30
31 33
31 37
32 2
32 4
32 9
32 11
32 18
32 20
32 28
32 31
32 34
32 38
33 1
33 3
33 5
33 8
33 17
33 19
33 21
33 24
33 29
33 35
33 37
34 2
34 4
34 12
34 15
34 18
34 20
34 25
34 27
34 34
34 36
35 3
35 8
35 11
35 16
35 26
35 32
35 35
35 37
36 1
36 9
36 17
36 27
37 10
37 18
37 23
37 25
37 28
38 6
38 17
38 31
38 34
0 3
0 5
0 7
0 12
0 19
0 21
0 27
1 0
1 2
1 6
1 12
1 11
1 13
1 20
2 6
2 19
2 18
2 34
3 4
3 3
3 5
3 11
3 32
3 34
4 11
4 22
4 21
4 27
4 28
4 33
5 33
6 10
7 10
7 23
6 23
8 16
8 15
8 23
8 39
9 36
10 36
11 1
11 0
11 2
11 4
10 4
11 8
11 7
11 9
12 4
12 6
13 38
14 14
14 27
14 34
15 5
15 4
15 6
17 33
18 1
18 0
18 9
18 8
18 23
17 23
19 15
19 16
20 0
20 8
21 3
21 2
21 4
21 21
21 25
21 24
21 26
21 31
21 30
22 27
22 29
23 5
23 4
23 19
24 0
24 19
24 31
23 31
24 38
25 17
25 16
25 18
25 31
26 0
26 16
26 18
27 15
27 25
28 25
29 4
29 24
29 26
30 23
30 22
30 27
31 0
31 25
31 24
31 26
32 39
33 0
33 31
33 30
33 32
34 8
34 7
34 9
35 29
34 29
36 3
36 39
37 6
37 5
37 14
37 13
37 15
37 29
37 34
37 33
37 35
37 38
38 0
38 29
38 39
39 1
39 11
39 14
39 17
39 19
39 24
39 31
39 37
1 38
6 15
4 13
5 37
5 36
9 5
13 1
13 0
14 32
1 31
2 39
0 17
5 16
0 34
1 8
5 0
5 12
6 32
5 20
5 24
6 4
8 20
7 14
7 36
10 6
10 10
9 31
10 30
11 27
11 33
12 10
12 20
12 26
12 37
13 3
13 7
13 16
13 31
14 12
14 19
15 23
15 33
16 15
16 24
16 37
17 4
17 18
17 38
19 13
19 19
18 3
20 5
20 23
20 32
20 39
21 16
21 7
23 9
21 10
23 22
23 26
24 13
26 8
25 29
26 21
27 4
27 20
28 1
28 8
30 14
28 38
26 38
30 36
32 6
31 3
32 22
31 19
31 35
33 10
35 5
35 18
35 33
36 20
36 36
37 26
38 9
38 20
22 1
22 0
8 12
8 13
10 38
11 38
30 1
30 2
12 13
13 13
16 21
16 22
19 26
19 27
38 7
39 7
39 3
38 4
28 29
29 30
17 29
17 28
16 28
26 28
27 28
27 27
0 0
0 2
0 4
0 6
0 8
0 10
0 11
0 13
0 14
0 16
0 18
0 20
0 22
0 23
0 25
0 26
0 28
0 29
0 31
0 33
0 35
0 37
1 4
1 9
1 15
1 17
1 18
1 23
1 24
1 26
1 28
1 30
1 32
1 34
1 35
1 37
1 39
2 0
2 2
2 3
2 5
2 7
2 8
2 10
2 11
2 13
2 16
2 20
2 22
2 24
2 25
2 27
2 29
2 30
2 36
2 38
3 1
3 7
3 9
3 14
3 15
3 17
3 18
3 20
3 21
3 23
3 25
3 26
3 28
3 29
3 31
3 33
3 35
3 37
3 39
4 0
4 2
4 3
4 5
4 6
4 8
4 10
4 12
4 14
4 16
4 18
4 19
4 23
4 24
4 26
4 30
4 31
4 35
4 36
5 1
5 13
5 15
5 17
5 19
5 21
5 25
5 30
5 32
6 0
6 2
6 5
6 12
6 14
6 20
6 22
6 24
6 26
6 31
7 1
7 6
7 13
7 15
7 35
8 0
8 2
8 7
9 1
9 6
9 8
9 10
9 15
9 20
9 26
9 32
10 0
10 5
10 7
10 9
10 11
10 14
10 16
10 21
10 23
10 25
10 27
10 31
10 33
11 15
11 17
11 22
11 24
11 26
11 30
11 39
12 0
12 7
12 9
12 11
12 16
12 18
12 21
12 23
12 25
12 36
13 8
13 10
13 12
13 17
13 22
13 24
13 30
13 37
14 9
14 11
14 16
14 18
14 21
14 23
14 25
14 29
14 31
14 33
15 2
15 8
15 10
15 12
15 17
15 22
15 24
15 30
15 32
16 1
16 9
16 11
16 13
16 16
16 18
16 25
16 29
16 31
16 36
17 0
17 5
17 12
17 24
17 26
17 35
17 37
18 4
18 6
18 13
18 36
18 38
19 0
19 3
19 5
19 18
19 21
19 23
19 37
19 39
20 2
20 4
20 10
20 24
20 33
20 38
21 0
21 8
21 11
21 13
21 15
21 32
21 34
21 37
21 39
22 2
22 4
22 7
22 12
22 14
22 16
22 26
22 33
22 38
23 8
23 11
23 13
23 17
23 21
23 25
23 32
23 34
24 2
24 12
24 18
24 22
24 24
24 29
24 33
24 35
25 23
25 28
25 34
25 36
26 6
26 9
26 12
26 17
26 22
26 27
26 35
26 37
27 13
27 21
27 23
27 29
27 31
27 36
28 12
28 20
28 24
28 30
28 37
29 6
29 11
29 16
29 19
29 29
29 38
30 0
30 10
30 12
30 15
30 24
30 26
30 37
31 2
31 9
31 11
31 16
31 22
31 36
32 3
32 5
32 8
32 10
32 17
32 19
32 21
32 24
32 35
32 37
33 2
33 4
33 9
33 18
33 20
33 25
33 34
33 36
34 3
34 5
34 21
34 26
34 30
34 35
34 37
35 7
35 12
35 22
35 27
35 31
35 34
35 36
36 8
36 13
36 18
36 21
36 23
36 35
37 7
37 9
37 17
37 22
37 24
37 27
37 31
37 39
38 3
38 5
38 21
38 28
39 0
39 2
39 4
39 6
39 20
39 27
39 34
4 38
5 38
5 3
5 4
5 6
5 7
5 9
5 10
5 28
5 34
6 34
6 7
6 8
6 18
6 28
6 29
6 36
6 37
6 39
7 3
7 4
7 8
7 9
8 9
7 11
8 11
7 18
7 19
8 19
7 21
7 25
7 27
7 29
7 30
7 32
7 33
7 38
7 39
8 4
8 5
8 17
8 21
8 22
9 22
8 25
8 24
9 24
8 27
8 28
8 30
8 31
8 33
8 34
9 34
8 36
8 37
9 3
9 12
9 13
9 17
9 18
9 28
9 29
10 29
9 38
9 39
10 2
10 3
10 18
10 19
10 35
10 37
11 37
11 12
11 13
11 19
11 20
11 28
11 32
11 35
11 34
12 34
12 3
12 2
13 2
12 5
13 5
12 14
13 14
12 28
12 29
12 31
12 32
13 19
13 20
13 26
13 27
13 39
14 39
14 1
14 0
15 0
14 3
14 4
14 6
14 7
14 36
14 35
15 35
15 14
15 15
15 19
15 20
16 20
15 26
15 27
16 27
15 37
15 38
16 3
16 4
16 6
16 7
16 33
16 34
16 39
17 39
17 2
18 2
17 7
17 8
17 10
17 14
17 15
17 17
17 19
17 21
17 22
17 30
18 10
18 11
18 16
18 17
18 19
18 20
18 25
19 25
18 27
18 28
18 30
18 31
18 33
18 34
19 7
19 8
19 11
19 12
20 12
19 14
20 14
19 29
19 31
19 32
19 34
19 35
20 6
21 6
20 16
20 17
20 19
20 20
21 20
20 22
21 22
20 26
20 27
20 29
20 30
20 35
20 36
21 18
21 28
22 28
22 9
22 10
22 18
22 19
22 24
22 23
23 23
22 30
23 30
22 35
22 36
23 0
23 1
23 6
23 15
23 37
24 37
23 39
24 39
24 4
24 6
24 7
24 9
24 10
24 15
24 16
24 20
24 27
24 26
25 0
25 1
25 4
25 5
25 7
25 8
25 10
25 11
25 13
25 14
25 20
25 21
25 26
25 25
25 30
26 30
25 32
26 2
26 3
27 3
26 14
26 15
26 19
27 19
26 24
26 25
26 32
26 33
26 39
27 1
27 0
28 0
27 5
27 8
27 7
28 7
27 11
27 10
28 10
27 33
27 34
27 38
27 39
28 4
28 5
28 15
28 14
28 17
28 18
28 22
28 26
28 27
28 32
28 34
28 35
29 1
29 2
29 9
29 8
29 13
29 14
29 21
29 22
29 32
29 33
29 35
29 36
30 5
30 4
31 4
30 8
30 7
30 17
30 18
31 18
30 20
31 20
30 28
30 30
30 31
30 33
30 34
31 34
30 39
31 6
31 7
31 14
31 13
31 28
31 29
31 31
31 32
31 38
31 39
32 0
32 1
32 13
32 12
32 15
32 26
32 27
32 29
32 30
32 32
32 33
33 6
33 7
33 12
33 11
34 11
33 15
33 16
33 22
33 23
33 27
33 28
34 28
33 38
33 39
34 0
34 1
34 13
34 14
34 16
34 17
35 17
34 19
34 23
34 24
34 32
34 33
35 1
35 2
36 2
35 4
35 9
35 10
35 14
35 15
35 19
35 20
35 24
35 25
35 38
35 39
36 0
36 4
36 5
36 10
36 11
37 11
36 15
36 16
36 25
36 26
36 28
36 29
36 32
36 33
36 37
37 37
37 0
37 1
37 19
37 20
38 8
39 8
38 10
39 10
38 18
39 18
38 23
38 26
38 25
39 25
38 30
39 30
38 33
38 32
39 32
38 35
38 36
39 36
39 22
39 23
39 38
39 39
38 12
38 13
39 12
39 13
38 15
38 16
39 15
39 16
