1 1
1 13
1 15
1 17
1 20
1 25
1 31
1 33
2 2
2 4
2 8
2 14
2 16
2 21
2 24
2 34
3 3
3 5
3 7
3 13
3 15
3 18
3 20
3 25
3 28
3 33
3 35
3 37
4 2
4 4
4 6
4 14
4 21
4 26
4 29
4 31
4 34
4 38
5 3
5 5
5 12
5 25
5 27
5 30
5 32
6 2
6 4
6 6
6 8
6 10
6 21
6 31
6 33
6 35
6 37
7 1
7 3
7 5
7 9
7 11
7 20
7 22
7 27
7 32
7 34
7 36
7 38
8 2
8 12
8 19
8 23
8 33
8 35
8 37
9 13
9 17
9 20
9 22
9 26
9 31
10 6
10 9
10 11
10 18
10 23
10 30
10 32
11 1
11 7
11 17
11 19
11 22
11 24
11 26
11 31
11 34
12 8
12 14
12 16
12 25
12 27
12 37
13 11
13 13
13 22
13 26
13 32
13 36
14 7
14 12
14 14
14 29
14 31
15 8
15 10
15 13
15 21
15 23
15 30
15 32
16 4
16 11
16 14
16 16
16 20
16 24
16 28
16 33
16 35
16 38
17 3
17 17
17 27
17 34
18 11
18 23
18 26
18 32
19 18
19 20
19 22
19 24
19 27
19 30
20 1
20 15
20 21
20 28
21 2
21 9
21 29
22 3
22 8
22 10
22 17
22 24
22 28
22 34
23 4
23 6
23 11
23 15
23 18
23 25
23 29
23 38
24 5
24 10
24 12
24 14
24 26
24 30
24 34
25 6
25 11
25 13
25 15
25 21
25 31
25 33
25 35
26 4
26 7
26 10
26 12
26 16
26 18
26 22
26 26
26 29
26 32
27 5
27 8
27 11
27 13
27 15
27 19
27 21
27 35
28 9
28 12
28 16
28 18
28 20
28 25
28 36
29 7
29 11
29 21
29 34
30 1
30 6
30 12
30 22
30 24
30 28
30 35
31 2
31 13
31 15
31 23
31 25
31 27
31 29
31 34
31 36
32 1
32 3
32 5
32 8
32 10
32 12
32 14
32 19
32 21
32 28
32 33
33 2
33 11
33 18
33 20
33 23
33 29
33 31
33 37
34 8
34 10
34 17
34 19
34 24
34 27
34 30
34 32
34 38
35 1
35 4
35 7
35 9
35 18
35 20
35 25
36 3
36 5
36 8
36 13
36 19
36 21
36 24
36 26
36 28
36 32
37 4
37 9
37 14
37 20
37 22
37 25
37 27
37 34
38 3
38 5
38 8
38 10
38 19
38 21
0 5
0 11
0 13
0 15
0 17
0 20
0 25
0 31
0 33
1 0
2 9
1 9
3 0
3 9
5 0
5 10
5 18
6 15
6 14
7 0
7 15
9 2
9 1
9 3
9 15
9 27
8 27
11 0
11 39
12 9
11 9
12 19
12 20
13 9
14 2
14 4
14 39
15 2
15 38
15 37
16 0
16 1
16 39
17 1
17 11
17 10
17 12
18 0
18 7
17 7
17 8
18 13
18 34
18 33
18 35
19 32
19 31
19 38
20 0
20 12
20 11
23 34
23 33
23 35
25 38
24 38
24 39
26 0
26 38
26 39
28 26
27 26
28 32
28 38
28 37
28 39
29 9
29 8
29 16
29 15
29 26
29 32
30 0
31 17
32 0
34 34
34 33
34 39
36 34
36 33
37 0
37 1
36 1
38 1
38 18
39 16
39 18
39 21
39 24
39 26
16 6
20 24
20 25
26 27
29 36
30 30
30 31
36 36
38 6
39 6
1 18
1 26
1 35
2 6
2 22
2 36
4 8
4 22
4 19
5 34
6 19
7 7
7 25
9 29
8 4
8 10
8 14
10 12
9 38
10 16
10 33
11 3
12 30
11 11
13 24
13 34
13 38
14 16
14 22
14 27
14 33
15 17
16 9
15 34
16 26
16 31
17 5
17 15
17 19
18 4
18 17
18 21
18 28
19 8
19 10
20 19
20 34
21 4
21 18
21 20
21 27
22 12
22 26
22 30
23 2
23 7
24 22
23 23
24 28
26 24
24 36
25 17
26 30
27 28
27 33
28 4
28 14
28 10
28 22
29 13
30 3
30 14
30 20
30 33
30 37
32 16
32 22
32 26
32 35
33 13
33 25
34 5
34 28
34 12
34 21
35 2
35 27
36 17
36 30
36 6
37 23
37 32
37 35
38 13
38 15
21 14
21 13
12 1
12 2
38 11
39 11
23 19
22 19
24 1
25 1
38 28
39 28
9 5
8 6
20 30
21 31
16 29
17 29
17 30
21 6
20 6
20 5
36 38
35 38
35 37
0 0
0 1
0 3
0 4
0 6
0 8
0 10
0 12
0 14
0 16
0 18
0 19
0 21
0 24
0 26
0 29
0 30
0 32
0 34
0 35
0 38
0 39
1 2
1 4
1 8
1 10
1 12
1 14
1 16
1 19
1 21
1 22
1 24
1 27
1 30
1 32
1 34
1 38
1 39
2 0
2 1
2 3
2 5
2 7
2 11
2 13
2 15
2 17
2 18
2 20
2 23
2 25
2 26
2 28
2 29
2 31
2 33
2 35
2 37
3 2
3 4
3 6
3 8
3 10
3 12
3 14
3 16
3 17
3 19
3 21
3 22
3 24
3 26
3 27
3 29
3 31
3 32
3 34
3 36
3 38
3 39
4 0
4 1
4 3
4 5
4 7
4 18
4 20
4 23
4 25
4 30
4 39
5 2
5 4
5 6
5 24
5 26
5 31
6 3
6 5
6 7
6 18
6 20
6 25
6 27
6 30
6 32
6 34
6 36
7 2
7 4
7 6
7 8
7 10
7 14
7 19
7 21
7 33
7 35
7 37
8 3
8 5
8 13
8 20
8 22
8 34
8 36
8 38
9 6
9 14
9 16
9 21
9 23
9 25
9 30
9 35
9 37
10 3
10 5
10 13
10 17
10 22
10 24
10 29
10 31
10 34
10 36
11 2
11 4
11 6
11 12
11 14
11 16
11 23
11 25
11 30
11 35
11 37
12 0
12 5
12 11
12 13
12 15
12 22
12 24
12 26
12 34
12 36
13 4
13 12
13 14
13 16
13 25
13 27
13 33
13 35
14 13
14 15
14 26
14 30
14 32
15 9
15 14
15 16
15 20
15 22
15 31
15 33
15 35
15 39
16 5
16 8
16 10
16 15
16 17
16 19
16 21
16 27
16 30
16 34
17 0
17 2
17 4
17 6
17 26
17 28
18 3
18 8
18 10
18 12
18 22
18 27
19 11
19 15
19 17
19 19
19 21
20 16
20 18
20 20
20 27
20 31
21 5
21 8
21 17
21 21
21 28
21 30
21 34
22 2
22 4
22 9
22 13
22 18
22 27
22 29
22 38
23 1
23 5
23 8
23 10
23 12
23 14
23 24
23 26
23 28
23 39
24 9
24 11
24 13
24 15
24 21
24 25
24 33
24 35
25 2
25 10
25 12
25 14
25 16
25 20
25 22
25 24
25 32
25 34
25 36
25 39
26 11
26 13
26 15
26 17
26 19
26 21
26 28
26 31
26 33
26 35
27 0
27 12
27 14
27 16
27 18
27 20
27 27
27 32
27 39
28 5
28 11
28 13
28 15
28 19
28 21
29 6
29 10
29 12
29 20
29 22
29 31
29 33
29 37
30 2
30 11
30 13
30 15
30 23
30 29
30 34
30 36
31 3
31 10
31 12
31 14
31 16
31 24
31 26
31 28
31 33
31 35
32 2
32 4
32 9
32 11
32 13
32 15
32 20
32 23
32 25
32 29
32 34
33 3
33 5
33 8
33 10
33 12
33 14
33 19
33 24
33 30
34 4
34 7
34 9
34 11
34 18
34 20
34 23
34 29
34 31
34 35
34 37
35 3
35 8
35 10
35 17
35 19
35 24
35 28
35 30
35 39
36 2
36 4
36 7
36 9
36 14
36 20
36 25
36 27
36 29
36 35
36 37
37 3
37 8
37 13
37 21
37 24
37 26
37 28
37 33
37 36
37 38
38 4
38 9
38 30
38 32
38 39
39 5
39 10
39 17
39 29
39 31
4 12
4 13
4 15
4 16
4 27
4 28
4 32
4 33
5 33
4 35
5 35
4 37
5 8
5 9
6 9
5 11
5 13
5 14
5 21
5 22
5 28
5 29
5 37
5 38
6 0
6 1
6 11
6 12
7 12
6 16
6 22
6 23
6 38
6 39
7 39
7 16
7 17
7 23
7 24
8 24
7 26
8 26
7 31
8 0
8 1
8 9
9 9
8 11
8 17
8 18
8 31
8 32
9 11
9 12
9 18
9 19
9 32
9 33
10 0
10 1
10 7
10 8
11 8
10 10
11 10
10 19
10 20
10 26
10 27
11 27
10 38
10 39
11 18
11 20
11 21
11 33
11 32
12 7
12 17
12 18
12 28
12 29
13 29
12 32
12 31
13 31
12 38
12 39
13 39
13 1
13 2
13 7
13 8
14 8
13 10
13 20
13 21
14 21
13 23
14 23
13 37
14 6
14 10
14 11
14 19
14 18
15 18
14 28
14 36
14 37
15 0
15 1
15 4
15 3
16 3
15 6
15 7
15 11
15 12
15 24
15 25
16 25
15 28
15 29
16 12
16 13
16 23
16 32
16 37
16 36
17 14
18 14
17 16
18 16
17 18
18 18
17 20
18 20
17 23
17 24
17 32
17 33
17 35
17 36
17 39
17 38
18 24
18 25
18 30
18 31
18 37
18 38
19 0
19 1
19 4
19 5
19 7
20 7
19 9
20 9
19 23
19 25
19 26
19 28
19 29
20 29
19 33
20 33
19 36
19 35
20 35
20 2
20 3
21 3
20 13
20 14
20 22
20 23
20 38
20 39
21 39
21 1
21 0
22 0
21 10
21 11
22 11
21 15
21 24
21 25
22 25
21 32
21 36
22 6
22 7
22 15
22 16
22 20
23 20
22 23
22 22
23 22
22 32
22 33
22 35
22 36
23 3
23 16
23 17
23 30
23 31
24 31
23 37
24 37
24 0
25 0
24 3
24 4
24 6
24 7
24 19
24 18
25 18
24 27
24 29
25 4
25 5
25 7
25 8
25 26
25 27
25 29
25 30
26 3
26 5
26 6
26 8
26 9
26 23
26 25
27 25
26 37
27 3
27 4
27 6
27 7
27 9
27 10
27 22
27 23
27 34
27 36
27 37
28 1
28 7
28 8
28 17
28 24
28 34
28 35
29 35
29 0
29 1
29 3
29 4
29 17
29 18
29 24
29 25
30 25
29 28
29 27
30 27
29 39
30 39
30 5
30 7
30 8
31 8
30 19
30 21
31 0
31 1
31 5
31 6
31 19
31 18
32 18
31 21
31 22
31 30
31 31
31 38
31 37
32 6
32 7
32 27
32 31
32 32
32 37
32 36
33 36
32 39
33 0
33 1
33 17
33 16
33 21
33 22
33 27
33 28
33 32
33 33
33 38
33 39
34 1
34 2
34 15
34 16
34 25
34 26
35 26
35 0
36 0
35 5
35 6
35 13
35 12
36 12
35 21
35 22
35 32
35 33
36 16
36 18
36 22
36 23
36 31
37 31
37 5
37 6
37 10
37 11
37 15
37 16
37 18
37 19
38 0
39 0
38 2
38 7
38 12
39 12
38 14
38 20
38 25
39 25
38 27
39 27
38 37
39 2
39 3
39 7
39 8
39 14
39 15
39 19
39 20
39 37
39 38
7 28
7 29
8 28
8 29
27 29
27 30
28 29
28 30
38 22
38 23
39 22
39 23
38 34
38 35
39 34
39 35
