1 1
1 11
1 13
1 20
1 22
1 24
1 26
1 29
2 6
2 8
2 10
2 12
2 14
2 21
2 23
2 25
2 27
2 30
2 33
3 5
3 7
3 9
3 15
3 26
4 2
4 4
4 6
4 8
4 14
4 16
4 27
4 30
4 32
4 36
5 1
5 5
5 9
5 25
5 31
5 35
6 2
6 4
6 6
6 8
6 20
6 28
6 30
6 32
6 34
7 5
7 24
7 27
7 29
7 31
7 33
7 38
8 8
8 11
8 16
8 23
8 28
8 30
8 34
8 36
9 2
9 9
9 12
9 15
9 29
9 35
10 5
10 10
10 16
10 18
10 23
10 28
10 30
11 11
11 17
11 19
11 24
11 29
11 33
11 38
12 1
12 18
12 23
12 28
12 32
13 2
13 4
13 8
13 11
13 17
13 19
13 22
13 24
13 26
13 29
13 31
13 33
13 37
14 12
14 16
14 18
14 23
14 25
14 27
14 30
14 32
14 38
15 8
15 17
15 24
15 26
15 29
15 31
15 36
16 9
16 15
16 25
16 30
17 4
17 16
17 18
17 26
17 36
17 38
18 1
18 3
18 10
18 12
18 14
18 17
18 27
18 30
19 2
19 4
19 13
19 15
19 18
19 22
19 31
20 1
20 3
20 5
20 7
20 12
20 16
20 20
20 23
20 25
21 2
21 4
21 8
21 11
21 13
21 15
21 21
21 24
21 37
22 1
22 3
22 5
22 9
22 12
22 20
22 23
22 26
22 36
22 38
23 4
23 10
23 15
23 18
23 35
24 11
24 19
24 21
24 29
24 31
24 34
25 1
25 5
25 7
25 15
25 22
25 35
25 38
26 2
26 4
26 6
26 11
26 14
26 17
26 19
26 21
26 23
26 31
26 34
26 36
27 3
27 5
27 10
27 18
27 20
27 22
27 25
27 35
27 37
28 6
28 15
28 19
28 21
28 27
28 29
28 32
28 34
29 2
29 20
29 33
29 35
30 1
30 5
30 21
30 24
31 2
31 15
31 17
31 19
31 32
31 37
32 1
32 5
32 8
32 18
32 23
32 33
32 35
33 4
33 6
33 19
33 24
33 28
33 31
33 36
34 1
34 7
34 13
34 15
34 25
34 27
34 29
34 32
34 37
35 6
35 11
35 14
35 23
35 38
36 5
36 7
36 10
36 15
36 17
36 21
36 25
36 36
37 2
37 6
37 11
37 14
37 16
37 18
37 20
37 22
37 26
37 29
37 35
37 38
38 3
38 5
38 7
38 10
38 12
38 15
38 19
38 21
38 23
38 27
38 30
0 13
0 32
1 0
2 1
2 2
2 18
2 35
2 34
3 0
3 39
5 0
5 10
5 16
5 17
5 38
4 38
5 39
6 10
6 13
6 14
5 14
7 13
7 39
8 38
9 39
10 0
11 1
11 2
12 0
12 11
12 10
12 12
12 14
11 14
13 6
13 14
13 34
14 15
14 39
15 3
15 2
15 4
16 20
15 20
15 21
17 20
17 33
16 33
17 39
18 8
18 7
18 33
19 20
19 19
19 32
19 39
20 18
20 17
20 28
21 33
22 39
24 12
23 12
24 26
25 11
25 10
26 27
29 13
29 29
29 30
30 0
30 6
29 6
30 8
30 13
32 0
33 39
34 0
34 34
34 33
35 1
35 2
35 39
36 38
36 37
37 39
38 31
38 33
39 3
39 10
39 12
39 15
39 21
39 23
39 30
39 32
39 37
0 30
0 38
3 20
7 25
8 25
10 25
10 36
11 36
17 22
17 23
23 38
31 28
32 21
33 21
34 30
35 30
35 32
0 19
1 31
3 11
0 23
1 7
1 37
2 28
3 17
3 24
3 33
3 37
4 21
6 22
4 28
5 27
7 3
7 9
7 15
9 19
9 24
9 31
9 27
11 6
9 33
10 32
11 22
11 26
12 20
12 3
14 9
14 28
15 38
16 27
16 1
17 31
18 5
16 10
16 17
18 35
18 25
18 28
19 0
19 6
19 24
20 38
21 22
23 0
23 20
23 30
24 36
24 14
24 17
24 39
25 24
25 32
26 12
26 8
26 29
28 4
29 16
27 38
28 8
29 18
29 22
29 37
30 34
31 9
32 16
32 29
32 37
33 14
34 3
34 8
34 18
35 4
35 12
35 24
35 28
36 27
36 3
36 8
36 23
36 33
38 25
38 13
38 36
4 23
5 23
1 15
0 15
10 12
10 13
30 26
30 27
38 1
38 0
7 19
6 18
9 4
10 3
9 21
8 21
8 20
22 28
22 29
21 29
16 5
16 6
17 6
0 0
0 1
0 4
0 5
0 8
0 9
0 11
0 12
0 14
0 16
0 18
0 20
0 22
0 24
0 26
0 27
0 29
0 31
0 33
0 37
0 39
1 2
1 3
1 6
1 8
1 10
1 12
1 14
1 18
1 19
1 21
1 23
1 25
1 27
1 28
1 30
1 33
1 34
1 38
2 0
2 4
2 5
2 7
2 9
2 11
2 13
2 15
2 16
2 20
2 22
2 24
2 26
2 29
2 31
2 32
2 36
2 37
2 39
3 2
3 4
3 6
3 8
3 10
3 12
3 14
3 16
3 18
3 21
3 23
3 25
3 27
3 28
3 30
3 32
3 34
3 36
4 0
4 1
4 3
4 5
4 7
4 9
4 10
4 12
4 13
4 15
4 29
4 31
4 33
4 35
4 37
4 39
5 2
5 4
5 6
5 8
5 13
5 15
5 28
5 30
5 32
5 34
5 36
6 3
6 5
6 7
6 9
6 17
6 19
6 21
6 27
6 29
6 31
6 33
6 35
7 4
7 6
7 8
7 14
7 16
7 18
7 20
7 28
7 30
7 32
7 34
8 7
8 15
8 17
8 24
8 29
8 31
8 33
8 35
8 39
9 3
9 16
9 18
9 20
9 23
9 28
9 30
9 34
9 36
10 2
10 4
10 6
10 17
10 19
10 24
10 29
10 31
10 33
11 0
11 5
11 7
11 18
11 20
11 23
11 25
11 28
11 30
11 32
12 2
12 4
12 8
12 17
12 19
12 22
12 24
12 29
12 31
13 3
13 5
13 7
13 18
13 23
13 25
13 30
13 32
14 4
14 8
14 11
14 17
14 24
14 26
14 29
14 31
15 12
15 25
15 30
15 35
16 2
16 4
16 8
16 11
16 26
16 29
16 34
16 36
17 1
17 3
17 5
17 7
17 12
17 17
17 25
17 30
17 35
17 37
18 0
18 2
18 4
18 11
18 13
18 26
18 29
18 34
19 1
19 3
19 5
19 7
19 10
19 12
19 14
19 25
19 30
20 0
20 2
20 4
20 6
20 11
20 13
20 15
20 19
20 24
21 1
21 3
21 5
21 7
21 12
21 14
21 20
21 23
21 28
21 30
21 36
22 0
22 2
22 4
22 15
22 35
23 3
23 23
23 29
23 34
23 39
24 7
24 10
24 15
24 18
24 20
24 22
24 24
24 28
24 30
24 35
24 38
25 2
25 6
25 8
25 12
25 14
25 19
25 21
25 23
25 29
25 31
25 34
25 39
26 1
26 3
26 5
26 7
26 10
26 13
26 18
26 20
26 22
26 30
26 35
27 0
27 4
27 6
27 17
27 19
27 21
27 29
27 34
27 36
27 39
28 16
28 18
28 20
28 33
28 35
29 21
29 24
29 34
29 36
29 39
30 2
30 4
30 25
30 30
30 37
31 3
31 8
31 10
31 16
31 18
31 29
32 2
32 4
32 9
32 19
32 28
32 34
33 3
33 5
33 13
33 20
33 27
33 37
34 2
34 4
34 6
34 9
34 14
34 16
34 19
34 26
34 28
35 0
35 5
35 10
35 13
35 15
35 25
35 27
35 33
36 2
36 4
36 6
36 9
36 14
36 16
36 20
36 24
36 26
36 32
36 35
36 39
37 3
37 5
37 10
37 15
37 17
37 19
37 21
37 23
37 25
38 6
38 18
39 0
39 7
39 31
39 33
4 17
4 18
4 20
5 20
4 22
5 22
4 25
4 26
5 26
5 24
6 1
6 0
7 0
6 11
6 24
6 25
6 38
6 39
7 2
7 11
7 12
8 12
7 23
7 22
8 22
7 26
7 36
7 37
8 37
8 2
8 1
8 5
9 5
8 9
8 10
8 26
8 27
9 0
9 1
9 8
9 10
9 11
10 11
9 13
9 14
10 8
10 9
10 15
10 21
10 22
10 26
10 27
10 35
10 38
10 39
11 39
11 9
11 10
11 12
11 13
11 15
11 16
11 35
11 34
11 37
12 26
12 27
12 33
12 34
12 37
12 38
13 0
13 1
13 9
13 10
13 12
13 13
14 13
13 15
13 16
13 20
13 21
13 27
13 28
13 36
13 38
13 39
14 1
14 2
14 19
14 21
14 22
14 33
14 34
14 36
14 37
15 37
15 0
16 0
15 6
15 7
15 9
15 10
15 15
15 16
16 16
15 19
15 18
16 18
15 23
15 27
15 28
15 32
15 39
16 13
16 14
16 21
17 21
16 23
16 24
16 31
16 32
16 38
16 39
17 10
17 9
18 9
17 14
17 15
17 19
17 27
17 28
18 15
18 16
18 18
18 19
18 22
18 23
19 23
18 31
18 32
18 36
18 38
18 39
19 16
19 17
19 21
19 27
19 28
19 36
19 37
20 37
20 8
20 9
20 21
20 22
20 26
20 31
20 32
21 32
20 35
20 34
21 34
20 39
21 9
21 10
21 16
21 17
21 26
21 25
21 38
21 39
22 6
22 8
22 10
22 11
23 11
22 13
22 18
22 19
23 19
22 22
22 21
23 21
22 24
22 25
22 27
22 31
23 31
22 37
23 1
23 6
23 5
23 8
23 9
23 13
23 14
23 16
23 17
23 26
23 27
23 36
23 37
24 1
24 0
25 0
24 5
24 4
25 4
24 32
24 33
25 17
25 16
25 26
25 27
25 36
25 37
26 16
26 15
26 25
26 24
26 33
26 32
26 37
26 38
27 2
27 8
27 9
27 12
27 11
27 15
27 14
27 24
27 23
27 27
27 26
27 32
27 31
28 2
28 3
29 3
28 5
29 5
28 7
28 10
28 11
28 13
28 14
28 22
28 23
28 25
28 26
28 28
28 30
28 31
28 37
28 38
29 0
29 1
29 7
29 8
29 15
29 17
30 17
29 19
29 27
29 28
29 32
30 12
31 12
30 15
30 14
31 14
30 19
30 20
30 22
30 23
30 32
30 33
31 33
30 35
31 0
31 1
31 5
31 6
31 20
31 21
31 23
31 24
31 26
31 27
31 31
31 35
31 36
32 36
32 6
32 7
32 15
33 15
32 17
32 22
32 24
32 25
33 25
32 31
32 32
33 0
33 1
33 7
33 8
33 11
33 17
33 18
33 22
33 23
33 29
33 30
33 32
33 33
33 35
34 11
34 12
34 23
34 24
34 31
35 31
34 35
34 36
34 38
34 39
35 7
35 8
35 17
35 18
36 18
35 21
35 22
36 22
35 29
36 29
35 36
35 37
36 11
36 12
37 0
37 1
37 7
37 8
37 12
37 13
37 27
37 28
37 30
37 31
37 33
37 34
37 36
37 37
38 2
39 2
38 4
38 8
38 9
39 9
38 11
39 11
38 14
38 16
38 20
38 22
39 22
38 24
39 24
38 26
38 28
38 29
39 29
38 35
39 4
39 5
39 13
39 14
39 16
39 17
39 19
39 20
39 26
39 27
39 35
39 36
31 38
31 39
32 38
32 39
38 38
38 39
39 38
39 39
