1 22
1 36
2 2
2 15
2 23
2 26
2 30
2 35
3 3
3 6
3 8
3 13
3 16
3 18
3 25
4 2
4 4
4 7
4 19
4 27
4 29
4 34
5 8
5 28
5 35
6 4
6 9
6 14
6 17
6 27
6 36
7 2
7 5
7 7
7 21
7 25
7 32
7 37
8 1
8 3
8 6
8 8
8 17
8 20
8 22
8 24
8 36
9 2
9 4
9 16
9 18
9 25
9 30
9 32
9 38
10 5
10 10
10 15
10 22
10 24
10 31
10 33
10 35
11 9
11 23
11 25
11 29
11 32
11 34
11 36
12 5
12 15
12 18
12 20
12 22
12 26
12 28
12 30
12 33
12 35
13 10
13 16
13 19
13 21
13 27
13 29
13 34
13 37
14 9
14 11
14 17
14 22
14 28
14 38
15 3
15 8
15 10
15 12
15 15
15 18
15 31
16 2
16 4
16 9
16 22
16 25
17 3
17 5
17 7
17 10
17 18
17 21
17 26
17 28
17 32
17 34
18 4
18 15
18 19
18 29
18 36
18 38
19 3
19 20
19 22
19 37
20 6
20 15
20 21
20 23
20 26
20 38
21 1
21 14
21 20
21 27
21 29
21 31
21 33
22 9
22 13
22 19
22 21
22 26
22 28
22 38
23 20
23 22
23 31
23 37
24 3
24 13
24 17
24 21
24 28
24 30
24 32
24 35
25 2
25 4
25 8
25 10
25 29
25 31
25 33
25 36
26 1
26 3
26 7
26 9
26 21
26 30
26 35
27 2
27 4
27 6
27 8
27 23
27 31
27 36
28 7
28 12
28 30
28 32
28 35
28 37
29 2
29 19
29 23
29 33
29 38
30 1
30 15
31 25
31 38
32 3
32 18
32 24
32 30
33 1
33 13
33 19
33 29
34 12
34 14
34 24
35 8
35 10
35 13
35 15
35 29
35 33
36 9
36 12
36 14
36 28
36 34
37 8
37 13
37 15
37 35
38 1
38 5
38 9
38 12
38 14
38 36
0 5
0 7
0 10
0 12
0 14
0 16
0 22
0 25
0 34
0 36
1 5
1 4
1 6
1 10
1 12
1 13
4 13
4 14
4 23
3 23
4 31
4 30
5 0
5 23
6 10
5 10
6 21
6 20
6 22
7 10
8 13
8 14
9 12
9 29
10 2
10 12
12 2
12 39
13 0
13 1
14 39
15 19
14 19
15 36
16 38
15 38
16 39
18 39
20 8
20 7
20 9
20 11
20 39
21 38
21 37
22 1
22 2
22 4
22 25
22 39
23 3
23 9
23 8
23 10
23 24
24 16
23 16
25 11
24 11
25 17
25 18
25 21
25 20
25 22
26 11
26 23
26 24
28 21
27 21
29 21
29 35
29 39
30 6
30 7
30 13
30 28
31 6
31 35
31 39
32 11
32 32
32 31
32 35
33 8
33 31
34 10
34 23
35 2
35 16
35 18
35 23
35 36
36 0
36 22
37 7
37 21
37 31
38 0
38 7
38 23
38 22
39 1
39 5
39 12
39 14
39 18
39 21
39 23
0 38
6 31
6 30
10 39
15 13
16 13
25 14
27 27
28 27
31 4
0 20
1 24
1 37
2 7
4 9
3 38
4 5
4 11
6 15
7 18
7 27
9 7
10 17
9 36
10 8
10 26
10 20
11 4
11 16
11 19
11 27
11 38
12 7
12 24
13 12
15 1
15 6
15 21
15 24
15 29
15 32
16 31
17 8
16 35
17 12
19 16
19 28
18 2
18 21
19 1
19 30
20 13
21 5
20 32
22 7
22 34
23 12
23 33
24 7
25 27
24 19
25 34
27 0
26 13
26 37
27 33
28 18
28 5
32 20
28 24
29 16
29 31
30 30
33 5
31 19
32 22
32 26
30 26
34 0
32 37
33 33
33 38
34 30
35 21
35 11
35 27
38 20
38 30
38 34
35 4
36 4
29 11
30 11
17 16
18 17
18 13
19 12
22 11
21 10
30 9
31 10
33 27
34 26
35 31
36 32
37 29
38 28
2 28
2 27
1 27
7 38
6 38
6 39
24 37
24 38
25 38
33 17
33 16
32 16
37 16
38 16
38 17
0 0
0 2
0 4
0 6
0 8
0 9
0 11
0 13
0 15
0 17
0 19
0 21
0 23
0 24
0 26
0 29
0 30
0 33
0 35
0 37
0 39
1 1
1 2
1 9
1 11
1 15
1 17
1 18
1 20
1 21
1 23
1 26
1 28
1 30
1 31
1 33
1 35
1 38
2 0
2 1
2 3
2 4
2 6
2 8
2 13
2 14
2 16
2 18
2 19
2 22
2 24
2 25
2 29
2 31
2 34
2 36
2 37
3 2
3 4
3 5
3 7
3 9
3 11
3 12
3 14
3 15
3 17
3 19
3 22
3 24
3 26
3 27
3 29
3 30
3 34
3 35
3 37
3 39
4 0
4 1
4 3
4 6
4 8
4 12
4 16
4 18
4 20
4 21
4 25
4 26
4 28
4 32
4 33
4 35
4 36
4 38
5 2
5 4
5 5
5 7
5 9
5 11
5 14
5 15
5 17
5 19
5 20
5 22
5 24
5 27
5 29
5 30
5 33
5 34
5 36
5 37
5 39
6 0
6 2
6 3
6 5
6 7
6 8
6 12
6 13
6 16
6 18
6 25
6 26
6 28
6 32
6 35
6 37
7 1
7 6
7 17
7 20
7 22
7 24
7 26
7 28
7 36
7 39
8 2
8 7
8 16
8 21
8 23
8 25
8 27
8 32
9 8
9 10
9 17
9 22
9 24
9 26
9 31
9 33
9 39
10 9
10 16
10 21
10 23
10 25
10 32
10 34
10 36
10 38
11 5
11 15
11 20
11 22
11 24
11 26
11 28
11 33
11 35
11 39
12 6
12 12
12 14
12 19
12 21
12 23
12 27
12 29
12 34
13 5
13 7
13 11
13 22
13 28
13 30
13 33
14 3
14 6
14 8
14 10
14 29
14 34
15 2
15 9
15 11
15 22
15 25
15 33
15 35
15 39
16 3
16 10
16 12
16 21
16 26
16 32
16 34
17 2
17 4
17 6
17 9
17 11
17 17
17 27
17 29
17 31
17 33
18 3
18 5
18 10
18 12
18 14
18 16
18 18
18 28
18 30
18 32
18 37
19 2
19 4
19 9
19 11
19 13
19 15
19 19
19 21
19 36
20 1
20 3
20 5
20 14
20 20
20 22
20 33
20 35
20 37
21 2
21 4
21 9
21 11
21 13
21 19
21 21
21 23
21 28
21 30
21 32
21 34
21 39
22 8
22 10
22 12
22 14
22 20
22 22
22 27
22 29
22 31
22 33
22 37
23 13
23 15
23 19
23 21
23 23
23 28
23 30
23 32
24 0
24 6
24 8
24 10
24 12
24 14
24 18
24 20
24 22
24 29
24 31
25 1
25 3
25 5
25 7
25 9
25 13
25 24
25 28
25 30
25 32
25 35
25 37
26 0
26 2
26 4
26 6
26 8
26 14
26 18
26 29
26 31
26 36
27 1
27 3
27 5
27 7
27 15
27 24
27 30
27 32
27 35
27 37
28 0
28 2
28 8
28 11
28 13
28 19
28 23
28 26
28 31
29 1
29 9
29 15
29 18
29 22
29 24
29 30
30 2
30 10
30 23
30 25
30 29
31 3
31 9
31 18
31 24
32 10
32 17
32 19
32 25
33 0
33 6
33 14
33 20
33 26
33 30
33 32
34 11
34 13
34 21
34 25
34 27
34 29
34 38
35 12
35 14
35 20
35 22
35 24
35 28
35 30
35 32
35 39
36 13
36 27
36 29
36 31
36 33
37 9
37 12
37 14
37 20
37 22
37 28
37 34
37 36
38 29
38 31
38 35
39 0
39 17
39 22
39 30
7 3
7 4
7 8
7 9
8 9
7 11
7 14
7 15
7 31
7 30
7 33
7 34
8 0
8 4
8 5
8 11
8 12
8 18
8 19
8 29
8 30
8 34
8 35
9 35
8 38
8 37
9 37
9 0
9 1
10 1
9 3
9 5
9 6
10 6
9 15
9 14
9 19
9 20
10 3
10 4
10 11
10 13
10 14
10 18
11 18
10 29
10 30
11 7
11 8
11 11
11 10
11 30
11 31
11 37
12 0
12 1
12 3
12 4
12 10
12 9
13 9
12 16
12 17
12 25
12 31
12 32
12 37
12 36
13 15
13 17
13 18
14 18
13 20
13 25
13 26
13 35
13 36
13 38
13 39
14 0
14 1
14 12
14 13
14 15
14 16
14 20
14 21
14 23
14 24
14 26
14 27
14 31
14 32
14 37
15 37
15 4
15 5
16 5
15 7
15 14
15 16
15 17
15 28
16 28
15 30
16 30
16 0
16 1
16 7
16 8
16 14
16 15
17 15
16 18
16 19
16 24
16 23
17 19
17 20
18 20
17 23
17 22
18 22
17 25
17 36
17 35
17 38
17 39
18 0
19 0
18 8
18 7
18 25
18 26
18 35
18 34
19 34
19 6
19 7
19 23
19 24
19 26
19 27
20 27
19 29
20 29
19 31
20 31
19 38
19 39
20 17
20 16
20 24
20 25
21 0
22 0
21 7
21 6
22 6
21 15
21 16
21 25
21 26
22 18
22 17
23 17
22 35
23 2
24 2
23 4
24 4
23 25
23 26
23 35
23 36
24 36
23 38
23 39
24 26
24 27
24 33
24 34
25 16
26 16
25 39
26 39
26 10
26 12
27 12
26 20
27 20
26 22
27 22
26 26
26 27
26 33
26 34
27 9
27 10
27 17
27 28
28 4
28 6
28 16
28 17
28 28
28 29
28 33
28 34
29 34
28 36
28 38
28 39
29 3
29 4
29 6
29 7
29 12
30 12
29 20
29 32
29 36
29 37
30 0
30 14
30 16
30 17
30 19
30 20
30 27
30 32
30 33
30 38
30 39
31 0
31 1
31 5
31 7
31 14
31 15
32 15
31 22
31 21
32 21
31 26
31 27
31 30
31 31
31 34
31 37
31 36
32 36
32 1
32 2
32 4
32 5
32 7
32 8
32 13
32 12
33 12
32 23
32 29
32 28
33 28
32 33
32 34
32 38
32 39
33 39
33 2
33 3
33 18
33 23
33 24
34 1
34 4
34 5
34 8
34 9
35 9
34 15
34 16
34 18
34 19
34 33
34 34
35 0
35 1
35 3
36 3
35 6
35 7
35 34
35 35
36 35
35 37
36 37
36 5
37 5
36 7
36 8
36 10
36 11
36 15
36 16
36 19
36 18
37 0
37 1
37 17
37 18
37 25
37 26
38 26
37 38
37 39
38 39
38 2
39 2
38 4
39 4
38 6
39 6
38 8
38 10
38 11
39 11
38 13
39 13
38 15
39 15
38 19
38 24
38 33
38 37
39 8
39 9
39 19
39 20
39 24
39 25
39 27
39 28
39 32
39 33
39 36
39 37
