1 1
1 3
1 8
1 10
1 12
1 14
1 17
1 22
1 24
1 26
1 28
1 30
1 32
1 34
1 38
2 2
2 9
2 13
2 15
2 19
2 21
2 23
2 25
2 27
2 33
3 1
3 3
3 6
3 14
3 16
3 22
3 24
3 26
3 28
3 34
4 2
4 7
4 9
4 15
4 19
4 21
4 23
4 25
4 27
4 30
5 1
5 4
5 6
5 8
5 20
5 22
5 24
5 33
5 38
6 5
6 7
6 9
6 11
6 13
6 15
6 21
6 23
6 25
6 27
6 34
6 36
7 2
7 6
7 10
7 12
7 19
7 22
7 24
7 26
7 32
7 35
7 37
8 1
8 7
8 9
8 11
8 13
8 15
8 17
8 20
8 23
8 25
8 31
8 34
8 36
8 38
9 5
9 8
9 12
9 14
9 16
9 18
9 21
9 27
9 29
9 35
9 37
10 4
10 6
10 15
10 17
10 30
10 34
10 36
10 38
11 5
11 11
11 14
11 16
11 20
11 23
11 25
11 35
11 37
12 4
12 6
12 9
12 13
12 15
12 24
12 26
12 36
12 38
13 1
13 3
13 5
13 7
13 10
13 14
13 17
13 19
13 22
13 25
13 27
13 37
14 2
14 4
14 6
14 11
14 18
14 20
14 23
14 26
14 28
14 36
14 38
15 1
15 5
15 17
15 19
15 21
15 24
15 29
15 31
15 34
16 6
16 10
16 14
16 18
16 25
16 30
16 35
16 38
17 2
17 4
17 7
17 9
17 28
17 31
17 34
17 36
18 1
18 3
18 8
18 10
18 27
18 29
19 2
19 4
19 6
19 9
19 15
19 20
19 23
19 25
20 3
20 10
20 13
20 24
20 26
20 31
21 2
21 11
21 20
21 29
21 32
21 35
22 1
22 6
22 10
22 19
22 21
22 30
22 33
22 36
22 38
23 2
23 7
23 9
23 15
23 20
23 22
23 31
23 37
24 1
24 6
24 8
24 21
24 29
24 32
24 36
25 2
25 18
25 22
25 30
26 1
26 3
26 11
26 13
26 15
26 17
26 28
26 31
27 4
27 6
27 10
27 12
27 14
27 16
27 18
27 21
27 33
27 38
28 3
28 5
28 9
28 13
28 15
28 17
28 22
28 30
28 34
29 2
29 4
29 6
29 8
29 10
29 12
29 16
29 20
29 23
29 25
29 27
29 37
30 5
30 7
30 9
30 11
30 22
30 24
30 26
30 28
30 36
31 2
31 4
31 8
31 13
31 23
31 27
31 34
31 37
32 1
32 14
32 19
32 28
32 31
32 35
32 38
33 2
33 4
33 7
33 20
33 27
34 1
34 3
34 6
34 8
34 10
34 12
34 19
34 24
34 26
34 28
34 31
34 34
34 36
34 38
35 2
35 7
35 9
35 11
35 13
35 23
35 25
35 27
35 29
35 35
35 37
36 6
36 8
36 12
36 14
36 19
36 21
36 24
36 26
36 28
36 30
36 34
36 36
36 38
37 5
37 7
37 9
37 11
37 13
37 15
37 18
37 25
37 27
37 29
37 35
38 3
38 8
38 12
38 16
38 19
38 24
38 26
38 28
38 30
0 1
0 3
0 8
0 10
0 12
0 22
0 24
0 30
0 32
0 34
0 36
1 0
1 11
1 31
1 36
1 35
2 11
2 31
3 0
3 17
2 17
3 36
3 35
3 39
4 17
5 0
5 39
8 39
10 0
10 8
10 9
10 39
11 30
11 29
11 31
12 30
12 33
13 0
13 31
15 0
16 21
16 22
17 18
17 17
17 19
18 12
18 11
19 16
18 16
19 17
19 19
20 16
20 27
19 27
21 15
21 17
21 27
22 17
22 24
21 24
23 3
23 24
24 0
24 39
25 36
26 0
26 24
25 24
26 33
26 32
26 34
27 24
27 36
28 31
27 31
29 31
30 0
30 39
32 0
32 39
33 21
32 21
34 0
34 39
36 39
37 0
37 3
37 2
38 5
38 4
38 23
38 32
38 31
38 33
38 38
37 38
38 39
39 1
39 3
39 8
39 16
39 19
39 22
39 24
39 26
39 28
39 30
39 32
39 37
17 23
19 32
19 35
19 36
20 6
20 7
1 6
3 10
4 13
4 34
5 12
5 16
5 31
6 1
6 38
7 33
9 23
7 4
9 10
9 25
10 28
11 1
11 12
12 11
11 18
11 27
13 8
13 29
14 13
15 3
15 7
15 26
16 16
15 32
16 1
17 15
20 33
16 8
23 11
17 38
18 22
19 0
21 22
24 14
21 37
22 34
23 5
23 18
24 23
23 33
24 27
25 20
25 38
26 19
29 18
27 8
28 26
29 21
29 33
31 6
31 10
31 20
31 25
31 29
32 5
33 15
32 8
32 17
32 26
32 36
33 29
33 35
33 32
34 14
34 17
36 1
38 10
38 17
38 21
1 18
0 18
24 25
25 26
31 32
32 33
7 28
7 29
6 29
9 31
9 32
10 32
33 23
32 23
32 24
15 11
15 12
16 12
35 31
35 32
36 32
0 0
0 2
0 4
0 5
0 7
0 9
0 11
0 13
0 14
0 17
0 19
0 21
0 23
0 25
0 26
0 28
0 29
0 31
0 33
0 35
0 37
0 38
1 2
1 4
1 5
1 7
1 9
1 13
1 15
1 16
1 19
1 21
1 23
1 25
1 27
1 29
1 33
1 37
2 3
2 6
2 8
2 10
2 14
2 16
2 18
2 20
2 22
2 24
2 26
2 28
3 2
3 7
3 9
3 15
3 19
3 21
3 23
3 25
3 27
3 37
4 6
4 8
4 14
4 16
4 20
4 22
4 24
4 26
4 31
4 35
5 5
5 7
5 9
5 13
5 15
5 21
5 23
5 25
5 27
5 34
6 0
6 4
6 6
6 8
6 10
6 12
6 14
6 22
6 24
6 26
6 28
6 35
7 1
7 3
7 7
7 9
7 11
7 13
7 15
7 23
7 25
7 31
7 34
7 36
8 2
8 8
8 10
8 12
8 14
8 16
8 35
8 37
9 9
9 13
9 15
9 17
9 28
9 34
9 36
10 5
10 14
10 16
10 18
10 23
10 25
10 27
10 29
10 31
10 35
10 37
11 4
11 6
11 13
11 15
11 24
11 26
11 36
12 3
12 5
12 12
12 14
12 25
12 27
12 29
12 31
12 35
12 37
13 2
13 4
13 6
13 9
13 11
13 13
13 18
13 26
13 28
13 33
13 36
13 38
14 3
14 5
14 12
14 17
14 19
14 29
14 37
14 39
15 6
15 16
15 18
15 30
15 33
15 38
16 0
16 7
16 9
16 13
16 15
16 17
16 26
16 34
17 1
17 3
17 8
17 14
17 22
17 27
17 35
18 0
18 2
18 4
18 9
18 15
18 17
18 23
18 36
18 38
19 1
19 3
19 24
20 0
20 2
20 9
20 17
20 32
21 1
21 10
21 21
22 5
22 9
22 11
22 18
22 20
22 22
22 35
22 37
23 6
23 8
23 14
23 19
23 21
23 23
23 25
23 27
23 34
23 36
24 5
24 7
24 20
24 22
24 26
24 33
25 11
25 19
25 23
25 25
25 39
26 2
26 10
26 12
26 14
26 16
26 18
26 38
27 3
27 5
27 9
27 11
27 13
27 15
27 17
27 28
27 32
27 39
28 2
28 4
28 6
28 8
28 10
28 12
28 14
28 16
28 18
28 27
28 29
28 33
29 3
29 5
29 7
29 9
29 11
29 17
29 19
29 22
29 24
29 26
29 28
29 32
29 36
30 2
30 4
30 6
30 8
30 10
30 23
30 25
30 27
30 37
31 3
31 5
31 14
31 19
31 24
31 26
31 28
31 31
31 33
32 2
32 4
32 13
32 15
32 18
32 20
32 27
32 32
32 37
33 3
33 8
33 10
33 12
33 14
33 19
33 24
33 26
33 28
33 31
33 36
34 2
34 7
34 9
34 11
34 13
34 18
34 23
34 25
34 27
34 35
34 37
35 6
35 8
35 10
35 12
35 14
35 19
35 24
35 26
35 28
35 34
35 36
36 2
36 5
36 7
36 9
36 11
36 13
36 18
36 20
36 25
36 27
36 29
36 35
37 4
37 8
37 10
37 12
37 14
37 19
37 21
37 26
37 28
37 39
38 11
38 35
39 4
39 23
39 31
39 33
39 36
1 39
2 0
2 1
2 12
2 30
2 32
2 34
2 35
2 38
2 39
3 5
3 4
3 12
3 13
3 30
3 29
3 32
3 33
4 33
4 0
4 1
4 4
4 3
4 10
4 11
5 11
4 18
4 28
4 29
4 38
4 39
5 3
5 2
6 2
5 18
5 19
5 30
6 30
5 32
5 36
5 37
6 37
6 16
6 17
6 19
6 20
6 32
6 33
6 39
7 5
7 17
7 18
7 20
7 21
7 27
7 38
7 39
8 0
8 5
8 6
8 18
8 19
8 21
8 22
9 22
8 24
9 24
8 27
8 26
9 26
8 29
8 30
9 30
8 32
8 33
9 0
9 1
9 4
9 3
9 6
9 7
10 7
9 11
9 19
9 20
9 38
9 39
10 3
10 2
11 2
10 11
10 12
10 20
10 21
10 33
11 0
11 9
11 10
12 10
11 17
11 19
11 21
11 22
11 33
11 34
11 38
11 39
12 39
12 0
12 1
12 7
12 8
12 17
12 16
12 19
12 20
12 22
12 23
13 16
13 15
13 20
13 21
13 23
13 24
14 0
14 1
14 7
14 8
14 10
15 10
14 15
14 14
15 14
14 21
14 22
14 24
14 25
15 25
14 27
14 31
14 32
14 34
14 35
15 2
16 2
15 4
15 20
15 22
15 23
15 27
15 28
15 35
15 36
16 4
16 5
16 11
16 19
16 20
16 24
16 28
16 29
16 31
16 32
16 36
16 37
17 37
16 39
17 39
17 5
17 6
17 10
17 11
17 24
17 25
17 29
17 30
17 32
17 33
18 6
18 7
18 13
18 19
18 20
18 25
18 26
19 26
18 28
18 30
18 31
19 31
18 34
19 5
19 7
19 8
19 10
19 11
19 13
19 14
19 21
19 22
19 28
19 29
19 33
19 34
19 39
20 5
20 4
20 11
20 12
20 14
20 15
20 20
20 19
21 19
20 23
21 23
20 25
20 29
20 30
20 35
20 36
21 36
20 39
20 38
21 38
21 4
21 3
21 6
21 7
22 7
21 12
21 13
22 13
21 25
21 26
22 26
21 28
21 30
21 31
21 33
21 34
22 0
22 2
22 3
22 15
22 16
23 16
22 28
22 29
22 31
22 32
23 32
22 39
23 0
23 1
23 10
23 12
23 29
23 30
23 38
23 39
24 2
24 3
24 10
24 9
24 12
24 13
25 13
24 15
25 15
24 18
24 17
25 17
24 28
24 30
24 31
24 35
24 37
25 37
25 0
25 1
25 3
25 4
26 4
25 6
25 8
25 9
25 21
25 28
25 29
25 31
25 32
25 34
25 35
26 6
26 7
27 7
26 21
26 22
26 26
26 27
26 29
26 30
27 30
27 0
27 1
27 19
27 20
27 22
27 23
28 23
27 25
28 25
27 34
27 35
28 35
27 37
28 20
28 21
28 37
28 38
29 0
29 1
29 13
29 15
29 30
29 34
29 38
29 39
30 13
30 12
30 15
30 16
30 20
30 21
30 29
30 30
30 34
30 35
31 0
31 1
31 7
32 7
31 9
32 9
31 12
31 11
32 11
31 16
31 17
31 22
32 22
31 35
31 36
31 38
31 39
32 29
32 30
32 34
33 34
33 0
33 1
33 6
33 5
33 17
33 16
34 16
33 38
33 39
34 5
34 4
34 20
34 21
34 29
34 30
35 30
34 32
34 33
35 1
35 0
36 0
35 3
35 4
35 21
35 22
35 38
35 39
36 15
36 16
36 22
36 23
36 31
36 33
36 37
37 6
37 16
37 17
37 23
37 24
37 30
37 31
37 33
37 34
37 36
37 37
38 0
39 0
38 2
39 2
38 6
38 7
39 7
38 9
39 9
38 13
38 15
39 15
38 18
38 20
38 25
39 25
38 27
39 27
38 29
39 29
39 12
39 13
39 17
39 18
39 20
39 21
39 38
39 39
