1 1
1 3
1 7
1 14
1 16
1 23
1 27
1 29
1 31
1 35
1 38
2 2
2 4
2 6
2 11
2 13
2 15
2 24
2 26
2 28
2 30
3 5
3 12
3 16
3 25
3 27
3 29
3 31
3 35
3 38
4 20
4 26
4 28
4 30
4 32
4 37
5 2
5 7
5 12
5 18
5 22
5 24
5 27
5 29
5 31
6 1
6 11
6 19
6 25
6 30
6 35
6 37
7 5
7 8
7 10
7 12
7 16
7 20
7 22
7 29
7 34
7 36
8 1
8 3
8 9
8 11
8 21
8 26
8 28
9 2
9 4
9 10
9 22
9 25
9 27
9 29
9 32
10 1
10 3
10 5
10 8
10 17
10 24
10 26
10 30
10 33
10 36
11 2
11 4
11 9
11 13
11 15
11 18
11 25
11 34
11 38
12 3
12 10
12 12
12 19
12 22
12 24
12 28
12 35
13 4
13 11
13 13
13 15
13 36
13 38
14 9
14 12
14 14
14 16
14 20
15 7
15 10
15 17
15 26
15 36
16 6
16 11
16 14
16 20
16 25
16 27
16 30
16 33
16 35
17 1
17 5
17 12
17 26
17 36
18 10
18 13
18 20
18 22
18 25
18 27
18 37
19 5
19 7
19 11
19 14
19 16
19 19
19 23
19 26
19 32
19 35
19 38
20 6
20 12
20 15
20 17
20 20
20 25
20 27
20 29
20 31
20 33
21 7
21 18
21 21
21 28
21 30
21 34
22 1
22 3
22 6
22 8
22 12
22 14
22 22
23 7
23 13
23 18
23 21
23 30
24 3
24 8
24 17
24 22
24 29
25 4
25 9
25 11
25 13
25 18
25 25
25 27
25 30
26 1
26 3
26 5
26 10
26 14
26 19
26 26
26 28
26 31
27 2
27 4
27 9
27 15
27 32
28 1
28 5
28 10
28 14
28 33
28 35
29 4
29 6
29 9
29 12
29 18
29 20
29 34
30 5
30 13
30 16
30 19
30 21
30 23
30 33
30 35
30 37
31 1
31 3
31 6
31 14
31 20
31 32
31 34
31 38
32 2
32 4
32 13
32 15
32 17
32 26
32 29
32 31
33 1
33 3
33 5
33 11
33 14
33 16
33 20
33 23
33 25
33 27
33 35
34 4
34 9
34 12
34 15
34 21
34 24
34 26
34 28
34 37
35 1
35 3
35 5
35 8
35 10
35 14
35 16
35 19
35 22
35 25
35 27
35 38
36 4
36 6
36 9
36 15
36 17
36 20
36 23
36 31
36 34
36 37
37 5
37 7
37 10
37 14
37 18
37 21
37 30
37 35
37 38
38 4
38 6
38 13
38 26
38 29
38 31
38 34
0 3
0 7
0 10
0 16
0 19
0 27
0 29
0 31
1 21
1 20
2 35
2 34
2 36
3 39
4 33
3 33
5 33
5 39
6 0
8 0
8 14
7 14
9 14
9 39
10 0
10 38
11 39
13 39
14 0
14 24
13 24
14 31
14 30
15 18
14 18
16 18
17 0
17 17
18 16
19 39
20 2
20 1
20 3
20 38
21 10
22 0
22 10
22 15
21 15
22 24
22 23
22 25
22 37
23 26
23 27
23 32
23 31
23 33
23 39
24 36
24 35
25 38
24 38
25 39
26 20
25 20
27 16
26 16
27 19
27 18
27 24
27 26
27 38
27 39
28 0
28 12
28 11
28 38
30 22
29 22
30 25
31 7
31 22
31 39
32 9
33 34
32 34
33 37
33 38
34 29
34 32
35 0
35 12
35 11
35 29
35 31
35 39
37 11
37 23
37 22
37 24
37 39
38 2
38 1
38 11
38 21
38 20
39 1
39 4
39 13
39 16
39 19
39 23
39 26
39 29
39 34
39 37
2 0
3 22
12 1
13 1
12 30
16 22
27 28
27 29
29 1
0 36
1 8
1 18
4 21
2 32
5 3
5 8
1 33
3 1
5 13
3 7
5 16
5 20
6 26
7 18
7 24
8 17
8 23
8 30
8 35
9 20
10 6
12 8
10 19
10 31
13 17
13 27
11 11
13 29
11 36
13 34
14 35
15 5
15 21
16 16
16 37
17 19
18 1
17 23
17 28
17 34
18 33
18 4
19 9
20 8
19 24
19 30
20 35
19 36
21 5
21 26
21 32
22 17
22 20
23 4
23 9
23 11
24 5
24 10
24 15
24 19
24 24
27 6
25 7
30 27
31 36
26 22
28 8
29 32
30 0
30 17
32 21
31 16
33 18
34 6
32 6
34 13
34 17
36 32
37 16
37 27
37 36
38 15
38 17
15 38
15 39
30 10
31 10
35 35
34 35
38 9
39 9
26 35
27 36
12 6
13 6
13 7
0 1
0 2
0 4
0 6
0 8
0 9
0 11
0 12
0 14
0 15
0 17
0 18
0 20
0 22
0 23
0 25
0 26
0 28
0 30
0 32
0 33
0 35
0 37
0 38
1 0
1 2
1 4
1 6
1 9
1 11
1 13
1 15
1 17
1 22
1 24
1 26
1 28
1 30
1 32
1 34
1 36
1 37
1 39
2 1
2 3
2 5
2 7
2 8
2 10
2 12
2 14
2 16
2 18
2 20
2 23
2 25
2 27
2 29
2 31
2 38
2 39
3 0
3 2
3 4
3 6
3 11
3 13
3 15
3 17
3 20
3 21
3 23
3 24
3 26
3 28
3 30
3 32
3 34
4 5
4 10
4 22
4 27
4 29
4 31
5 4
5 6
5 9
5 11
5 14
5 17
5 21
5 23
5 28
5 30
5 37
6 5
6 10
6 16
6 18
6 20
6 22
6 24
6 27
6 29
6 36
7 9
7 11
7 15
7 17
7 21
7 23
7 28
7 30
7 33
7 35
8 2
8 10
8 12
8 16
8 22
8 27
8 29
8 32
8 34
8 39
9 3
9 11
9 17
9 21
9 26
9 28
9 33
10 2
10 4
10 7
10 18
10 20
10 25
10 27
10 29
10 32
10 39
11 3
11 8
11 12
11 14
11 19
11 24
11 26
11 28
11 33
12 4
12 7
12 11
12 13
12 15
12 27
12 29
12 32
12 34
12 36
13 0
13 5
13 12
13 14
13 16
13 30
13 33
13 35
13 37
14 13
14 15
14 17
14 32
14 36
15 6
15 14
15 16
15 20
15 27
15 33
15 35
15 37
16 3
16 5
16 7
16 15
16 17
16 19
16 21
16 26
16 34
16 36
16 39
17 4
17 6
17 8
17 20
17 22
17 25
17 27
17 30
17 33
18 5
18 7
18 9
18 19
18 21
18 26
18 32
19 6
19 8
19 20
19 22
19 25
19 27
19 31
20 5
20 7
20 21
20 26
20 28
20 30
20 32
20 39
21 3
21 6
21 8
21 12
21 25
21 29
21 35
22 2
22 7
22 9
22 11
22 13
22 18
22 21
22 36
23 3
23 8
23 12
23 17
23 29
23 35
24 2
24 4
24 9
24 11
24 13
24 16
24 18
24 33
24 37
24 39
25 1
25 3
25 5
25 8
25 10
25 12
25 19
25 24
25 26
26 2
26 4
26 9
26 13
26 36
27 3
27 5
27 8
27 14
27 35
28 4
28 6
28 9
28 18
28 34
28 39
29 0
29 5
29 19
29 23
29 27
29 33
29 35
30 1
30 12
30 18
30 20
30 28
30 32
30 34
30 36
31 0
31 2
31 13
31 17
31 19
31 21
31 29
31 31
31 37
32 1
32 3
32 14
32 16
32 18
32 20
32 25
32 30
33 2
33 4
33 15
33 17
33 24
33 26
34 3
34 5
34 8
34 14
34 16
34 25
34 27
35 2
35 4
35 9
35 13
35 15
35 26
35 32
35 37
36 3
36 5
36 14
36 16
36 33
37 4
37 6
37 13
37 15
37 17
37 26
37 29
37 34
37 37
38 7
39 0
39 8
39 20
3 37
3 36
4 2
4 3
4 7
4 8
4 12
4 13
4 15
4 16
4 18
4 19
5 19
4 24
4 25
4 36
4 35
4 38
4 39
5 0
5 1
5 25
5 26
5 32
5 35
5 34
6 34
6 2
6 3
6 8
6 7
6 12
6 13
7 13
6 31
6 32
6 39
6 38
7 0
7 1
7 3
7 4
7 6
7 7
7 19
7 26
7 25
8 25
7 38
7 37
8 4
8 5
8 8
8 19
8 20
8 37
8 36
9 36
9 0
9 1
9 5
9 6
9 8
9 9
9 13
10 13
9 15
9 24
9 23
9 30
9 31
10 9
10 10
11 10
10 15
10 16
10 23
10 22
10 34
10 35
11 35
10 37
11 37
11 0
11 1
11 5
11 6
11 16
11 17
11 22
11 21
11 30
11 31
12 2
12 9
12 17
12 18
12 21
12 20
12 23
12 25
12 38
12 39
13 2
13 3
13 9
13 10
13 20
13 19
14 19
13 23
13 22
13 25
13 26
14 26
13 28
14 28
14 3
14 4
15 4
14 7
14 8
14 10
14 11
14 21
14 22
14 38
14 39
15 8
15 9
15 11
15 12
15 25
15 24
15 30
15 29
16 9
16 10
16 12
16 13
16 23
16 24
16 28
16 29
16 31
16 32
17 2
18 2
17 10
17 11
17 13
17 14
17 35
17 37
17 38
18 0
18 11
18 12
18 14
18 15
19 15
18 17
18 23
18 24
18 28
18 29
19 29
18 35
18 36
18 38
18 39
19 0
19 1
19 3
19 4
19 10
19 12
19 13
19 17
19 18
19 33
19 34
20 34
19 37
20 10
20 11
20 13
20 14
21 14
20 16
20 18
20 19
20 24
20 23
20 36
20 37
21 0
21 1
21 16
21 17
21 19
21 20
21 22
21 23
21 27
21 31
21 33
22 4
22 5
22 27
22 28
22 30
22 31
22 33
22 34
22 38
22 39
23 1
23 0
24 0
23 6
23 14
23 15
23 19
23 20
23 22
23 23
24 23
23 25
24 25
24 6
24 7
24 21
24 27
24 28
24 30
24 31
25 31
25 14
25 15
26 15
25 17
25 21
25 22
25 28
25 29
25 34
25 35
26 0
26 6
26 7
26 11
26 17
26 18
26 23
26 25
27 25
26 27
27 27
26 29
26 30
26 32
26 33
27 33
26 38
26 39
27 0
27 1
27 10
27 11
27 20
27 22
27 23
27 31
28 2
28 13
28 15
28 16
28 20
28 21
29 21
28 28
28 29
28 31
28 32
28 36
28 37
29 37
29 2
29 3
29 8
29 7
29 10
29 11
29 13
29 14
29 16
29 17
29 29
29 30
30 30
30 3
30 4
30 6
30 7
30 9
31 9
30 14
30 15
31 15
30 24
30 26
31 26
30 38
30 39
31 4
31 5
32 5
31 11
31 24
31 23
32 23
31 33
31 35
32 35
32 7
32 11
32 12
32 27
32 28
32 33
32 32
32 38
32 39
33 0
33 6
33 7
33 9
33 10
33 12
33 13
33 19
33 21
33 22
33 28
33 29
33 31
33 32
33 36
34 36
34 0
34 1
34 10
34 11
34 19
34 20
34 22
34 23
34 34
35 34
34 38
34 39
35 6
35 7
35 17
35 18
35 20
35 21
35 23
35 24
35 28
35 30
36 30
36 7
36 8
36 10
36 11
36 18
36 19
36 21
36 22
36 24
36 25
36 27
36 28
36 35
36 36
36 38
36 39
37 8
37 9
37 19
37 20
37 31
37 32
38 3
38 5
38 10
39 10
38 12
39 12
38 14
38 18
38 22
39 22
38 30
38 32
38 33
39 33
38 39
38 38
39 38
39 2
39 3
39 5
39 6
39 14
39 15
39 17
39 18
39 30
39 31
15 0
15 1
16 0
16 1
36 0
36 1
37 0
37 1
38 24
38 25
39 24
39 25
38 27
38 28
39 27
39 28
38 35
38 36
39 35
39 36
