1 3
1 5
1 7
1 14
1 17
1 19
1 21
1 23
1 26
1 28
1 34
1 38
2 4
2 8
2 10
2 20
2 22
3 1
3 3
3 9
3 11
3 23
3 31
4 5
4 16
4 24
4 28
4 30
5 17
5 29
5 34
5 36
6 1
6 3
6 8
6 14
6 30
6 33
7 2
7 4
7 9
7 13
7 19
7 23
7 29
7 32
7 34
8 1
8 10
8 17
8 24
9 2
9 4
9 6
9 19
9 37
10 3
10 9
10 14
10 20
10 22
10 29
10 38
11 1
11 10
11 13
11 15
11 17
11 23
11 30
11 32
11 35
11 37
12 4
12 6
12 9
12 22
12 24
12 26
12 28
12 33
12 36
12 38
13 1
13 3
13 5
13 7
13 10
13 27
13 37
14 2
14 13
14 15
14 21
14 28
15 1
15 10
15 14
15 24
15 34
16 2
16 9
16 15
16 18
16 25
16 33
17 3
17 5
17 8
17 13
17 16
17 27
17 38
18 4
18 17
18 28
18 34
19 3
19 5
19 13
19 16
19 23
19 27
20 1
20 4
20 11
20 14
20 22
20 26
20 28
21 2
21 15
21 18
21 21
21 23
21 25
21 27
21 32
22 3
22 13
22 22
22 24
22 26
22 28
22 33
22 35
22 37
23 1
23 11
23 16
23 25
23 29
23 34
24 2
24 9
24 30
24 33
24 35
25 3
25 17
25 26
25 29
26 2
26 4
26 6
26 9
26 14
26 16
26 22
26 32
27 1
27 5
27 7
27 15
27 17
27 20
27 23
27 33
28 6
28 8
28 10
28 14
28 16
28 18
28 24
28 26
29 2
29 4
29 15
29 17
29 19
29 23
29 30
30 5
30 13
30 20
30 31
31 14
31 21
31 30
31 33
31 35
31 37
32 4
32 6
32 15
32 19
32 26
32 28
32 34
32 38
33 2
33 14
33 17
33 20
33 27
33 33
34 3
34 9
34 12
34 21
34 26
34 28
34 32
35 4
35 7
35 13
35 15
35 20
35 27
36 3
36 6
36 8
36 14
36 21
36 23
36 30
36 35
37 2
37 9
37 31
37 34
38 3
38 6
38 8
38 11
38 16
38 20
38 29
0 3
0 9
0 12
0 21
0 23
0 32
1 30
1 31
1 37
0 37
3 16
3 15
3 17
3 33
3 34
4 25
3 25
4 27
3 27
4 38
5 25
5 27
5 38
6 7
5 7
7 7
7 12
6 12
7 20
6 20
8 12
8 19
8 18
8 39
9 31
9 32
10 39
12 25
11 25
13 0
13 25
14 12
13 12
14 31
15 0
15 12
16 36
17 39
18 33
17 33
19 11
19 19
18 19
19 34
20 10
20 30
20 29
21 10
22 4
21 4
21 5
22 8
22 9
23 4
23 13
23 12
23 39
24 6
23 6
25 11
24 11
25 12
25 25
26 11
26 25
26 39
27 0
27 35
27 36
28 9
27 9
28 13
28 33
28 32
28 37
29 9
30 6
29 6
30 8
30 26
30 28
29 28
30 33
30 32
30 35
30 37
30 38
32 0
32 17
32 30
32 29
32 39
33 12
33 24
35 35
36 24
36 38
36 39
37 24
38 0
38 21
37 21
38 23
38 38
38 37
38 39
39 1
39 6
39 8
39 16
39 20
39 22
39 26
39 29
39 36
39 38
1 1
1 0
4 18
16 11
17 11
21 19
22 19
36 11
32 21
32 22
1 11
2 6
2 18
3 21
4 2
4 8
4 12
4 22
4 35
5 19
5 31
6 5
6 16
6 24
7 0
7 36
8 14
8 22
8 33
9 10
9 15
9 17
9 21
10 24
10 27
11 3
11 19
12 34
14 4
14 18
14 23
14 33
14 36
15 3
15 5
15 16
17 22
15 27
16 4
17 14
18 9
18 30
20 6
20 37
23 23
21 16
23 27
24 22
24 28
25 5
25 19
26 18
28 1
26 30
27 3
30 3
28 22
28 39
29 21
30 15
33 7
31 5
33 35
33 18
34 14
34 30
35 5
36 16
37 10
36 19
36 32
37 4
37 13
38 35
38 27
38 30
2 38
2 39
22 15
22 14
13 16
13 17
36 1
36 0
21 38
21 39
36 26
37 26
36 36
37 36
29 11
30 11
30 10
32 9
31 9
38 17
37 17
37 18
0 0
0 2
0 4
0 5
0 7
0 8
0 10
0 11
0 13
0 14
0 16
0 17
0 19
0 20
0 22
0 24
0 26
0 28
0 31
0 33
0 34
0 36
0 38
1 2
1 4
1 6
1 8
1 10
1 13
1 15
1 16
1 18
1 20
1 22
1 24
1 25
1 27
1 29
1 33
1 35
1 39
2 0
2 1
2 3
2 5
2 7
2 9
2 11
2 14
2 15
2 17
2 19
2 21
2 23
2 26
2 28
2 29
2 31
2 34
2 37
3 0
3 2
3 4
3 5
3 7
3 8
3 10
3 12
3 13
3 20
3 22
3 24
3 26
3 28
3 30
3 32
3 36
3 38
3 39
4 1
4 3
4 4
4 6
4 9
4 11
4 13
4 15
4 17
4 19
4 20
4 23
4 29
4 31
4 34
4 36
5 1
5 3
5 5
5 6
5 8
5 14
5 16
5 18
5 21
5 22
5 24
5 26
5 28
5 30
5 33
5 35
5 37
5 39
6 0
6 2
6 4
6 9
6 11
6 13
6 19
6 21
6 23
6 26
6 29
6 34
7 1
7 3
7 8
7 10
7 22
7 33
7 35
8 0
8 2
8 4
8 13
8 23
8 32
8 34
9 3
9 5
9 7
9 14
9 18
9 22
9 24
9 27
10 8
10 10
10 13
10 15
10 17
10 19
10 21
10 23
10 37
11 9
11 14
11 16
11 22
11 24
11 31
11 36
12 3
12 5
12 10
12 23
12 27
12 32
12 35
12 37
13 2
13 4
13 6
13 11
13 28
13 31
13 36
13 38
14 3
14 5
14 7
14 10
14 14
14 29
14 37
15 2
15 6
15 9
15 11
15 15
15 18
15 21
15 23
15 25
15 28
15 33
16 3
16 5
16 22
16 24
16 29
17 2
17 4
17 12
17 15
17 21
17 28
17 30
18 3
18 5
18 8
18 16
18 20
18 27
18 31
19 4
19 17
19 22
19 26
19 33
20 5
20 21
20 23
20 25
20 27
20 36
20 39
21 9
21 17
21 22
21 24
21 26
21 33
21 35
21 37
22 16
22 23
22 25
22 27
22 32
22 34
22 36
23 22
23 24
23 28
23 33
23 35
24 8
24 12
24 19
24 21
24 29
24 34
25 2
25 4
25 6
25 9
25 14
25 18
25 22
25 30
25 35
26 3
26 5
26 15
26 17
27 6
27 16
27 39
28 0
28 11
28 15
28 17
28 23
28 25
28 30
28 36
29 1
29 3
29 10
29 18
29 22
29 24
29 29
30 2
30 21
30 23
30 30
31 6
31 8
31 15
31 22
32 5
32 7
32 14
32 18
32 27
32 33
32 35
32 37
33 6
33 9
33 19
33 26
33 32
33 34
33 36
34 20
34 27
34 31
34 33
35 0
35 3
35 6
35 14
35 16
35 19
35 21
35 26
35 28
35 30
35 32
35 36
35 39
36 2
36 7
36 15
36 18
36 31
37 3
37 6
37 8
37 11
37 14
37 16
37 25
37 35
37 39
38 34
39 0
39 11
39 17
39 21
39 23
39 25
39 33
39 35
39 37
39 39
6 15
6 17
6 32
6 31
6 36
6 37
7 5
7 6
8 6
7 14
7 15
7 17
7 18
7 24
7 25
7 27
7 28
7 30
7 31
7 38
7 39
8 9
9 9
8 11
9 11
8 16
9 16
8 20
9 20
8 25
8 26
8 28
8 29
8 37
8 36
9 1
9 29
9 30
10 30
9 36
9 35
10 35
9 38
9 39
10 1
10 2
11 2
10 4
11 4
10 6
11 6
10 26
11 26
10 28
10 32
10 33
11 0
11 11
11 12
11 18
11 20
11 28
11 29
11 33
11 34
11 38
11 39
12 39
12 0
12 1
12 7
12 8
12 13
13 13
12 15
13 15
12 17
12 18
12 20
12 21
12 29
12 30
13 8
13 9
13 19
13 21
13 22
14 22
13 24
14 24
13 26
13 33
13 34
14 34
14 0
14 1
14 16
14 17
14 19
14 20
14 26
14 27
15 13
15 30
15 31
15 35
15 36
16 1
16 0
17 0
16 8
16 7
16 10
16 13
16 14
16 16
16 17
16 19
16 20
16 27
16 26
16 32
17 32
16 34
17 34
17 6
17 7
17 9
17 10
17 17
17 18
18 18
17 23
17 25
17 26
17 37
17 36
18 1
18 13
18 14
18 23
18 24
19 24
18 29
18 36
18 35
19 35
18 39
18 38
19 1
19 2
19 6
19 7
20 7
19 9
19 10
19 12
19 14
19 15
19 28
19 29
19 37
19 38
20 0
20 2
20 3
21 3
20 12
20 13
20 15
20 16
20 18
20 19
20 32
20 31
21 31
21 0
21 1
21 11
21 13
21 14
21 20
21 28
21 29
22 1
22 2
22 5
23 5
22 7
23 7
22 11
22 12
22 18
22 20
22 21
22 29
22 30
22 38
22 39
23 0
23 2
23 3
24 3
23 9
23 10
24 10
23 14
23 15
23 18
23 17
23 26
23 30
23 31
23 37
24 0
24 1
24 17
24 16
25 16
24 25
24 26
24 31
24 32
24 36
24 37
24 39
25 20
25 27
25 28
25 32
25 33
26 33
25 38
25 39
26 0
26 1
26 7
26 8
27 8
26 10
27 10
26 12
26 13
26 20
26 21
26 23
26 24
27 24
26 26
27 26
26 29
26 31
26 36
26 37
27 2
28 2
27 4
27 13
27 14
27 18
27 19
27 21
27 22
27 28
27 29
27 31
27 32
27 34
28 34
28 4
28 5
29 5
28 7
28 19
28 20
29 20
28 27
28 38
29 7
29 8
29 13
29 14
30 14
29 16
29 26
29 27
29 31
29 32
29 38
29 39
30 0
30 4
31 4
30 12
30 16
30 17
30 19
30 34
31 34
30 36
31 36
31 0
31 1
31 10
32 10
31 12
31 13
31 19
31 20
32 20
31 26
31 25
31 28
31 29
31 32
31 31
32 31
31 38
31 39
32 2
32 3
32 16
32 24
32 25
33 0
33 1
33 3
33 4
33 11
33 13
34 13
33 16
33 15
34 15
33 21
33 22
34 22
33 28
33 29
34 29
33 39
33 38
34 1
34 2
34 4
34 5
34 7
34 8
34 10
34 11
34 17
34 18
34 25
34 24
34 37
34 38
35 8
35 9
35 12
35 23
35 24
35 34
36 34
36 4
36 5
36 9
36 10
36 12
36 13
36 20
37 20
36 22
36 27
37 27
36 29
36 37
37 37
37 0
37 1
37 22
37 23
37 29
37 30
37 32
37 33
38 2
38 4
38 5
39 5
38 7
39 7
38 10
38 9
39 9
38 12
38 13
38 15
38 18
38 19
39 19
38 28
38 31
39 2
39 3
39 14
39 15
39 27
39 28
39 30
39 31
15 38
15 39
16 38
16 39
