1 1
1 5
1 13
1 18
1 20
1 27
1 29
1 33
1 35
1 37
2 9
2 12
2 19
2 21
2 24
2 28
2 34
2 36
2 38
3 2
3 4
3 6
3 8
3 11
3 13
3 25
3 27
3 32
3 37
4 1
4 3
4 5
4 7
4 12
4 18
4 23
4 26
4 33
4 36
4 38
5 2
5 4
5 6
5 11
5 22
5 24
5 34
6 1
6 3
6 5
6 12
6 23
6 25
6 31
6 33
6 36
6 38
7 2
7 4
7 6
7 10
7 24
7 29
7 32
8 1
8 3
8 5
8 11
8 16
8 23
8 33
9 10
9 12
9 15
9 17
9 19
9 21
9 24
9 30
9 32
9 35
10 9
10 13
10 18
10 22
10 25
10 29
10 36
11 3
11 7
11 14
11 23
11 28
11 33
11 37
12 12
12 15
12 19
12 29
12 32
12 38
13 13
13 18
13 23
13 28
13 30
13 33
13 36
14 3
14 6
14 9
14 11
14 19
14 24
14 27
14 31
14 34
15 10
15 20
15 23
15 25
15 28
15 30
15 32
15 35
16 3
16 7
16 9
16 11
16 14
16 16
16 19
16 21
16 26
16 33
16 38
17 1
17 8
17 13
17 15
17 17
17 20
17 22
17 27
18 16
18 18
18 21
18 23
18 25
18 29
18 37
19 4
19 7
19 13
19 15
19 24
19 26
19 30
19 32
19 35
19 38
20 2
20 5
20 20
20 25
20 27
21 4
21 16
21 26
21 34
21 36
21 38
22 9
22 17
22 28
22 33
22 35
23 2
23 4
23 12
23 18
23 32
24 3
24 6
24 11
24 15
24 17
24 19
24 23
24 31
25 2
25 14
25 16
25 18
25 26
25 29
25 35
26 1
26 3
26 10
26 17
26 28
26 30
27 2
27 6
27 8
27 13
27 18
27 25
27 29
27 34
27 38
28 1
28 9
28 14
28 17
28 19
28 26
28 28
28 30
29 6
29 8
29 10
29 13
29 18
29 20
29 27
29 29
29 31
29 33
29 38
30 1
30 11
30 21
30 26
30 28
30 30
30 32
31 2
31 4
31 12
31 14
31 22
31 25
31 27
31 29
31 36
31 38
32 1
32 8
32 10
32 13
32 15
32 20
32 28
32 35
33 2
33 7
33 9
33 14
33 18
33 22
33 24
33 29
34 1
34 3
34 6
34 13
34 15
34 17
34 19
34 23
34 25
34 30
34 32
34 38
35 4
35 18
35 26
35 28
35 33
36 5
36 12
36 23
36 27
36 37
37 3
37 6
37 10
37 13
37 24
37 26
37 36
37 38
38 7
38 11
38 17
38 19
38 22
38 37
0 1
0 5
0 13
0 16
0 18
0 20
0 27
0 29
0 31
0 33
1 0
1 2
1 4
1 17
1 30
1 32
2 16
2 39
4 19
3 19
4 29
4 39
5 28
6 0
6 8
6 26
5 26
6 39
7 8
7 26
8 0
9 5
10 0
10 1
9 1
10 26
11 1
11 5
11 25
11 24
12 0
12 39
13 38
13 37
14 39
15 0
15 36
14 36
16 1
16 6
15 6
16 36
16 39
17 0
17 6
17 11
17 29
17 28
17 30
18 1
18 2
19 8
19 11
19 39
20 7
20 6
20 21
19 21
20 30
21 21
21 39
22 0
22 30
23 6
23 5
23 26
22 26
24 0
25 23
25 22
26 0
26 21
26 20
26 31
25 31
27 23
27 39
28 0
29 1
29 2
29 23
29 34
28 34
29 39
30 0
30 18
30 34
31 32
31 33
31 39
32 0
32 18
33 32
33 33
34 0
34 20
33 20
34 39
35 10
35 20
35 34
34 34
36 0
36 1
35 1
37 1
37 39
38 3
38 2
38 4
38 8
37 8
38 13
38 12
38 14
38 16
38 32
38 31
39 2
39 4
39 7
39 9
39 11
39 13
39 15
39 17
39 19
39 22
39 32
39 37
0 7
7 12
7 13
7 38
12 3
12 4
20 9
20 10
20 13
20 12
37 34
38 34
0 38
1 6
1 15
6 14
2 1
7 34
2 5
2 10
4 21
4 31
8 39
5 18
5 35
7 15
7 30
9 7
8 9
10 11
11 30
8 29
9 3
11 35
11 18
11 21
12 6
12 27
12 34
13 15
13 21
14 1
14 12
14 17
16 24
16 12
16 31
17 38
18 5
18 27
19 36
21 1
20 3
21 18
22 37
20 15
20 35
22 11
23 14
23 29
24 21
25 11
26 15
25 27
25 38
24 36
26 26
27 16
28 5
28 24
29 36
30 7
30 9
31 16
30 13
32 21
32 38
35 16
37 28
35 38
36 17
36 30
38 20
38 23
21 24
22 24
1 22
0 22
27 36
27 35
33 36
34 36
24 7
25 7
25 8
16 34
17 34
17 35
17 32
18 33
11 10
12 10
12 9
0 0
0 2
0 4
0 6
0 8
0 11
0 12
0 14
0 15
0 17
0 19
0 21
0 23
0 25
0 26
0 28
0 30
0 32
0 34
0 35
0 37
0 39
1 7
1 9
1 10
1 12
1 14
1 19
1 21
1 24
1 26
1 28
1 34
1 36
1 38
1 39
2 0
2 2
2 4
2 6
2 8
2 11
2 13
2 15
2 17
2 18
2 20
2 22
2 23
2 25
2 27
2 29
2 30
2 32
2 33
2 35
2 37
3 1
3 3
3 5
3 7
3 12
3 14
3 18
3 26
3 31
3 36
4 2
4 4
4 6
4 11
4 13
4 22
4 32
4 37
5 3
5 5
5 12
5 14
5 19
5 21
5 23
5 31
5 33
5 36
6 2
6 4
6 6
6 13
6 15
6 18
6 22
6 24
6 32
7 3
7 5
7 9
7 16
7 23
7 25
7 31
7 33
7 39
8 10
8 15
8 17
8 19
8 24
8 30
8 32
8 38
9 0
9 9
9 11
9 16
9 18
9 20
9 29
9 31
9 39
10 3
10 10
10 21
10 28
10 30
10 35
11 0
11 4
11 6
11 22
11 29
11 34
12 7
12 18
12 28
12 33
13 6
13 19
13 22
13 27
13 29
13 39
14 2
14 10
14 13
14 15
14 18
14 23
14 28
14 30
14 37
15 3
15 9
15 14
15 19
15 24
15 29
15 31
16 0
16 4
16 8
16 13
16 15
16 20
16 30
16 32
16 35
17 5
17 12
17 14
17 16
17 21
17 33
18 0
18 4
18 13
18 15
18 17
18 24
18 28
18 30
18 32
19 10
19 12
19 25
19 27
19 37
20 4
20 8
20 24
20 26
20 36
21 15
21 17
21 20
21 22
21 33
21 35
21 37
22 8
22 16
22 29
22 34
22 36
23 3
23 7
23 9
23 11
23 13
23 15
23 17
23 21
23 28
24 2
24 8
24 14
24 16
24 18
24 22
25 3
25 15
25 17
25 28
26 2
26 4
26 11
26 16
26 18
26 27
26 29
27 5
27 7
27 12
27 17
27 24
27 26
27 28
27 37
28 6
28 8
28 13
28 18
28 25
28 27
28 29
29 0
29 7
29 9
29 24
29 26
29 28
29 30
29 32
29 37
30 2
30 25
30 27
30 29
30 33
31 3
31 13
31 15
31 26
31 28
32 2
32 7
32 9
32 14
32 22
32 29
33 3
33 6
33 8
33 13
33 15
33 21
33 23
34 7
34 14
34 16
34 18
34 22
34 24
34 26
34 33
35 0
35 17
35 19
35 23
35 25
35 27
35 32
36 18
36 24
36 26
36 28
36 36
37 2
37 9
37 14
37 25
37 27
37 37
39 1
39 3
39 8
39 12
39 14
39 16
39 31
3 10
3 9
3 20
3 21
3 23
3 24
3 28
3 29
3 33
3 34
3 38
3 39
4 0
4 9
4 8
4 16
4 17
5 17
4 24
4 25
5 25
4 27
5 27
4 34
4 35
5 0
5 1
5 7
5 8
5 10
5 29
5 38
5 39
6 10
6 11
7 11
6 20
6 29
6 30
6 34
6 35
6 37
7 0
7 1
7 7
7 20
7 21
7 27
7 28
8 28
7 36
7 37
8 2
9 2
8 4
9 4
8 7
8 6
9 6
8 12
8 13
8 21
8 22
8 35
8 34
9 13
9 14
9 22
9 23
9 25
9 26
9 34
9 33
9 36
9 37
10 7
10 8
10 12
10 14
10 15
11 15
10 17
11 17
10 19
11 19
10 23
10 24
10 33
10 32
11 32
10 37
10 38
11 2
12 2
11 8
11 9
11 12
11 13
11 26
11 27
11 36
11 38
11 39
12 11
12 13
12 14
13 14
12 16
12 20
12 21
12 23
12 24
12 30
12 31
12 36
12 37
13 1
13 0
14 0
13 3
13 4
13 9
13 8
13 11
13 12
13 16
13 17
13 24
13 25
13 31
13 32
13 34
13 35
14 35
14 4
14 5
15 5
14 8
14 7
15 7
14 20
14 21
14 25
14 26
14 32
14 33
15 11
15 12
15 16
15 17
15 21
15 22
15 26
15 27
15 33
15 34
15 38
15 39
16 2
16 10
16 17
16 18
16 22
16 23
17 23
16 25
16 27
16 28
16 37
17 37
17 2
17 3
17 7
17 9
17 10
17 18
17 19
17 25
17 26
18 26
17 39
18 7
18 8
18 19
18 20
19 20
18 22
18 35
18 36
18 38
18 39
19 2
19 3
19 5
19 6
19 14
20 14
19 16
20 16
19 18
19 22
19 23
19 29
19 31
19 33
19 34
20 34
20 1
20 0
21 0
20 18
20 19
20 29
20 28
20 31
20 32
20 38
20 39
21 3
21 2
22 2
21 6
21 5
21 9
21 10
22 10
21 13
21 12
22 12
21 25
22 25
21 28
21 27
22 27
22 4
22 5
22 18
22 19
23 19
22 23
23 23
22 32
22 31
23 31
22 39
22 38
23 38
23 0
23 1
23 33
23 35
24 35
24 4
24 5
24 10
25 10
24 12
24 20
24 24
24 26
24 27
24 29
24 30
25 30
24 33
24 32
25 32
24 37
25 0
25 1
25 6
26 6
25 12
25 13
25 19
25 20
25 24
25 25
26 25
25 34
25 36
25 37
25 39
26 8
26 9
26 13
26 14
27 14
26 22
27 22
26 34
26 35
26 38
26 39
27 0
27 1
27 3
27 9
27 10
27 19
27 20
27 30
27 31
28 31
27 33
28 33
28 2
28 3
28 10
28 11
28 16
28 15
28 20
28 21
28 35
28 36
28 38
28 39
29 5
29 4
30 4
29 11
29 12
30 12
29 15
29 14
30 14
29 17
29 19
29 21
29 22
30 22
30 6
30 8
31 8
30 10
30 16
30 17
30 19
30 20
30 31
30 36
30 35
31 35
30 38
30 39
31 0
31 1
31 6
31 5
31 10
31 11
31 20
31 21
31 23
31 24
31 30
31 31
31 37
32 4
32 5
32 11
32 12
32 16
32 17
33 17
32 19
33 19
32 24
32 25
33 25
32 27
32 33
32 34
32 36
32 37
32 39
33 0
33 1
33 10
33 27
33 28
33 30
33 31
34 31
33 35
34 35
33 38
33 39
34 2
34 4
34 5
34 9
34 10
34 12
34 28
34 29
34 37
35 37
35 2
35 3
35 5
35 6
35 12
35 13
36 13
35 15
36 15
35 21
35 29
35 30
35 39
36 3
36 4
36 6
36 7
37 7
36 10
36 11
36 21
36 22
36 31
36 33
36 34
36 38
36 39
37 0
38 0
37 4
37 5
37 11
37 12
37 16
37 17
37 19
37 20
37 22
37 23
37 30
37 31
37 35
38 6
38 10
39 10
38 18
39 18
38 21
38 24
38 26
39 26
38 29
38 28
39 28
38 33
39 33
38 35
38 36
39 36
38 39
38 38
39 38
39 5
39 6
39 20
39 21
39 23
39 24
