0 0
1 2
1 4
1 7
1 9
1 14
1 17
1 20
1 22
1 25
2 3
2 8
2 10
2 13
2 21
2 26
2 28
2 36
3 7
3 11
3 14
3 22
4 3
4 6
4 10
4 15
4 17
4 21
4 23
4 29
4 32
5 4
5 11
5 16
5 22
5 24
5 30
5 36
6 1
6 3
6 9
6 15
6 17
6 23
6 25
7 7
7 16
7 24
7 26
7 30
7 35
7 38
8 8
8 15
8 23
8 25
8 27
8 31
8 36
9 9
9 14
9 18
9 22
9 24
9 37
10 1
10 6
10 8
10 10
10 13
10 17
10 19
10 21
10 28
10 30
10 32
10 34
10 36
11 7
11 9
11 20
11 22
11 29
11 33
12 5
12 8
12 13
12 23
12 28
12 37
13 9
13 14
13 17
13 19
13 22
13 24
13 29
13 32
13 38
14 1
14 4
14 8
14 10
14 13
14 21
14 23
14 25
14 30
14 33
14 35
14 37
15 5
15 9
15 22
15 24
15 26
15 29
15 34
15 38
16 8
16 10
16 19
16 21
16 23
16 25
16 30
16 33
17 9
17 11
17 16
17 34
17 37
18 1
18 3
18 5
18 10
18 32
18 38
19 2
19 11
19 13
19 15
19 17
19 19
19 21
19 23
19 25
19 28
19 31
20 1
20 7
20 10
20 14
20 20
20 22
20 24
20 32
20 34
20 38
21 3
21 11
21 13
21 21
21 25
21 30
21 33
22 6
22 12
22 14
22 20
22 22
22 24
22 26
22 29
22 38
23 1
23 7
23 10
23 13
23 25
23 30
23 33
24 2
24 9
24 19
24 24
24 31
25 6
25 13
25 18
25 20
25 23
25 25
25 30
25 32
26 2
26 5
26 11
26 14
26 19
26 21
26 26
27 1
27 10
27 13
27 20
27 22
28 2
28 8
28 21
28 25
28 27
29 1
29 9
29 15
29 22
29 24
29 26
29 28
29 31
29 33
30 13
30 16
30 21
30 23
30 29
30 32
30 34
31 1
31 10
31 12
31 14
31 20
31 22
31 24
31 31
31 33
31 35
31 37
32 4
32 6
32 9
32 11
32 13
32 19
32 23
32 25
32 32
32 34
32 36
32 38
33 1
33 7
33 10
33 12
33 18
33 20
33 22
33 24
33 26
33 28
33 31
33 35
33 37
34 4
34 11
34 13
34 16
34 19
34 21
34 23
34 25
34 27
34 36
34 38
35 1
35 3
35 7
35 12
35 14
35 17
35 20
35 22
35 28
36 2
36 10
36 15
36 18
36 21
37 6
37 9
37 11
37 16
37 19
37 22
37 27
38 2
38 4
38 8
38 10
38 14
38 20
38 23
38 28
0 27
0 30
0 33
0 35
0 38
1 33
1 39
2 32
2 38
3 0
3 39
6 20
7 11
11 39
12 0
12 1
16 14
20 36
21 17
23 16
25 28
25 35
25 39
27 29
27 38
27 39
29 36
30 5
36 25
36 33
36 35
37 36
38 37
39 17
39 25
39 36
0 4
0 20
0 17
1 34
26 38
28 38
0 25
0 22
23 0
25 2
5 6
25 1
25 3
5 5
5 7
4 28
3 28
5 28
14 17
7 39
15 1
8 28
9 38
9 39
10 5
8 38
10 38
10 31
9 31
11 31
13 39
14 0
15 6
14 6
16 6
25 7
15 39
19 16
18 16
20 16
22 19
24 7
26 7
22 15
23 3
23 2
11 1
26 30
33 0
26 27
31 16
31 29
30 1
31 0
27 6
28 5
0 6
1 5
30 2
1 6
27 5
4 1
5 0
5 1
4 34
5 33
4 33
34 31
17 25
34 30
34 32
35 25
37 25
18 26
35 36
18 25
15 27
16 28
15 28
37 12
39 10
36 12
38 12
39 28
38 1
39 14
11 17
38 24
39 23
18 7
12 17
19 7
16 38
17 39
17 38
2 37
17 14
8 11
22 27
23 28
21 7
22 8
22 28
22 7
29 37
23 17
30 4
27 3
17 23
5 13
7 28
27 2
4 8
4 25
9 5
4 19
12 26
3 4
18 23
11 26
3 8
31 15
5 12
3 19
2 29
5 25
3 3
5 38
2 30
7 18
3 36
5 37
7 17
11 35
4 36
7 22
9 26
8 6
10 35
6 29
8 7
8 26
7 23
12 11
6 30
31 28
11 24
9 12
12 12
16 4
8 19
9 13
11 23
12 15
39 1
9 19
15 4
18 29
10 2
13 20
12 30
13 27
15 31
12 14
13 34
15 30
15 11
13 28
35 5
13 21
12 29
18 28
10 3
15 36
38 18
39 19
15 10
14 34
18 20
34 5
16 35
14 19
38 19
19 9
14 36
20 26
17 2
17 18
19 20
16 34
19 10
18 2
15 19
19 4
20 18
20 25
16 18
19 18
18 4
24 26
22 34
19 0
24 25
22 4
23 11
19 1
26 32
22 33
23 12
21 4
27 32
21 39
24 14
27 18
26 24
27 26
28 19
27 15
21 38
30 9
24 13
26 12
25 24
28 26
26 18
27 14
28 20
31 9
29 10
30 27
31 18
26 13
32 18
33 14
30 30
29 27
29 11
34 8
30 31
33 13
34 7
32 27
33 33
25 5
33 27
32 33
31 3
36 28
32 3
37 28
37 7
36 23
37 8
36 22
33 2
27 0
34 3
30 17
31 17
31 19
20 6
21 6
16 16
37 2
37 1
36 1
9 17
10 27
9 27
9 28
9 34
13 25
12 25
12 24
10 24
10 25
9 25
14 26
14 27
12 27
15 2
14 2
14 3
21 12
20 28
11 5
11 6
12 6
12 7
22 25
15 25
13 37
24 30
14 15
5 23
22 30
13 23
10 33
15 23
10 16
11 16
11 15
22 23
10 18
11 18
11 19
12 19
12 20
14 20
14 18
13 18
30 33
37 10
22 21
13 15
13 16
14 16
5 3
32 24
35 21
14 14
15 14
15 13
33 4
31 36
3 6
18 31
32 37
30 35
29 35
29 34
28 34
28 33
38 15
15 21
26 20
14 24
2 35
3 35
2 34
3 34
1 36
1 37
0 36
0 37
33 36
10 20
21 29
31 25
24 33
24 34
38 26
33 25
20 37
31 13
33 23
20 21
20 23
25 9
33 21
1 18
3 37
21 22
23 22
38 30
14 22
31 23
19 14
37 32
33 19
24 32
23 32
23 31
38 35
26 6
26 33
25 33
25 34
32 31
13 13
35 29
36 29
35 30
36 30
5 17
38 16
39 16
39 15
38 5
39 5
19 32
26 31
25 31
23 24
21 27
21 26
19 26
19 27
9 21
31 21
34 10
35 10
35 11
36 11
35 38
35 39
23 35
23 34
38 9
39 9
39 8
39 24
34 24
35 24
35 23
37 23
37 24
15 33
35 13
36 13
36 14
37 14
37 15
26 29
25 29
34 26
35 26
35 27
36 27
19 22
29 16
14 7
14 5
13 5
13 4
12 4
12 3
31 30
29 30
29 29
28 29
28 28
28 31
21 24
12 22
38 27
39 27
39 26
39 22
38 22
38 21
37 21
37 20
36 20
36 19
35 19
35 18
34 18
34 17
33 17
33 16
9 23
37 5
37 4
36 7
36 6
35 6
35 4
0 23
0 24
1 23
1 24
30 24
21 34
21 35
20 35
38 7
38 6
39 6
2 14
38 3
36 9
32 10
0 15
1 19
0 19
0 18
35 37
34 37
29 21
38 32
38 31
37 31
39 30
39 29
38 29
14 32
14 31
13 31
13 30
24 23
37 37
37 38
36 38
36 39
33 29
33 30
17 30
17 29
16 29
37 26
36 3
11 21
11 28
34 12
0 34
33 6
7 34
7 33
8 33
8 32
9 32
9 30
8 30
7 15
6 2
34 28
33 11
29 25
16 27
16 26
17 26
38 34
39 34
39 35
11 13
29 3
29 32
39 4
14 29
10 29
2 1
2 9
9 15
35 35
34 35
34 34
33 34
33 32
39 13
38 13
38 11
39 11
3 17
2 17
2 18
29 23
37 33
19 12
35 32
35 33
3 21
31 32
1 28
1 29
0 28
0 29
2 27
3 27
3 26
4 26
4 24
3 24
3 23
17 10
20 33
16 22
17 22
17 21
18 21
32 12
34 39
10 22
1 8
19 34
18 34
18 33
17 33
17 32
16 32
16 31
16 24
17 24
11 30
17 19
18 19
10 7
17 17
18 17
37 35
6 4
6 5
7 5
7 6
9 6
9 4
7 25
11 32
12 32
12 33
13 33
13 35
19 24
31 34
14 12
14 11
13 11
13 10
23 9
23 8
24 8
24 36
25 36
25 37
26 37
7 31
5 15
32 39
31 39
31 38
30 38
30 37
28 37
21 20
21 19
20 19
20 17
24 18
24 17
25 17
6 32
5 32
5 31
4 31
4 30
16 20
6 26
39 37
18 37
18 36
17 36
17 35
27 21
8 35
15 35
15 37
16 37
16 9
0 12
27 35
27 36
38 39
33 38
39 20
39 18
6 22
8 22
22 13
24 10
24 11
25 11
25 12
19 29
19 30
20 30
20 31
21 31
21 32
16 39
18 39
28 17
27 17
27 19
29 19
29 18
21 14
21 15
20 15
37 18
37 17
36 17
36 16
35 16
35 15
34 15
34 14
26 39
32 14
32 15
3 29
31 11
3 32
5 34
5 35
6 35
6 36
7 36
7 37
8 37
12 9
28 24
2 25
21 8
20 8
20 9
18 9
18 8
17 8
27 12
27 11
1 32
0 32
0 31
14 9
11 10
11 11
10 11
10 12
34 22
28 39
29 39
20 13
1 15
1 16
0 16
8 2
8 1
30 15
30 14
29 14
29 13
28 13
28 22
26 16
26 15
25 15
25 14
22 11
22 10
21 10
32 35
32 22
30 22
4 2
4 0
6 0
16 11
16 12
17 12
17 13
18 13
33 9
33 8
32 8
32 7
31 7
31 6
30 6
30 12
28 3
28 4
29 4
27 23
26 23
26 22
25 22
25 21
24 21
24 20
23 20
23 19
17 5
16 5
16 3
17 3
17 1
24 4
24 3
25 19
6 24
6 14
6 13
7 13
26 8
27 8
27 9
28 9
28 10
30 10
30 8
29 8
29 7
28 7
28 6
1 1
1 0
2 0
22 17
0 14
35 2
6 11
6 10
5 10
5 9
4 9
4 7
22 3
22 5
23 5
23 6
24 6
18 6
0 21
1 21
34 20
3 10
26 3
26 4
9 10
8 10
8 9
7 9
7 8
6 8
6 7
11 8
2 20
35 8
8 12
27 27
27 25
26 25
30 26
30 28
32 28
32 26
13 8
30 0
29 0
19 5
19 3
20 3
20 2
21 2
21 1
22 1
22 0
23 27
23 26
25 26
25 27
24 0
24 1
26 1
8 3
7 3
15 8
14 38
14 39
28 15
23 14
23 15
4 11
8 39
8 24
18 15
17 15
29 2
9 8
28 1
32 0
32 1
2 7
32 20
16 7
9 36
3 15
2 2
32 5
6 16
39 0
39 2
23 29
5 21
5 20
4 20
4 18
34 1
34 0
35 0
11 2
10 9
12 36
11 36
11 37
10 37
11 0
10 0
30 20
5 27
5 29
7 29
7 27
4 16
4 22
31 2
31 4
4 14
4 13
3 13
3 12
2 12
2 11
1 11
1 10
0 10
0 9
2 22
4 5
4 4
2 4
2 5
7 20
8 20
8 18
6 18
0 5
0 7
9 2
9 1
20 39
22 39
26 10
0 26
1 26
8 16
15 0
16 0
19 38
18 11
20 11
20 0
18 0
10 14
10 39
8 14
22 36
22 37
23 37
23 38
24 38
24 39
7 1
11 34
12 38
12 39
1 3
0 3
0 2
2 39
6 39
6 38
4 38
4 39
13 1
13 0
0 39
1 13
