0 1
1 2
1 4
1 6
1 11
1 13
1 15
1 17
1 21
1 25
1 31
1 33
1 35
1 37
2 1
2 3
2 5
2 8
2 12
2 14
2 16
2 22
2 26
2 32
2 34
2 36
2 38
3 2
3 4
3 11
3 13
3 15
3 17
3 20
3 27
3 33
3 37
4 1
4 3
4 5
4 12
4 18
4 21
4 25
4 28
4 31
4 34
5 6
5 8
5 13
5 19
5 22
5 24
5 29
5 33
5 35
5 38
6 7
6 11
6 14
6 18
6 23
6 25
6 27
6 34
7 5
7 12
7 15
7 17
7 19
7 24
7 29
7 35
7 38
8 1
8 6
8 8
8 11
8 13
8 16
32 8
8 20
8 22
8 25
8 30
8 34
9 4
9 12
9 14
9 19
9 21
9 23
9 26
9 29
9 33
9 35
9 38
10 9
10 11
10 13
10 15
10 18
10 20
10 22
10 27
10 30
10 32
10 34
10 36
11 1
11 3
11 10
11 12
11 14
11 16
11 19
11 21
11 23
11 26
11 28
11 31
11 33
11 35
11 38
12 4
12 6
12 11
12 13
12 15
12 17
12 20
12 22
12 24
12 27
13 1
13 5
13 7
13 10
13 14
13 18
13 21
13 23
13 25
13 28
14 6
14 19
14 22
14 24
14 26
14 29
14 31
14 33
14 36
15 2
15 7
15 10
15 13
15 18
15 21
15 23
15 25
15 27
15 30
15 32
15 34
15 38
16 3
16 5
16 11
16 14
16 16
16 24
16 26
16 28
16 33
16 35
17 2
17 4
17 6
17 10
17 15
17 17
17 21
17 23
17 25
17 29
17 34
17 36
17 38
18 1
18 3
18 5
18 7
18 14
18 16
18 18
18 22
18 24
18 30
18 33
18 35
19 2
19 6
19 8
19 10
19 15
19 17
19 25
19 28
19 31
19 36
19 38
20 7
20 9
20 11
20 16
20 18
20 21
20 26
20 29
20 33
20 35
20 37
21 3
21 6
21 10
21 14
21 17
21 19
21 22
21 24
21 27
21 30
21 34
21 36
21 38
22 2
22 4
22 15
22 18
22 23
22 26
22 28
22 33
22 35
22 37
23 3
23 11
23 13
23 16
23 19
23 22
23 27
23 29
23 36
24 2
24 4
24 8
24 10
24 12
24 14
24 17
24 20
24 23
24 26
25 3
25 5
25 7
25 11
25 13
25 18
25 21
25 24
25 31
25 33
25 35
25 37
26 2
26 4
26 6
26 10
26 12
26 17
26 20
26 22
26 25
26 27
26 34
26 36
26 38
27 1
27 3
27 5
27 11
27 14
27 16
27 21
27 24
27 26
27 30
27 35
28 2
28 4
28 6
28 9
28 15
28 17
28 20
28 25
28 27
28 29
28 31
28 33
29 3
29 5
29 10
29 12
29 14
29 16
29 18
29 21
7 30
29 26
29 28
29 30
29 32
29 34
29 36
29 38
30 4
30 6
30 11
30 13
30 15
30 17
30 20
30 22
30 25
30 27
30 29
30 31
30 33
30 35
30 37
31 2
31 5
31 10
31 12
31 14
31 16
31 21
31 23
31 26
31 28
31 30
31 32
31 34
31 36
31 38
32 1
32 3
32 6
32 9
32 11
32 13
32 17
32 22
32 24
32 29
32 31
32 33
32 37
33 2
33 4
33 7
33 10
33 12
33 18
33 20
33 23
33 25
33 30
33 38
34 3
34 8
34 11
34 13
34 16
34 19
34 21
34 26
34 28
34 31
34 34
34 36
35 2
35 4
35 7
35 10
35 14
35 17
35 20
35 25
35 29
35 37
36 3
36 5
36 11
36 13
36 15
36 18
36 26
36 28
36 30
37 2
37 4
37 8
37 10
37 12
37 14
37 16
37 19
37 21
37 27
37 29
38 1
38 9
38 11
38 13
38 17
38 20
38 22
38 26
38 28
38 30
38 34
0 9
0 28
6 0
6 1
6 3
6 31
13 39
16 0
21 0
24 39
25 0
36 33
36 39
38 24
38 32
39 6
39 15
39 32
0 35
0 4
0 17
15 16
0 37
0 13
11 0
0 11
0 33
14 38
0 15
0 31
2 0
2 39
4 0
7 39
9 39
8 7
7 7
9 7
10 8
10 38
11 8
11 39
15 39
17 39
18 0
19 39
20 12
19 12
21 12
21 39
21 31
20 31
22 31
2 28
3 29
3 28
0 26
1 27
1 26
5 1
27 0
31 39
33 39
27 29
4 7
5 7
8 32
9 32
6 9
2 24
38 38
4 23
5 9
1 24
2 18
5 23
3 6
38 37
4 16
39 20
39 22
37 7
2 17
5 20
6 16
39 13
39 11
39 9
5 31
7 36
3 5
3 16
4 32
7 37
5 21
7 16
39 1
39 17
9 24
39 30
4 33
39 28
38 35
10 4
9 25
11 4
37 35
39 35
38 31
5 15
5 14
6 28
36 34
9 2
6 29
13 30
38 23
8 2
11 2
14 30
12 36
13 3
11 29
12 35
12 32
11 30
14 37
12 3
14 20
11 32
16 18
14 8
14 21
13 12
12 9
17 27
17 18
10 37
14 7
12 12
12 10
16 27
16 12
17 8
14 11
14 10
18 26
15 36
18 8
16 13
16 36
18 25
19 19
19 23
16 9
18 23
19 4
19 18
16 10
18 4
18 20
17 20
18 11
36 7
23 24
22 20
23 23
18 10
22 10
22 19
23 34
19 32
23 7
23 10
20 2
22 34
19 33
24 7
21 2
24 15
24 28
21 25
24 16
26 23
23 1
23 28
26 8
28 22
21 26
24 36
23 2
26 24
25 8
28 21
31 7
25 36
28 11
25 19
31 18
28 35
27 37
31 6
31 17
25 20
29 11
26 37
25 26
29 35
36 20
32 15
31 0
26 26
37 20
32 35
31 15
32 27
33 14
31 1
33 5
35 35
31 35
29 19
33 6
33 13
31 27
34 35
29 20
34 9
34 10
35 0
35 1
34 22
34 23
36 36
38 5
36 37
38 4
36 24
35 24
24 31
37 25
37 26
29 24
7 31
8 31
8 33
3 34
33 31
9 34
37 13
37 11
37 15
37 9
19 37
36 12
33 19
33 24
33 11
7 25
19 35
36 10
31 33
31 31
14 32
31 29
33 3
38 10
39 10
38 12
39 12
35 3
16 34
20 17
4 4
9 22
34 27
35 11
35 28
34 25
36 14
9 30
38 7
38 8
39 7
39 8
31 37
34 20
32 12
9 20
28 32
16 25
31 9
35 13
10 21
31 13
31 22
31 11
32 10
7 34
36 29
39 14
38 14
9 18
28 30
38 18
16 23
7 18
2 37
34 7
14 25
14 23
16 21
21 37
37 28
33 1
36 27
20 34
5 25
31 20
32 20
32 21
33 21
33 22
35 22
35 21
36 21
30 32
34 12
30 30
9 13
21 7
32 30
36 19
35 19
35 18
34 18
34 17
33 17
33 16
32 16
28 28
17 16
19 16
30 28
36 4
25 6
27 15
16 32
10 19
38 19
39 19
39 18
32 14
26 11
38 29
39 29
17 35
3 12
18 17
21 35
26 21
34 14
34 15
35 15
35 16
36 16
36 17
37 17
37 18
38 27
39 27
39 26
27 27
37 1
14 18
19 0
19 1
20 0
20 1
30 21
38 21
39 21
17 5
5 18
11 22
11 27
10 12
27 17
22 27
11 20
27 4
30 14
30 12
15 3
28 8
28 7
17 3
29 6
16 38
16 39
17 37
29 33
32 32
29 31
30 36
25 4
29 29
13 22
34 38
29 4
20 3
19 3
19 5
29 27
26 35
27 6
30 16
32 23
24 13
18 15
23 38
18 38
18 39
24 11
16 4
22 3
37 3
10 35
28 3
29 17
17 0
17 1
2 35
20 38
20 39
20 36
22 36
29 15
3 14
35 31
35 32
2 33
37 34
35 34
35 36
37 36
11 13
19 7
30 10
28 24
27 20
39 31
26 3
29 25
39 16
38 16
29 37
37 22
37 23
36 23
36 25
38 25
21 18
18 34
21 23
25 10
39 34
39 33
38 33
10 31
20 8
1 29
35 30
34 30
34 29
33 29
33 28
32 28
1 14
0 14
6 33
37 30
37 31
36 31
36 32
8 38
8 39
32 38
32 39
1 19
33 26
32 26
32 25
31 25
31 24
30 24
30 23
29 23
29 22
29 13
32 18
30 18
30 19
28 19
28 18
25 17
28 14
39 23
24 33
23 33
23 32
22 32
28 16
39 36
35 38
35 39
34 39
23 4
4 13
30 8
30 7
26 28
21 21
21 20
20 20
20 19
22 38
22 39
23 39
21 9
22 9
22 8
23 8
1 12
0 12
27 25
32 7
8 18
33 8
33 9
35 9
35 8
36 8
34 4
34 5
35 5
35 6
36 6
24 9
10 6
9 5
26 16
12 23
14 39
25 32
28 38
27 38
27 36
28 36
28 34
27 34
27 33
26 33
0 16
1 16
18 36
27 22
27 23
32 34
33 34
33 33
34 33
34 32
20 22
19 22
19 21
18 21
11 34
18 13
19 13
19 14
20 14
20 15
21 15
21 16
22 16
22 17
23 17
23 18
24 18
24 19
26 19
26 18
32 36
33 36
33 37
34 37
2 4
19 9
39 5
37 5
23 37
24 37
25 23
25 22
24 22
24 21
23 21
23 20
24 35
23 35
2 2
24 3
2 27
22 22
0 27
2 13
6 38
6 39
5 39
9 11
13 17
12 21
30 38
30 39
29 39
16 15
15 15
15 14
14 14
14 13
13 13
13 11
15 11
15 12
17 12
17 11
19 11
23 6
22 6
22 5
21 5
21 4
22 11
21 11
12 1
12 0
13 0
32 5
32 4
31 4
31 3
30 3
30 2
29 2
29 1
28 1
28 0
0 25
18 19
30 34
12 5
10 39
1 32
0 32
11 11
38 2
39 2
39 3
36 2
26 1
26 0
6 19
6 20
7 20
21 13
22 13
22 14
23 14
23 15
19 24
20 24
20 25
22 25
22 24
9 6
25 15
25 14
26 14
26 13
27 13
27 12
28 12
20 10
25 38
25 39
26 39
28 10
27 10
27 9
26 9
12 39
12 38
26 7
1 30
0 30
0 29
35 26
24 24
24 25
25 25
24 27
25 27
7 11
34 2
15 31
5 34
23 30
22 30
22 29
21 29
21 28
20 28
20 27
19 27
19 26
24 29
25 29
25 30
26 30
26 31
27 31
8 12
13 24
30 0
32 0
15 17
16 17
0 19
0 18
1 18
16 19
15 19
15 20
17 26
8 21
10 3
9 3
17 24
32 2
9 1
10 1
10 0
10 5
9 8
9 9
8 9
8 10
17 28
18 28
18 29
19 29
19 30
20 30
17 22
13 20
13 19
12 19
12 18
11 18
11 17
10 17
10 16
9 16
9 15
8 15
8 14
7 14
7 13
6 13
6 12
5 12
5 11
4 11
4 10
3 10
7 3
7 4
8 4
8 5
11 6
11 7
12 7
15 24
8 19
10 23
10 24
11 24
11 25
12 25
12 26
13 26
13 27
14 27
14 28
15 28
15 29
16 29
16 30
17 30
17 31
18 31
18 32
22 0
22 1
24 1
24 0
6 26
2 29
0 10
1 10
2 31
3 31
3 32
12 28
12 29
13 29
20 32
5 32
1 22
0 22
0 21
13 6
4 22
3 22
3 21
2 21
2 20
1 20
10 10
5 30
4 30
4 29
27 2
8 24
8 23
7 23
7 22
6 22
20 6
4 24
4 35
11 9
13 9
13 8
15 8
15 9
17 9
17 7
16 7
16 6
15 6
15 5
14 5
14 4
13 4
13 2
14 2
14 1
15 1
15 0
1 36
0 36
1 34
0 34
18 6
25 12
12 16
30 5
1 38
1 39
0 38
0 39
25 2
17 14
30 26
25 34
38 0
39 0
15 22
28 5
4 20
4 19
3 19
3 18
3 1
3 0
10 14
21 33
36 0
34 0
6 10
6 8
7 8
7 6
6 6
6 5
5 5
12 14
6 24
23 12
18 2
28 26
2 23
2 25
3 25
3 26
4 26
4 27
5 27
5 28
7 27
7 28
4 2
5 2
5 3
16 2
17 33
8 17
2 11
0 8
1 8
1 7
2 7
2 6
4 6
3 8
4 8
1 3
0 3
1 5
0 2
0 5
0 6
9 27
9 28
10 28
10 29
13 15
8 35
8 36
9 36
9 37
11 37
11 36
13 31
12 31
3 3
6 35
6 36
5 36
5 37
4 37
4 38
3 38
3 39
15 33
12 33
13 33
13 34
14 34
14 35
15 35
15 37
26 5
13 36
13 37
39 39
39 38
37 38
37 39
6 17
6 15
4 15
4 17
29 9
2 9
23 26
11 15
8 29
7 1
7 0
8 0
24 5
10 33
5 0
15 26
1 0
1 1
2 15
8 26
10 26
3 36
