0 0
1 1
1 3
1 6
1 8
1 10
1 26
1 29
1 31
2 2
2 7
2 9
2 11
2 21
2 27
2 30
2 32
2 35
2 37
3 3
3 6
3 8
3 10
3 12
3 16
3 19
3 22
3 29
3 34
3 36
4 4
4 7
4 9
4 20
4 23
4 35
4 37
5 2
5 5
5 8
5 10
5 12
5 15
5 18
5 21
5 24
5 27
5 36
6 3
6 6
6 9
6 16
6 19
6 22
6 28
6 31
6 34
7 1
7 4
7 7
7 10
7 18
7 20
7 26
7 29
7 32
7 35
8 5
8 8
8 11
8 19
8 21
8 25
8 30
8 33
8 38
9 6
9 18
9 20
9 22
9 37
10 1
10 7
10 10
10 12
10 14
10 17
10 19
10 21
10 23
10 28
10 30
10 33
10 38
11 2
11 8
11 13
11 15
11 18
11 20
11 22
11 29
11 37
12 6
12 12
12 14
12 16
12 26
12 28
12 38
13 5
13 7
13 13
13 15
13 17
13 25
13 29
13 31
14 8
14 11
14 16
14 24
14 30
15 10
15 12
15 15
15 20
15 28
15 31
15 33
16 3
16 7
16 11
16 13
16 19
16 27
16 29
16 32
16 34
16 38
17 8
17 12
17 20
17 22
17 24
17 28
17 30
17 33
17 37
18 2
18 4
18 9
18 11
18 13
18 19
18 21
18 25
18 27
18 29
18 31
18 34
18 36
19 3
19 5
19 10
19 12
19 14
19 17
19 20
19 24
19 26
19 30
19 35
20 1
20 4
20 6
20 8
20 13
20 18
20 25
20 27
20 31
20 36
21 2
21 19
21 21
21 23
21 26
21 28
21 32
21 37
22 3
22 8
22 16
22 18
22 20
22 22
22 25
22 27
22 29
22 31
22 33
22 36
22 38
23 1
23 4
23 7
23 9
23 15
23 17
23 19
23 26
23 28
23 30
23 34
24 8
24 10
24 13
24 16
24 18
24 23
25 1
25 7
25 9
25 11
25 14
25 19
25 22
25 36
25 38
26 2
26 12
26 15
26 18
26 23
26 29
26 35
26 37
27 1
27 13
27 19
27 21
27 24
27 27
27 31
27 33
27 38
28 9
28 12
28 14
28 17
28 20
28 23
28 32
28 37
29 4
29 10
29 13
29 24
29 27
29 31
29 33
30 2
30 5
30 8
30 15
30 17
30 20
30 30
30 32
31 3
31 6
31 18
31 21
31 24
31 26
31 29
31 31
32 2
32 5
32 7
32 12
32 20
32 23
32 25
32 27
32 30
32 33
32 35
32 37
33 1
33 6
33 9
33 11
33 13
33 15
33 24
33 34
34 2
34 10
34 12
34 14
34 16
34 21
34 23
34 33
34 35
34 37
35 1
35 7
35 9
35 11
35 13
35 17
35 22
35 28
35 34
36 2
36 4
36 6
36 8
36 10
36 12
36 18
36 23
36 26
36 29
36 32
36 35
36 37
37 5
37 7
37 9
37 11
37 19
37 22
37 24
37 27
37 30
37 33
37 36
37 38
38 4
38 6
38 8
38 10
38 12
38 20
38 23
38 31
38 34
38 37
0 12
0 15
0 23
0 36
1 15
3 39
4 0
5 39
8 14
13 0
13 20
14 39
15 0
15 1
16 5
17 0
22 13
25 31
27 7
30 35
31 0
34 19
36 15
38 0
38 14
38 16
39 1
39 14
39 16
39 18
0 31
31 12
0 3
1 25
0 6
0 26
0 8
0 10
25 0
1 14
1 16
14 1
16 1
2 25
3 32
8 39
10 39
12 39
8 12
13 38
34 4
35 4
13 18
14 23
12 18
14 18
13 23
15 23
16 39
25 3
25 2
27 29
22 39
2 0
3 1
2 1
2 23
27 39
3 24
3 23
11 0
12 1
31 13
11 1
8 1
9 2
9 1
6 14
7 15
32 18
6 15
33 0
9 4
10 5
9 5
31 37
35 0
39 12
39 10
39 8
39 6
39 4
31 11
32 11
38 17
38 13
10 3
22 10
23 11
23 10
37 39
11 3
39 23
39 20
39 31
39 34
29 35
1 22
1 19
17 17
17 16
1 21
12 20
1 18
16 4
21 13
5 29
5 28
7 2
3 27
28 7
7 3
8 23
4 27
11 31
2 28
4 13
9 23
2 29
6 37
14 26
4 12
7 27
11 30
9 34
11 34
9 27
6 17
11 25
28 5
29 6
7 28
14 25
5 37
29 5
9 28
27 28
11 33
12 25
31 38
6 18
13 27
9 33
9 11
12 27
10 11
14 6
17 14
13 6
17 13
15 17
17 3
14 9
19 32
32 17
20 16
15 16
20 17
18 3
19 31
15 8
14 10
21 4
19 22
16 8
16 25
20 20
22 4
18 22
21 20
17 25
38 35
39 36
23 32
37 25
38 26
37 26
38 36
21 24
22 32
26 5
21 25
19 37
34 6
35 6
19 36
8 4
32 14
24 25
33 14
29 21
23 25
29 20
29 29
33 3
30 29
28 25
24 20
31 16
28 34
28 15
24 37
28 18
33 2
25 24
28 19
28 33
25 37
28 16
30 16
24 19
31 4
31 19
28 24
38 2
27 22
25 23
31 20
31 5
31 22
30 10
27 23
34 25
31 23
33 25
34 28
35 30
35 38
35 29
35 37
25 29
22 9
37 10
10 37
8 0
7 0
37 8
37 6
32 36
31 36
32 34
37 4
8 37
35 12
35 10
35 8
21 31
35 35
9 36
33 12
35 2
36 25
36 24
33 10
11 28
13 36
11 38
11 39
30 24
32 6
9 38
9 39
11 36
27 30
26 30
26 31
12 36
12 37
13 37
22 37
13 35
14 35
7 38
6 38
6 39
7 39
13 16
7 36
6 36
6 35
5 35
5 34
4 34
23 8
13 39
24 30
24 31
23 31
23 33
14 31
33 35
33 33
30 31
4 38
4 39
13 14
17 11
18 20
25 8
22 30
9 30
15 39
15 38
21 27
25 10
28 31
35 23
16 20
9 21
23 6
23 5
19 29
34 34
21 8
26 36
36 11
21 29
36 9
23 16
36 7
36 5
27 12
12 29
24 34
9 19
2 3
32 24
34 36
31 25
18 12
31 35
38 32
35 21
29 17
29 18
30 18
30 19
16 33
31 2
27 32
33 23
3 9
32 19
24 28
22 28
28 1
19 4
20 30
17 29
17 23
38 21
11 14
37 23
27 18
16 28
27 17
26 17
26 16
25 16
25 15
24 15
24 14
23 14
23 13
28 13
30 9
37 1
10 35
10 34
20 39
15 32
13 3
13 2
16 12
17 9
38 5
39 5
14 33
13 33
13 32
12 32
12 31
10 31
10 32
22 17
33 30
33 31
34 31
38 7
39 7
21 22
18 5
27 20
16 6
17 6
17 7
18 7
18 8
19 8
19 9
20 9
20 10
32 8
31 8
33 27
36 3
5 9
38 9
39 9
15 11
17 39
17 38
18 38
18 37
18 30
38 33
39 33
39 32
13 4
12 4
12 5
17 4
17 2
16 2
15 4
15 3
14 3
14 2
23 29
16 0
32 26
8 26
8 27
17 34
18 24
23 27
38 11
39 11
20 7
10 18
10 24
11 24
11 23
15 19
14 19
14 20
11 12
16 37
3 11
20 37
20 38
21 38
21 39
29 32
13 30
17 21
32 31
32 32
31 32
31 33
30 33
10 29
38 29
27 26
27 25
26 25
26 24
14 0
20 28
7 19
33 8
33 7
34 7
19 13
27 3
27 4
37 32
37 31
36 31
36 30
2 13
3 14
19 27
33 29
32 29
32 28
31 28
31 27
30 27
30 26
29 26
29 25
28 27
28 28
29 28
29 30
16 18
16 17
14 17
16 22
15 22
15 21
33 16
33 17
34 17
34 18
35 18
10 0
12 0
29 2
29 3
30 3
30 4
32 4
32 3
34 3
12 2
38 22
39 22
39 21
28 36
29 36
29 37
21 18
39 35
39 37
26 19
24 17
15 34
24 1
24 0
23 0
26 1
26 0
27 0
22 15
38 3
39 3
39 2
36 1
36 0
37 0
24 24
7 11
7 12
6 12
20 5
21 5
21 6
34 13
37 35
37 34
36 34
36 33
35 33
35 32
34 32
34 30
33 5
34 5
36 36
37 18
37 17
36 17
36 16
35 16
25 5
25 6
26 6
26 7
8 35
8 34
7 34
7 33
12 34
6 33
6 32
5 32
5 31
34 11
19 39
31 17
31 15
32 15
32 13
34 20
33 20
33 21
32 21
32 22
24 26
25 26
25 27
26 27
26 28
30 22
30 21
26 38
26 39
25 39
27 2
28 21
28 22
26 22
26 21
25 21
25 20
23 20
10 27
10 26
11 26
31 9
32 9
36 19
36 20
37 20
37 21
15 27
15 26
16 26
18 28
22 26
16 24
15 24
19 25
11 21
12 21
12 22
13 22
34 1
34 0
16 35
20 12
21 12
21 11
22 11
3 0
1 0
27 35
27 34
26 34
26 33
25 33
37 2
28 6
5 11
2 14
25 18
15 36
33 39
1 30
0 30
0 29
20 26
8 16
7 16
7 17
4 36
30 6
30 7
31 7
39 17
22 21
23 18
24 4
24 3
23 3
23 2
22 2
22 1
21 1
21 0
20 0
8 18
3 2
4 2
4 3
5 3
5 4
6 4
6 5
7 5
7 6
8 6
8 7
9 7
9 8
10 8
10 9
11 9
11 10
2 6
12 10
12 11
13 11
13 12
14 12
14 13
15 13
15 14
16 14
16 15
6 27
6 26
5 26
5 25
4 25
4 24
37 12
37 13
36 13
36 14
35 14
5 13
5 14
3 13
9 25
7 25
2 31
3 31
3 30
4 30
4 29
3 37
18 33
18 32
17 32
17 31
16 31
16 30
15 30
15 29
14 29
14 28
13 28
29 9
29 8
28 8
12 13
7 14
13 26
18 17
18 18
19 18
19 19
20 19
29 34
10 13
19 21
20 21
6 29
6 30
7 30
7 31
8 31
8 32
5 17
5 16
4 16
4 15
3 15
2 12
10 4
10 2
18 26
30 39
30 38
32 38
19 6
33 37
29 12
29 11
28 11
28 10
27 10
27 9
26 9
26 3
26 4
1 9
0 9
19 23
20 23
20 24
22 24
22 23
23 23
23 22
24 22
22 7
19 34
18 10
11 19
12 19
6 10
30 13
30 14
29 14
29 15
38 30
39 30
39 29
3 33
2 33
2 34
9 12
9 10
8 10
8 9
7 9
7 8
6 8
6 7
5 7
5 6
4 6
4 5
3 5
3 4
27 15
27 14
26 14
26 13
25 13
25 12
24 12
24 11
18 0
18 1
19 1
19 2
20 2
20 3
21 3
34 9
21 14
20 14
18 14
18 15
19 15
19 16
31 30
21 16
16 10
0 38
25 35
2 36
21 36
24 7
8 24
39 13
0 4
0 5
1 4
1 5
20 32
20 33
21 33
21 34
22 34
22 35
23 35
23 36
24 36
28 38
28 39
28 4
0 14
0 13
24 38
23 38
23 39
4 10
8 2
14 15
6 2
6 1
5 1
5 0
10 20
8 20
19 11
38 15
39 15
18 35
37 29
37 28
36 28
36 27
35 27
35 26
34 26
34 24
9 17
9 14
9 15
10 15
10 16
11 16
11 17
12 17
1 32
0 32
37 37
14 5
32 0
32 1
14 7
15 7
15 9
13 9
13 8
12 8
12 7
11 7
11 6
10 6
1 7
0 7
38 38
38 39
39 39
20 35
8 22
7 22
7 21
6 21
6 20
5 20
5 19
4 19
4 18
3 18
3 17
2 17
2 16
13 24
8 29
12 15
17 27
34 15
6 24
6 23
5 23
5 22
4 22
4 21
3 21
3 20
2 20
2 19
0 19
0 20
2 24
26 11
17 36
27 37
3 35
36 22
0 25
0 24
2 22
0 22
2 39
2 38
1 38
1 37
0 37
4 8
22 19
17 19
10 22
3 7
29 23
1 2
0 2
0 1
2 8
2 10
0 16
0 17
36 39
36 38
34 38
24 9
0 27
1 27
1 28
3 28
3 26
2 26
30 1
30 0
29 0
38 25
38 24
39 24
0 39
0 11
1 11
38 19
39 19
39 27
38 27
34 22
39 0
1 35
0 35
