0 0
1 8
1 11
1 13
1 17
1 19
1 21
1 23
1 25
1 27
1 29
1 33
1 35
1 37
2 4
2 7
2 9
2 12
2 14
2 18
2 20
2 22
2 24
2 36
2 38
3 5
3 8
3 13
3 17
3 19
3 23
3 25
3 27
3 29
3 37
4 6
4 9
4 11
4 20
4 22
4 28
4 38
5 1
5 12
5 21
5 23
5 32
5 34
5 36
6 2
6 11
6 20
6 22
6 28
6 33
6 35
6 37
7 1
7 5
7 7
7 12
7 14
7 16
7 23
7 27
7 29
7 32
7 34
7 36
8 4
8 15
8 24
8 33
9 1
9 3
9 12
9 16
9 19
9 23
9 25
9 30
9 32
10 20
10 24
10 31
10 38
11 7
11 10
11 12
11 15
11 17
11 32
12 1
12 6
12 8
12 13
12 16
12 21
12 23
12 25
12 28
12 30
12 33
12 35
12 37
13 2
13 7
13 9
13 14
13 18
13 20
13 22
13 24
13 29
13 34
13 38
14 1
14 3
14 5
14 19
14 21
14 23
14 28
14 30
14 33
14 35
15 2
15 4
15 6
15 20
15 22
15 29
15 31
15 34
16 1
16 3
16 5
16 7
16 9
16 11
16 23
16 27
16 30
16 32
16 35
17 2
17 4
17 6
17 8
17 10
17 16
17 19
17 28
17 31
17 34
17 36
18 1
18 3
18 7
18 15
18 18
18 20
18 29
18 37
19 19
19 21
19 27
20 3
20 7
20 14
20 18
20 20
20 25
20 30
20 33
20 36
21 6
21 13
21 19
21 21
21 23
21 29
21 37
22 2
22 7
22 12
22 20
22 22
22 24
22 27
22 30
22 38
23 3
23 6
23 13
23 16
23 19
23 23
23 25
23 28
23 31
23 33
24 4
24 7
24 10
24 12
24 14
24 17
24 24
24 29
24 34
24 38
25 5
25 8
25 11
25 13
25 15
25 18
25 22
25 25
25 28
25 30
25 33
25 35
25 37
26 6
26 9
26 16
26 23
26 29
26 34
26 36
26 38
27 1
27 4
27 7
27 10
27 15
27 17
27 24
27 27
27 33
27 35
27 37
28 2
28 5
28 11
28 16
28 25
28 36
28 38
29 1
29 3
29 6
29 17
29 27
29 32
30 5
30 14
30 21
30 24
30 28
30 33
31 6
31 20
31 22
31 32
31 34
32 1
32 3
32 5
32 7
32 9
32 21
32 23
32 27
32 29
32 31
32 33
32 35
32 38
33 2
33 4
33 8
33 10
33 14
33 16
33 19
33 22
33 24
33 26
33 28
33 30
33 34
33 36
34 3
34 5
34 7
34 9
34 11
34 13
34 15
34 17
34 23
34 25
34 27
34 29
34 37
35 8
35 16
35 18
35 21
35 24
35 28
35 30
35 33
35 36
36 2
36 9
36 19
36 25
36 27
36 29
36 31
36 34
37 1
37 3
37 5
37 7
37 10
37 32
37 35
37 37
38 2
38 4
38 6
38 8
38 11
38 13
38 24
38 27
38 36
38 38
0 5
0 15
0 31
1 31
8 39
9 7
9 36
15 16
18 25
19 39
20 0
21 9
23 0
29 19
30 10
30 38
31 12
36 13
36 39
38 22
39 15
39 20
39 22
0 21
24 39
0 13
0 8
0 27
0 17
0 19
12 0
20 9
22 9
30 9
30 11
0 33
30 25
0 25
0 23
0 29
3 30
19 33
38 21
2 39
5 0
38 29
39 28
7 0
38 28
4 39
38 25
38 26
8 36
10 36
36 0
36 1
9 0
10 39
8 19
8 18
8 20
12 5
13 39
14 0
16 24
32 22
18 14
22 39
1 30
23 38
26 39
27 0
28 39
30 17
27 32
28 12
27 12
29 12
30 13
29 0
29 7
4 13
5 14
5 13
12 3
12 2
32 0
32 39
13 12
14 13
13 26
14 25
34 12
13 25
13 13
33 12
35 12
34 38
34 39
33 38
35 38
5 29
38 14
5 28
21 35
22 36
39 38
39 8
39 6
21 36
39 11
8 7
39 13
38 39
39 24
9 10
4 26
10 10
3 26
17 25
5 3
5 2
24 2
25 3
29 18
24 3
29 38
8 11
8 12
3 1
28 29
27 22
28 23
27 23
28 30
29 25
19 34
7 10
3 2
4 4
3 15
5 8
3 35
1 3
30 35
31 36
6 4
6 15
4 18
3 4
5 5
6 10
31 35
7 4
4 33
2 15
5 9
11 5
7 15
3 18
5 38
2 35
7 30
2 3
5 6
8 28
10 33
10 2
5 19
17 14
28 7
23 37
7 21
5 33
6 38
7 31
6 21
9 14
10 26
10 22
10 13
11 34
5 20
10 32
12 31
9 2
6 24
7 28
12 10
8 14
10 12
10 16
9 22
11 19
14 37
9 26
37 14
6 23
12 34
12 32
13 10
11 24
11 16
13 37
35 22
36 23
10 19
35 23
16 33
37 33
38 34
38 0
39 1
12 24
37 34
19 4
38 1
16 34
19 3
23 35
18 30
23 21
17 17
18 9
18 5
31 24
19 29
22 21
15 10
18 22
31 14
22 32
18 31
17 18
23 34
21 31
30 3
19 8
23 26
18 35
20 5
17 9
32 24
17 5
22 14
23 32
32 14
19 22
17 35
21 11
16 10
20 29
23 27
19 7
21 5
31 3
21 30
22 13
21 12
34 31
28 14
23 8
34 30
23 7
28 15
31 8
31 28
32 28
32 8
27 8
32 11
27 9
32 10
33 32
28 26
30 29
29 4
32 32
28 27
30 30
29 5
35 6
35 14
36 17
34 14
34 6
35 17
38 32
37 30
36 30
39 32
36 36
37 36
23 2
22 16
29 16
30 16
30 15
31 15
31 13
34 28
29 31
3 28
34 24
34 26
24 33
7 2
3 24
3 22
11 11
12 11
12 12
30 6
30 7
31 7
31 9
22 23
24 28
12 9
11 9
11 8
10 8
10 7
15 35
2 27
36 10
26 30
26 37
38 9
31 33
15 30
38 12
39 12
38 7
39 7
22 19
6 12
19 32
20 32
20 31
22 31
22 33
21 33
1 36
38 5
39 5
39 4
39 14
29 9
38 10
39 10
39 9
32 34
32 30
13 35
13 5
13 6
14 6
14 7
15 7
37 9
37 8
36 8
36 7
35 7
35 5
36 5
28 35
33 35
13 33
12 36
38 3
30 32
33 29
5 11
23 24
6 36
32 26
31 25
31 23
30 23
30 22
13 8
13 28
15 5
24 13
35 29
30 1
26 35
30 34
29 34
29 33
28 33
28 32
32 4
9 31
14 4
14 2
35 9
20 19
15 3
4 10
22 37
24 37
32 6
33 23
1 24
0 24
7 33
31 31
16 36
19 18
37 6
16 31
27 16
33 3
33 9
8 32
31 1
31 0
30 0
12 22
2 13
10 4
20 21
21 22
8 9
7 8
26 33
26 32
25 32
25 31
24 31
24 30
23 30
23 29
22 29
22 28
21 28
21 27
20 27
20 26
19 26
19 25
37 11
20 38
16 22
3 9
29 2
30 2
11 27
34 8
1 18
0 18
23 12
36 20
37 20
37 18
38 18
38 16
38 19
20 13
33 5
31 21
7 13
17 3
26 15
7 35
8 35
8 34
9 34
9 33
33 7
23 39
11 33
10 35
11 35
25 0
36 15
28 10
2 33
7 9
27 2
27 3
28 3
28 4
30 4
34 22
34 21
33 21
33 20
32 20
32 19
31 19
31 18
30 18
33 15
10 0
10 1
11 0
11 1
16 8
5 22
1 26
0 26
2 29
2 30
0 30
11 38
9 29
8 29
8 30
27 38
27 39
39 29
39 30
0 22
1 22
8 8
36 22
36 21
37 21
36 28
35 20
35 19
34 19
13 21
34 18
33 18
33 17
32 17
32 16
8 37
7 37
16 6
36 26
0 38
13 19
6 7
6 8
9 9
14 34
25 19
24 19
24 20
27 19
27 18
26 18
25 29
30 36
29 36
29 37
28 37
10 3
11 3
11 4
38 23
39 23
39 25
19 11
19 10
13 30
13 31
14 31
14 32
15 32
15 33
20 16
20 15
19 15
25 34
37 27
16 4
6 27
6 26
7 26
36 24
37 24
37 25
7 11
6 34
22 6
21 38
21 39
20 39
22 1
22 0
21 0
36 33
36 32
35 32
35 31
1 1
39 21
17 33
17 32
1 7
0 7
0 6
9 11
26 13
27 13
27 14
29 14
29 13
35 27
25 2
25 1
26 1
26 0
36 18
18 19
39 27
16 2
22 35
24 35
10 30
11 30
11 31
11 28
10 28
10 27
1 28
0 28
29 28
29 29
31 29
31 27
30 27
38 37
39 37
39 36
33 31
7 6
8 6
8 5
9 5
9 4
17 38
27 20
38 33
38 31
37 31
37 29
21 7
37 19
34 16
32 36
32 37
33 37
39 19
34 10
14 22
19 20
33 33
34 33
34 34
35 34
35 35
36 35
2 5
2 6
3 6
3 7
4 7
4 8
13 15
14 15
0 20
1 20
26 22
26 21
25 21
25 20
28 18
28 17
12 20
11 20
11 21
10 21
36 37
35 37
4 12
3 12
3 11
2 11
2 10
1 10
1 9
0 9
23 17
23 18
24 18
24 25
24 26
25 26
25 27
26 27
26 28
27 28
27 29
31 11
33 11
33 13
15 23
15 24
14 24
21 20
20 37
19 37
19 36
18 36
18 34
23 14
23 15
24 15
24 16
25 16
25 17
26 17
8 27
6 30
6 29
4 29
4 30
18 17
18 16
19 16
19 12
18 12
17 7
23 20
21 14
21 15
20 17
21 17
21 18
16 16
16 17
13 3
9 24
29 39
38 17
39 17
39 16
26 19
20 34
20 35
19 14
25 4
26 4
26 5
27 5
27 6
28 6
5 35
12 26
12 27
38 35
35 11
33 27
12 7
23 22
24 22
24 23
25 23
25 24
26 24
26 25
27 25
27 26
4 3
6 3
4 5
6 5
37 4
22 26
22 25
21 25
21 24
20 24
20 23
6 32
29 26
36 16
37 16
37 15
28 1
28 0
37 13
33 39
11 6
23 10
22 10
22 11
28 22
28 21
29 21
29 20
30 20
24 0
6 1
6 0
34 4
15 1
15 0
16 0
12 38
12 39
11 39
2 37
19 1
19 0
18 0
8 1
8 0
18 6
18 4
20 4
20 6
27 34
29 11
3 38
3 39
28 8
17 11
14 20
28 24
29 24
12 15
12 14
11 14
11 13
35 39
14 26
14 27
15 27
15 28
16 28
16 29
17 29
17 30
26 8
26 7
25 7
25 6
24 6
24 5
23 5
23 4
22 4
22 3
21 3
21 2
20 2
17 1
19 30
11 18
12 18
12 17
13 17
13 16
14 16
19 28
18 28
18 27
17 27
17 26
16 26
35 25
27 11
26 11
26 10
25 10
25 9
24 9
24 8
22 8
10 23
11 23
10 25
11 25
25 39
25 38
9 13
2 8
35 15
9 15
10 15
1 38
1 39
0 39
10 17
9 17
9 18
20 11
20 10
15 21
35 13
7 17
7 18
37 38
37 39
39 39
25 14
25 12
9 20
7 20
7 22
8 25
8 3
4 21
0 16
1 16
10 37
11 37
33 0
33 1
34 1
34 2
35 2
35 3
36 3
17 24
17 23
18 23
1 4
0 4
18 8
20 8
24 11
18 21
17 21
17 20
16 20
16 19
15 19
15 18
14 18
18 10
1 2
0 2
0 1
14 29
12 29
14 12
14 11
15 11
15 9
14 9
8 16
0 37
31 39
31 38
14 14
15 14
31 5
37 0
39 0
39 2
14 38
14 39
15 38
15 39
16 12
18 2
33 25
18 38
18 39
17 39
37 2
5 39
5 37
4 37
4 36
3 36
13 1
13 0
3 34
4 34
4 32
3 32
2 1
2 0
34 36
1 34
0 34
0 35
35 0
4 14
3 14
3 16
2 21
17 37
3 20
4 27
4 25
5 25
5 24
7 24
1 12
0 12
0 11
32 2
14 36
2 25
6 16
6 14
27 36
2 19
4 0
4 1
5 17
4 17
4 19
6 19
25 36
9 38
9 39
0 32
1 32
2 17
13 23
5 31
1 14
0 14
17 13
17 15
8 23
4 23
7 39
2 23
