0 0
1 1
1 25
1 28
1 32
2 8
2 20
2 37
3 1
3 4
3 15
3 17
3 21
3 23
3 26
3 29
3 31
4 16
4 18
4 30
4 37
5 1
5 7
5 10
5 15
5 34
6 16
6 18
6 21
6 24
6 26
6 35
6 37
7 4
7 11
7 17
7 23
7 27
7 29
7 34
7 36
8 5
8 18
8 28
9 11
9 21
9 23
9 29
10 7
10 12
10 14
10 18
10 38
11 5
11 17
12 2
12 11
12 26
13 5
13 9
13 12
14 4
14 8
14 16
14 18
14 21
14 26
14 28
15 5
15 12
15 17
15 25
15 27
15 36
16 4
16 16
16 18
16 20
16 24
16 26
16 28
16 30
17 2
17 5
17 8
17 14
17 17
17 19
17 21
17 32
17 34
17 36
17 38
18 9
18 15
18 33
18 37
19 7
19 14
19 16
19 22
19 32
20 3
20 5
20 17
20 21
20 23
20 28
20 36
21 6
21 24
21 27
21 35
22 8
22 10
22 14
22 28
22 31
22 34
23 9
23 15
23 20
23 35
24 14
24 19
24 28
24 31
25 7
25 12
25 15
25 20
25 25
25 27
26 2
26 8
26 10
26 13
26 16
26 32
26 35
26 37
27 1
27 4
27 15
27 38
28 5
28 11
28 20
28 25
28 27
29 6
29 8
29 18
29 28
29 30
29 32
30 4
30 9
30 14
30 16
30 19
30 25
30 29
30 31
30 35
31 3
31 10
31 15
31 17
31 24
31 32
31 34
31 36
32 14
32 16
32 18
32 20
32 28
32 33
32 35
33 1
33 7
33 9
33 15
33 17
33 21
34 2
34 4
34 8
34 16
34 18
34 22
34 24
34 27
35 1
35 3
35 5
35 17
35 19
35 21
35 23
35 28
36 2
36 13
36 18
36 24
37 1
37 9
37 14
37 17
37 19
37 23
37 34
38 12
38 15
38 24
38 32
0 6
0 9
0 12
0 17
0 23
1 11
1 30
2 10
6 13
6 31
7 39
10 1
10 34
11 0
11 21
11 29
11 36
12 35
12 38
13 34
14 0
15 1
16 0
18 0
19 19
19 39
21 38
21 39
22 1
22 3
23 22
23 39
24 0
24 38
30 0
30 39
31 6
32 12
32 39
34 12
34 33
34 39
35 32
36 38
37 30
39 2
39 5
39 36
1 2
0 25
1 20
37 10
10 2
15 2
3 32
5 33
5 0
2 32
4 32
6 25
9 24
5 25
7 25
10 15
10 29
12 29
9 15
11 15
37 7
38 8
37 8
21 21
18 19
20 19
16 32
33 0
7 3
28 1
29 1
25 26
26 31
27 0
28 2
24 26
26 26
25 31
27 31
20 38
38 30
30 20
31 37
33 10
33 33
32 10
34 10
35 0
2 6
3 5
37 0
3 6
17 10
18 11
8 3
9 4
36 25
5 8
6 9
5 9
8 4
15 8
16 9
18 10
16 8
14 30
14 29
5 13
39 24
1 29
10 33
7 31
29 21
28 21
0 2
35 38
16 31
24 37
21 20
11 3
11 8
18 21
12 3
38 10
10 8
19 21
17 12
29 34
16 12
10 22
14 13
4 22
30 34
22 19
1 26
10 24
33 5
37 28
11 32
28 35
4 20
19 2
7 6
1 15
36 5
28 36
22 5
9 22
38 25
39 26
7 19
12 32
3 22
8 30
14 12
37 27
8 12
8 16
34 5
3 20
8 6
19 3
5 38
15 21
8 35
23 19
2 15
38 26
11 27
1 27
37 5
13 25
7 18
8 29
7 35
16 21
8 17
5 37
8 11
11 26
13 26
13 15
14 15
17 27
34 3
16 27
33 2
16 6
18 17
16 5
18 13
19 27
21 4
18 35
21 15
21 32
24 10
20 10
19 17
21 7
22 29
28 16
26 14
26 11
32 4
30 2
25 36
37 3
17 35
27 9
20 4
29 24
27 17
18 14
24 9
20 27
22 36
31 26
21 31
21 10
22 15
30 3
26 15
35 9
22 30
28 7
32 3
26 12
28 15
21 8
35 15
28 29
37 2
26 36
29 25
26 9
22 35
26 17
31 25
29 7
35 8
29 29
35 16
31 19
37 21
32 19
36 21
14 27
38 33
38 34
24 3
23 3
27 33
28 32
27 32
17 33
16 33
16 34
19 23
20 22
21 22
21 23
24 7
2 1
2 2
3 2
3 3
23 21
23 23
22 13
22 6
7 2
38 39
35 2
38 38
5 4
37 38
7 13
7 12
9 12
37 39
29 14
39 39
5 6
35 22
5 5
4 5
4 4
35 18
35 20
35 24
35 25
34 25
34 26
6 4
10 13
36 23
5 35
33 8
9 18
9 20
11 35
10 35
10 37
11 37
11 38
33 16
31 16
33 18
6 29
26 1
26 0
25 0
33 24
32 24
32 23
31 23
10 31
13 38
13 39
14 39
28 0
29 0
3 30
16 19
15 35
30 10
38 3
38 4
39 3
39 4
35 6
36 6
36 7
13 4
36 10
36 9
34 9
34 11
35 11
35 30
5 18
32 7
32 6
33 6
33 4
31 4
15 26
34 23
8 32
7 32
7 33
6 33
6 34
4 7
4 8
3 8
3 9
2 9
33 14
15 28
35 4
36 4
36 3
33 22
10 30
9 30
9 31
5 2
13 6
30 6
30 5
29 5
29 4
28 4
23 14
15 4
1 7
9 39
31 14
17 24
18 24
18 25
28 39
7 30
11 31
11 33
13 1
9 33
34 13
35 13
23 16
15 24
26 38
27 5
34 21
1 31
2 31
4 33
4 34
2 33
1 33
1 34
0 34
0 35
36 1
36 0
36 30
36 31
35 31
38 22
38 20
21 34
36 35
36 36
6 17
9 27
33 20
30 24
28 24
22 9
31 33
25 21
38 0
38 1
39 0
39 1
35 29
22 7
20 7
20 6
19 6
19 5
18 5
5 30
5 31
4 31
29 2
31 2
23 31
30 32
37 18
2 17
7 28
29 31
28 26
36 34
35 34
35 33
32 31
34 36
30 30
1 8
0 8
0 7
28 10
27 10
27 11
37 24
37 25
24 15
39 25
39 27
2 5
2 4
1 4
39 29
38 29
38 28
36 28
9 38
8 38
8 39
32 1
32 0
31 0
11 18
11 19
10 19
19 15
27 30
28 30
28 28
27 28
27 27
26 27
28 38
29 38
29 39
17 26
17 28
12 1
12 0
13 0
12 13
12 14
26 4
26 3
27 3
27 2
32 36
32 37
30 37
30 36
4 36
17 1
17 0
2 7
9 36
8 36
8 34
19 12
34 1
34 0
8 21
7 21
7 22
6 22
6 23
16 29
22 24
10 39
23 12
24 12
24 13
25 13
25 14
27 13
27 14
8 23
8 24
7 24
0 38
18 32
37 35
37 36
39 16
33 39
27 39
26 25
27 25
14 3
14 2
13 2
38 31
38 23
39 23
39 22
38 19
39 19
39 20
39 9
38 9
38 11
20 1
20 0
21 28
21 29
20 29
8 14
15 13
9 16
7 16
7 15
6 15
25 8
17 4
17 3
16 3
16 2
26 7
26 6
25 6
15 18
0 11
0 10
14 7
15 7
15 6
9 28
10 28
10 27
21 3
21 5
23 5
12 12
11 12
11 11
10 11
10 10
9 10
9 9
31 39
17 20
18 20
18 22
17 22
3 18
6 19
6 20
8 19
34 7
38 14
38 13
37 13
37 12
36 12
2 36
2 35
3 35
21 18
6 27
1 13
19 31
19 30
21 26
21 25
20 25
20 24
28 6
28 8
27 8
25 11
25 10
23 10
3 39
5 28
8 1
8 8
18 29
27 22
32 21
10 17
12 17
6 36
36 19
37 22
37 20
7 37
14 22
13 22
23 8
16 25
31 11
32 11
34 19
1 24
0 24
32 9
31 9
31 8
30 8
17 6
17 7
18 7
18 8
19 8
19 9
20 9
1 0
17 18
18 18
34 28
33 28
33 27
32 27
32 26
30 26
18 16
17 16
17 15
16 15
16 14
15 14
9 14
23 28
23 29
24 29
24 30
25 30
22 11
0 26
2 26
2 25
3 25
3 24
35 39
8 27
8 26
7 26
38 7
38 6
39 6
20 2
18 2
13 35
13 36
14 36
14 37
15 37
15 38
16 38
21 12
20 12
20 11
19 11
28 12
29 12
29 11
11 16
4 1
4 0
6 1
3 0
6 0
7 0
32 29
31 29
31 28
30 28
9 7
39 37
39 35
29 27
5 24
32 32
33 32
33 31
5 11
4 11
4 12
5 26
4 26
4 27
3 27
3 28
2 28
2 29
0 29
0 28
4 17
34 15
35 36
35 37
34 37
36 14
36 15
37 15
37 16
38 16
38 17
39 17
9 3
9 2
5 21
4 21
37 32
39 32
37 33
39 33
13 33
14 33
14 32
2 38
1 38
1 37
0 37
4 38
6 38
6 39
0 22
32 13
13 31
13 30
12 30
28 33
29 33
13 13
13 14
5 16
19 33
23 25
24 25
24 27
4 19
35 27
15 0
29 9
12 7
11 7
11 6
10 6
10 5
9 5
24 32
25 32
31 20
31 18
30 18
30 17
29 17
29 16
13 16
21 14
20 14
15 22
13 28
12 28
12 27
2 12
3 13
2 23
15 20
14 20
14 19
13 19
13 18
27 16
20 16
21 16
21 17
22 17
22 18
27 18
28 18
28 19
29 19
29 20
31 31
23 1
23 0
2 19
1 19
1 18
0 18
16 36
34 35
33 35
33 34
32 34
0 16
1 16
11 14
18 34
18 36
19 36
19 37
20 37
17 37
20 39
3 37
20 32
22 32
22 33
23 33
23 34
24 34
24 35
25 35
21 1
21 0
25 37
4 10
6 11
6 10
7 10
23 37
23 36
21 36
0 32
19 13
13 11
13 10
12 10
12 9
11 9
11 2
11 4
17 13
13 8
14 17
24 17
24 18
25 18
25 19
26 19
26 20
27 20
16 17
25 16
0 1
0 3
29 22
0 39
27 35
29 35
26 33
26 34
39 12
22 27
17 11
39 15
27 37
25 28
3 16
12 24
12 25
14 25
4 15
19 0
15 9
14 9
10 0
9 0
34 17
31 35
4 29
1 14
0 14
0 13
14 23
13 23
36 17
2 21
1 21
32 17
4 23
20 18
25 24
10 23
11 23
15 30
15 31
17 31
17 30
16 23
2 13
5 12
6 8
6 7
7 7
7 5
24 39
25 39
30 13
15 11
22 38
22 39
25 2
24 2
24 4
12 20
12 21
13 21
15 16
32 15
5 14
20 20
22 20
3 12
10 25
20 35
17 9
3 14
2 11
30 15
0 5
14 5
12 5
24 20
18 38
18 39
17 39
10 21
19 26
19 28
