0 0
1 1
1 3
1 7
1 9
1 11
1 13
1 15
1 20
1 23
1 27
1 33
2 2
2 8
2 10
2 14
2 19
2 32
2 35
3 11
3 13
3 17
3 20
3 24
3 31
3 36
4 1
4 5
4 7
4 14
4 21
4 23
4 25
4 28
4 30
4 35
4 37
5 2
5 6
5 18
5 20
5 22
5 24
5 26
5 34
5 36
5 38
6 3
6 5
6 14
6 19
6 21
6 23
6 25
6 27
6 31
6 33
6 37
7 12
7 15
7 17
7 22
7 24
7 26
7 28
7 30
7 32
7 38
8 13
8 19
8 21
8 27
8 29
8 31
9 1
9 3
9 11
9 14
9 20
9 26
9 28
9 32
9 35
10 4
10 6
10 9
10 27
10 33
10 36
11 5
11 7
11 10
11 14
11 17
11 34
12 9
12 15
12 18
12 20
12 22
12 26
12 29
12 35
12 37
13 10
13 16
13 19
13 21
13 23
13 25
13 30
13 34
13 36
13 38
14 1
14 5
14 9
14 17
14 24
15 4
15 6
15 13
15 18
15 23
15 25
15 34
16 5
16 11
16 14
16 16
16 19
16 27
16 31
16 33
17 4
17 6
17 12
17 34
17 38
18 3
18 13
18 22
18 27
18 31
18 33
18 35
18 37
19 2
19 9
19 11
19 15
19 21
19 25
19 28
19 32
19 34
19 36
20 8
20 10
20 16
20 26
20 29
20 33
20 35
21 1
21 7
21 9
21 15
21 17
21 19
21 24
21 28
21 36
22 6
22 20
22 25
22 29
22 33
22 38
23 1
23 28
23 30
23 32
24 2
24 4
24 9
24 15
24 31
25 1
25 5
25 10
25 13
25 20
25 22
25 24
25 28
25 30
25 33
25 35
26 4
26 6
26 9
26 11
26 18
26 23
26 25
26 29
26 38
27 1
27 3
27 10
27 16
27 24
27 30
27 33
28 2
28 8
28 11
28 13
28 17
28 28
28 31
28 34
29 9
29 21
29 23
29 32
29 35
30 1
30 5
30 7
30 22
30 24
30 30
30 33
30 36
30 38
31 2
31 4
31 6
31 15
31 17
31 23
31 25
31 32
31 37
32 1
32 3
32 9
32 11
32 14
32 16
32 18
32 24
32 26
32 36
32 38
33 2
33 10
33 12
33 17
33 19
33 25
33 32
33 35
33 37
34 3
34 9
34 11
34 16
34 23
34 30
34 33
35 10
35 14
35 20
35 22
35 25
35 29
35 35
35 38
36 2
36 5
36 7
36 9
36 16
36 19
37 4
37 6
37 8
37 17
37 23
37 25
37 38
38 7
38 9
38 12
38 16
38 18
38 22
38 24
38 31
38 35
0 18
0 25
0 29
0 31
0 37
1 29
1 38
1 39
3 39
6 0
7 8
8 7
9 16
10 24
10 39
16 1
16 29
17 25
18 18
20 39
22 13
23 12
23 17
29 19
30 12
32 21
33 28
35 0
38 14
38 20
39 3
39 5
39 14
39 20
39 28
0 27
2 27
30 15
6 12
0 3
1 24
1 26
1 35
0 15
0 13
23 0
0 20
1 28
1 30
6 8
23 11
0 33
1 34
1 36
39 24
5 39
5 17
37 27
38 26
37 26
7 11
9 15
9 17
37 24
10 37
13 39
17 7
18 6
15 31
19 13
18 23
19 1
26 37
26 20
22 17
24 17
37 39
22 26
22 21
22 39
21 26
23 26
22 1
21 38
25 0
27 0
28 18
31 30
32 39
7 35
8 35
38 37
37 37
35 16
36 14
35 15
35 17
35 33
12 27
34 25
13 28
12 28
39 16
34 24
34 26
16 9
17 10
16 10
39 22
39 18
18 39
19 38
18 38
39 31
2 37
3 37
3 26
38 19
8 6
18 17
3 25
9 38
8 38
16 25
21 13
3 33
30 11
15 30
3 32
1 21
3 18
1 22
3 19
4 16
3 16
3 9
2 9
0 8
1 8
8 33
8 32
10 29
9 30
33 0
34 1
10 28
17 28
33 1
4 3
8 30
17 27
29 25
30 26
5 3
23 20
19 12
5 15
7 18
25 37
15 21
15 26
19 23
8 2
26 19
10 21
14 37
9 5
27 18
10 0
9 21
26 13
22 2
30 25
9 2
21 37
15 22
11 3
15 27
24 20
11 19
7 19
5 14
10 5
13 37
16 17
27 13
14 11
11 4
11 8
19 7
11 23
12 19
16 18
22 10
11 36
14 10
11 9
12 23
16 3
15 36
19 8
18 14
18 29
12 36
13 2
21 10
15 35
16 4
19 29
16 37
13 1
18 15
22 36
17 37
23 36
21 30
20 31
19 31
21 29
22 31
23 3
23 31
24 3
33 4
20 27
25 14
20 28
26 31
33 3
27 5
25 7
31 10
27 35
25 15
26 30
28 15
26 5
15 33
25 6
27 34
32 10
27 15
34 19
28 27
29 3
32 7
35 19
31 35
28 3
31 36
31 7
36 3
30 31
35 6
30 32
36 11
33 8
36 4
36 6
35 11
33 9
34 34
36 30
34 35
35 30
31 26
30 0
16 32
15 32
30 28
29 27
30 29
5 37
5 35
14 13
6 32
11 27
11 26
10 26
3 35
17 5
18 5
18 4
19 4
19 3
37 16
32 37
21 8
31 24
32 17
21 6
23 6
4 36
20 15
32 15
29 18
29 17
30 17
30 16
31 16
19 10
38 25
39 25
38 23
39 23
38 21
39 21
30 23
18 19
17 19
17 20
16 20
16 21
14 21
8 28
27 38
13 35
31 14
30 14
30 13
29 13
24 30
37 12
36 12
36 13
35 13
37 22
36 22
36 23
35 23
35 24
33 24
33 23
32 23
18 36
29 38
38 13
39 13
39 12
28 38
28 37
27 37
18 34
38 17
39 17
16 15
36 8
13 24
29 36
36 10
25 29
35 21
33 18
34 18
34 17
25 34
33 11
34 22
31 3
27 39
26 39
39 19
38 8
38 15
39 15
31 22
31 21
30 21
37 19
37 18
36 18
36 17
32 19
31 19
31 18
18 32
25 23
8 26
12 21
34 10
5 25
32 12
32 13
33 13
33 14
34 14
34 15
36 15
34 20
33 20
33 21
33 16
36 20
20 11
20 12
21 12
5 23
36 25
31 5
28 12
33 26
35 26
17 3
15 3
29 20
28 20
28 21
12 10
26 10
5 5
38 4
39 4
31 1
12 13
12 12
11 12
25 4
38 11
38 10
39 10
39 9
19 16
19 17
20 17
30 37
15 14
20 34
13 22
28 14
28 16
17 11
18 11
18 12
38 6
39 6
39 7
6 36
7 36
7 37
19 14
17 14
17 13
16 13
16 12
15 12
15 11
37 5
21 14
9 19
24 5
13 12
13 11
12 14
13 14
13 15
14 15
14 16
15 16
15 17
5 19
17 16
17 17
6 30
5 30
5 31
4 31
12 31
13 32
24 10
24 11
25 11
25 12
26 12
26 14
24 14
24 13
23 13
23 29
29 22
38 2
6 38
6 39
7 39
2 28
3 28
15 5
26 24
13 20
37 9
25 26
6 13
26 27
7 13
7 14
8 14
8 15
23 24
24 25
7 31
32 25
22 0
21 0
2 26
14 4
4 26
4 27
5 27
5 28
6 28
31 29
31 28
32 28
32 27
7 27
6 34
7 34
7 33
34 12
9 33
9 34
10 34
10 35
11 35
11 37
37 31
36 31
36 29
37 34
38 33
11 13
2 31
2 30
3 30
14 25
14 26
13 26
13 27
10 14
10 15
11 15
11 16
12 16
12 17
13 17
13 18
14 18
14 19
15 19
27 11
8 8
8 9
9 9
9 10
10 10
10 11
11 11
0 26
31 31
2 11
1 10
32 4
34 4
34 5
35 5
35 7
15 24
16 24
16 23
17 23
17 22
0 28
35 9
27 25
27 26
26 26
12 32
18 21
29 31
29 30
28 30
28 29
27 29
27 28
26 28
25 27
37 7
26 1
26 0
2 38
2 39
7 16
29 26
29 28
33 6
32 6
32 8
34 8
22 11
19 33
22 9
23 9
23 8
24 8
24 7
25 21
26 21
26 22
27 22
27 23
28 23
28 24
29 24
26 7
26 8
27 8
27 9
28 9
28 10
29 10
29 11
24 24
4 38
4 39
1 17
34 29
34 28
35 28
13 31
38 30
39 30
38 29
39 29
21 33
31 38
31 39
30 39
20 32
20 30
22 30
22 32
31 11
16 26
31 9
30 9
30 8
29 8
29 7
28 7
28 6
27 6
2 3
27 4
4 10
5 11
13 33
12 30
11 30
11 29
9 29
9 31
10 31
10 32
1 14
0 14
23 27
30 6
24 38
2 13
37 33
23 25
15 8
15 7
14 7
17 9
18 9
10 1
11 1
11 0
12 0
26 33
20 5
25 25
22 24
22 23
21 23
25 2
2 15
18 7
20 7
18 2
18 1
17 1
17 0
0 30
21 20
21 21
20 21
20 22
19 22
38 1
39 1
39 2
11 6
2 36
0 36
6 17
6 18
8 18
8 17
31 33
22 7
9 25
9 24
8 24
7 25
19 24
20 24
20 25
21 25
4 29
38 34
7 21
15 38
33 36
21 3
21 2
20 2
20 1
6 26
32 2
30 4
29 4
29 5
39 32
38 32
37 35
36 35
38 27
39 27
13 29
14 29
14 30
16 30
7 23
10 7
12 7
10 8
12 8
0 38
0 39
4 8
3 8
3 7
2 7
5 1
5 0
4 0
33 33
33 34
35 34
18 25
18 26
19 26
19 27
21 27
35 32
34 32
34 31
33 31
33 30
12 25
17 33
21 39
1 12
0 12
0 11
7 29
37 2
37 3
35 3
35 2
34 2
1 0
24 16
15 9
16 7
16 6
34 0
4 20
32 0
26 16
26 17
27 17
27 19
25 19
25 18
24 18
27 2
5 10
38 38
38 39
39 38
39 39
9 27
35 36
35 37
34 37
34 38
33 38
33 39
16 34
7 5
7 6
6 6
6 7
5 7
36 38
36 39
35 39
20 36
20 37
19 37
5 21
3 23
2 23
2 24
3 12
4 34
4 33
5 33
0 24
0 23
15 1
15 0
14 0
10 17
10 18
11 18
11 20
10 20
10 22
11 22
11 24
30 2
29 2
29 1
28 1
28 0
22 5
22 4
23 4
23 2
1 4
1 2
0 4
0 2
0 5
0 1
4 11
17 31
4 17
4 18
36 27
32 35
6 4
26 3
28 35
26 35
6 11
3 10
4 13
39 35
39 36
38 36
11 33
23 21
23 22
24 22
30 35
30 34
29 34
29 33
28 33
28 32
27 32
27 31
19 20
21 16
22 16
22 15
23 15
25 9
1 16
0 16
0 17
14 8
9 4
9 6
12 5
13 5
13 6
14 6
6 20
8 11
8 12
9 12
9 13
21 35
22 35
22 34
23 34
23 33
24 33
24 32
25 32
25 31
16 28
18 28
18 30
1 6
9 0
20 9
24 1
24 0
6 22
24 39
23 39
23 38
7 0
7 1
8 1
8 3
7 3
21 18
22 18
22 19
23 19
2 5
3 5
3 4
4 4
4 2
3 2
3 1
2 1
36 1
36 0
37 0
20 19
19 35
2 20
2 21
3 21
14 23
2 17
2 18
4 15
6 15
12 38
12 39
11 39
17 35
22 37
32 32
14 34
6 9
15 39
14 39
14 38
12 34
1 32
0 32
0 34
8 22
25 38
25 36
2 34
2 33
4 6
13 9
4 22
8 20
22 28
24 28
19 39
17 39
14 36
16 36
16 38
6 2
0 7
0 9
24 35
9 37
9 36
10 3
12 3
12 2
14 2
1 19
0 19
0 21
3 14
9 39
6 24
4 24
