0 0
1 2
1 5
1 8
1 13
1 18
1 23
1 25
1 30
1 32
1 34
2 1
2 3
2 12
2 17
2 19
2 24
2 29
2 31
2 33
2 35
2 38
3 2
3 4
3 8
3 16
3 22
3 25
3 30
3 32
3 34
3 36
4 3
4 5
4 7
4 9
4 12
4 26
4 29
4 31
4 33
4 35
4 37
5 4
5 13
5 20
5 25
5 27
5 30
5 32
5 34
6 3
6 10
6 14
6 26
6 31
6 33
6 38
7 7
7 9
7 16
7 23
7 25
7 30
7 32
7 34
33 37
8 2
8 4
8 8
8 17
8 20
8 22
8 24
8 26
8 29
8 31
8 38
9 1
9 3
9 11
9 16
9 18
9 21
9 23
9 25
9 27
9 30
10 2
10 4
10 10
10 15
10 26
10 29
10 37
11 1
11 3
11 5
11 11
11 14
11 21
11 23
11 25
11 30
11 33
11 35
12 2
12 4
12 6
12 9
12 15
12 22
12 24
12 29
12 31
13 3
13 7
13 14
13 17
13 23
13 25
13 28
13 32
14 4
14 6
14 10
14 13
14 18
14 22
14 24
14 29
14 31
15 11
15 14
15 17
15 19
15 21
15 23
15 25
15 28
15 32
15 35
16 9
16 13
16 18
16 20
16 22
16 33
17 3
17 7
17 10
17 17
17 19
17 26
17 28
18 4
18 6
18 9
18 11
18 13
18 18
18 22
18 25
18 29
18 32
18 35
19 3
19 14
19 19
19 21
19 23
19 30
19 33
20 6
20 15
20 17
20 20
20 22
20 24
20 29
20 31
21 1
21 7
21 9
21 11
21 13
21 16
21 18
21 21
21 23
21 28
21 30
21 32
22 2
22 6
22 8
22 10
22 14
22 17
22 19
22 25
22 27
22 29
22 31
22 33
22 35
22 37
23 1
23 3
23 9
23 15
23 18
23 20
23 26
23 30
23 36
23 38
24 2
24 10
24 13
24 19
24 22
24 25
24 27
24 29
24 37
25 3
25 8
25 12
25 14
25 16
25 26
25 28
25 31
25 33
25 35
25 38
26 6
26 13
26 15
26 36
27 5
27 7
27 12
27 14
27 16
27 22
27 25
27 28
27 31
27 37
28 1
28 3
28 6
28 8
28 10
28 13
28 15
28 17
28 23
28 29
28 32
28 36
28 38
29 2
29 4
29 7
29 9
29 14
29 19
29 21
29 24
29 27
29 30
29 37
30 1
30 3
30 5
30 8
30 10
30 12
30 22
30 29
30 31
30 33
31 2
31 6
31 9
31 13
31 25
31 30
31 32
32 1
32 7
32 18
32 24
32 26
32 29
32 31
32 33
32 35
33 2
33 5
33 8
33 12
33 25
33 27
33 30
33 32
33 36
33 38
34 4
34 6
34 11
34 19
34 21
34 24
34 26
34 33
35 7
35 12
35 16
35 20
35 25
35 28
35 32
35 34
36 8
36 15
36 21
36 33
37 2
37 6
37 9
37 12
37 17
37 20
37 22
37 24
37 28
37 32
37 34
37 38
38 1
38 3
38 5
38 7
38 18
38 21
38 23
38 25
38 27
38 29
38 33
38 35
0 11
0 16
0 20
0 28
0 37
5 0
7 0
12 39
13 34
13 38
14 0
14 39
15 1
15 37
16 38
16 39
18 39
19 0
21 39
24 6
26 0
26 20
30 16
30 39
33 14
38 15
39 11
39 14
32 17
32 19
0 18
0 8
0 23
0 30
34 38
36 14
1 22
0 34
0 32
35 14
37 14
2 39
9 12
7 14
31 38
32 39
32 38
33 16
34 16
9 0
10 38
10 39
11 0
9 38
11 38
13 33
13 35
14 9
16 3
17 2
17 16
16 4
25 19
23 39
23 22
23 21
23 23
25 39
28 33
28 39
36 38
30 35
31 35
31 27
31 26
32 0
31 18
33 9
32 9
34 9
33 35
34 18
38 9
39 9
33 18
35 18
6 12
5 12
2 5
38 36
39 23
39 3
39 18
39 21
38 8
38 10
39 5
38 4
39 7
38 30
37 36
39 36
2 10
37 30
39 30
24 0
25 1
2 14
24 1
5 37
2 13
3 23
2 11
6 37
35 2
3 24
35 1
15 36
4 1
3 5
3 1
30 17
27 20
3 18
8 35
7 11
33 13
4 10
7 18
7 3
8 33
8 12
6 29
5 6
2 18
4 6
8 6
6 30
7 10
2 26
4 11
7 33
7 21
7 13
7 17
4 14
8 3
2 25
7 6
9 28
7 27
4 13
13 9
9 19
8 21
13 26
31 21
32 22
18 16
10 17
9 29
7 26
9 5
9 20
12 10
9 17
31 22
17 23
12 13
13 27
9 4
15 26
12 11
17 22
11 16
12 14
14 15
16 24
15 27
15 30
15 7
12 20
13 19
11 15
21 36
15 24
14 19
14 14
15 6
37 4
12 21
14 30
16 11
18 27
17 8
22 36
17 27
17 11
17 9
16 35
23 34
17 5
20 27
15 12
24 11
21 3
20 10
26 29
23 32
20 4
17 35
21 2
21 10
17 14
21 27
22 12
18 5
24 12
22 34
15 13
26 28
22 32
19 4
17 13
21 12
21 5
23 16
27 35
23 7
24 15
26 17
21 6
23 17
26 16
25 15
27 36
20 33
22 4
26 34
22 7
29 28
25 34
23 4
21 33
26 8
29 29
27 8
29 25
29 26
29 32
30 20
30 32
31 11
29 20
30 14
31 4
30 11
31 14
30 4
36 35
39 34
36 34
36 10
33 3
30 24
35 30
38 34
38 38
36 31
33 28
36 9
34 30
31 24
33 4
36 32
33 29
35 22
35 5
33 23
34 5
35 21
33 24
36 25
37 25
37 0
37 1
25 23
24 24
24 23
9 10
38 32
10 11
10 12
11 12
11 13
13 13
28 16
10 3
6 39
3 12
22 30
27 6
24 28
13 31
38 28
10 21
36 12
37 23
13 24
29 3
16 28
13 29
24 26
38 26
37 21
36 20
7 31
38 19
28 7
29 1
13 22
22 26
7 38
32 23
34 23
34 22
36 22
3 35
29 10
34 34
11 34
30 30
26 14
11 29
26 12
27 15
15 22
12 3
29 8
22 28
4 20
7 24
3 33
28 14
9 8
7 8
21 17
11 2
2 8
36 28
9 34
8 34
38 20
39 20
39 19
12 5
7 35
7 36
8 36
8 37
9 37
14 5
34 32
38 6
39 6
23 19
24 3
9 2
21 22
37 18
37 19
28 9
21 8
8 32
9 32
9 31
3 31
25 4
26 31
25 32
19 9
20 9
20 11
19 11
14 3
15 20
28 37
20 7
39 4
26 38
22 9
39 8
5 33
26 5
35 4
35 6
36 6
36 7
37 7
37 8
37 5
37 3
31 1
31 0
30 0
15 9
15 10
16 10
16 12
14 12
14 11
23 2
26 10
25 10
25 9
35 11
35 10
34 10
2 2
23 37
14 28
38 2
39 2
39 1
22 18
31 31
33 26
18 19
1 33
0 33
5 31
20 1
20 0
21 0
23 10
23 11
22 11
11 19
2 30
33 11
32 2
32 3
31 3
25 11
27 10
27 11
28 11
28 12
29 12
29 13
30 13
5 18
6 19
5 16
6 7
5 7
5 5
14 7
16 7
4 17
16 8
18 8
18 7
38 22
39 22
18 3
18 2
19 2
38 13
22 1
29 15
30 15
30 9
32 30
10 23
13 6
24 18
25 18
25 17
27 17
3 21
33 0
33 1
31 29
3 3
26 7
25 7
25 6
24 38
24 39
23 33
24 33
23 6
33 17
33 19
5 3
33 31
22 13
23 13
23 14
24 14
37 11
37 10
23 0
11 24
24 16
25 0
16 2
15 2
32 32
18 12
9 24
13 1
27 38
27 39
26 39
2 34
12 17
12 16
13 16
13 15
22 16
22 15
21 15
21 14
20 14
20 13
19 13
18 10
26 9
21 31
23 8
24 8
24 9
20 38
9 22
8 9
6 23
3 7
19 22
4 16
0 6
11 22
18 0
6 2
7 2
7 4
6 4
20 30
5 21
5 22
4 22
4 23
2 23
2 22
38 24
39 24
39 25
9 26
3 29
20 16
5 19
19 29
34 20
0 2
0 3
1 3
1 4
2 4
27 1
27 0
28 0
26 37
25 37
25 36
24 36
24 35
23 35
7 22
32 15
33 15
8 30
32 21
33 21
35 8
34 8
34 7
33 7
33 6
32 6
32 5
31 5
34 3
34 2
29 39
29 38
23 29
13 4
29 36
30 36
30 37
31 37
17 38
17 39
11 4
36 2
4 36
5 36
5 35
16 17
16 16
15 16
15 15
1 36
23 31
24 31
24 30
25 30
25 29
21 29
25 2
26 2
26 3
27 3
27 4
28 4
28 5
29 5
29 6
30 6
30 7
31 7
31 8
32 8
14 17
0 31
1 31
34 12
34 13
35 13
25 27
6 18
8 18
8 19
10 16
25 20
24 20
24 21
10 19
10 18
11 18
7 20
6 20
17 20
27 32
27 33
26 33
26 35
28 35
32 34
3 19
4 38
3 38
20 3
20 5
22 3
22 5
17 25
16 25
16 26
39 10
27 29
27 30
28 30
28 31
29 31
29 33
22 38
22 39
35 33
23 27
33 39
34 39
20 35
19 35
19 34
14 23
38 12
39 12
39 13
19 15
18 15
18 14
16 14
5 26
9 15
31 19
30 19
30 21
12 23
39 17
38 17
19 6
6 34
2 6
1 6
1 7
0 7
20 21
15 4
17 4
17 6
5 17
3 17
10 1
10 0
30 34
19 20
11 20
13 20
13 18
19 25
19 26
1 1
12 37
11 36
4 30
20 23
18 21
6 16
6 15
7 15
33 33
8 23
39 39
8 7
12 1
12 0
13 0
8 5
14 21
10 5
10 6
11 6
11 7
12 7
12 8
13 8
17 18
8 39
9 39
37 13
13 10
11 10
11 9
10 9
5 38
15 38
15 39
31 39
19 38
19 39
20 39
1 19
0 19
0 17
1 17
37 15
37 16
36 16
36 17
35 17
21 35
19 36
18 36
18 37
32 10
31 10
31 12
32 12
32 13
22 21
22 20
21 20
21 19
20 19
20 18
19 18
19 17
18 17
31 17
16 21
35 19
16 19
14 25
14 26
10 30
4 8
4 34
30 2
29 17
29 18
28 18
28 19
27 19
35 29
35 31
37 31
37 29
39 15
25 13
27 13
1 29
0 29
28 2
35 24
36 24
36 26
35 26
35 27
34 27
34 28
32 28
32 27
6 32
0 5
12 35
12 36
31 33
16 23
13 2
2 32
19 24
18 24
18 23
7 29
5 29
5 28
4 28
4 27
2 0
10 35
10 36
4 32
20 37
21 37
22 23
22 24
21 24
21 25
20 25
20 26
35 15
17 29
17 30
18 30
18 31
19 31
19 32
20 32
1 35
0 35
0 36
39 29
39 31
12 25
12 26
11 26
11 27
10 27
10 28
15 18
10 14
36 0
38 0
15 29
4 4
20 28
18 28
1 9
1 10
0 9
0 10
3 39
4 39
27 21
28 21
28 22
29 22
29 23
30 23
30 25
11 37
25 24
25 25
26 25
26 26
27 26
27 27
28 27
28 28
28 25
28 24
27 24
27 23
11 39
5 24
20 34
1 24
0 24
0 25
15 31
16 31
16 32
17 32
17 33
18 33
18 34
3 9
3 10
30 27
30 28
25 22
26 22
5 10
5 9
6 9
2 28
0 21
0 22
13 39
2 36
2 37
3 37
14 32
14 33
15 33
15 34
16 34
16 36
8 0
8 1
8 28
8 27
6 27
32 36
14 36
14 35
39 35
39 33
7 37
34 37
34 36
35 36
35 35
37 35
18 26
13 37
37 37
36 37
37 33
34 25
36 39
37 39
15 0
16 0
12 33
12 32
11 32
11 31
1 39
1 38
0 38
3 15
3 14
5 14
12 28
39 37
8 16
32 25
6 0
23 25
0 27
1 27
1 26
3 26
1 12
0 12
0 13
12 30
2 20
1 14
1 15
0 15
10 25
39 27
37 27
8 25
6 11
8 11
8 13
6 13
4 0
4 2
2 16
6 25
4 25
10 33
