0 0
1 11
1 15
1 18
1 21
1 23
1 33
1 36
2 10
2 16
2 22
2 24
2 27
2 29
2 34
2 37
3 3
3 6
3 9
3 11
3 14
3 23
3 25
3 28
3 35
3 38
4 10
4 12
4 15
4 22
4 24
4 26
4 29
4 33
5 1
5 7
5 11
5 13
5 16
5 18
5 21
5 23
5 27
5 32
5 34
6 3
6 6
6 12
6 14
6 19
6 31
6 33
7 4
7 10
7 13
7 15
7 20
7 30
8 3
8 5
8 11
8 14
8 27
8 29
8 31
8 33
9 6
9 12
9 19
9 22
9 28
9 30
9 32
9 34
10 3
10 5
10 13
10 17
10 20
10 23
10 29
10 31
10 33
11 4
11 8
11 11
11 18
11 32
12 2
12 9
12 12
12 16
12 23
12 25
12 33
12 37
13 1
13 8
13 17
13 22
13 24
13 26
13 32
14 2
14 5
14 7
14 25
14 33
14 35
14 37
15 8
15 10
15 18
15 20
15 22
15 24
15 26
15 31
15 34
15 38
16 9
16 11
16 15
16 19
16 21
16 27
16 32
17 2
17 8
17 10
17 12
17 14
17 18
17 33
18 1
18 7
18 9
18 11
18 13
18 24
18 27
18 31
18 34
18 36
18 38
19 10
19 14
19 17
19 29
19 32
19 35
19 37
20 11
20 13
20 30
20 34
20 36
20 38
21 7
21 27
21 29
21 35
21 37
22 8
22 15
22 17
22 22
22 28
22 30
22 34
22 38
23 7
23 9
23 14
23 16
23 23
23 26
23 29
24 1
24 4
24 13
24 15
24 30
24 35
25 2
25 9
25 26
25 29
25 36
26 1
26 3
26 5
26 10
26 16
26 27
26 32
26 35
26 37
27 2
27 4
27 6
27 8
27 11
27 26
27 28
27 33
27 36
28 3
28 5
28 7
28 17
28 29
28 34
28 37
29 2
29 4
29 6
29 14
29 16
29 18
29 30
29 35
29 38
30 1
30 5
30 15
30 17
30 19
30 21
30 23
30 28
30 31
30 36
31 10
31 18
31 20
31 24
31 32
32 1
32 4
32 25
32 28
32 31
32 38
33 8
33 26
33 29
33 33
34 7
34 10
34 12
34 21
34 27
34 30
34 34
34 36
34 38
35 2
35 6
35 11
35 13
35 17
35 20
35 23
35 28
35 33
35 37
36 1
36 10
36 12
36 25
36 27
36 38
37 3
37 16
37 26
37 32
37 34
38 6
38 15
38 17
38 19
38 23
38 27
38 35
38 37
0 5
0 8
0 30
0 38
1 4
1 39
6 37
8 36
8 38
8 39
10 37
10 39
11 0
12 20
13 30
13 39
15 29
16 0
16 29
19 5
19 19
20 3
21 5
21 19
22 11
22 32
23 19
26 14
26 19
27 21
27 22
27 39
29 12
30 8
31 34
32 12
32 15
34 0
38 1
38 12
39 2
39 4
39 13
39 21
0 23
0 11
5 0
32 39
7 38
9 38
26 22
28 22
0 33
2 3
35 3
37 1
3 39
5 35
7 16
6 16
8 16
31 12
32 36
32 37
32 7
13 0
13 18
33 7
33 12
15 39
19 1
18 0
19 2
18 39
22 18
20 32
21 11
23 11
18 29
24 5
24 0
22 21
21 21
23 21
24 12
26 0
29 39
1 19
2 20
1 20
12 29
13 28
9 0
10 1
9 1
12 28
3 4
4 5
32 0
3 5
35 14
34 39
34 31
36 0
37 12
9 8
10 9
33 31
35 31
10 8
35 16
34 23
13 13
14 12
13 12
13 15
34 22
34 24
14 16
15 2
16 3
39 27
24 32
25 33
39 15
38 5
25 32
13 16
39 23
38 22
16 2
9 36
35 8
36 7
35 7
19 4
17 16
16 28
16 16
21 4
29 11
31 33
2 2
33 15
4 35
1 28
34 3
27 9
28 10
2 28
27 10
38 8
21 25
12 35
11 26
6 1
3 36
12 26
3 21
13 35
20 25
14 27
3 30
7 23
19 27
4 31
2 12
39 8
7 1
23 5
3 16
6 26
20 31
5 9
20 27
18 28
3 37
11 22
3 22
6 23
6 8
3 29
14 26
25 12
5 31
2 11
4 9
13 10
5 26
4 16
11 23
10 27
6 7
11 30
13 9
7 34
11 6
10 28
16 34
9 10
10 30
12 7
7 33
10 6
17 34
8 10
12 8
38 31
39 32
11 34
37 5
15 36
38 32
11 33
14 36
16 23
37 22
15 23
13 37
17 20
19 8
16 20
18 8
19 33
19 34
19 23
19 24
22 36
21 36
22 6
22 7
23 24
23 27
30 3
27 30
29 33
31 22
25 4
23 28
23 25
30 29
32 21
29 34
29 3
28 30
30 22
26 4
30 30
25 38
31 16
32 20
28 27
32 17
27 27
25 37
30 16
32 18
29 24
33 35
30 24
34 35
37 28
37 27
38 25
36 21
37 18
36 20
37 25
38 18
36 33
37 33
38 38
38 39
21 8
35 5
21 15
0 19
0 18
12 24
2 4
17 36
22 14
22 16
6 35
6 34
8 34
35 12
14 6
14 8
24 9
31 1
31 0
30 0
34 37
30 20
9 3
32 3
32 2
36 3
36 2
37 2
33 1
33 0
35 1
35 0
37 0
29 5
34 8
34 9
33 9
33 10
32 10
29 13
28 13
28 14
39 5
39 6
35 10
20 12
21 12
21 13
29 1
20 7
19 7
19 6
18 6
25 5
25 3
24 3
24 2
34 33
15 9
22 9
30 18
14 24
14 1
15 1
14 0
15 0
30 35
31 35
31 36
26 9
26 8
25 8
25 7
24 7
33 36
33 34
30 38
19 9
20 9
20 10
21 10
14 34
10 4
27 7
30 27
34 11
10 32
12 32
7 31
18 37
27 3
9 23
9 31
21 34
8 30
16 12
13 2
27 5
15 17
14 17
14 18
19 36
16 8
1 6
1 37
0 37
0 36
9 29
31 5
31 6
31 38
31 39
30 39
24 14
2 38
2 39
4 39
4 38
5 38
5 37
7 3
8 28
18 12
8 4
35 19
35 18
3 0
15 25
30 10
30 11
31 11
30 14
19 11
35 38
35 39
36 39
28 2
26 33
26 34
27 34
27 35
28 35
28 36
29 36
29 37
30 37
7 29
4 23
28 4
31 4
30 4
30 2
34 2
28 25
31 9
31 8
32 8
34 4
33 4
33 5
32 5
32 6
27 12
13 25
12 11
12 10
11 10
11 9
0 39
1 25
1 1
1 2
16 18
16 38
16 39
17 38
17 39
11 38
39 22
28 9
28 8
29 8
29 7
15 7
38 28
38 29
39 28
39 29
35 29
36 29
36 30
34 20
1 13
21 30
21 31
22 31
2 23
27 37
3 2
3 1
4 1
4 0
19 38
19 39
20 39
30 6
13 33
28 6
20 14
31 13
37 15
1 7
0 7
0 6
28 11
6 30
5 12
2 9
33 38
33 39
15 19
37 10
37 9
13 21
13 20
14 20
15 11
14 11
14 10
19 13
34 26
18 14
38 36
16 10
29 31
38 20
39 20
39 19
23 15
28 39
28 38
13 23
7 25
8 25
8 2
21 28
38 3
39 3
6 32
8 32
26 2
36 28
34 29
34 28
33 28
33 27
32 27
32 26
31 26
31 25
2 6
18 10
11 14
12 14
9 14
9 15
10 15
35 36
36 36
36 37
37 37
37 38
39 38
39 37
17 11
29 19
28 19
28 18
2 18
2 17
1 22
0 22
0 21
29 21
28 21
31 28
31 29
32 29
32 30
33 30
4 32
2 30
4 30
5 22
2 0
38 24
39 24
38 26
39 26
17 22
18 22
19 20
19 18
18 18
18 17
17 17
17 15
37 11
36 11
35 32
36 32
36 34
35 34
25 35
35 27
33 25
33 24
32 24
32 23
31 23
4 25
31 21
33 21
33 22
28 26
29 26
29 25
38 16
39 16
39 17
18 30
19 30
19 31
14 13
20 33
18 33
18 32
17 32
17 31
16 31
16 30
15 30
6 13
15 5
16 5
16 6
26 6
14 15
15 15
15 14
16 14
7 14
18 35
9 37
9 35
10 35
10 34
12 34
12 36
9 33
18 3
35 25
35 24
36 24
36 23
37 23
33 19
39 33
39 31
37 21
35 21
35 22
6 25
28 28
29 28
29 29
34 13
34 14
33 14
1 24
0 24
0 25
17 9
35 30
9 9
31 31
5 33
37 30
37 31
8 15
9 13
8 13
8 12
7 12
7 11
6 11
6 10
5 10
26 26
11 20
11 19
10 19
10 18
9 18
9 17
8 17
36 26
23 38
23 39
9 11
10 11
10 12
11 12
11 13
12 13
12 18
12 17
11 17
11 16
10 16
0 31
0 32
1 31
1 32
12 38
12 39
11 39
2 19
8 22
7 22
7 21
6 21
6 20
5 20
5 19
4 19
4 18
3 18
3 17
27 24
27 25
17 13
10 14
25 24
25 23
24 23
22 23
22 24
21 24
9 39
5 8
7 8
7 9
16 22
0 13
0 12
1 12
5 6
4 6
4 7
3 7
3 8
6 27
7 27
33 16
33 17
34 16
34 17
16 26
20 37
38 9
38 10
26 31
27 31
27 32
28 32
28 33
29 15
17 27
17 28
19 28
21 38
1 10
0 10
0 9
36 6
37 6
37 4
22 33
31 19
2 25
2 26
3 26
3 27
4 27
4 28
5 28
5 29
38 34
37 13
36 13
36 14
14 38
14 39
36 16
36 17
37 17
37 19
11 37
5 17
6 17
6 18
7 18
7 19
8 19
8 20
9 20
9 21
10 21
10 22
5 24
6 4
6 5
7 5
7 6
8 6
8 7
9 7
4 4
4 3
5 3
5 2
6 2
28 23
29 23
19 26
18 26
18 25
17 25
17 24
16 24
6 0
12 22
24 26
24 27
25 27
25 28
26 28
26 29
27 29
17 19
4 11
39 1
39 0
26 11
25 11
25 10
36 8
36 9
7 24
8 24
3 15
2 15
2 14
1 14
26 20
26 21
12 15
20 35
23 37
22 37
2 21
4 21
38 14
39 14
1 17
1 16
0 16
0 15
30 32
30 33
27 1
27 0
28 0
11 31
11 29
24 29
33 32
32 32
32 33
25 25
26 23
13 29
14 22
17 7
38 7
0 4
0 3
15 28
15 27
13 27
10 24
10 25
11 25
0 34
1 34
1 35
2 35
2 36
4 36
17 21
18 21
31 17
31 15
4 34
3 34
3 33
2 33
11 27
7 37
7 36
9 27
9 26
8 26
22 27
22 26
21 26
15 37
15 35
16 35
16 33
15 33
15 32
14 32
14 31
13 31
23 12
23 13
24 33
24 34
23 34
23 35
22 35
23 8
26 38
26 39
0 27
1 27
0 29
1 29
19 15
19 16
20 16
20 17
21 17
21 18
9 5
26 36
21 20
39 11
39 12
6 15
5 15
5 14
4 14
4 13
3 13
3 12
24 31
23 20
24 20
12 4
12 5
37 35
39 35
18 23
20 23
20 22
21 22
25 18
26 18
26 17
27 17
27 16
28 16
12 0
12 1
3 24
23 18
23 17
24 17
24 16
25 16
25 15
26 15
25 1
25 0
17 3
17 4
18 4
24 38
24 39
24 24
3 10
23 22
24 22
23 30
25 30
22 3
22 4
23 4
20 4
21 6
23 6
22 29
7 39
6 39
26 13
25 13
20 2
24 36
22 39
12 3
11 3
11 2
10 2
18 2
15 3
14 3
14 4
13 4
13 5
34 6
23 0
23 1
22 0
22 1
19 0
20 0
23 10
20 29
29 17
10 0
11 5
8 0
11 7
13 7
15 21
17 1
17 0
