0 0
1 1
1 3
1 5
1 10
1 15
1 17
1 24
1 26
1 28
1 30
1 38
2 2
2 4
2 9
2 11
2 16
2 18
2 21
2 23
2 25
2 29
2 37
3 1
3 3
3 5
3 17
3 19
3 22
3 24
3 34
3 36
3 38
4 2
4 4
4 11
4 15
4 18
4 20
4 23
4 28
4 30
4 35
4 37
5 1
5 3
5 5
5 12
5 14
5 16
5 19
5 21
5 24
5 29
5 31
5 34
6 2
6 6
6 8
6 10
6 15
6 17
6 20
6 22
6 25
6 30
6 32
6 38
7 1
7 7
7 9
7 11
7 16
7 18
7 21
7 23
7 26
7 29
7 31
7 33
7 35
7 37
8 5
8 10
8 12
8 14
8 17
8 22
8 25
8 30
8 32
8 36
8 38
9 4
9 6
9 9
9 11
9 13
9 18
9 20
9 26
9 29
9 31
9 35
9 37
10 1
10 3
10 7
10 10
10 12
10 14
10 16
10 19
10 21
10 25
10 27
10 38
11 2
11 4
11 6
11 13
11 15
11 17
11 20
11 22
11 26
11 32
11 34
12 1
12 3
12 7
12 12
12 21
12 23
12 25
12 33
12 35
12 37
13 2
13 9
13 11
13 17
13 19
13 22
13 24
13 26
13 29
13 31
13 34
13 36
13 38
14 1
14 3
14 10
14 13
14 18
14 20
14 23
14 27
14 30
14 32
14 35
15 4
15 6
15 14
15 17
15 21
15 28
16 1
16 5
16 10
16 22
16 26
16 35
16 38
17 6
17 15
17 17
17 20
17 23
17 25
17 27
17 30
17 34
18 1
18 4
18 7
18 9
18 18
18 21
18 24
18 26
18 28
18 31
18 33
18 38
19 2
19 5
19 8
19 10
19 15
19 19
19 22
19 25
19 32
19 34
19 37
20 1
20 6
20 9
20 11
20 13
20 20
20 26
20 28
20 30
20 33
21 2
21 5
21 7
21 10
21 12
21 14
21 16
21 18
21 21
21 27
21 29
21 31
21 36
22 1
22 3
22 8
22 11
22 13
22 15
22 19
22 26
22 28
22 30
22 37
23 2
23 4
23 7
23 10
23 12
23 14
23 20
23 23
23 25
23 27
23 29
23 38
24 3
24 11
24 13
24 15
24 22
24 24
24 26
24 28
24 30
24 37
25 1
25 5
25 7
25 10
25 12
25 14
25 16
25 23
25 25
25 27
25 29
25 31
25 38
26 6
26 8
26 11
26 15
26 17
26 20
26 22
26 24
26 26
26 28
26 32
26 34
26 37
27 5
27 9
27 12
27 14
27 16
27 18
27 23
27 25
27 27
27 31
27 33
27 35
27 38
28 1
28 6
28 8
28 10
28 13
28 15
28 17
28 22
28 26
28 28
28 30
28 32
28 34
29 2
29 5
29 7
29 9
29 11
29 14
29 18
29 20
29 27
29 29
29 31
29 35
29 37
30 1
30 3
30 6
30 10
30 12
13 25
30 21
30 23
30 25
30 28
30 30
30 36
30 38
31 2
31 4
31 11
31 13
31 20
31 22
31 24
31 26
31 29
31 31
31 34
31 37
32 1
32 9
32 12
32 19
32 21
32 23
32 25
32 27
32 30
32 33
32 35
32 38
33 20
33 22
33 24
33 26
33 28
33 34
33 36
34 1
34 7
34 9
34 15
34 19
34 21
34 23
34 25
34 30
34 37
35 2
35 6
35 10
35 13
35 20
35 22
35 31
35 38
36 1
36 3
36 5
36 7
36 11
36 14
36 16
36 18
36 21
36 25
36 32
36 34
36 36
37 4
37 12
37 17
37 19
37 22
37 26
37 33
37 35
37 37
38 1
38 3
38 8
38 10
38 13
38 27
38 29
38 31
38 36
38 38
1 6
0 7
0 20
0 22
0 35
1 34
2 13
17 13
21 39
26 3
31 17
35 28
39 6
39 18
18 39
1 14
0 3
19 13
0 24
0 5
0 30
0 15
3 6
0 26
3 0
0 17
14 6
11 31
39 29
0 28
0 38
1 27
2 8
36 29
37 29
5 0
5 13
7 0
4 13
6 13
8 39
10 0
16 0
10 39
12 0
17 38
14 0
16 39
15 35
17 1
28 0
15 34
15 36
18 0
34 0
23 39
25 39
27 39
30 39
30 0
33 1
31 14
31 15
30 14
32 14
33 30
32 0
39 1
32 39
33 29
33 31
34 28
28 2
11 33
3 29
35 39
4 29
4 32
4 31
20 22
21 23
4 25
3 12
21 22
36 0
3 11
4 24
36 15
8 2
39 38
38 0
35 15
37 15
38 14
38 7
39 36
39 3
39 14
7 2
39 27
39 8
25 3
39 10
6 4
5 4
5 36
38 39
4 36
5 7
24 17
25 18
25 17
9 33
6 7
6 34
7 27
14 7
7 24
8 33
11 38
7 28
7 34
7 25
12 14
10 31
12 38
10 36
11 14
9 36
2 27
12 5
10 8
10 23
10 9
11 23
11 5
12 8
12 9
12 27
17 37
17 2
17 32
12 26
14 16
14 25
18 32
14 37
13 4
15 23
14 17
16 23
30 19
13 3
33 2
13 37
15 11
22 35
18 35
21 34
20 37
35 7
15 10
19 23
21 37
20 3
19 17
20 34
22 36
38 11
39 12
18 34
19 24
38 12
18 17
20 2
22 24
24 8
20 15
24 7
22 17
23 24
21 15
37 7
21 17
23 5
35 5
34 5
34 6
23 18
23 6
23 19
25 33
23 16
22 9
34 8
26 33
23 15
23 21
22 10
23 22
33 7
29 16
28 16
29 33
30 8
28 33
32 3
29 8
33 10
31 3
29 22
33 13
33 9
31 32
30 22
33 12
31 33
36 9
35 9
38 34
37 34
36 27
37 27
35 33
37 20
37 21
36 33
37 24
36 24
25 37
3 4
30 37
23 37
3 2
27 3
27 4
37 36
14 2
15 5
14 5
14 4
12 4
12 6
35 21
6 31
31 30
29 36
30 11
28 14
10 2
11 21
35 23
20 27
28 18
29 30
20 29
28 9
19 28
27 34
29 28
17 7
10 4
25 30
6 29
30 2
33 21
25 26
28 7
9 19
33 23
33 35
33 19
37 3
8 31
31 21
13 1
13 0
28 5
22 27
4 19
16 25
33 27
34 27
34 26
22 2
28 38
25 11
22 29
27 26
25 24
31 23
12 36
9 14
26 27
31 19
11 16
23 13
15 0
15 1
27 30
23 26
4 27
16 6
23 28
11 12
8 29
34 24
2 36
32 34
27 32
31 12
23 11
21 28
34 29
11 25
32 29
32 28
31 28
31 27
30 27
30 26
29 26
29 25
28 25
36 4
20 25
27 28
23 30
33 33
16 17
14 14
6 21
34 20
7 36
26 16
19 1
19 0
20 0
11 1
11 0
12 31
12 32
13 32
13 33
14 33
14 34
25 28
36 38
36 17
29 38
29 39
28 39
29 19
38 19
38 20
39 19
39 20
34 16
33 16
33 17
33 38
16 34
14 39
25 13
11 10
9 10
30 29
9 3
8 3
8 4
30 24
35 25
21 26
21 13
21 11
32 13
34 13
34 14
35 14
12 2
26 35
26 36
27 36
27 37
28 37
33 25
12 24
8 1
9 1
8 0
9 0
32 26
6 16
28 29
31 5
32 5
5 2
32 24
27 6
34 17
34 18
35 18
35 19
36 19
36 20
35 16
33 15
32 15
28 35
28 27
12 22
32 18
32 17
3 23
18 25
9 5
26 14
39 25
39 17
38 17
38 16
37 16
17 0
29 6
26 5
26 23
23 3
32 11
32 10
31 10
31 9
30 9
4 3
30 31
30 32
29 32
31 25
1 19
14 36
17 24
30 15
29 15
29 17
30 17
30 18
34 22
21 1
8 11
27 24
24 27
27 8
0 27
27 17
20 21
19 21
19 20
18 20
18 19
17 19
17 18
30 5
30 4
29 4
29 3
9 12
8 18
37 14
37 13
36 13
36 12
35 12
35 11
34 11
34 10
2 3
32 8
30 7
31 7
31 6
32 6
36 2
24 14
12 34
2 38
36 22
32 20
39 22
38 22
38 23
37 23
30 20
24 18
22 18
22 16
24 16
37 38
37 39
36 39
26 21
26 25
14 31
24 12
25 6
22 14
34 38
34 39
33 39
14 38
15 38
15 39
5 15
27 15
37 18
7 10
19 4
19 3
18 3
18 2
37 25
38 25
38 26
39 26
6 1
6 0
26 29
26 12
23 34
24 35
21 32
22 32
22 33
26 38
26 39
19 9
18 27
33 4
32 4
36 37
35 37
35 36
34 36
14 9
19 26
30 13
29 13
29 12
28 12
28 11
27 11
27 10
26 10
26 9
25 9
25 8
0 29
1 29
33 37
32 37
32 36
31 36
31 35
30 35
30 34
29 34
13 39
27 13
32 32
32 31
24 29
8 9
2 24
32 22
28 23
29 23
29 21
28 21
28 20
27 20
27 19
26 19
26 18
24 38
24 39
38 5
5 30
19 38
19 39
20 38
20 39
26 7
23 8
23 9
38 37
39 37
20 5
4 8
2 22
7 30
32 2
22 0
23 0
23 1
24 1
24 2
25 2
7 8
17 39
21 9
21 8
20 8
20 7
19 7
19 6
18 6
18 5
17 5
17 4
16 4
34 31
34 32
35 32
35 34
34 34
31 1
31 0
25 32
24 32
24 31
25 15
25 34
24 34
34 2
34 3
35 3
7 22
25 4
24 4
24 5
22 5
22 4
21 4
21 3
39 39
16 2
21 6
24 36
21 35
22 31
39 24
12 17
20 32
20 31
19 31
19 30
18 30
18 29
17 29
17 28
16 28
16 27
15 27
15 26
14 26
18 8
33 0
16 36
16 37
18 37
2 14
2 15
3 15
3 16
4 16
4 17
5 17
5 18
6 18
6 19
7 19
7 20
8 20
8 21
9 21
9 22
10 22
1 18
0 18
0 19
1 31
8 23
8 24
19 33
23 35
38 9
39 9
24 25
22 7
9 38
9 39
26 0
6 14
7 14
7 15
8 15
8 16
9 16
9 17
10 17
10 18
11 18
11 19
12 19
12 20
13 20
13 21
14 21
14 22
15 22
11 7
11 8
10 24
17 35
19 35
19 36
20 36
9 25
14 24
15 24
14 19
31 38
31 39
4 34
7 17
18 15
21 30
7 12
6 12
6 11
5 11
5 10
4 10
4 9
3 9
3 8
6 24
6 23
5 23
5 22
4 22
4 21
3 21
3 20
2 20
2 19
11 28
11 29
10 29
21 33
7 38
7 39
6 39
36 28
36 26
1 16
0 16
39 33
38 33
38 32
37 32
37 31
36 31
36 30
35 30
23 33
2 17
0 25
1 25
4 1
4 0
2 1
2 0
1 0
27 22
17 26
22 12
39 35
38 35
11 35
10 35
10 34
9 34
38 30
39 30
39 31
25 22
6 9
13 8
13 7
29 10
38 4
39 4
39 5
10 6
38 28
39 28
3 18
37 1
37 0
10 28
9 28
9 27
8 27
8 26
11 27
12 29
20 12
19 12
19 11
18 11
18 10
17 10
17 9
16 9
16 8
15 8
15 7
25 20
24 20
24 21
22 21
22 20
21 20
21 19
20 19
20 18
19 18
9 30
10 30
19 16
20 16
19 14
20 14
20 23
15 32
18 23
18 22
17 22
17 21
16 21
16 20
15 20
24 23
1 21
0 21
0 14
0 13
17 16
1 9
1 8
0 8
5 8
1 4
0 4
13 23
22 25
22 23
9 8
9 7
8 7
8 6
7 6
7 5
6 5
17 33
24 10
6 3
17 31
16 31
16 30
15 30
15 29
14 29
14 28
13 28
13 27
39 0
22 39
22 38
5 6
4 6
4 5
36 6
37 6
37 5
11 39
11 37
10 37
1 32
0 32
0 31
12 11
39 7
29 0
29 1
1 37
0 37
0 36
9 32
10 32
1 2
0 2
0 1
26 1
27 1
27 0
6 27
6 26
5 26
5 25
20 10
2 10
28 31
39 13
10 26
39 11
39 15
26 31
3 25
3 26
2 26
2 28
3 28
37 11
37 10
36 10
36 8
37 8
10 11
3 37
17 14
16 14
16 15
15 15
15 16
13 16
13 15
12 15
12 13
13 13
13 12
14 12
14 11
16 11
16 12
17 12
3 30
2 30
2 31
13 10
13 30
2 12
1 12
1 11
0 11
0 10
25 0
0 6
8 37
11 3
10 20
8 13
35 1
35 0
2 5
2 6
4 12
1 23
0 23
4 14
38 2
39 2
15 3
10 13
13 35
36 35
5 28
5 20
6 37
5 37
5 38
4 38
4 39
3 39
0 39
1 39
8 35
5 35
6 35
6 33
5 33
5 32
3 32
3 33
2 33
2 34
0 34
3 35
13 18
15 18
7 32
10 15
15 13
