0 0
1 6
1 10
1 15
1 17
1 19
1 25
1 27
1 31
1 33
1 35
1 37
2 7
2 9
2 16
2 20
2 26
2 34
2 36
2 38
3 2
3 8
3 10
3 13
3 15
3 25
3 27
3 35
3 37
4 1
4 3
4 7
4 9
4 11
4 14
4 23
4 26
4 28
4 36
4 38
5 8
5 10
5 12
5 24
5 32
5 35
5 37
6 9
6 11
6 16
6 20
6 28
6 31
6 33
6 36
7 10
7 21
7 34
7 37
8 8
8 15
8 22
8 35
9 7
9 9
9 16
9 31
9 36
10 6
10 12
10 22
10 28
10 34
11 3
11 5
11 7
11 9
11 13
11 16
11 25
11 27
11 35
12 4
12 6
12 8
12 14
12 17
12 19
12 28
12 31
12 34
12 38
13 5
13 7
13 9
13 13
13 15
13 18
13 20
13 22
13 30
14 1
14 4
14 6
14 16
14 23
14 27
14 31
14 34
14 37
15 5
15 7
15 24
15 26
15 28
15 30
15 32
16 1
16 4
16 6
16 9
16 15
16 23
16 25
16 27
16 29
16 31
17 2
17 5
17 13
17 16
17 26
17 30
17 32
17 35
17 37
18 1
18 9
18 14
18 17
18 27
18 29
18 31
18 33
18 36
18 38
19 2
19 5
19 7
19 10
19 15
19 25
19 28
19 30
19 32
19 34
19 37
20 1
20 3
20 6
20 8
20 16
20 19
20 21
20 23
20 26
20 29
20 31
20 33
20 35
20 38
21 2
21 4
21 7
21 14
21 18
21 20
21 22
21 27
21 30
21 32
21 34
21 36
22 1
22 3
22 5
22 8
22 13
22 19
22 21
22 23
22 26
22 31
22 33
22 37
23 4
23 7
23 9
23 12
23 20
23 22
23 36
24 8
24 10
24 14
24 16
24 21
24 24
24 26
24 33
24 35
24 37
25 4
25 7
25 9
25 11
25 15
25 17
25 25
25 34
25 36
26 1
26 3
26 5
26 8
26 10
26 14
26 16
26 24
26 26
26 35
27 2
27 6
27 9
27 15
27 23
27 27
27 29
27 34
27 36
28 7
28 13
28 19
28 24
28 26
28 28
28 30
28 33
28 35
28 37
29 2
29 5
29 8
29 12
29 14
29 20
29 25
29 27
29 36
29 38
30 4
30 6
30 13
30 18
30 26
30 31
30 37
31 5
31 7
31 10
31 14
31 17
31 19
31 21
31 27
31 36
31 38
32 2
32 4
32 6
32 8
32 13
32 22
32 35
33 1
33 3
33 5
33 19
33 32
33 34
33 38
34 4
34 6
34 12
34 31
34 33
34 35
34 37
35 1
35 3
35 5
35 23
35 25
35 27
35 38
36 4
36 6
36 9
36 19
36 22
36 30
36 37
37 5
37 7
37 10
37 18
37 23
37 31
37 36
37 38
38 8
38 13
38 17
38 19
38 21
38 24
38 27
38 29
38 37
0 3
0 8
0 22
2 0
4 20
6 0
6 3
6 39
7 13
8 4
8 26
9 0
9 18
9 39
10 19
13 11
16 18
17 20
18 21
18 23
19 12
23 28
24 0
26 39
33 10
33 29
34 16
38 2
39 2
39 35
0 17
3 23
25 1
4 32
1 18
0 10
0 19
0 15
0 25
35 26
35 28
39 27
5 1
30 30
34 27
33 16
35 16
0 37
1 32
36 26
36 28
0 32
2 32
4 0
4 22
4 39
9 30
8 30
10 30
10 21
9 37
8 37
10 37
11 36
11 24
12 36
10 24
12 24
15 34
35 24
30 33
30 32
15 33
15 35
16 0
16 22
18 39
23 1
20 39
33 39
35 39
22 0
28 18
22 38
38 3
26 0
1 4
2 5
1 5
32 31
31 28
9 3
10 3
32 32
33 0
35 0
36 1
35 33
34 13
35 12
35 37
39 24
39 13
33 37
39 8
37 39
39 29
39 19
39 21
39 37
10 32
9 32
2 28
8 13
32 10
2 27
16 19
1 29
4 5
17 23
1 13
5 5
3 6
5 25
2 13
34 29
2 3
0 29
4 31
5 26
3 7
13 35
2 11
2 18
8 20
3 3
29 30
7 20
13 34
2 10
6 29
6 7
5 13
6 22
7 32
7 27
6 30
5 14
6 21
14 21
5 7
12 26
11 21
6 32
6 27
13 21
7 16
11 26
13 28
9 27
14 14
9 5
11 29
9 11
13 32
12 10
12 2
32 15
33 14
10 17
8 16
32 14
21 38
13 31
10 11
11 28
12 9
10 27
12 3
14 28
10 5
32 28
10 16
17 7
17 3
13 14
17 4
17 6
34 19
35 20
16 36
35 19
17 36
18 19
19 20
18 18
20 20
21 9
21 8
24 5
23 17
24 4
24 17
21 28
21 12
20 17
22 12
23 30
21 29
21 25
22 6
20 18
25 22
23 31
21 26
22 7
25 21
24 19
26 18
26 37
24 12
27 4
36 35
26 30
35 7
31 23
26 17
25 27
24 20
25 32
26 36
38 6
31 34
30 15
25 12
30 20
38 11
36 36
26 4
28 9
27 30
31 22
25 26
33 21
35 6
32 34
24 32
29 34
37 6
37 11
29 21
37 25
30 24
28 11
30 14
31 20
29 9
32 21
28 34
37 24
29 22
29 24
29 11
38 32
37 32
35 31
35 9
36 31
30 17
7 4
7 3
15 23
15 22
14 22
14 20
9 17
11 17
5 36
35 4
35 11
34 11
34 10
0 4
28 2
19 33
21 3
15 6
3 36
33 4
23 33
19 29
32 36
33 6
30 38
11 34
34 36
15 4
33 2
19 31
34 18
33 18
33 17
32 17
31 18
13 19
33 33
30 36
26 34
25 38
31 30
31 31
33 31
31 4
33 35
36 23
3 34
38 22
30 10
29 26
36 18
38 15
38 14
15 31
36 13
35 2
36 2
36 3
37 3
37 4
37 37
3 26
33 23
34 22
23 37
23 38
11 8
24 38
24 39
25 39
38 9
30 12
25 8
21 33
38 16
37 16
37 17
29 1
29 0
16 28
27 26
4 37
24 7
1 21
22 36
23 21
11 6
22 4
37 19
26 15
38 20
39 20
17 12
20 32
37 27
36 27
31 6
13 1
13 2
14 2
14 3
11 0
28 15
28 16
28 36
17 9
34 23
25 37
27 37
10 23
10 25
3 14
13 6
22 20
18 32
22 32
36 14
37 14
37 13
31 13
2 25
39 15
39 14
24 25
32 7
9 22
9 21
8 21
8 19
9 19
38 12
39 12
21 31
38 23
39 23
39 22
27 35
7 24
33 22
33 20
34 20
26 25
38 30
23 8
38 34
11 39
28 38
35 22
32 23
32 24
31 2
30 2
30 3
29 3
29 4
8 28
21 21
1 34
35 13
16 30
28 14
27 14
27 13
26 13
28 29
29 29
29 28
30 28
30 27
34 3
26 11
4 27
36 20
36 21
37 21
37 22
21 23
33 13
33 12
32 12
32 11
31 11
22 2
23 2
23 3
21 1
21 0
20 0
25 35
4 2
5 2
5 3
38 10
39 10
39 9
32 3
31 16
31 15
19 6
11 2
11 1
10 1
10 0
26 2
25 2
25 3
38 18
39 18
39 17
26 23
26 22
27 22
20 34
5 23
5 22
24 15
33 15
26 9
34 38
34 39
13 8
23 35
22 34
14 24
1 20
0 20
0 21
29 13
30 23
30 25
31 25
31 26
20 2
14 12
15 12
15 13
7 22
7 23
8 23
8 24
36 10
37 9
37 8
36 8
36 7
29 15
29 16
6 37
33 8
34 8
34 7
29 31
28 31
28 32
27 32
27 33
17 31
38 38
39 38
38 39
39 39
21 35
25 14
10 9
24 34
27 24
23 26
5 11
27 39
29 37
7 11
28 25
32 19
20 7
12 0
12 18
3 22
2 22
2 21
24 30
22 30
27 16
17 27
14 38
15 38
27 28
13 4
38 25
38 26
39 25
39 26
24 36
39 3
39 4
21 15
22 15
22 16
22 18
23 18
23 19
19 1
2 37
2 30
23 0
7 0
7 1
8 0
8 1
17 29
5 20
5 0
3 0
3 1
16 26
38 7
39 7
38 5
20 30
1 26
0 26
0 27
38 31
39 31
39 30
5 28
5 29
4 29
38 33
39 33
39 34
20 10
20 9
19 9
19 8
18 8
18 7
13 12
15 11
16 11
16 10
11 38
10 38
10 39
19 23
19 24
20 24
20 25
22 25
22 24
23 24
23 23
24 23
24 22
3 20
3 19
2 19
2 17
19 38
19 39
8 29
7 29
7 28
0 18
3 24
4 24
4 25
32 38
32 39
31 39
6 24
6 25
24 9
1 16
0 16
25 10
27 10
28 10
7 38
8 38
7 39
8 39
14 36
14 35
12 35
25 19
25 18
28 12
15 27
32 9
31 9
31 8
30 8
30 7
29 7
29 6
28 6
28 5
27 5
1 14
0 14
27 3
14 26
4 33
5 33
5 34
6 34
6 35
7 35
7 36
8 36
14 30
3 16
18 30
12 20
11 20
11 19
27 18
27 19
28 20
28 21
30 21
30 19
29 19
29 18
12 30
12 29
13 29
28 27
14 9
15 9
15 8
16 8
16 7
25 0
27 0
27 1
0 23
0 24
1 23
1 24
13 38
13 37
12 37
21 17
21 16
17 1
15 1
17 0
18 0
15 0
14 0
36 25
26 20
17 17
16 17
16 16
15 16
15 15
14 15
37 30
37 29
36 29
22 9
22 10
23 10
23 11
24 11
37 34
37 35
1 11
1 12
0 11
0 12
12 39
24 13
23 13
23 14
22 14
20 15
20 14
19 14
19 13
18 13
9 26
25 24
34 32
35 32
35 30
34 30
36 38
36 39
14 18
14 17
13 17
13 16
12 16
12 15
11 15
11 14
9 28
17 22
17 21
39 36
38 36
5 9
34 28
23 16
35 35
35 34
34 34
6 10
10 36
10 35
9 35
9 34
8 34
8 33
7 33
34 26
34 25
33 25
25 16
7 31
8 31
14 13
10 31
11 31
10 33
38 28
39 28
13 10
11 10
19 17
19 16
18 16
18 15
17 15
17 14
16 14
16 13
7 26
26 29
26 31
25 31
25 33
16 24
17 24
17 25
18 25
18 26
19 26
19 27
20 27
20 28
35 17
35 15
3 38
3 39
2 39
19 11
18 11
18 10
4 10
22 22
22 27
22 28
18 2
18 3
19 3
19 4
20 4
20 5
21 5
21 6
14 39
15 39
9 8
12 33
12 32
14 32
14 33
36 5
3 11
3 12
4 12
4 13
11 12
6 13
6 12
21 11
21 13
28 8
27 8
27 7
26 7
26 6
25 6
25 5
26 27
24 27
24 28
4 8
23 6
23 5
3 9
32 29
32 27
14 7
1 1
1 2
31 37
16 32
16 33
17 33
17 34
18 34
18 35
19 35
19 36
20 36
20 37
21 37
13 23
12 23
12 22
11 22
16 3
16 2
20 22
15 29
34 5
13 25
12 25
12 27
13 27
10 29
21 39
32 5
2 33
4 15
2 31
3 31
3 30
16 35
15 37
16 37
8 7
1 7
0 7
0 6
11 4
2 8
38 1
39 1
39 0
4 35
17 39
17 38
10 7
30 5
1 38
0 38
1 36
0 39
0 36
0 35
29 39
0 9
1 9
5 31
1 30
1 28
3 28
6 17
5 17
5 18
12 7
18 28
1 0
21 19
31 35
31 33
29 35
29 33
5 38
5 39
17 19
19 19
19 21
2 35
28 23
18 37
15 25
0 33
0 31
12 13
15 19
2 15
6 19
6 18
10 13
5 16
7 17
6 15
7 15
9 4
9 6
4 18
0 1
0 2
7 6
6 6
14 5
6 8
7 8
7 9
8 9
8 10
9 10
9 12
8 12
16 5
34 1
34 0
8 14
9 14
9 15
12 5
2 4
18 5
2 2
9 2
2 6
4 6
4 4
32 1
32 0
31 0
36 0
37 0
