0 0
1 5
1 13
1 16
1 19
1 21
1 26
1 29
1 33
1 36
2 2
2 22
2 37
3 10
3 14
3 23
3 27
3 29
3 32
4 6
4 11
4 13
4 15
4 19
4 21
4 26
4 28
4 33
4 36
5 7
5 12
5 14
5 16
5 27
5 29
5 37
6 2
6 6
6 8
6 17
6 28
6 36
6 38
7 3
7 9
7 11
7 16
7 18
7 22
7 29
7 32
8 2
8 4
8 10
8 12
8 17
8 21
8 24
8 36
8 38
9 1
9 9
9 11
9 15
9 25
9 29
9 32
9 35
10 5
10 7
10 10
10 14
10 16
10 21
10 30
10 38
11 1
11 6
11 22
11 29
11 33
11 35
11 37
12 2
12 7
12 16
12 21
12 34
12 36
12 38
13 1
13 3
13 9
13 12
13 20
13 22
14 2
14 4
14 6
14 13
14 15
14 17
14 23
15 3
15 5
15 14
15 16
15 26
15 30
15 32
16 6
16 15
16 27
16 29
16 33
16 36
16 38
17 5
17 7
17 10
17 14
17 16
17 19
17 23
17 25
17 28
17 30
17 32
17 34
18 6
18 8
18 11
18 15
18 17
18 22
18 24
18 31
19 2
19 5
19 7
19 9
19 14
19 18
19 21
19 23
19 25
19 27
19 38
20 1
20 3
20 6
20 8
20 10
20 19
20 22
20 24
20 31
20 34
21 2
21 9
21 14
21 20
21 23
21 30
21 32
21 38
22 3
22 13
22 15
22 24
22 27
22 31
23 5
23 9
23 12
23 14
23 16
23 25
23 32
23 35
23 37
24 6
24 8
24 10
24 13
24 15
24 17
24 31
24 33
24 36
25 5
25 7
25 9
25 12
25 14
25 16
25 18
25 24
25 30
25 32
25 34
25 37
26 1
26 4
26 8
26 15
26 17
26 22
26 25
26 31
26 33
26 38
27 5
27 9
27 14
27 16
27 20
27 23
27 30
27 32
27 34
27 37
28 13
28 17
28 19
28 24
28 26
28 29
28 31
28 38
29 2
29 5
29 8
29 20
29 30
29 32
30 3
30 9
30 12
30 14
30 16
30 19
30 21
30 31
30 33
30 38
31 2
31 5
31 7
31 10
31 13
31 18
31 20
31 22
31 24
31 27
31 29
31 34
31 37
32 6
32 19
32 23
32 28
32 30
32 35
32 38
33 2
33 5
33 7
33 13
33 24
33 34
33 36
34 3
34 12
34 14
34 18
34 22
34 25
34 27
34 35
35 4
35 11
35 16
35 23
35 26
35 28
35 30
35 33
35 37
36 5
36 7
36 10
36 17
36 19
36 21
36 24
36 29
36 38
37 8
37 11
37 14
37 18
37 20
37 25
37 30
37 33
37 37
38 9
38 12
38 19
38 26
38 29
38 31
38 38
0 24
0 31
4 0
11 18
11 24
12 25
12 27
15 0
23 0
23 22
32 0
34 9
34 39
36 35
38 5
39 35
1 20
0 5
1 30
1 25
0 21
0 16
0 19
0 26
19 39
2 20
1 32
0 36
3 24
4 23
5 33
2 24
5 32
5 34
5 21
5 30
8 39
5 2
6 39
10 39
8 29
8 28
8 30
7 24
10 1
7 23
7 25
10 0
10 2
12 39
13 0
16 37
18 12
15 37
17 37
17 12
19 12
19 28
30 39
23 27
20 11
18 28
38 33
15 19
16 20
16 19
20 14
21 39
20 13
20 15
22 5
23 26
23 28
22 4
22 6
19 36
19 37
26 39
26 0
28 39
15 34
28 25
15 33
13 26
14 26
27 25
29 25
2 33
3 34
2 0
3 1
2 1
3 33
32 39
32 31
33 38
33 33
35 35
37 35
33 8
4 22
34 16
36 39
36 6
35 6
37 6
20 28
39 33
39 9
39 19
18 3
38 32
38 34
39 12
18 2
39 29
39 31
21 0
22 1
21 1
21 16
22 17
22 16
2 13
3 16
3 13
3 15
1 27
1 28
4 17
3 7
3 30
2 26
1 3
8 6
6 12
26 27
13 30
16 1
3 6
3 31
5 17
5 5
2 9
5 9
17 1
13 31
3 26
7 12
7 6
2 3
25 27
10 12
15 31
5 6
6 9
28 9
29 10
9 22
3 9
10 32
30 37
9 12
29 9
9 21
11 32
8 33
7 20
12 4
8 32
11 20
9 3
10 8
6 19
8 20
16 8
13 4
10 9
11 21
8 3
6 18
16 7
34 1
31 31
35 2
33 37
34 2
13 16
12 8
14 16
17 21
34 15
22 8
16 17
12 9
13 7
18 34
13 24
14 21
18 21
16 16
22 9
14 7
13 21
19 34
14 24
20 26
21 7
19 16
20 4
38 36
39 37
33 30
19 26
20 7
20 5
26 10
38 37
21 18
18 16
24 25
34 30
26 9
20 18
25 25
26 36
19 32
27 7
21 33
21 25
23 18
19 31
24 38
26 7
27 21
26 37
21 24
24 11
32 14
21 34
24 18
29 34
24 37
27 22
24 12
32 13
29 33
29 13
32 3
27 28
30 13
32 2
24 29
27 29
30 17
25 29
31 15
30 18
30 23
30 15
31 23
30 4
4 24
4 25
31 8
36 12
31 11
32 21
31 12
30 5
36 11
33 28
31 9
31 21
38 24
34 28
37 24
35 18
37 4
35 13
36 31
36 4
36 18
36 27
36 22
36 30
34 13
35 27
36 23
33 12
22 35
10 37
10 35
8 37
8 35
13 36
11 36
33 35
36 37
4 20
5 20
5 19
7 19
7 21
28 37
11 34
33 25
29 19
2 32
28 8
27 8
27 6
39 5
30 20
18 7
8 11
9 10
11 10
16 5
20 9
11 16
36 33
32 29
33 29
33 27
32 27
8 9
27 17
12 37
10 29
27 15
33 31
18 5
27 13
10 27
9 27
9 26
29 31
32 24
7 10
28 18
8 13
5 15
27 19
18 23
28 30
7 28
11 25
10 25
10 26
11 27
9 28
11 28
6 25
37 19
8 25
8 26
20 23
10 15
33 39
12 35
1 17
39 17
38 10
39 27
6 37
13 2
27 33
31 39
31 38
28 32
33 6
26 30
6 27
12 22
12 29
12 30
11 30
12 1
12 0
11 0
16 30
29 27
30 26
17 35
37 17
38 17
38 18
39 18
35 3
28 20
28 21
29 21
29 22
30 22
9 18
38 30
39 30
30 2
35 32
35 31
37 31
37 32
30 24
29 24
0 38
24 16
27 31
31 19
6 7
25 19
25 20
26 20
26 21
1 18
0 18
0 17
38 11
39 11
39 10
27 38
27 39
38 27
38 28
39 28
25 15
7 17
31 6
30 27
4 14
39 16
38 25
38 23
39 23
39 22
15 29
14 29
14 30
1 7
1 8
14 18
15 18
15 17
26 12
38 7
22 38
5 22
6 22
6 23
24 9
22 19
21 29
20 29
20 30
23 15
7 15
8 15
8 16
9 16
34 20
34 19
33 19
9 17
15 15
10 17
10 18
4 27
25 17
17 17
17 18
18 18
18 19
19 19
19 20
20 20
20 21
21 21
21 22
22 22
22 23
2 17
2 16
4 16
4 18
3 18
3 19
2 19
7 8
29 26
24 7
11 23
10 23
10 22
8 22
8 23
36 8
36 9
37 9
37 10
23 36
6 0
39 26
37 0
36 1
12 33
38 14
38 13
15 2
16 2
16 3
17 3
17 4
23 13
31 25
31 26
28 27
28 28
26 28
2 39
2 38
1 38
1 37
0 37
3 22
3 21
2 21
5 13
6 13
6 14
26 26
27 26
17 15
14 5
24 1
0 14
14 0
14 1
21 10
21 11
23 3
23 2
26 34
22 30
30 32
31 32
31 33
32 33
32 34
14 35
14 34
13 34
13 38
13 39
14 39
24 21
24 22
25 22
25 23
26 23
26 24
27 24
17 36
18 36
18 35
1 6
0 6
20 27
21 27
20 25
22 25
22 26
37 26
36 26
36 25
35 25
35 24
34 24
34 23
33 23
33 22
32 22
37 29
9 0
32 20
33 20
34 17
35 17
35 19
34 21
35 21
35 22
39 20
38 20
38 21
37 21
37 22
4 10
5 10
5 11
6 11
16 0
17 29
18 29
18 30
31 1
31 0
30 0
5 26
32 18
33 18
3 11
20 2
17 39
25 33
4 38
36 28
15 27
9 36
32 16
31 16
31 17
36 14
35 14
35 15
38 15
37 15
25 38
25 39
8 18
39 32
7 2
31 30
30 30
30 29
29 29
6 32
4 32
26 16
16 34
16 35
37 38
37 39
38 39
17 33
18 33
18 32
13 13
22 32
22 33
23 33
23 34
24 34
24 35
25 35
25 36
26 32
24 26
24 24
23 24
36 0
24 32
1 12
2 12
29 39
29 38
7 31
7 30
6 30
6 29
28 23
0 39
20 32
20 33
35 29
1 23
2 7
2 8
4 12
21 3
21 4
19 4
19 3
27 36
27 35
28 35
28 34
21 17
30 34
30 35
31 35
31 36
32 36
32 37
0 11
18 0
29 36
38 2
39 1
37 1
2 14
1 14
1 15
0 15
5 8
4 8
4 7
18 25
0 4
1 4
1 2
0 2
0 1
11 38
11 39
34 37
34 36
35 36
38 8
39 8
39 7
23 38
23 39
22 39
34 33
34 34
35 34
7 38
7 39
9 34
9 33
10 33
35 1
38 0
23 4
22 20
23 20
23 19
2 5
6 16
39 14
39 13
0 8
0 9
15 4
7 36
8 1
37 3
37 5
1 10
2 10
25 31
9 24
9 38
9 39
5 28
6 1
5 1
5 0
5 36
32 7
32 8
30 8
30 7
29 7
29 6
16 32
22 0
20 0
33 1
33 0
15 25
16 25
16 26
17 26
17 27
18 27
24 3
24 2
3 28
25 13
22 12
29 3
29 4
31 4
31 3
33 3
33 4
34 4
34 5
35 5
4 29
4 30
2 29
2 30
28 16
29 16
29 17
31 14
33 14
33 15
28 5
37 7
22 37
21 37
21 36
20 36
20 35
35 12
37 12
37 13
19 1
25 1
25 0
24 0
35 10
34 10
34 11
36 20
21 19
35 38
35 39
39 38
39 36
37 36
0 20
37 34
39 34
35 7
34 7
34 8
19 24
28 1
27 1
27 2
0 13
22 2
7 0
17 24
23 31
28 12
29 12
29 14
28 14
6 5
4 5
4 4
3 4
10 11
10 13
11 13
11 14
12 14
12 15
13 15
13 17
12 17
12 18
14 20
15 20
14 22
15 22
15 23
16 23
14 9
14 10
13 10
13 11
12 11
12 12
19 22
2 34
1 34
1 35
0 35
11 7
11 8
36 16
17 38
18 38
18 39
27 11
27 10
28 10
16 28
5 38
5 39
4 39
23 17
23 8
21 8
21 6
23 6
10 20
12 20
13 8
17 22
17 20
32 5
13 6
12 6
12 5
11 5
19 17
19 15
21 15
34 26
5 3
6 3
6 35
6 34
7 34
7 33
19 11
19 10
18 10
18 9
17 9
17 8
10 31
9 31
9 30
15 8
15 13
15 12
14 12
26 5
10 4
9 4
9 5
8 5
4 35
4 34
26 18
19 13
21 13
20 39
20 38
27 0
29 1
1 22
0 22
0 23
31 28
3 2
3 0
1 0
16 39
4 37
3 37
3 36
2 36
21 31
2 25
2 27
0 27
14 32
25 6
19 6
17 13
17 11
16 11
16 10
24 5
0 25
7 4
17 31
25 8
15 36
15 38
9 8
9 7
8 7
9 2
12 3
11 3
11 2
2 23
0 32
0 33
17 6
28 2
25 10
25 11
23 11
23 10
22 14
26 3
26 2
9 14
26 14
15 6
24 14
13 27
13 23
13 25
13 28
32 10
32 11
30 11
30 10
14 14
10 6
0 30
0 29
22 28
24 30
24 28
16 14
18 14
19 8
14 3
25 4
27 4
13 19
