0 0
1 4
1 7
1 9
1 11
1 15
1 17
1 19
1 21
1 29
1 34
1 36
1 38
2 1
2 3
2 10
2 16
2 20
2 22
2 33
2 35
3 2
3 5
3 11
3 21
3 23
3 29
3 32
3 34
4 1
4 10
4 12
4 17
4 22
4 30
4 33
4 35
5 2
5 13
5 18
5 21
5 23
5 26
5 29
5 32
6 4
6 6
6 14
6 19
6 22
6 24
6 27
6 37
7 7
7 9
7 12
7 18
7 23
7 29
7 32
7 35
7 38
8 4
8 6
8 10
8 13
8 17
8 19
8 24
8 30
8 33
8 36
9 5
9 11
9 14
9 20
9 23
9 29
9 32
9 34
10 1
10 3
10 9
10 12
10 15
10 21
10 24
10 28
10 33
10 35
10 38
11 5
11 8
11 13
11 20
11 27
11 29
11 36
12 6
12 9
12 15
12 18
12 28
13 7
13 10
13 19
13 26
13 33
13 35
13 38
14 6
14 11
14 13
14 23
14 25
14 32
14 36
15 2
15 5
15 7
15 10
15 12
15 16
15 22
15 24
15 26
15 28
15 31
16 3
16 8
16 11
16 13
16 17
16 19
16 21
16 25
16 27
16 29
16 32
16 35
17 4
17 9
17 12
17 20
17 24
17 26
17 28
17 36
18 2
18 8
18 13
18 16
18 19
18 25
18 27
18 29
18 31
18 33
18 35
18 37
19 1
19 3
19 5
19 7
19 11
19 14
19 20
19 23
19 26
19 30
19 32
19 36
19 38
20 2
20 4
20 6
20 12
20 15
20 22
20 25
20 31
20 37
21 1
21 5
21 7
21 10
21 13
21 16
21 19
21 26
21 29
21 32
21 38
22 8
22 11
22 14
22 17
22 20
22 22
22 25
22 27
22 31
23 7
23 9
23 18
23 23
23 28
23 32
23 34
23 37
24 1
24 5
24 8
24 12
24 19
24 22
24 24
24 29
24 31
24 35
24 38
25 2
25 4
25 7
25 13
25 27
25 30
25 34
25 36
26 1
26 3
26 12
26 14
26 31
26 33
26 35
27 4
27 7
27 10
27 15
27 17
27 19
27 24
27 27
27 32
27 34
28 1
28 3
28 5
28 8
28 16
28 20
28 23
28 28
28 33
28 35
28 38
29 2
29 4
29 6
29 9
29 15
29 17
29 19
29 24
29 26
29 34
29 36
30 1
30 3
30 5
30 7
30 13
30 16
30 18
30 25
30 33
31 2
31 4
6 2
31 8
31 14
31 17
31 19
31 24
31 31
31 37
32 7
32 13
32 18
32 23
32 25
32 28
32 32
32 36
32 38
33 8
33 14
33 16
33 20
33 22
33 24
33 26
33 33
33 35
34 2
34 7
34 9
34 12
34 15
34 17
34 21
34 23
34 25
34 27
34 29
34 31
34 34
35 10
35 14
35 22
35 24
35 26
35 28
35 30
35 32
35 35
35 38
36 2
36 7
36 9
36 11
36 18
36 21
36 23
36 27
36 29
36 31
36 36
37 10
37 14
37 22
37 28
37 30
37 35
37 37
38 21
38 23
38 26
38 29
38 31
38 33
38 38
0 2
0 24
0 32
1 13
1 25
1 26
4 8
4 38
7 2
12 0
12 1
16 39
21 35
30 39
31 10
32 0
35 0
37 0
38 1
38 4
38 5
38 7
39 1
39 3
39 8
39 13
39 17
0 9
0 4
0 11
0 15
1 8
0 7
2 0
4 16
0 19
38 2
37 4
0 17
0 21
4 0
0 38
31 6
8 2
1 37
3 16
5 16
6 15
2 29
2 28
2 30
6 29
6 28
6 30
10 0
10 39
10 25
34 4
34 3
11 15
13 20
11 14
11 16
13 39
15 1
14 2
17 5
19 0
19 39
21 0
21 39
24 25
24 39
23 25
25 25
27 12
26 0
3 13
4 14
28 0
28 39
4 13
29 38
29 13
4 7
30 0
31 9
31 11
13 28
14 29
14 28
34 18
22 1
23 2
23 1
35 39
19 16
36 12
20 17
20 16
4 19
16 15
37 18
35 12
37 12
36 17
14 17
13 22
13 23
14 16
4 18
15 15
39 23
4 39
39 26
39 31
4 3
4 2
1 12
0 26
22 15
23 16
22 16
24 20
25 21
24 21
5 11
11 1
4 11
12 13
13 13
6 33
4 31
6 32
5 34
6 10
2 8
4 32
6 9
4 34
7 14
6 17
3 36
7 21
11 34
9 27
8 8
2 37
4 24
9 18
8 31
8 14
11 25
3 35
10 4
8 18
12 20
10 10
7 22
4 23
6 18
7 8
9 28
10 34
13 8
16 6
8 32
10 11
10 5
14 34
15 6
13 9
25 19
11 3
13 34
17 14
17 7
19 34
12 3
29 37
26 19
17 13
33 18
13 31
18 34
17 8
18 4
19 9
13 32
19 28
19 4
37 19
35 17
18 9
15 18
18 28
17 22
16 18
18 17
16 22
24 14
17 32
18 18
24 13
18 32
20 20
21 20
23 11
19 24
21 3
19 21
19 25
24 11
25 23
22 12
22 29
20 3
19 22
21 23
20 8
22 13
23 29
24 23
4 9
21 30
20 7
21 22
21 31
26 16
27 16
31 26
24 3
25 9
25 3
24 6
31 25
27 36
24 9
24 7
32 34
26 8
27 30
27 35
26 5
30 23
26 7
33 34
27 31
26 4
30 24
30 35
29 35
33 28
36 33
34 28
36 5
37 8
38 36
36 32
36 6
36 8
38 9
37 36
36 38
34 13
36 25
38 10
34 36
37 38
35 25
34 14
38 27
34 35
36 15
38 28
36 14
28 24
28 19
22 0
20 1
20 0
18 1
18 0
17 0
35 2
18 36
18 30
36 30
15 13
22 34
21 34
21 33
24 34
2 2
1 23
26 27
36 28
7 19
15 11
14 24
1 18
0 18
14 12
23 8
33 25
35 31
1 20
0 20
25 12
19 37
1 22
0 22
0 23
0 16
1 16
28 34
38 15
38 16
37 16
39 38
36 10
7 4
19 6
7 26
8 26
2 23
3 22
3 25
3 26
14 10
38 14
39 14
39 16
33 23
6 26
6 25
5 25
5 24
36 22
7 28
7 27
8 27
34 16
35 16
35 15
22 38
11 38
3 24
10 27
35 18
37 15
0 14
1 14
37 17
38 24
38 25
39 24
39 25
9 24
9 25
8 25
10 32
5 14
5 15
13 18
13 17
12 17
12 16
25 31
15 27
35 23
5 28
5 27
2 25
2 26
14 38
14 14
19 33
19 35
0 25
0 27
13 6
14 20
14 19
15 19
15 17
4 26
34 30
14 26
33 15
13 15
17 27
31 13
34 26
23 33
8 39
38 39
13 11
37 23
37 31
34 24
23 20
23 19
22 19
22 18
21 18
21 17
29 16
10 16
19 15
18 15
18 14
16 14
23 38
23 39
22 39
16 28
15 21
9 33
12 38
12 39
11 39
38 22
39 22
39 21
34 22
19 17
17 17
17 16
16 16
5 33
29 25
5 37
4 37
4 36
2 36
2 38
37 13
37 11
20 36
21 36
21 37
22 37
17 35
24 30
29 11
5 35
7 33
7 34
8 34
8 35
9 35
9 36
10 36
10 37
11 37
6 35
34 8
6 36
33 36
35 36
35 37
36 37
36 39
34 39
34 38
33 38
17 38
7 36
7 37
6 38
8 37
8 38
9 38
9 39
29 5
30 19
3 33
29 3
24 32
15 38
15 39
14 39
33 1
2 34
32 6
28 15
39 12
12 5
16 24
22 21
29 18
38 30
39 30
39 29
38 32
39 32
39 33
39 27
37 27
37 26
36 26
36 24
23 22
15 23
23 31
28 32
16 12
11 33
12 33
16 26
4 5
7 6
36 35
11 35
12 35
12 36
13 36
13 37
14 37
20 26
6 5
17 25
32 24
31 23
29 23
29 22
28 22
28 21
26 34
31 29
32 30
27 3
7 39
37 21
21 15
21 14
20 14
20 13
19 13
19 12
18 12
18 11
17 11
17 10
16 10
16 9
15 9
15 8
14 8
14 7
8 0
18 20
18 21
17 21
26 22
25 22
25 24
26 24
39 35
38 35
38 34
37 34
37 33
26 13
27 13
27 14
22 32
21 25
5 17
7 17
3 20
3 19
2 19
11 28
5 22
27 18
11 9
11 10
12 10
9 17
9 19
21 27
21 28
22 28
22 30
20 30
20 29
19 29
19 27
20 38
20 39
28 2
12 24
11 24
11 23
10 23
10 22
9 22
9 21
8 21
8 20
32 11
32 12
33 12
33 13
35 13
37 29
12 30
15 25
34 6
33 29
32 29
30 6
31 18
8 16
38 20
38 19
39 19
39 18
31 5
13 25
35 34
35 33
34 33
34 32
33 32
33 31
32 31
17 29
27 23
18 26
38 37
29 27
30 27
30 28
30 11
30 12
29 12
12 8
12 7
11 7
11 6
25 20
25 18
24 18
24 17
23 17
32 8
32 9
33 9
33 10
34 10
34 11
35 11
9 30
9 31
7 31
7 30
31 3
18 38
18 39
17 39
13 27
12 27
12 26
11 26
30 2
32 37
35 27
23 15
23 14
25 14
25 15
26 15
26 17
29 39
35 29
31 30
9 15
10 8
8 5
17 19
35 21
32 22
33 27
32 27
32 26
5 6
5 7
6 7
0 30
34 1
34 0
33 0
26 32
25 26
29 20
39 7
37 7
37 9
39 9
15 32
29 10
28 10
28 9
27 9
27 8
25 8
1 5
25 10
26 10
26 11
27 11
6 21
6 20
5 20
5 19
13 4
30 21
31 20
32 20
32 19
33 19
14 33
14 35
15 35
15 36
16 36
16 37
17 37
7 15
2 32
19 19
20 19
20 21
33 17
32 17
32 16
31 16
31 15
30 15
30 14
29 14
17 23
18 23
18 24
7 13
6 13
6 12
5 12
20 24
20 23
22 23
22 24
23 24
22 26
23 26
23 27
24 27
24 28
25 28
25 29
26 29
26 30
36 19
36 20
20 32
28 30
28 29
29 29
29 28
30 26
28 27
28 26
27 26
27 25
31 36
30 36
30 37
9 10
9 9
8 9
8 7
9 7
9 6
3 6
3 7
2 7
2 9
34 20
5 10
31 28
32 35
32 33
31 33
31 32
30 32
30 31
29 31
31 38
31 39
32 39
32 2
33 2
10 20
7 10
7 11
8 11
8 12
9 12
9 13
10 13
10 14
32 14
5 30
5 31
3 31
3 30
26 2
26 37
26 38
25 38
27 1
27 0
8 1
9 1
9 0
30 17
29 1
29 0
30 9
30 8
29 8
29 7
28 7
28 6
27 6
27 5
25 5
25 6
33 21
23 6
23 5
22 5
0 36
0 37
7 24
20 5
12 14
12 12
11 12
11 21
12 21
12 22
21 6
36 1
36 0
14 5
19 31
16 34
16 33
17 33
17 31
16 31
16 30
15 30
15 29
11 30
11 31
12 31
35 9
25 1
25 0
24 0
5 4
5 3
6 3
23 12
21 12
21 11
20 11
20 10
19 10
23 10
22 10
22 9
21 9
21 8
19 8
7 0
0 8
36 3
37 3
37 2
35 7
16 5
16 4
15 4
15 3
14 3
25 37
24 37
24 36
23 36
23 35
25 35
26 36
27 38
27 39
27 28
28 36
28 37
30 34
25 39
27 20
10 2
11 2
11 4
13 29
12 29
31 0
31 1
16 7
18 7
2 11
2 12
3 12
18 5
18 3
17 3
17 2
16 2
16 1
31 7
28 17
1 30
1 31
0 31
33 7
33 5
33 4
32 4
0 39
1 39
9 4
9 3
8 3
22 2
21 2
21 4
1 10
0 10
1 6
0 6
0 5
14 1
13 1
13 0
2 21
4 21
22 7
39 4
39 5
16 20
11 0
11 18
11 19
12 19
14 22
1 35
14 31
0 29
19 2
3 0
3 1
24 4
24 2
3 10
8 23
39 2
2 5
2 4
3 4
3 3
3 14
3 15
2 15
10 29
1 33
0 33
0 34
6 23
1 28
3 28
38 0
39 0
8 29
29 33
0 12
5 0
5 1
6 1
37 5
35 5
35 4
30 4
28 4
4 29
3 39
5 39
27 33
0 3
1 3
1 0
1 1
0 1
3 17
2 17
25 33
