0 1
1 2
1 7
1 16
1 33
2 3
2 5
2 8
2 10
2 14
2 22
2 25
2 30
2 32
3 6
3 15
3 17
3 31
3 36
3 38
4 3
4 5
4 7
4 10
4 12
4 14
4 16
4 18
4 26
4 29
4 32
5 13
5 23
5 27
6 7
6 21
6 28
7 6
7 8
7 10
7 22
7 26
7 34
7 36
8 7
8 9
8 20
8 27
8 35
8 37
10 17
10 20
10 22
10 29
11 11
11 15
11 21
11 23
11 28
12 1
12 3
12 14
12 16
12 25
12 27
13 2
13 5
13 28
14 1
14 10
14 21
14 29
14 36
15 5
15 8
15 17
15 28
15 30
15 34
15 37
16 11
16 24
16 36
17 5
17 22
17 25
17 30
17 33
17 37
18 3
18 6
18 23
18 34
18 38
19 1
19 4
19 7
19 22
19 24
19 35
19 37
20 5
20 8
20 23
20 33
20 38
21 1
21 6
21 14
21 16
21 21
21 28
22 2
22 13
22 15
22 17
22 19
22 29
22 33
22 37
23 1
23 12
23 14
23 16
23 18
23 20
23 28
24 7
24 10
24 13
24 15
24 17
24 19
24 21
25 1
25 8
25 11
25 14
25 16
25 31
25 34
25 37
26 9
26 12
26 15
26 32
26 38
27 8
27 10
27 26
27 30
27 33
28 3
28 13
28 15
28 23
28 28
28 31
28 34
29 4
29 14
29 22
29 29
30 6
30 8
30 10
30 17
30 21
30 24
30 30
30 37
31 3
31 9
31 11
31 29
31 31
31 36
31 38
32 1
32 10
32 12
32 14
32 22
32 32
32 37
33 2
33 8
33 11
33 18
33 21
33 33
33 38
34 1
34 3
34 9
34 32
34 34
34 36
35 10
35 12
35 14
35 16
35 18
35 31
35 33
35 37
36 13
36 15
36 32
36 38
37 22
37 26
37 31
38 6
38 8
38 15
38 20
38 23
38 30
38 32
38 38
0 23
0 35
4 1
5 0
6 1
6 16
6 30
6 39
7 1
7 4
8 13
8 17
8 31
9 13
9 33
10 5
10 7
10 9
11 6
12 8
12 19
12 32
13 7
13 23
13 32
14 19
15 15
15 19
15 32
17 18
18 16
19 11
19 15
20 12
20 18
21 35
22 10
23 5
25 25
27 0
28 1
28 36
29 0
33 26
34 29
36 3
36 4
37 10
38 34
38 36
39 17
3 22
0 33
20 1
22 3
18 1
1 5
38 16
25 24
25 26
2 29
20 0
20 2
2 21
26 1
3 39
5 24
6 29
9 9
11 9
9 7
14 17
38 13
39 14
16 22
12 23
14 23
10 30
38 14
14 0
32 24
33 23
18 30
15 27
15 38
32 23
17 26
18 39
20 35
22 35
27 28
6 32
6 31
24 28
24 31
25 30
7 17
32 18
32 17
32 19
22 0
22 1
8 32
32 0
31 35
31 1
33 39
30 35
32 35
34 4
34 0
0 25
1 26
1 25
23 24
24 23
35 11
27 18
28 19
27 19
23 23
34 11
36 11
34 26
39 38
7 38
8 39
39 8
8 38
19 14
20 19
11 30
19 10
9 5
12 36
13 37
13 36
13 31
15 18
24 1
24 5
21 3
35 3
3 23
18 31
27 4
28 5
36 27
37 28
37 27
8 22
16 21
14 16
4 24
28 4
2 16
0 8
10 37
9 22
9 37
14 38
16 26
0 12
5 36
14 12
18 9
3 2
17 9
1 8
4 37
30 32
31 33
3 16
6 9
13 12
27 27
5 17
5 35
5 11
31 32
5 4
9 17
34 38
35 39
1 12
8 25
6 5
3 3
3 37
7 9
8 11
35 38
7 28
14 6
16 34
9 19
10 24
4 11
4 17
4 4
21 30
16 6
6 6
8 26
9 20
10 23
8 28
14 5
7 11
17 34
21 29
16 5
13 26
21 8
12 21
10 27
15 10
13 21
22 8
12 26
15 35
21 22
10 28
16 10
21 32
23 34
15 36
31 16
22 21
21 23
23 33
21 33
23 21
30 16
24 38
25 38
27 39
27 16
26 13
9 29
9 30
8 30
27 38
30 13
32 30
26 17
26 14
27 15
29 9
27 22
28 26
31 30
34 7
29 13
31 7
28 22
25 17
29 26
28 17
30 9
35 21
30 7
30 4
34 8
29 17
34 21
31 4
37 24
33 31
38 24
8 15
33 32
8 14
32 26
39 28
38 5
38 28
8 34
9 34
9 35
34 18
21 17
20 17
20 16
19 16
17 16
21 15
23 7
18 29
17 29
37 13
21 13
21 12
22 12
18 13
18 14
17 14
19 12
20 14
30 18
32 33
32 34
33 34
20 27
19 27
19 25
18 25
23 2
23 3
36 28
21 27
21 26
22 26
36 26
20 28
19 28
19 38
19 39
20 39
20 25
20 24
16 37
16 38
17 38
17 39
19 26
18 26
16 23
17 23
17 24
18 24
37 38
8 36
22 28
34 35
16 30
14 28
14 27
13 27
13 25
14 25
14 24
15 24
34 33
14 18
16 18
16 17
24 20
24 16
32 11
24 18
15 6
15 7
22 14
22 16
22 18
17 6
5 7
14 22
32 13
20 30
22 30
31 28
31 27
30 27
36 19
36 20
23 15
34 14
33 14
23 13
24 14
13 6
36 18
37 18
18 19
19 20
11 3
10 3
14 20
15 20
15 21
17 21
17 31
17 32
19 31
18 35
12 2
35 15
3 12
18 22
39 20
2 31
26 30
26 31
27 31
27 32
28 32
28 33
35 13
35 19
35 20
13 1
13 0
12 0
18 20
7 35
38 19
39 23
39 22
38 22
38 21
37 21
37 20
29 21
8 8
9 8
8 6
9 6
9 4
35 17
19 19
19 23
29 15
21 19
21 20
22 20
22 22
20 22
20 21
19 21
18 18
23 19
25 19
37 25
37 23
36 23
36 22
35 22
11 8
11 7
8 3
7 3
7 2
6 2
6 34
7 7
39 35
38 35
29 28
15 4
11 10
35 1
27 9
31 37
39 1
16 2
23 29
15 1
24 29
24 30
13 34
12 34
11 25
11 24
12 24
19 36
20 36
20 37
21 37
21 38
22 38
19 3
19 2
18 2
2 33
2 1
14 14
15 13
23 39
24 39
24 37
23 37
23 36
22 36
22 34
24 34
24 35
25 35
25 36
26 36
26 37
16 8
6 13
4 13
36 14
6 23
7 24
18 33
19 33
19 34
20 34
20 4
21 4
21 5
22 5
22 6
9 12
8 12
8 10
9 10
36 31
13 29
11 18
11 14
36 7
36 6
11 5
12 5
12 4
13 4
13 3
14 3
14 2
15 2
11 22
12 22
11 20
12 20
14 34
14 35
33 19
33 20
31 19
9 1
4 15
6 19
6 18
16 1
16 35
18 0
19 0
21 0
23 0
25 15
15 0
25 3
18 37
2 4
1 4
1 3
0 3
0 2
32 36
33 36
33 37
34 37
21 2
34 39
36 39
16 33
15 33
20 9
20 10
21 9
21 10
30 33
30 34
29 34
1 18
1 17
0 17
8 23
7 23
3 5
15 29
19 8
18 8
18 7
4 38
5 38
4 39
5 39
15 14
38 7
39 7
39 6
2 9
9 24
9 25
1 29
1 30
0 29
0 30
7 25
0 21
38 31
34 16
23 17
11 12
36 8
37 8
13 8
14 8
14 9
15 9
15 11
14 11
31 12
30 12
30 11
7 15
7 16
6 24
36 33
36 34
35 34
23 27
24 27
24 26
9 14
9 15
10 15
10 16
33 28
33 29
32 29
32 31
34 31
35 9
11 16
11 17
12 17
12 18
4 9
4 8
3 8
3 7
2 7
2 6
1 6
16 3
17 3
17 4
18 4
18 5
19 5
19 6
20 6
20 7
21 7
2 13
6 20
7 20
7 21
8 21
14 13
30 31
29 31
29 30
28 30
28 29
27 29
13 33
12 33
3 21
3 20
4 20
4 19
5 19
5 18
22 32
20 32
36 1
36 0
35 0
38 9
38 10
39 9
39 10
0 39
11 39
12 39
26 20
32 5
39 4
9 32
10 32
38 1
38 0
39 0
17 11
17 12
16 12
16 13
13 14
5 16
33 12
34 12
34 10
33 10
33 9
32 9
32 8
31 8
31 6
13 10
33 7
32 38
32 39
31 39
1 14
1 15
2 15
1 19
2 17
2 19
38 37
39 37
39 39
38 39
11 1
10 1
10 0
9 0
26 8
1 36
4 6
30 38
29 38
29 37
28 37
14 30
14 31
15 31
10 11
12 11
6 0
7 0
15 16
13 16
1 1
1 0
2 0
6 36
4 36
11 35
12 35
38 33
39 33
39 32
4 31
4 30
3 30
3 29
6 22
5 22
5 21
36 37
36 36
35 36
31 2
32 2
32 3
33 3
33 4
27 3
26 3
26 2
25 2
35 30
35 29
28 39
26 39
25 21
25 22
24 22
24 24
22 24
30 36
7 37
7 39
9 39
3 14
34 2
35 2
35 7
35 6
39 2
2 27
2 26
3 26
3 25
4 25
35 24
35 25
34 25
34 27
7 5
5 5
5 3
7 18
12 31
11 31
7 33
7 32
10 38
10 36
14 39
14 37
18 10
12 37
32 15
31 15
31 14
30 14
4 23
2 11
0 13
0 11
4 0
4 2
2 2
17 36
10 18
10 19
27 11
28 11
28 35
27 35
27 34
26 34
26 33
25 33
25 32
24 32
27 5
26 5
0 18
28 14
37 6
38 3
37 3
37 4
2 23
2 24
0 16
16 27
16 28
8 19
27 25
28 25
28 24
29 24
29 23
30 23
30 22
31 22
31 21
32 21
9 2
33 1
33 0
29 6
29 5
30 5
30 3
29 3
29 2
28 2
36 12
36 10
4 27
4 28
5 28
5 29
7 29
7 27
6 27
6 26
5 26
25 4
24 4
2 39
2 38
1 38
1 37
0 37
0 36
26 0
25 0
37 32
35 4
28 27
26 26
26 27
31 17
33 17
1 21
1 22
0 22
11 29
6 8
5 10
6 10
5 12
24 6
25 6
25 7
31 0
30 0
38 26
0 9
0 7
37 15
37 16
36 16
12 15
26 11
26 10
25 10
25 9
24 9
24 8
35 32
1 34
0 34
0 32
1 32
25 13
25 12
24 12
24 11
23 11
23 10
28 18
28 16
26 16
26 18
33 22
33 24
31 24
31 25
30 25
27 13
27 12
28 12
30 29
16 25
38 29
39 29
39 30
0 20
3 35
3 34
4 34
4 33
5 33
5 32
28 0
9 27
11 27
5 14
27 21
27 23
26 23
26 24
2 36
31 10
3 18
12 28
39 15
39 16
39 13
39 12
27 7
28 7
28 8
29 8
29 10
28 10
28 20
1 10
10 21
37 30
3 32
12 13
3 10
30 20
39 27
0 26
0 27
0 24
39 18
