0 0
1 3
1 5
1 7
1 9
1 12
1 14
1 21
1 25
1 27
1 29
1 31
1 35
1 37
2 1
2 4
2 6
2 10
2 13
2 19
2 26
2 28
2 30
2 34
2 36
2 38
3 2
3 5
3 7
3 9
3 24
3 29
3 31
3 33
3 35
3 37
4 1
4 3
4 8
4 13
4 18
4 20
4 22
4 28
4 32
4 36
5 2
5 9
5 12
5 14
5 19
5 21
5 25
5 33
5 35
6 3
6 6
6 8
6 13
6 20
6 22
6 24
6 32
6 34
6 36
7 1
7 4
7 7
7 9
7 11
7 14
7 16
7 19
7 25
7 28
7 33
7 35
7 37
8 5
8 8
8 10
8 12
8 15
8 17
8 22
8 24
8 27
8 30
8 38
9 1
9 4
9 6
9 9
9 11
9 13
9 18
9 21
9 23
9 35
9 37
10 3
10 5
10 10
10 12
10 14
10 24
10 30
10 36
10 38
11 6
11 11
11 13
11 23
11 25
11 31
11 37
12 10
12 12
12 21
12 24
12 29
12 32
13 5
13 16
13 20
13 22
13 25
13 27
13 30
13 34
14 1
14 4
14 14
14 21
14 23
14 28
14 31
14 35
15 2
15 5
15 8
15 12
15 15
15 17
15 19
15 29
15 34
16 1
16 3
16 10
16 14
16 18
16 20
16 30
16 35
16 37
17 2
17 4
17 6
17 11
17 15
17 19
17 21
17 27
17 34
17 36
17 38
18 1
18 5
18 7
18 10
18 20
18 23
18 26
18 28
18 30
18 33
18 37
19 2
19 4
19 6
19 8
19 11
19 15
19 18
19 25
19 27
19 29
19 38
20 3
20 5
20 7
20 9
20 12
20 14
20 16
20 20
20 26
20 28
20 33
20 36
21 1
21 4
21 6
21 8
21 10
21 17
21 21
21 27
21 29
21 31
21 34
21 37
22 2
22 5
22 9
22 11
22 20
22 22
22 30
22 35
22 38
23 1
23 8
23 10
23 12
23 14
23 16
23 21
23 25
23 31
23 34
23 36
24 2
24 9
24 11
24 13
24 17
24 19
24 22
24 24
24 30
24 32
24 35
24 37
25 3
25 10
25 12
25 18
25 20
25 23
25 31
25 34
25 36
25 38
26 4
26 6
26 8
26 14
26 16
26 19
26 30
26 35
26 37
27 5
27 15
27 18
27 20
27 23
27 26
27 36
27 38
28 1
28 14
28 19
28 21
28 24
28 27
28 33
28 35
29 2
29 5
29 15
29 20
29 22
29 26
29 28
29 32
29 34
29 36
30 1
30 7
30 9
30 14
30 16
30 18
30 21
30 27
30 29
30 31
30 33
30 35
31 2
31 10
31 12
31 15
31 17
31 22
31 24
31 26
31 28
31 30
31 34
31 36
32 3
32 11
32 13
32 16
32 18
32 21
32 23
32 25
32 27
32 29
32 35
33 4
33 7
33 12
33 14
33 17
33 19
33 22
33 36
33 38
34 2
34 8
34 15
34 31
34 35
34 37
35 1
35 3
35 5
35 14
35 16
35 21
35 24
35 29
35 36
35 38
36 2
36 4
36 6
36 13
36 15
36 17
36 20
36 22
36 30
36 32
36 34
37 1
37 3
37 5
37 16
37 18
37 28
37 31
37 33
37 35
38 2
38 4
38 6
38 8
38 10
38 17
38 19
38 26
38 29
38 32
38 34
38 36
38 38
0 16
0 18
0 33
1 17
3 16
5 39
12 0
15 39
16 23
30 39
33 0
34 27
35 10
38 12
38 21
39 12
39 14
39 21
39 23
0 27
0 37
1 15
0 14
2 21
2 16
4 16
0 29
0 35
0 31
2 20
2 22
2 39
4 0
3 13
3 12
3 14
9 0
8 39
15 10
17 12
10 15
10 39
14 0
13 1
12 34
14 32
13 32
15 32
16 0
16 31
17 39
19 39
18 0
29 9
21 18
20 18
22 18
5 28
6 29
6 28
27 8
27 12
28 11
24 27
25 28
25 27
27 11
9 28
10 27
9 27
28 5
10 32
28 4
28 6
11 33
29 7
30 0
11 32
30 12
22 24
27 2
23 24
27 1
33 27
35 27
33 39
35 39
35 0
20 22
21 23
21 22
8 32
5 31
7 32
5 32
6 17
6 16
38 20
38 22
37 0
39 8
24 0
38 11
38 13
39 10
39 4
39 36
39 6
39 17
39 34
39 19
39 32
25 1
4 30
0 6
24 1
39 26
3 30
1 6
15 23
34 10
20 38
21 39
9 15
21 38
7 26
3 25
13 18
4 10
7 27
12 18
3 19
16 12
29 10
3 26
4 4
4 9
4 5
4 19
4 24
5 24
28 39
29 38
28 38
9 25
9 24
10 8
11 4
10 9
13 2
10 4
13 11
14 6
10 17
14 5
15 21
12 11
10 18
31 4
32 5
16 21
9 33
32 4
9 34
18 16
19 34
16 5
17 8
19 33
18 15
14 26
17 5
17 17
15 27
17 7
18 35
12 36
14 37
22 13
16 17
13 26
14 16
15 28
29 24
17 35
11 36
15 13
24 4
14 36
23 13
16 26
24 15
15 16
30 24
15 14
24 3
23 15
17 26
19 19
19 20
19 13
24 7
21 15
36 38
37 39
20 15
23 7
21 32
20 13
37 38
21 33
26 24
26 23
27 28
24 33
25 21
27 27
26 9
25 5
24 34
23 29
25 22
28 16
32 31
23 30
26 10
31 19
26 5
28 31
10 31
28 25
28 15
32 30
26 17
31 18
28 32
28 26
26 18
31 32
36 8
30 32
34 17
36 7
35 17
34 4
32 33
36 36
30 3
30 37
30 2
35 4
32 34
37 36
30 36
35 31
36 31
17 28
34 25
37 14
34 24
36 14
38 27
38 28
17 10
20 21
26 26
7 36
11 15
11 14
7 34
5 34
5 36
12 16
23 22
3 36
18 11
18 12
19 12
19 14
11 24
6 7
3 32
3 34
6 9
9 30
28 2
33 37
3 28
21 20
7 24
36 5
23 11
36 3
8 11
8 9
37 8
35 8
33 35
32 22
32 24
17 37
31 16
31 3
29 3
29 4
37 34
10 11
8 4
29 35
16 19
7 22
4 2
22 10
26 28
26 29
28 28
28 29
29 29
23 9
29 27
37 32
17 23
17 22
18 22
18 21
6 14
9 22
4 35
22 8
30 15
17 33
35 15
10 6
30 22
13 4
21 5
37 17
38 15
2 37
4 21
12 13
30 30
30 34
38 5
39 5
30 28
25 11
10 13
12 9
11 12
30 8
29 8
21 7
38 18
39 18
38 24
21 9
31 35
27 4
11 10
17 30
17 31
18 31
18 32
18 6
33 13
37 4
4 38
9 12
36 33
34 14
36 16
38 3
39 3
39 2
9 5
30 26
33 23
31 38
28 34
20 29
25 37
12 38
9 10
31 27
32 1
39 7
38 7
38 30
39 30
22 1
34 38
34 39
38 16
39 16
39 15
20 8
8 16
9 16
9 17
11 17
10 1
35 20
19 28
34 33
34 32
33 32
38 9
39 9
6 38
35 6
4 7
33 18
34 18
34 19
39 20
5 13
37 6
8 35
15 35
36 11
26 15
36 25
36 26
36 23
37 23
7 15
37 15
37 13
1 30
0 30
31 9
16 15
2 35
2 5
36 18
36 19
37 19
37 20
37 30
37 29
36 29
36 28
35 28
3 1
3 0
2 0
17 3
1 13
0 13
0 12
3 10
5 10
5 11
6 11
6 12
7 12
7 13
8 13
8 14
9 14
38 25
39 25
39 24
35 37
36 37
39 13
35 32
34 34
35 34
35 35
36 35
19 7
30 20
30 19
29 19
29 18
28 18
39 11
5 6
26 12
26 13
25 13
25 14
24 14
6 19
24 16
25 16
25 17
27 17
27 16
29 16
33 11
34 11
34 12
31 11
30 11
30 10
28 10
36 0
36 1
3 38
3 39
4 39
26 38
1 38
1 39
0 38
0 39
29 33
29 1
29 0
28 0
31 33
28 12
28 13
38 39
36 39
2 9
35 30
34 30
34 29
33 29
33 28
32 28
13 21
31 31
30 17
36 21
35 23
35 22
28 20
34 22
34 21
33 21
33 20
32 20
32 19
21 0
38 33
39 33
22 27
20 27
31 21
20 6
1 36
0 36
18 4
38 0
38 1
9 38
9 39
32 38
32 39
31 39
7 10
13 35
12 35
15 37
32 17
24 23
31 23
36 24
37 24
34 16
33 16
33 15
32 15
32 14
31 14
31 13
30 13
38 31
39 31
12 37
13 37
13 38
33 25
33 26
32 26
22 6
27 35
32 10
32 7
31 7
33 33
31 1
31 0
32 0
4 37
33 31
20 4
19 3
16 29
22 31
22 32
23 32
23 33
1 26
0 26
0 25
0 15
0 28
1 28
27 33
11 1
11 0
10 0
17 0
17 1
19 5
24 12
2 29
5 22
39 29
31 37
29 37
29 39
27 39
5 0
5 1
6 1
6 2
7 2
7 3
27 30
27 31
26 31
26 32
25 32
25 33
7 38
7 39
6 39
18 29
7 8
8 1
8 0
7 0
37 22
34 0
34 1
0 34
1 34
39 22
35 25
35 26
11 38
11 39
6 23
33 6
33 5
34 5
31 5
30 5
30 6
29 6
0 17
34 3
33 3
33 2
32 2
37 11
37 10
36 10
38 35
39 35
29 14
33 8
33 9
34 9
0 32
1 32
27 37
23 17
22 17
22 16
21 16
21 14
22 14
2 7
1 8
31 25
6 21
32 12
39 27
22 12
21 12
21 11
20 11
20 10
19 10
19 9
18 9
18 8
15 1
15 0
3 6
20 25
9 3
9 2
10 2
16 8
16 9
15 9
26 7
27 7
27 6
29 31
37 26
37 27
15 11
16 11
16 13
14 13
14 12
13 12
13 10
4 12
2 12
2 11
1 11
1 10
20 32
20 31
6 37
26 20
26 21
27 21
27 22
28 22
28 23
29 23
14 24
15 25
38 37
39 37
39 38
11 19
13 0
15 18
0 22
1 23
36 12
27 19
7 20
34 7
18 38
18 39
24 10
25 30
34 36
21 28
35 13
13 7
12 6
5 18
5 17
4 17
32 36
20 23
19 23
19 24
18 24
18 25
22 19
23 19
23 20
24 20
24 21
23 26
24 26
24 25
25 25
25 24
27 24
27 25
29 25
24 28
24 29
22 29
27 14
8 21
18 34
18 36
19 36
19 37
20 37
20 34
20 35
21 35
21 36
22 36
22 37
23 37
23 38
24 38
24 39
25 39
5 8
20 39
22 39
5 15
4 15
4 14
19 26
6 35
26 34
29 21
22 25
22 23
1 1
1 2
2 2
2 3
3 3
3 4
25 35
17 16
19 16
17 18
19 17
20 17
18 18
18 19
20 19
25 19
5 3
5 4
6 4
6 5
7 5
7 6
8 6
8 7
9 7
9 8
15 7
15 6
16 6
8 28
8 29
7 29
7 30
2 14
2 15
19 30
28 36
23 5
23 4
22 4
22 3
21 3
21 2
20 2
20 1
19 1
19 0
14 22
15 22
12 7
11 7
11 8
24 31
15 24
14 27
0 3
18 27
15 20
14 20
14 19
13 19
11 5
12 5
12 25
31 29
0 23
26 36
27 9
25 9
25 8
24 8
24 6
25 6
25 4
15 31
15 30
14 30
14 29
13 29
13 28
12 28
12 27
23 35
1 4
16 27
13 6
3 8
0 7
0 5
2 17
2 18
3 18
3 20
2 27
15 33
14 25
24 36
22 34
37 2
21 30
16 4
15 4
15 3
14 3
14 2
11 3
13 17
14 17
14 15
13 15
13 14
1 22
16 25
13 24
13 23
12 23
12 22
11 22
11 21
10 21
10 20
9 20
9 19
8 19
8 18
7 18
7 17
12 20
6 25
6 26
5 26
5 27
4 27
22 21
0 19
1 19
1 20
3 22
3 23
4 23
4 25
21 26
12 2
2 25
2 24
1 24
0 21
10 35
24 18
35 2
13 8
14 8
26 3
26 2
25 2
0 9
5 20
17 14
11 26
10 26
10 25
8 25
8 26
10 23
5 29
4 29
4 31
6 31
8 23
16 36
2 33
16 38
16 39
17 20
4 33
8 37
12 33
13 33
10 37
25 0
26 0
6 33
10 33
8 33
8 31
10 28
10 29
11 29
11 30
12 30
12 31
13 31
2 31
23 2
9 36
14 39
16 34
14 34
16 2
18 2
23 0
