0 0
1 2
1 4
1 6
1 15
1 19
1 21
1 23
1 33
1 37
2 3
2 7
2 10
2 12
2 14
2 16
2 18
2 22
2 25
2 27
2 30
2 32
2 34
2 36
3 4
3 6
3 11
3 15
3 17
3 26
3 28
3 31
3 35
3 37
4 2
4 7
4 23
4 32
4 34
4 36
5 6
5 8
5 15
5 30
5 33
5 35
6 5
6 12
6 16
6 28
6 31
6 36
7 1
7 4
7 10
7 13
7 15
7 32
8 9
8 16
8 30
9 1
9 22
9 24
9 28
9 34
9 36
9 38
10 2
10 10
10 13
10 17
10 23
10 25
10 27
10 30
10 35
10 37
11 1
11 3
11 6
11 14
11 16
11 18
11 24
11 26
11 36
12 2
12 4
12 7
12 11
12 19
12 25
12 30
13 1
13 8
13 20
14 2
14 14
14 21
14 29
14 33
14 36
15 1
15 7
15 15
15 20
15 22
15 28
15 32
15 37
16 8
16 16
16 19
16 21
16 27
16 33
16 36
17 6
17 13
17 15
17 17
17 37
18 1
18 4
18 7
18 14
18 18
18 38
19 2
19 12
19 19
19 26
19 28
19 31
20 11
20 13
20 15
20 20
20 24
20 29
20 32
21 7
21 10
21 12
21 14
21 19
21 33
21 35
22 2
22 5
22 8
22 11
22 13
22 28
22 34
23 9
23 12
23 14
23 27
23 29
23 33
24 5
24 8
24 10
24 15
24 17
24 19
24 24
24 30
24 32
25 6
25 9
25 16
25 18
25 20
25 23
25 25
25 31
25 33
25 36
26 2
26 4
26 19
26 21
26 32
26 35
27 1
27 3
27 12
27 38
28 2
28 6
28 13
28 26
28 28
28 35
29 7
29 9
29 11
29 20
29 23
29 27
30 6
30 21
30 24
30 26
30 31
30 36
30 38
31 5
31 7
31 9
31 20
31 25
31 27
31 32
31 35
32 1
32 4
32 6
32 10
32 19
32 21
32 23
32 28
33 5
33 7
33 11
33 18
33 22
33 24
33 27
33 35
34 4
34 6
34 14
34 23
34 25
34 28
34 36
34 38
35 3
35 7
35 13
35 15
35 26
35 29
35 35
35 37
36 8
36 11
36 25
36 30
36 34
36 36
37 6
37 9
37 12
37 20
37 31
37 33
37 37
38 10
38 14
38 17
38 19
38 21
38 24
38 38
0 9
0 26
0 29
0 35
4 21
5 18
6 26
7 19
7 20
7 22
8 18
9 6
11 39
16 39
18 23
18 34
21 0
21 38
21 39
22 23
23 0
27 16
29 17
30 13
30 18
32 16
36 18
36 39
37 2
38 26
39 2
39 26
39 35
0 21
0 33
8 38
1 20
23 24
0 2
0 19
0 15
30 39
0 23
29 31
33 1
6 19
37 1
37 3
9 0
33 0
33 2
3 38
7 0
6 1
9 39
6 2
30 1
31 0
31 1
11 0
13 0
12 10
31 37
14 30
30 37
13 30
15 30
27 39
30 30
18 0
20 21
21 24
20 27
19 27
27 32
0 7
1 8
1 7
15 11
16 10
15 10
7 34
8 34
7 11
8 12
7 12
32 35
9 3
9 2
32 34
32 36
11 28
12 27
11 27
28 37
13 5
14 4
27 37
13 4
25 1
38 39
19 7
20 8
20 7
39 38
25 2
15 3
16 2
39 10
39 19
6 25
39 17
15 2
39 21
8 17
26 6
27 7
18 24
27 6
20 30
21 31
20 31
36 17
13 22
14 22
38 25
14 19
14 20
23 36
24 37
2 20
24 36
12 21
1 11
34 32
27 33
12 20
34 16
2 11
26 13
27 14
4 12
27 13
4 11
3 13
34 33
13 10
4 9
34 15
4 8
2 13
4 27
4 3
3 27
9 20
9 26
4 4
9 16
4 14
12 35
38 30
39 31
5 13
38 31
9 21
10 26
14 25
14 16
5 37
10 16
11 35
4 15
10 33
6 13
15 16
9 29
15 13
5 36
13 25
11 22
9 9
10 34
9 30
15 14
10 22
22 18
10 9
12 13
17 28
13 32
15 26
14 8
21 18
11 13
15 27
14 32
15 8
17 27
19 10
18 36
19 11
15 35
18 16
18 37
17 16
19 14
23 6
15 36
23 5
20 14
22 3
22 4
22 15
23 16
25 7
22 14
24 28
21 29
24 16
23 31
25 8
22 26
22 29
23 28
25 29
32 12
24 34
29 5
26 24
26 17
31 11
28 24
22 27
28 4
28 8
24 31
25 30
33 12
29 6
29 24
35 31
24 33
31 10
25 17
28 21
29 29
25 24
27 4
29 8
36 31
28 20
28 29
34 8
33 37
34 30
30 28
37 35
31 3
34 7
35 5
34 37
36 35
34 29
30 27
31 4
35 27
34 5
39 6
38 6
35 28
38 22
38 23
37 13
37 14
34 13
36 15
26 31
27 31
27 30
20 35
12 18
10 18
19 32
18 32
18 31
17 31
17 30
30 0
32 0
10 28
10 29
8 29
8 28
7 28
7 27
6 27
35 36
3 7
8 22
6 22
9 35
36 37
3 5
34 0
36 29
13 2
31 26
38 33
36 33
35 34
20 1
19 6
18 6
18 5
17 5
17 4
24 20
25 37
25 38
26 38
26 39
31 6
24 18
31 8
32 38
2 31
11 10
11 11
10 11
10 12
31 19
31 18
32 18
12 16
28 38
28 39
29 38
29 39
9 23
4 20
6 8
38 36
19 1
19 0
20 0
11 25
23 2
23 3
24 3
24 4
25 4
25 5
26 5
30 35
29 35
29 36
28 36
37 32
32 5
14 3
23 13
16 3
2 26
21 3
21 2
20 2
22 21
27 2
16 1
17 1
17 0
33 28
29 3
29 10
4 17
4 18
3 18
3 19
2 19
2 21
32 22
23 8
2 33
32 39
31 39
31 38
1 28
5 23
31 21
1 24
32 31
33 31
32 14
8 25
32 7
24 14
25 32
17 22
18 21
31 36
34 24
33 36
33 38
33 19
34 19
34 18
37 19
36 19
36 20
35 20
23 19
22 19
16 20
22 20
21 20
21 21
22 17
23 17
23 15
21 15
21 16
20 16
38 37
39 37
39 36
3 10
3 9
2 9
2 8
22 1
22 0
12 3
34 35
2 17
21 13
33 6
31 31
31 30
11 2
32 20
35 25
21 11
25 35
25 34
26 34
26 33
2 35
37 36
37 34
30 20
1 5
19 30
19 29
18 29
18 28
20 25
4 33
16 28
16 29
15 29
26 10
27 10
27 9
24 11
25 11
25 12
18 22
32 11
30 11
33 21
34 21
34 22
35 22
35 23
36 23
36 24
37 24
37 25
39 24
39 25
38 28
38 27
39 27
23 39
6 11
6 10
5 10
5 9
25 19
7 14
23 21
29 2
30 2
30 3
32 9
17 8
17 9
18 9
39 39
37 38
37 39
6 4
3 16
6 35
7 35
7 36
8 36
8 37
9 37
16 37
27 23
26 22
1 14
0 14
0 13
1 27
0 27
0 28
17 21
32 32
33 32
20 19
39 15
12 1
12 0
29 18
29 19
22 33
22 35
23 35
23 34
26 26
27 25
29 30
29 28
31 28
33 4
17 38
17 39
18 39
28 16
29 16
19 20
19 21
16 22
1 25
0 25
0 24
32 13
31 13
31 14
8 19
8 20
10 20
24 0
24 1
26 1
8 24
7 24
7 25
28 3
38 12
38 11
4 35
30 7
0 8
28 1
28 0
27 0
35 38
35 39
34 39
30 9
35 14
29 13
29 12
28 12
28 11
27 11
25 10
23 11
23 10
22 10
22 9
21 9
21 8
0 6
12 39
13 39
35 32
35 30
33 30
34 3
34 2
35 2
35 1
36 1
36 0
18 8
19 8
15 33
10 38
10 39
8 39
20 10
7 33
6 33
6 32
5 32
5 31
4 31
4 30
3 30
3 29
2 29
2 28
7 16
7 17
6 17
6 18
16 9
17 7
16 7
16 6
15 6
15 5
14 5
23 30
23 32
15 31
27 21
27 22
6 6
17 33
17 34
16 34
16 35
14 35
14 34
1 3
0 3
0 4
0 39
3 0
5 39
30 15
18 10
36 26
36 27
28 33
28 34
11 32
11 33
9 33
9 32
8 32
8 31
7 31
7 30
6 30
6 29
5 29
5 28
4 28
4 26
32 29
22 7
22 6
21 6
21 5
20 5
20 4
19 4
19 3
18 3
18 2
37 30
39 30
39 32
4 22
3 22
3 23
2 23
2 24
8 4
8 3
7 3
7 2
33 34
21 34
31 34
31 33
30 33
30 32
29 32
33 14
25 21
25 22
26 3
16 17
16 18
17 18
17 19
18 19
34 27
34 26
33 26
33 25
32 25
32 24
31 24
31 23
30 23
30 22
29 22
29 21
9 25
9 27
26 36
15 21
14 1
14 0
15 0
12 8
11 8
11 7
10 7
10 6
8 6
23 37
23 38
22 38
22 39
33 23
4 6
26 7
24 7
24 6
12 6
12 5
11 5
11 4
10 4
10 3
5 7
27 19
27 18
26 18
26 16
5 34
3 34
26 23
13 12
14 12
2 37
2 38
1 38
11 30
38 13
19 34
14 37
38 0
38 1
39 0
39 1
26 9
24 12
28 7
27 26
29 26
1 22
0 22
28 9
26 12
26 14
28 14
38 4
38 3
39 3
1 16
0 16
32 27
19 38
20 38
20 39
39 34
3 32
9 17
9 15
8 15
4 1
26 20
2 4
13 36
12 36
12 37
11 37
15 38
15 39
20 26
21 26
21 25
27 35
36 13
36 12
35 12
35 11
34 11
34 10
33 10
7 5
13 23
13 21
11 21
11 23
33 17
33 16
35 16
35 17
37 17
18 26
30 5
28 5
32 3
32 2
2 2
3 2
3 3
5 3
5 2
16 32
12 31
13 31
13 33
26 25
28 23
6 20
5 25
15 23
15 24
14 24
0 20
14 26
16 26
16 25
17 25
17 24
6 15
28 25
25 26
25 27
24 27
10 31
24 39
4 24
11 17
12 12
22 12
21 36
30 25
38 15
38 16
39 16
12 14
13 14
1 0
1 1
0 1
19 36
17 36
21 30
21 28
20 28
31 16
19 24
19 25
23 26
23 25
24 25
0 18
1 18
24 29
26 29
26 28
27 28
39 12
39 11
11 15
6 0
5 0
8 0
8 1
17 14
5 5
10 14
12 34
20 23
21 23
16 11
17 11
17 12
18 12
18 13
19 13
18 15
19 15
18 17
19 17
19 18
14 28
28 27
13 9
14 9
14 7
13 7
20 12
33 8
38 18
39 18
10 0
10 1
35 4
35 6
36 6
36 7
37 7
37 8
38 8
38 9
39 9
4 38
4 37
6 37
6 38
12 28
12 29
13 29
35 8
35 9
36 9
36 10
37 10
37 11
20 33
16 15
3 25
21 32
39 14
2 6
36 3
13 17
14 17
14 15
1 36
0 36
0 37
10 36
8 11
8 10
9 10
9 8
8 8
24 9
25 15
13 11
14 11
38 20
39 20
1 12
1 10
0 10
9 13
8 13
12 26
15 19
13 19
39 5
39 7
5 16
1 34
0 34
0 32
1 32
23 23
24 23
16 13
14 13
0 30
1 30
10 24
3 12
3 14
5 12
5 14
2 15
7 9
12 24
3 36
39 22
37 22
37 21
11 19
37 5
