0 36 41
0 2 8
2 3 41
2 4 41
2 5 41
2 6 41
2 7 41
2 8 41
2 9 41
2 10 41
2 11 41
2 12 41
2 13 41
2 14 41
2 15 41
2 16 41
2 17 41
2 18 41
2 19 41
2 20 41
2 21 41
2 22 41
2 23 41
2 24 41
2 25 41
2 26 41
2 27 41
2 28 41
2 29 41
2 30 41
2 31 41
2 32 41
2 33 41
2 34 41
2 35 41
1 2 9
1 2 10
1 2 11
1 2 12
1 2 13
1 2 14
1 2 15
1 2 16
1 2 17
1 2 18
1 2 19
1 2 20
1 2 21
1 2 22
1 2 23
1 2 24
1 2 25
1 2 26
1 2 27
1 2 28
1 2 29
1 2 30
1 2 31
1 2 32
1 2 33
1 2 34
1 2 35
1 2 36
1 2 37
1 2 38
1 2 39
1 2 40
3 2 41
-1
-1
-1
-1
-1
-1
-1
-1
-1
-1
-1
-1
-1
-1
-1
-1
-1
-1
-1
-1
-1
-1
-1
-1
-1
-1
-1
-1
-1
-1
-1
-1
-1
-1
2 25 6
2 24 6
2 23 6
2 22 6
2 21 6
2 20 6
2 19 6
2 18 6
2 17 6
2 16 6
2 15 6
2 14 6
2 13 6
2 12 6
2 11 6
2 10 6
2 9 6
2 8 6
2 7 6
2 6 6
2 5 6
2 4 6
2 3 6
6 2 6
1 2 7
0 26 6
-1
-1
-1
-1
-1
-1
-1
-1
-1
-1
-1
-1
-1
-1
-1
-1
-1
-1
-1
-1
1 31 28
1 31 29
1 31 30
1 31 31
1 31 32
1 31 33
1 31 34
1 31 35
1 31 36
1 31 37
1 31 38
1 31 39
3 31 40
2 32 40
2 33 40
2 34 40
2 35 40
5 36 40
0 31 27
-1
-1
-1
-1
-1
-1
-1
-1
-1
-1
-1
-1
-1
-1
-1
-1
-1
-1
-1
1 30 43
6 30 42
2 31 42
2 32 42
2 33 42
2 34 42
2 35 42
4 36 42
0 30 44
-1
-1
-1
-1
-1
-1
-1
-1
-1
-1
-1
-1
-1
-1
-1
-1
-1
-1
1 3 13
1 3 12
1 3 11
1 3 10
1 3 9
5 3 8
0 3 14
-1
-1
-1
-1
-1
-1
-1
-1
-1
-1
-1
-1
1 26 24
1 26 25
1 26 26
3 26 27
2 27 27
2 28 27
2 29 27
2 30 27
0 26 23
-1
-1
-1
-1
-1
-1
-1
-1
1 20 3
1 20 4
3 20 5
2 21 5
2 22 5
2 23 5
2 24 5
2 25 5
5 26 5
0 20 2
-1
-1
-1
-1
-1
-1
2 46 40
2 45 40
2 44 40
2 43 40
2 42 40
2 41 40
2 40 40
2 39 40
2 38 40
6 37 40
4 37 41
0 47 40
-1
-1
-1
-1
-1
-1
-1
-1
-1
-1
2 23 23
2 24 23
2 25 23
0 22 23
-1
-1
-1
-1
-1
-1
-1
-1
1 0 7
3 0 8
2 1 8
0 0 6
-1
-1
-1
-1
-1
-1
-1
-1
-1
-1
-1
-1
-1
-1
-1
-1
-1
-1
-1
-1
-1
-1
-1
-1
-1
-1
-1
-1
-1
-1
-1
-1
-1
-1
-1
-1
-1
-1
-1
-1
-1
-1
-1
-1
-1
-1
-1
-1
-1
-1
-1
-1
-1
-1
-1
-1
-1
-1
-1
-1
-1
-1
-1
-1
-1
-1
-1
-1
-1
-1
-1
-1
-1
-1
-1
-1
-1
-1
-1
-1
-1
-1
-1
-1
-1
-1
-1
-1
-1
-1
-1
-1
-1
-1
-1
-1
-1
-1
-1
-1
-1
-1
-1
-1
-1
-1
-1
-1
-1
-1
-1
-1
-1
-1
-1
-1
-1
-1
-1
-1
-1
-1
-1
-1
-1
-1
-1
-1
-1
-1
-1
-1
-1
-1
-1
-1
-1
-1
-1
-1
-1
-1
-1
-1
-1
-1
-1
-1
-1
-1
-1
-1
-1
-1
-1
-1
-1
-1
-1
-1
-1
-1
-1
-1
-1
-1
-1
-1
-1
-1
-1
-1
-1
-1
-1
-1
-1
-1
-1
-1
-1
-1
-1
-1
-1
-1
-1
-1
-1
-1
-1
-1
-1
-1
-1
-1
-1
-1
-1
-1
-1
-1
-1
-1
-1
-1
-1
-1
-1
-1
-1
-1
-1
-1
-1
-1
-1
-1
-1
-1
-1
-1
-1
-1
-1
-1
-1
-1
-1
-1
-1
-1
-1
-1
-1
-1
-1
-1
-1
-1
-1
-1
-1
-1
-1
-1
-1
-1
-1
-1
-1
-1
-1
-1
-1
-1
-1
-1
-1
-1
-1
-1
-1
-1
-1
-1
-1
-1
-1
-1
-1
-1
-1
-1
-1
-1
-1
-1
-1
-1
-1
-1
-1
-1
-1
-1
-1
-1
-1
-1
-1
-1
-1
-1
-1
-1
-1
-1
-1
-1
-1
-1
-1
-1
-1
-1
-1
-1
-1
-1
-1
-1
-1
-1
-1
-1
-1
-1
-1
-1
-1
-1
-1
-1
-1
-1
-1
-1
-1
-1
-1
-1
-1
-1
-1
-1
-1
-1
-1
-1
-1
-1
-1
-1
-1
-1
-1
-1
-1
-1
-1
-1
-1
-1
-1
-1
-1
-1
-1
-1
-1
-1
-1
-1
-1
-1
-1
-1
-1
-1
-1
-1
-1
-1
-1
-1
-1
-1
-1
-1
-1
-1
-1
-1
-1
-1
-1
-1
-1
-1
-1
-1
-1
-1
-1
-1
-1
-1
-1
-1
-1
-1
-1
-1
-1
-1
-1
-1
-1
-1
-1
-1
-1
-1
-1
-1
-1
-1
-1
-1
-1
-1
-1
-1
-1
-1
-1
-1
-1
-1
-1
-1
-1
-1
-1
-1
-1
-1
-1
-1
-1
-1
-1
-1
-1
-1
-1
-1
-1
-1
-1
-1
-1
-1
-1
-1
-1
-1
-1
-1
-1
-1
-1
-1
-1
-1
-1
-1
-1
-1
-1
-1
-1
-1
-1
-1
-1
-1
-1
-1
-1
-1
-1
-1
-1
-1
-1
-1
-1
-1
-1
-1
-1
-1
-1
-1
-1
#time = 0.7112007141113281sec
