0 36 35
0 10 3
2 11 35
2 12 35
2 13 35
2 14 35
2 15 35
2 16 35
2 17 35
2 18 35
2 19 35
2 20 35
2 21 35
2 22 35
2 23 35
2 24 35
2 25 35
2 26 35
2 27 35
2 28 35
2 29 35
2 30 35
2 31 35
2 32 35
2 33 35
2 34 35
2 35 35
1 10 4
1 10 5
1 10 6
1 10 7
1 10 8
1 10 9
1 10 10
1 10 11
1 10 12
1 10 13
1 10 14
1 10 15
1 10 16
1 10 17
1 10 18
1 10 19
1 10 20
1 10 21
1 10 22
1 10 23
1 10 24
1 10 25
1 10 26
1 10 27
1 10 28
1 10 29
1 10 30
1 10 31
1 10 32
1 10 33
1 10 34
3 10 35
-1
-1
-1
-1
-1
-1
-1
-1
-1
-1
-1
-1
-1
-1
-1
-1
-1
-1
-1
-1
-1
-1
-1
-1
-1
-1
-1
-1
-1
-1
-1
-1
-1
-1
-1
-1
-1
-1
-1
-1
-1
-1
-1
-1
-1
-1
-1
-1
-1
-1
-1
-1
-1
-1
-1
-1
-1
-1
-1
2 47 40
2 46 40
2 45 40
2 44 40
2 43 40
2 42 40
2 41 40
2 40 40
2 39 40
2 38 40
2 37 40
3 36 40
1 36 39
1 36 38
1 36 37
1 36 36
0 48 40
-1
-1
-1
-1
-1
-1
-1
-1
-1
-1
-1
-1
-1
-1
-1
-1
-1
-1
-1
-1
-1
-1
6 16 41
2 17 41
2 18 41
2 19 41
2 20 41
2 21 41
2 22 41
2 23 41
2 24 41
2 25 41
2 26 41
2 27 41
2 28 41
2 29 41
2 30 41
2 31 41
2 32 41
2 33 41
2 34 41
2 35 41
2 36 41
2 37 41
2 38 41
2 39 41
2 40 41
2 41 41
2 42 41
2 43 41
2 44 41
2 45 41
2 46 41
2 47 41
2 48 41
4 49 41
1 49 40
5 49 39
2 48 39
2 47 39
2 46 39
2 45 39
2 44 39
2 43 39
2 42 39
2 41 39
2 40 39
2 39 39
2 38 39
3 37 39
1 37 38
1 37 37
1 37 36
5 37 35
0 16 42
-1
-1
-1
-1
-1
-1
-1
-1
-1
-1
-1
-1
-1
-1
-1
-1
-1
-1
-1
-1
-1
-1
-1
1 3 9
1 3 8
1 3 7
1 3 6
1 3 5
1 3 4
6 3 3
2 4 3
2 5 3
2 6 3
2 7 3
2 8 3
2 9 3
0 3 10
-1
-1
-1
-1
-1
-1
-1
-1
-1
-1
-1
-1
-1
-1
-1
-1
-1
3 26 34
2 27 34
2 28 34
2 29 34
2 30 34
2 31 34
2 32 34
2 33 34
2 34 34
2 35 34
5 36 34
0 26 33
-1
-1
-1
-1
-1
-1
-1
-1
-1
-1
-1
-1
-1
-1
-1
-1
-1
2 11 2
6 10 2
0 12 2
2 36 5
2 35 5
2 34 5
2 33 5
2 32 5
2 31 5
2 30 5
2 29 5
2 28 5
2 27 5
2 26 5
2 25 5
2 24 5
2 23 5
2 22 5
2 21 5
2 20 5
2 19 5
2 18 5
2 17 5
2 16 5
2 15 5
2 14 5
2 13 5
3 12 5
1 12 4
1 12 3
0 37 5
1 19 28
1 19 29
1 19 30
1 19 31
1 19 32
3 19 33
2 20 33
2 21 33
2 22 33
2 23 33
2 24 33
2 25 33
0 19 27
1 11 43
6 11 42
2 12 42
2 13 42
2 14 42
2 15 42
0 11 44
-1
-1
-1
-1
-1
2 4 12
3 3 12
1 3 11
0 5 12
-1
-1
-1
-1
-1
-1
-1
-1
-1
-1
-1
-1
-1
-1
-1
-1
-1
-1
-1
-1
-1
-1
-1
-1
-1
-1
-1
-1
-1
-1
-1
-1
-1
-1
-1
-1
-1
-1
-1
-1
-1
-1
-1
-1
-1
-1
-1
-1
-1
-1
-1
-1
-1
-1
-1
-1
-1
-1
-1
-1
-1
-1
-1
-1
-1
-1
-1
-1
-1
-1
-1
-1
-1
-1
-1
-1
-1
-1
-1
-1
-1
-1
-1
-1
-1
-1
-1
-1
-1
-1
-1
-1
-1
-1
-1
-1
-1
-1
-1
-1
-1
-1
-1
-1
-1
-1
-1
-1
-1
-1
-1
-1
-1
-1
-1
-1
-1
-1
-1
-1
-1
-1
-1
-1
-1
-1
-1
-1
-1
-1
-1
-1
-1
-1
-1
-1
-1
-1
-1
-1
-1
-1
-1
-1
-1
-1
-1
-1
-1
-1
-1
-1
-1
-1
-1
-1
-1
-1
-1
-1
-1
-1
-1
-1
-1
-1
-1
-1
-1
-1
-1
-1
-1
-1
-1
-1
-1
-1
-1
-1
-1
-1
-1
-1
-1
-1
-1
-1
-1
-1
-1
-1
-1
-1
-1
-1
-1
-1
-1
-1
-1
-1
-1
-1
-1
-1
-1
-1
-1
-1
-1
-1
-1
-1
-1
-1
-1
-1
-1
-1
-1
-1
-1
-1
-1
-1
-1
-1
-1
-1
-1
-1
-1
-1
-1
-1
-1
-1
-1
-1
-1
-1
-1
-1
-1
-1
-1
-1
-1
-1
-1
-1
-1
-1
-1
-1
-1
-1
-1
-1
-1
-1
-1
-1
-1
-1
-1
-1
-1
-1
-1
-1
-1
-1
-1
-1
-1
-1
-1
-1
-1
-1
-1
-1
-1
-1
-1
-1
-1
-1
-1
-1
-1
-1
-1
-1
-1
-1
-1
-1
-1
-1
-1
-1
-1
-1
-1
-1
-1
-1
-1
-1
-1
-1
-1
-1
-1
-1
-1
-1
-1
-1
-1
-1
-1
-1
-1
-1
-1
-1
-1
-1
-1
-1
-1
-1
-1
-1
-1
-1
-1
-1
-1
-1
-1
-1
-1
-1
-1
-1
-1
-1
-1
-1
-1
-1
-1
-1
-1
-1
-1
-1
-1
-1
-1
-1
-1
-1
-1
-1
-1
-1
-1
-1
-1
-1
-1
-1
-1
-1
-1
-1
-1
-1
-1
-1
-1
-1
-1
-1
-1
-1
-1
-1
-1
-1
-1
-1
-1
-1
-1
-1
-1
-1
-1
-1
-1
-1
-1
-1
-1
-1
-1
-1
-1
-1
-1
-1
-1
-1
-1
-1
-1
-1
-1
-1
-1
-1
-1
-1
-1
-1
-1
-1
-1
-1
-1
-1
-1
-1
-1
-1
-1
-1
-1
-1
-1
#time = 2.4478578567504883sec
