0 9 27
0 46 48
2 10 27
2 11 27
2 12 27
2 13 27
2 14 27
2 15 27
2 16 27
2 17 27
2 18 27
2 19 27
2 20 27
2 21 27
2 22 27
2 23 27
2 24 27
2 25 27
2 26 27
2 27 27
2 28 27
2 29 27
2 30 27
2 31 27
2 32 27
2 33 27
2 34 27
2 35 27
2 36 27
2 37 27
2 38 27
2 39 27
2 40 27
2 41 27
2 42 27
2 43 27
2 44 27
2 45 27
1 46 28
1 46 29
1 46 30
1 46 31
1 46 32
1 46 33
1 46 34
1 46 35
1 46 36
1 46 37
1 46 38
1 46 39
1 46 40
1 46 41
1 46 42
1 46 43
1 46 44
1 46 45
1 46 46
1 46 47
5 46 27
-1
-1
-1
-1
-1
-1
-1
-1
-1
-1
-1
-1
-1
-1
-1
-1
-1
-1
-1
-1
-1
-1
-1
-1
-1
-1
-1
-1
-1
-1
-1
-1
-1
-1
-1
-1
-1
-1
-1
-1
-1
-1
-1
-1
-1
-1
-1
-1
-1
-1
-1
-1
-1
-1
-1
-1
-1
-1
-1
-1
-1
-1
-1
-1
-1
-1
-1
-1
-1
-1
-1
-1
-1
-1
-1
-1
-1
-1
-1
-1
-1
-1
-1
-1
-1
-1
-1
-1
-1
-1
-1
2 10 22
6 9 22
1 9 23
1 9 24
1 9 25
1 9 26
0 11 22
-1
-1
-1
-1
-1
-1
-1
-1
-1
-1
-1
-1
-1
-1
-1
-1
-1
-1
-1
-1
-1
-1
-1
-1
-1
-1
-1
-1
-1
-1
-1
-1
-1
-1
-1
-1
2 18 42
2 17 42
2 16 42
2 15 42
2 14 42
2 13 42
2 12 42
2 11 42
2 10 42
3 9 42
1 9 41
1 9 40
1 9 39
1 9 38
1 9 37
1 9 36
1 9 35
1 9 34
1 9 33
1 9 32
1 9 31
1 9 30
1 9 29
1 9 28
0 19 42
-1
-1
-1
-1
-1
-1
-1
-1
-1
-1
-1
-1
-1
-1
-1
-1
-1
-1
-1
-1
-1
-1
-1
-1
-1
-1
-1
-1
-1
1 5 20
3 5 21
2 6 21
2 7 21
2 8 21
2 9 21
2 10 21
5 11 21
0 5 19
-1
-1
-1
-1
-1
-1
-1
-1
-1
-1
-1
-1
-1
-1
-1
-1
2 31 21
2 30 21
2 29 21
2 28 21
2 27 21
2 26 21
2 25 21
2 24 21
2 23 21
2 22 21
2 21 21
2 20 21
2 19 21
2 18 21
2 17 21
2 16 21
2 15 21
2 14 21
2 13 21
6 12 21
4 12 22
0 32 21
-1
-1
-1
-1
-1
-1
-1
-1
-1
-1
-1
-1
-1
-1
-1
-1
1 3 21
1 3 20
6 3 19
2 4 19
0 3 22
-1
-1
-1
-1
-1
-1
-1
-1
-1
1 43 40
1 43 41
1 43 42
1 43 43
1 43 44
1 43 45
1 43 46
1 43 47
3 43 48
2 44 48
2 45 48
0 43 39
-1
-1
-1
-1
2 38 26
2 37 26
2 36 26
2 35 26
2 34 26
2 33 26
3 32 26
1 32 25
1 32 24
1 32 23
1 32 22
0 39 26
-1
-1
-1
-1
-1
-1
-1
-1
2 22 40
2 21 40
2 20 40
6 19 40
1 19 41
0 23 40
6 32 7
1 32 8
1 32 9
1 32 10
1 32 11
1 32 12
1 32 13
1 32 14
1 32 15
1 32 16
1 32 17
1 32 18
1 32 19
1 32 20
0 33 7
-1
-1
-1
-1
-1
-1
-1
-1
-1
-1
-1
-1
-1
-1
-1
-1
-1
-1
-1
-1
-1
-1
-1
-1
-1
-1
-1
-1
-1
-1
-1
-1
-1
-1
-1
-1
-1
-1
-1
-1
-1
-1
-1
-1
-1
-1
-1
-1
-1
-1
-1
-1
-1
-1
-1
-1
-1
-1
-1
-1
-1
-1
-1
-1
-1
-1
-1
-1
-1
-1
-1
-1
-1
-1
-1
-1
-1
-1
-1
-1
-1
-1
-1
-1
-1
-1
-1
-1
-1
-1
-1
-1
-1
-1
-1
-1
-1
-1
-1
-1
-1
-1
-1
-1
-1
-1
-1
-1
-1
-1
-1
-1
-1
-1
-1
-1
-1
-1
-1
-1
-1
-1
-1
-1
-1
-1
-1
-1
-1
-1
-1
-1
-1
-1
-1
-1
-1
-1
-1
-1
-1
-1
-1
-1
-1
-1
-1
-1
-1
-1
-1
-1
-1
-1
-1
-1
-1
-1
-1
-1
-1
-1
-1
-1
-1
-1
-1
-1
-1
-1
-1
-1
-1
-1
-1
-1
-1
-1
-1
-1
-1
-1
-1
-1
-1
-1
-1
-1
-1
-1
-1
-1
-1
-1
-1
-1
-1
-1
-1
-1
-1
-1
-1
-1
-1
-1
-1
-1
-1
-1
-1
-1
-1
-1
-1
-1
-1
-1
-1
-1
-1
-1
-1
-1
-1
-1
-1
-1
-1
-1
-1
-1
-1
-1
-1
-1
-1
-1
-1
-1
-1
-1
-1
-1
-1
-1
-1
-1
-1
-1
-1
-1
-1
-1
-1
-1
-1
-1
-1
-1
-1
-1
-1
-1
-1
-1
-1
-1
-1
-1
-1
-1
-1
-1
-1
-1
-1
-1
-1
-1
-1
-1
-1
-1
-1
-1
-1
-1
-1
-1
-1
-1
-1
-1
-1
-1
-1
-1
-1
-1
-1
-1
-1
-1
-1
-1
-1
-1
-1
-1
-1
-1
-1
-1
-1
-1
-1
-1
-1
-1
-1
-1
-1
-1
-1
-1
-1
-1
-1
-1
-1
-1
-1
-1
-1
-1
-1
-1
-1
-1
-1
-1
-1
-1
-1
-1
-1
-1
-1
-1
-1
-1
-1
-1
-1
-1
-1
-1
-1
-1
-1
-1
-1
-1
-1
-1
-1
-1
-1
-1
-1
-1
-1
-1
-1
-1
-1
-1
-1
-1
-1
-1
-1
-1
-1
-1
-1
-1
-1
-1
-1
-1
-1
-1
-1
-1
-1
-1
-1
-1
-1
-1
-1
-1
-1
-1
-1
-1
-1
-1
-1
-1
-1
-1
-1
-1
-1
-1
-1
#time = 1.3105823993682861sec
