0 40 11
0 9 39
2 10 11
2 11 11
2 12 11
2 13 11
2 14 11
2 15 11
2 16 11
2 17 11
2 18 11
2 19 11
2 20 11
2 21 11
2 22 11
2 23 11
2 24 11
2 25 11
2 26 11
2 27 11
2 28 11
2 29 11
2 30 11
2 31 11
2 32 11
2 33 11
2 34 11
2 35 11
2 36 11
2 37 11
2 38 11
2 39 11
1 9 12
1 9 13
1 9 14
1 9 15
1 9 16
1 9 17
1 9 18
1 9 19
1 9 20
1 9 21
1 9 22
1 9 23
1 9 24
1 9 25
1 9 26
1 9 27
1 9 28
1 9 29
1 9 30
1 9 31
1 9 32
1 9 33
1 9 34
1 9 35
1 9 36
1 9 37
1 9 38
6 9 11
-1
-1
-1
-1
-1
-1
-1
-1
-1
-1
-1
-1
-1
-1
-1
-1
-1
-1
-1
-1
-1
-1
-1
-1
-1
-1
-1
-1
-1
-1
-1
-1
-1
-1
-1
-1
-1
-1
-1
-1
-1
-1
-1
-1
-1
-1
-1
-1
-1
-1
-1
-1
-1
-1
-1
-1
-1
-1
-1
-1
-1
-1
-1
-1
-1
-1
-1
-1
-1
-1
-1
-1
-1
-1
-1
-1
-1
-1
-1
-1
-1
-1
-1
-1
-1
-1
-1
-1
-1
-1
-1
-1
1 26 9
3 26 10
2 27 10
2 28 10
2 29 10
2 30 10
2 31 10
2 32 10
2 33 10
2 34 10
2 35 10
2 36 10
2 37 10
2 38 10
2 39 10
5 40 10
0 26 8
-1
-1
-1
-1
-1
-1
-1
-1
-1
-1
-1
-1
-1
-1
-1
-1
-1
-1
-1
-1
-1
-1
-1
-1
-1
-1
-1
-1
-1
-1
-1
-1
-1
-1
-1
-1
-1
-1
-1
-1
-1
-1
2 29 38
2 28 38
2 27 38
2 26 38
2 25 38
2 24 38
2 23 38
2 22 38
2 21 38
2 20 38
2 19 38
2 18 38
2 17 38
2 16 38
2 15 38
2 14 38
2 13 38
2 12 38
2 11 38
6 10 38
4 10 39
0 30 38
-1
-1
-1
-1
-1
-1
-1
-1
-1
-1
-1
-1
-1
-1
-1
-1
-1
-1
-1
-1
-1
-1
-1
-1
-1
-1
-1
-1
-1
-1
-1
-1
6 41 6
1 41 7
1 41 8
1 41 9
1 41 10
4 41 11
0 42 6
-1
-1
-1
1 18 26
1 18 27
1 18 28
1 18 29
1 18 30
1 18 31
1 18 32
1 18 33
1 18 34
1 18 35
1 18 36
3 18 37
2 19 37
2 20 37
2 21 37
2 22 37
2 23 37
2 24 37
2 25 37
2 26 37
2 27 37
2 28 37
2 29 37
2 30 37
5 31 37
1 31 38
4 31 39
2 30 39
2 29 39
2 28 39
2 27 39
2 26 39
2 25 39
2 24 39
2 23 39
2 22 39
2 21 39
2 20 39
2 19 39
2 18 39
2 17 39
2 16 39
2 15 39
2 14 39
2 13 39
2 12 39
6 11 39
4 11 40
2 10 40
3 9 40
0 18 25
-1
-1
-1
-1
-1
-1
-1
-1
-1
-1
-1
-1
-1
2 46 19
2 45 19
2 44 19
2 43 19
2 42 19
2 41 19
3 40 19
1 40 18
1 40 17
1 40 16
1 40 15
1 40 14
1 40 13
1 40 12
0 47 19
-1
-1
-1
-1
-1
-1
-1
-1
-1
-1
-1
-1
2 12 43
2 11 43
2 10 43
3 9 43
1 9 42
5 9 41
3 8 41
1 8 40
6 8 39
0 13 43
-1
-1
-1
-1
-1
-1
2 32 1
2 31 1
2 30 1
2 29 1
2 28 1
2 27 1
6 26 1
1 26 2
1 26 3
1 26 4
1 26 5
1 26 6
1 26 7
0 33 1
-1
-1
-1
-1
-1
1 43 24
1 43 23
1 43 22
1 43 21
6 43 20
2 44 20
2 45 20
2 46 20
4 47 20
0 43 25
1 4 9
6 4 8
2 5 8
2 6 8
2 7 8
2 8 8
2 9 8
2 10 8
2 11 8
2 12 8
2 13 8
2 14 8
2 15 8
2 16 8
2 17 8
2 18 8
2 19 8
2 20 8
2 21 8
2 22 8
2 23 8
2 24 8
2 25 8
0 4 10
-1
-1
-1
-1
-1
-1
-1
-1
-1
-1
-1
-1
-1
-1
-1
-1
-1
-1
-1
-1
-1
-1
-1
-1
-1
-1
-1
-1
-1
-1
-1
-1
-1
-1
-1
-1
-1
-1
-1
-1
-1
-1
-1
-1
-1
-1
-1
-1
-1
-1
-1
-1
-1
-1
-1
-1
-1
-1
-1
-1
-1
-1
-1
-1
-1
-1
-1
-1
-1
-1
-1
-1
-1
-1
-1
-1
-1
-1
-1
-1
-1
-1
-1
-1
-1
-1
-1
-1
-1
-1
-1
-1
-1
-1
-1
-1
-1
-1
-1
-1
-1
-1
-1
-1
-1
-1
-1
-1
-1
-1
-1
-1
-1
-1
-1
-1
-1
-1
-1
-1
-1
-1
-1
-1
-1
-1
-1
-1
-1
-1
-1
-1
-1
-1
-1
-1
-1
-1
-1
-1
-1
-1
-1
-1
-1
-1
-1
-1
-1
-1
-1
-1
-1
-1
-1
-1
-1
-1
-1
-1
-1
-1
-1
-1
-1
-1
-1
-1
-1
-1
-1
-1
-1
-1
-1
-1
-1
-1
-1
-1
-1
-1
-1
-1
-1
-1
-1
-1
-1
-1
-1
-1
-1
-1
-1
-1
-1
-1
-1
-1
-1
-1
-1
-1
-1
-1
-1
-1
-1
-1
-1
-1
-1
-1
-1
-1
-1
-1
-1
-1
-1
-1
-1
-1
-1
-1
-1
-1
-1
-1
-1
-1
-1
-1
-1
-1
-1
-1
-1
-1
-1
-1
-1
-1
-1
-1
-1
-1
-1
-1
-1
-1
-1
-1
-1
-1
-1
-1
-1
-1
-1
-1
-1
-1
-1
-1
-1
-1
-1
-1
-1
-1
-1
-1
-1
-1
-1
-1
-1
-1
-1
-1
-1
-1
-1
-1
-1
-1
-1
-1
-1
-1
-1
-1
-1
-1
-1
-1
-1
-1
-1
-1
-1
-1
-1
-1
-1
-1
-1
-1
-1
-1
-1
-1
-1
-1
-1
-1
-1
-1
-1
-1
-1
-1
-1
-1
-1
-1
-1
-1
-1
-1
-1
-1
-1
-1
-1
-1
-1
-1
-1
-1
-1
-1
-1
-1
-1
-1
-1
-1
-1
-1
-1
-1
-1
-1
-1
-1
-1
-1
-1
-1
-1
-1
-1
#time = 0.5278110504150391sec
