0 43 24
0 9 39
2 10 24
2 11 24
2 12 24
2 13 24
2 14 24
2 15 24
2 16 24
2 17 24
2 18 24
2 19 24
2 20 24
2 21 24
2 22 24
2 23 24
2 24 24
2 25 24
2 26 24
2 27 24
2 28 24
2 29 24
2 30 24
2 31 24
2 32 24
2 33 24
2 34 24
2 35 24
2 36 24
2 37 24
2 38 24
2 39 24
2 40 24
2 41 24
2 42 24
1 9 25
1 9 26
1 9 27
1 9 28
1 9 29
1 9 30
1 9 31
1 9 32
1 9 33
1 9 34
1 9 35
1 9 36
1 9 37
1 9 38
6 9 24
-1
-1
-1
-1
-1
-1
-1
-1
-1
-1
-1
-1
-1
-1
-1
-1
-1
-1
-1
-1
-1
-1
-1
-1
1 43 19
1 43 20
1 43 21
1 43 22
1 43 23
0 43 18
-1
-1
-1
-1
-1
-1
-1
-1
-1
-1
-1
-1
-1
-1
-1
-1
-1
-1
-1
-1
-1
-1
-1
-1
-1
-1
-1
-1
-1
-1
2 11 44
2 10 44
3 9 44
1 9 43
1 9 42
1 9 41
1 9 40
0 12 44
-1
-1
-1
-1
-1
-1
-1
-1
-1
-1
-1
-1
-1
-1
-1
-1
-1
-1
-1
-1
1 39 26
6 39 25
2 40 25
2 41 25
2 42 25
4 43 25
0 39 27
1 0 10
1 0 11
1 0 12
1 0 13
1 0 14
1 0 15
1 0 16
1 0 17
1 0 18
1 0 19
1 0 20
1 0 21
1 0 22
1 0 23
1 0 24
1 0 25
1 0 26
1 0 27
1 0 28
1 0 29
1 0 30
1 0 31
1 0 32
1 0 33
1 0 34
1 0 35
1 0 36
1 0 37
1 0 38
3 0 39
2 1 39
2 2 39
2 3 39
2 4 39
2 5 39
2 6 39
2 7 39
2 8 39
0 0 9
-1
-1
1 35 38
1 35 37
1 35 36
1 35 35
1 35 34
1 35 33
1 35 32
1 35 31
1 35 30
1 35 29
1 35 28
6 35 27
2 36 27
2 37 27
2 38 27
0 35 39
-1
-1
-1
2 10 13
2 9 13
2 8 13
2 7 13
2 6 13
2 5 13
2 4 13
2 3 13
2 2 13
3 1 13
1 1 12
1 1 11
1 1 10
5 1 9
0 11 13
-1
-1
-1
-1
-1
-1
-1
-1
-1
6 40 18
2 41 18
2 42 18
0 40 19
1 37 2
1 37 3
1 37 4
1 37 5
1 37 6
1 37 7
1 37 8
1 37 9
1 37 10
1 37 11
1 37 12
1 37 13
1 37 14
1 37 15
1 37 16
1 37 17
1 37 18
3 37 19
2 38 19
2 39 19
0 37 1
2 40 32
3 39 32
1 39 31
1 39 30
1 39 29
1 39 28
0 41 32
1 4 23
1 4 22
1 4 21
1 4 20
1 4 19
1 4 18
1 4 17
1 4 16
1 4 15
6 4 14
2 5 14
2 6 14
2 7 14
2 8 14
2 9 14
2 10 14
4 11 14
0 4 24
3 44 27
1 44 26
1 44 25
5 44 24
0 45 27
2 13 1
2 12 1
6 11 1
1 11 2
1 11 3
1 11 4
1 11 5
1 11 6
1 11 7
1 11 8
1 11 9
1 11 10
1 11 11
1 11 12
0 14 1
2 21 6
2 20 6
2 19 6
2 18 6
2 17 6
2 16 6
2 15 6
3 14 6
1 14 5
1 14 4
1 14 3
1 14 2
0 22 6
1 36 14
1 36 15
1 36 16
1 36 17
1 36 18
1 36 19
3 36 20
2 37 20
2 38 20
2 39 20
4 40 20
0 36 13
2 46 40
2 45 40
2 44 40
2 43 40
2 42 40
2 41 40
2 40 40
2 39 40
2 38 40
2 37 40
2 36 40
3 35 40
0 47 40
-1
-1
-1
-1
-1
-1
-1
-1
-1
-1
-1
-1
-1
-1
-1
-1
-1
-1
-1
-1
-1
-1
-1
-1
-1
-1
-1
-1
-1
-1
-1
-1
-1
-1
-1
-1
-1
-1
-1
-1
-1
-1
-1
-1
-1
-1
-1
-1
-1
-1
-1
-1
-1
-1
-1
-1
-1
-1
-1
-1
-1
-1
-1
-1
-1
-1
-1
-1
-1
-1
-1
-1
-1
-1
-1
-1
-1
-1
-1
-1
-1
-1
-1
-1
-1
-1
-1
-1
-1
-1
-1
-1
-1
-1
-1
-1
-1
-1
-1
-1
-1
-1
-1
-1
-1
-1
-1
-1
-1
-1
-1
-1
-1
-1
-1
-1
-1
-1
-1
-1
-1
-1
-1
-1
-1
-1
-1
-1
-1
-1
-1
-1
-1
-1
-1
-1
-1
-1
-1
-1
-1
-1
-1
-1
-1
-1
-1
-1
-1
-1
-1
-1
-1
-1
-1
-1
-1
-1
-1
-1
-1
-1
-1
-1
-1
-1
-1
-1
-1
-1
-1
-1
-1
-1
-1
-1
-1
-1
-1
-1
-1
-1
-1
-1
-1
-1
-1
-1
-1
-1
-1
-1
-1
-1
-1
-1
-1
-1
-1
-1
-1
-1
-1
-1
-1
-1
-1
-1
-1
-1
-1
-1
-1
-1
-1
-1
-1
-1
-1
-1
-1
-1
-1
-1
-1
-1
-1
-1
-1
-1
-1
-1
-1
-1
-1
-1
-1
-1
-1
-1
-1
-1
-1
-1
-1
-1
-1
-1
-1
-1
-1
-1
-1
-1
-1
-1
-1
-1
-1
-1
-1
-1
-1
-1
-1
-1
-1
-1
-1
-1
-1
-1
-1
-1
-1
-1
-1
-1
-1
-1
-1
-1
-1
-1
-1
-1
-1
-1
-1
-1
-1
-1
-1
-1
-1
-1
-1
-1
-1
-1
-1
-1
-1
-1
-1
-1
-1
-1
-1
-1
-1
-1
-1
-1
-1
-1
-1
-1
-1
-1
-1
-1
-1
-1
-1
-1
-1
-1
-1
-1
-1
-1
-1
-1
-1
-1
-1
-1
-1
-1
-1
-1
-1
-1
-1
-1
-1
-1
-1
-1
-1
-1
-1
-1
-1
-1
-1
-1
-1
-1
-1
-1
-1
-1
-1
-1
-1
-1
-1
-1
-1
-1
-1
-1
-1
-1
-1
-1
-1
-1
-1
-1
-1
-1
-1
-1
-1
-1
-1
-1
-1
-1
-1
-1
-1
-1
-1
-1
-1
-1
-1
-1
-1
-1
-1
-1
-1
-1
-1
-1
-1
-1
-1
-1
-1
-1
-1
-1
-1
-1
-1
-1
-1
-1
-1
-1
-1
-1
-1
-1
-1
-1
-1
-1
-1
-1
-1
-1
-1
-1
-1
-1
-1
-1
-1
-1
-1
-1
-1
-1
-1
-1
-1
-1
-1
-1
-1
-1
-1
-1
-1
-1
-1
#time = 0.7847788333892822sec
