0 11 18
0 41 25
2 12 18
2 13 18
2 14 18
2 15 18
2 16 18
2 17 18
2 18 18
2 19 18
2 20 18
2 21 18
2 22 18
2 23 18
2 24 18
2 25 18
2 26 18
2 27 18
2 28 18
2 29 18
2 30 18
2 31 18
2 32 18
2 33 18
2 34 18
2 35 18
2 36 18
2 37 18
2 38 18
2 39 18
2 40 18
1 41 19
1 41 20
1 41 21
1 41 22
1 41 23
1 41 24
5 41 18
-1
-1
-1
-1
-1
-1
-1
-1
-1
-1
-1
-1
2 45 42
2 44 42
2 43 42
2 42 42
3 41 42
1 41 41
1 41 40
1 41 39
1 41 38
1 41 37
1 41 36
1 41 35
1 41 34
1 41 33
1 41 32
1 41 31
1 41 30
1 41 29
1 41 28
1 41 27
1 41 26
0 46 42
-1
-1
-1
-1
-1
-1
-1
-1
2 19 12
2 18 12
2 17 12
2 16 12
2 15 12
2 14 12
2 13 12
2 12 12
6 11 12
1 11 13
1 11 14
1 11 15
1 11 16
1 11 17
0 20 12
-1
-1
-1
-1
1 38 48
1 38 47
1 38 46
1 38 45
1 38 44
6 38 43
2 39 43
2 40 43
2 41 43
2 42 43
2 43 43
2 44 43
2 45 43
4 46 43
0 38 49
1 12 16
1 12 15
1 12 14
6 12 13
2 13 13
2 14 13
2 15 13
2 16 13
2 17 13
2 18 13
2 19 13
2 20 13
4 21 13
1 21 12
5 21 11
2 20 11
2 19 11
2 18 11
2 17 11
2 16 11
2 15 11
2 14 11
2 13 11
2 12 11
2 11 11
6 10 11
1 10 12
1 10 13
1 10 14
1 10 15
1 10 16
1 10 17
3 10 18
0 12 17
3 33 49
2 34 49
2 35 49
2 36 49
2 37 49
0 33 48
6 9 10
1 9 11
1 9 12
1 9 13
1 9 14
1 9 15
1 9 16
1 9 17
1 9 18
3 9 19
2 10 19
4 11 19
0 10 10
2 39 25
2 40 25
0 38 25
1 10 5
1 10 6
1 10 7
1 10 8
1 10 9
0 10 4
3 28 48
2 29 48
2 30 48
2 31 48
2 32 48
0 28 47
1 9 1
1 9 2
1 9 3
3 9 4
0 9 0
-1
-1
-1
-1
-1
-1
-1
-1
-1
-1
-1
-1
-1
-1
-1
-1
-1
-1
-1
-1
-1
-1
-1
-1
-1
-1
-1
-1
-1
-1
-1
-1
-1
-1
-1
-1
-1
-1
-1
-1
-1
-1
-1
-1
-1
-1
-1
-1
-1
-1
-1
-1
-1
-1
-1
-1
-1
-1
-1
-1
-1
-1
-1
-1
-1
-1
-1
-1
-1
-1
-1
-1
-1
-1
-1
-1
-1
-1
-1
-1
-1
-1
-1
-1
-1
-1
-1
-1
-1
-1
-1
-1
-1
-1
-1
-1
-1
-1
-1
-1
-1
-1
-1
-1
-1
-1
-1
-1
-1
-1
-1
-1
-1
-1
-1
-1
-1
-1
-1
-1
-1
-1
-1
-1
-1
-1
-1
-1
-1
-1
-1
-1
-1
-1
-1
-1
-1
-1
-1
-1
-1
-1
-1
-1
-1
-1
-1
-1
-1
-1
-1
-1
-1
-1
-1
-1
-1
-1
-1
-1
-1
-1
-1
-1
-1
-1
-1
-1
-1
-1
-1
-1
-1
-1
-1
-1
-1
-1
-1
-1
-1
-1
-1
-1
-1
-1
-1
-1
-1
-1
-1
-1
-1
-1
-1
-1
-1
-1
-1
-1
-1
-1
-1
-1
-1
-1
-1
-1
-1
-1
-1
-1
-1
-1
-1
-1
-1
-1
-1
-1
-1
-1
-1
-1
-1
-1
-1
-1
-1
-1
-1
-1
-1
-1
-1
-1
-1
-1
-1
-1
-1
-1
-1
-1
-1
-1
-1
-1
-1
-1
-1
-1
-1
-1
-1
-1
-1
-1
-1
-1
-1
-1
-1
-1
-1
-1
-1
-1
-1
-1
-1
-1
-1
-1
-1
-1
-1
-1
-1
-1
-1
-1
-1
-1
-1
-1
-1
-1
-1
-1
-1
-1
-1
-1
-1
-1
-1
-1
-1
-1
-1
-1
-1
-1
-1
-1
-1
-1
-1
-1
-1
-1
-1
-1
-1
-1
-1
-1
-1
-1
-1
-1
-1
-1
-1
-1
-1
-1
-1
-1
-1
-1
-1
-1
-1
-1
-1
-1
-1
-1
-1
-1
-1
-1
-1
-1
-1
-1
-1
-1
-1
-1
-1
-1
-1
-1
-1
-1
-1
-1
-1
-1
-1
-1
-1
-1
-1
-1
-1
-1
-1
-1
-1
-1
-1
-1
-1
-1
-1
-1
-1
-1
-1
-1
-1
-1
-1
-1
-1
-1
-1
-1
-1
-1
-1
-1
-1
-1
-1
-1
-1
-1
-1
-1
-1
-1
-1
-1
-1
-1
-1
-1
-1
-1
-1
-1
-1
-1
-1
-1
-1
-1
-1
-1
-1
-1
-1
-1
-1
-1
-1
-1
-1
-1
-1
-1
-1
-1
-1
-1
-1
-1
-1
-1
-1
-1
-1
-1
-1
-1
-1
-1
-1
-1
-1
-1
-1
-1
-1
-1
-1
-1
-1
-1
-1
-1
-1
-1
-1
-1
-1
-1
-1
-1
-1
-1
-1
-1
-1
-1
-1
-1
-1
-1
-1
-1
-1
-1
-1
-1
-1
-1
-1
-1
-1
-1
-1
-1
-1
-1
-1
-1
-1
-1
-1
-1
-1
-1
-1
-1
-1
-1
-1
-1
-1
-1
-1
-1
-1
-1
-1
-1
-1
-1
-1
-1
-1
-1
-1
-1
-1
-1
-1
-1
-1
-1
-1
-1
-1
-1
-1
-1
-1
-1
-1
-1
-1
-1
-1
-1
-1
-1
-1
-1
-1
-1
-1
-1
-1
-1
-1
-1
-1
-1
-1
-1
-1
-1
-1
-1
-1
-1
-1
-1
-1
-1
-1
-1
-1
-1
-1
-1
-1
-1
-1
-1
-1
-1
-1
-1
-1
-1
-1
-1
-1
-1
-1
-1
-1
-1
-1
-1
-1
-1
-1
-1
-1
-1
-1
-1
-1
-1
-1
#time = 7.783918619155884sec
