0 2 8
0 42 18
2 3 8
2 4 8
2 5 8
2 6 8
2 7 8
2 8 8
2 9 8
2 10 8
2 11 8
2 12 8
2 13 8
2 14 8
2 15 8
2 16 8
2 17 8
2 18 8
2 19 8
2 20 8
2 21 8
2 22 8
2 23 8
2 24 8
2 25 8
2 26 8
2 27 8
2 28 8
2 29 8
2 30 8
2 31 8
2 32 8
2 33 8
2 34 8
2 35 8
2 36 8
2 37 8
2 38 8
2 39 8
2 40 8
2 41 8
1 42 9
1 42 10
1 42 11
1 42 12
1 42 13
1 42 14
1 42 15
1 42 16
1 42 17
5 42 8
-1
-1
-1
-1
-1
-1
-1
-1
-1
-1
-1
-1
-1
-1
-1
-1
-1
-1
-1
-1
-1
-1
-1
-1
-1
-1
-1
-1
-1
-1
-1
-1
-1
-1
-1
-1
-1
-1
-1
-1
-1
-1
-1
-1
-1
-1
-1
-1
-1
-1
-1
-1
-1
-1
-1
-1
-1
-1
-1
-1
-1
-1
-1
-1
-1
-1
-1
-1
-1
-1
-1
-1
-1
-1
-1
-1
-1
-1
-1
-1
-1
-1
-1
-1
-1
-1
-1
-1
-1
-1
-1
-1
-1
-1
-1
-1
-1
-1
-1
-1
-1
-1
-1
-1
-1
-1
-1
-1
-1
-1
-1
-1
-1
-1
-1
-1
-1
-1
-1
-1
-1
-1
-1
-1
1 42 47
1 42 46
1 42 45
1 42 44
1 42 43
1 42 42
1 42 41
1 42 40
1 42 39
1 42 38
1 42 37
1 42 36
1 42 35
1 42 34
1 42 33
1 42 32
1 42 31
1 42 30
1 42 29
1 42 28
1 42 27
1 42 26
1 42 25
1 42 24
1 42 23
1 42 22
1 42 21
1 42 20
1 42 19
0 42 48
-1
-1
-1
-1
-1
-1
-1
-1
-1
-1
-1
-1
-1
-1
-1
-1
-1
-1
-1
-1
-1
-1
-1
-1
-1
-1
-1
-1
-1
-1
-1
-1
-1
2 4 14
2 3 14
3 2 14
1 2 13
1 2 12
1 2 11
1 2 10
1 2 9
0 5 14
-1
-1
-1
-1
-1
-1
-1
-1
-1
-1
-1
-1
-1
-1
-1
-1
-1
-1
-1
-1
-1
-1
-1
0 41 48
-1
-1
-1
-1
-1
-1
-1
-1
-1
-1
-1
-1
2 8 6
2 7 6
2 6 6
2 5 6
2 4 6
2 3 6
6 2 6
1 2 7
0 9 6
-1
-1
-1
-1
-1
-1
-1
-1
1 43 15
1 43 16
1 43 17
4 43 18
0 43 14
-1
-1
-1
-1
-1
1 5 3
1 5 4
3 5 5
2 6 5
2 7 5
2 8 5
5 9 5
0 5 2
1 40 34
1 40 35
1 40 36
1 40 37
1 40 38
1 40 39
1 40 40
1 40 41
1 40 42
1 40 43
1 40 44
1 40 45
1 40 46
1 40 47
3 40 48
0 40 33
2 6 20
3 5 20
1 5 19
1 5 18
1 5 17
1 5 16
1 5 15
0 7 20
-1
-1
6 43 43
1 43 44
1 43 45
1 43 46
1 43 47
4 43 48
0 44 43
-1
-1
-1
-1
-1
-1
-1
0 8 20
2 46 2
2 45 2
2 44 2
6 43 2
1 43 3
1 43 4
1 43 5
1 43 6
1 43 7
1 43 8
1 43 9
1 43 10
1 43 11
1 43 12
1 43 13
0 47 2
1 3 24
1 3 23
1 3 22
6 3 21
2 4 21
2 5 21
2 6 21
4 7 21
0 3 25
6 44 10
1 44 11
1 44 12
1 44 13
4 44 14
0 45 10
2 13 31
2 12 31
2 11 31
2 10 31
2 9 31
3 8 31
1 8 30
1 8 29
1 8 28
1 8 27
1 8 26
1 8 25
1 8 24
1 8 23
1 8 22
1 8 21
0 14 31
1 39 35
1 39 34
6 39 33
0 39 36
2 4 43
3 3 43
1 3 42
1 3 41
1 3 40
1 3 39
1 3 38
1 3 37
1 3 36
1 3 35
1 3 34
1 3 33
1 3 32
1 3 31
1 3 30
1 3 29
1 3 28
1 3 27
1 3 26
0 5 43
1 34 29
1 34 30
1 34 31
3 34 32
2 35 32
2 36 32
2 37 32
2 38 32
2 39 32
5 40 32
0 34 28
2 9 46
2 8 46
2 7 46
2 6 46
3 5 46
1 5 45
1 5 44
0 10 46
3 39 18
2 40 18
2 41 18
0 39 17
1 2 31
1 2 30
1 2 29
1 2 28
1 2 27
1 2 26
6 2 25
0 2 32
-1
-1
-1
-1
-1
-1
-1
-1
-1
-1
-1
-1
-1
-1
-1
-1
-1
-1
-1
-1
-1
-1
-1
-1
-1
-1
-1
-1
-1
-1
-1
-1
-1
-1
-1
-1
-1
-1
-1
-1
-1
-1
-1
-1
-1
-1
-1
-1
-1
-1
-1
-1
-1
-1
-1
-1
-1
-1
-1
-1
-1
-1
-1
-1
-1
-1
-1
-1
-1
-1
-1
-1
-1
-1
-1
-1
-1
-1
-1
-1
-1
-1
-1
-1
-1
-1
-1
-1
-1
-1
-1
-1
-1
-1
-1
-1
-1
-1
-1
-1
-1
-1
-1
-1
-1
-1
-1
-1
-1
-1
-1
-1
-1
-1
-1
-1
-1
-1
-1
-1
-1
-1
-1
-1
-1
-1
-1
-1
-1
-1
-1
-1
-1
-1
-1
-1
-1
-1
-1
-1
-1
-1
-1
-1
-1
-1
-1
-1
-1
-1
-1
-1
-1
-1
-1
-1
-1
-1
-1
-1
-1
-1
-1
-1
-1
-1
-1
-1
-1
-1
-1
-1
-1
-1
-1
-1
-1
-1
-1
-1
-1
-1
-1
-1
-1
-1
-1
-1
-1
-1
-1
-1
-1
-1
-1
-1
-1
-1
-1
-1
-1
-1
-1
-1
-1
-1
-1
-1
-1
-1
-1
-1
-1
-1
-1
-1
-1
-1
-1
-1
-1
-1
-1
-1
-1
-1
-1
-1
-1
-1
-1
-1
-1
-1
-1
-1
-1
-1
-1
-1
-1
-1
-1
-1
-1
-1
-1
-1
-1
-1
-1
-1
-1
-1
-1
-1
-1
-1
-1
-1
-1
-1
-1
-1
-1
-1
-1
-1
-1
-1
-1
-1
-1
-1
-1
-1
-1
-1
-1
-1
-1
-1
-1
-1
-1
-1
-1
-1
-1
-1
-1
-1
-1
-1
-1
-1
-1
-1
-1
-1
-1
-1
-1
-1
-1
-1
-1
-1
-1
-1
-1
-1
-1
-1
-1
-1
-1
-1
-1
-1
-1
-1
-1
-1
-1
-1
-1
-1
-1
-1
-1
-1
-1
-1
-1
-1
-1
-1
#time = 2.2251486778259277sec
