0 41 10
0 25 44
2 26 10
2 27 10
2 28 10
2 29 10
2 30 10
2 31 10
2 32 10
2 33 10
2 34 10
2 35 10
2 36 10
2 37 10
2 38 10
2 39 10
2 40 10
1 25 11
1 25 12
1 25 13
1 25 14
1 25 15
1 25 16
1 25 17
1 25 18
1 25 19
1 25 20
1 25 21
1 25 22
1 25 23
1 25 24
1 25 25
1 25 26
1 25 27
1 25 28
1 25 29
1 25 30
1 25 31
1 25 32
1 25 33
1 25 34
1 25 35
1 25 36
1 25 37
1 25 38
1 25 39
1 25 40
1 25 41
1 25 42
1 25 43
6 25 10
-1
-1
-1
-1
-1
-1
-1
-1
-1
-1
-1
-1
-1
-1
-1
-1
-1
-1
-1
-1
-1
-1
-1
-1
-1
-1
-1
-1
-1
-1
-1
-1
-1
-1
-1
-1
-1
-1
-1
-1
-1
-1
-1
-1
-1
-1
-1
-1
-1
-1
-1
-1
-1
-1
-1
-1
-1
-1
-1
-1
-1
-1
-1
-1
-1
-1
-1
-1
-1
-1
-1
-1
-1
-1
-1
-1
-1
-1
-1
-1
6 1 44
2 2 44
2 3 44
2 4 44
2 5 44
2 6 44
2 7 44
2 8 44
2 9 44
2 10 44
2 11 44
2 12 44
2 13 44
2 14 44
2 15 44
2 16 44
2 17 44
2 18 44
2 19 44
2 20 44
2 21 44
2 22 44
2 23 44
2 24 44
0 1 45
-1
-1
-1
-1
-1
-1
-1
-1
-1
-1
-1
-1
-1
-1
-1
-1
-1
-1
-1
-1
-1
-1
-1
-1
-1
-1
-1
-1
-1
-1
-1
-1
-1
-1
-1
1 30 3
1 30 4
1 30 5
1 30 6
1 30 7
1 30 8
3 30 9
2 31 9
2 32 9
2 33 9
2 34 9
2 35 9
2 36 9
2 37 9
2 38 9
2 39 9
2 40 9
5 41 9
0 30 2
-1
-1
-1
-1
-1
-1
-1
-1
-1
-1
-1
-1
-1
-1
-1
-1
-1
-1
-1
1 1 35
1 1 36
1 1 37
1 1 38
1 1 39
1 1 40
1 1 41
1 1 42
4 1 43
6 0 43
1 0 44
3 0 45
0 1 34
-1
-1
-1
-1
-1
2 45 28
2 44 28
2 43 28
2 42 28
3 41 28
1 41 27
1 41 26
1 41 25
1 41 24
1 41 23
1 41 22
1 41 21
1 41 20
1 41 19
1 41 18
1 41 17
1 41 16
1 41 15
1 41 14
1 41 13
1 41 12
1 41 11
0 46 28
-1
-1
-1
-1
-1
-1
-1
-1
-1
-1
3 1 48
1 1 47
1 1 46
0 2 48
-1
-1
-1
-1
6 46 19
1 46 20
1 46 21
1 46 22
1 46 23
1 46 24
1 46 25
1 46 26
1 46 27
0 47 19
-1
-1
-1
-1
-1
2 4 36
2 3 36
3 2 36
1 2 35
5 2 34
0 5 36
-1
-1
-1
6 42 7
1 42 8
1 42 9
4 42 10
0 43 7
-1
-1
-1
-1
-1
-1
1 25 45
0 25 46
-1
6 43 2
1 43 3
1 43 4
1 43 5
1 43 6
0 44 2
2 12 30
2 11 30
2 10 30
2 9 30
2 8 30
2 7 30
2 6 30
6 5 30
1 5 31
1 5 32
1 5 33
1 5 34
1 5 35
0 13 30
-1
-1
-1
-1
-1
-1
-1
-1
-1
-1
-1
-1
-1
-1
-1
-1
-1
-1
-1
-1
-1
-1
-1
-1
-1
-1
-1
-1
-1
-1
-1
-1
-1
-1
-1
-1
-1
-1
-1
-1
-1
-1
-1
-1
-1
-1
-1
-1
-1
-1
-1
-1
-1
-1
-1
-1
-1
-1
-1
-1
-1
-1
-1
-1
-1
-1
-1
-1
-1
-1
-1
-1
-1
-1
-1
-1
-1
-1
-1
-1
-1
-1
-1
-1
-1
-1
-1
-1
-1
-1
-1
-1
-1
-1
-1
-1
-1
-1
-1
-1
-1
-1
-1
-1
-1
-1
-1
-1
-1
-1
-1
-1
-1
-1
-1
-1
-1
-1
-1
-1
-1
-1
-1
-1
-1
-1
-1
-1
-1
-1
-1
-1
-1
-1
-1
-1
-1
-1
-1
-1
-1
-1
-1
-1
-1
-1
-1
-1
-1
-1
-1
-1
-1
-1
-1
-1
-1
-1
-1
-1
-1
-1
-1
-1
-1
-1
-1
-1
-1
-1
-1
-1
-1
-1
-1
-1
-1
-1
-1
-1
-1
-1
-1
-1
-1
-1
-1
-1
-1
-1
-1
-1
-1
-1
-1
-1
-1
-1
-1
-1
-1
-1
-1
-1
-1
-1
-1
-1
-1
-1
-1
-1
-1
-1
-1
-1
-1
-1
-1
-1
-1
-1
-1
-1
-1
-1
-1
-1
-1
-1
-1
-1
-1
-1
-1
-1
-1
-1
-1
-1
-1
-1
-1
-1
-1
-1
-1
-1
-1
-1
-1
-1
-1
-1
-1
-1
-1
-1
-1
-1
-1
-1
-1
-1
-1
-1
-1
-1
-1
-1
-1
-1
-1
-1
-1
-1
-1
-1
-1
-1
-1
-1
-1
-1
-1
-1
-1
-1
-1
-1
-1
-1
-1
-1
-1
-1
-1
-1
-1
-1
-1
-1
-1
-1
-1
-1
-1
-1
-1
-1
-1
-1
-1
-1
-1
-1
-1
-1
-1
-1
-1
-1
-1
-1
-1
-1
-1
-1
-1
-1
-1
-1
-1
-1
-1
-1
-1
-1
-1
-1
-1
-1
-1
-1
-1
-1
-1
-1
-1
-1
-1
-1
-1
-1
-1
-1
-1
-1
-1
-1
-1
-1
-1
-1
-1
-1
-1
-1
-1
-1
-1
-1
-1
-1
-1
-1
-1
-1
-1
-1
-1
-1
-1
-1
-1
-1
-1
-1
-1
-1
-1
-1
-1
-1
-1
-1
-1
-1
-1
-1
-1
-1
-1
-1
-1
-1
-1
-1
-1
-1
-1
-1
-1
-1
-1
-1
-1
-1
-1
-1
-1
-1
-1
-1
-1
-1
-1
-1
-1
-1
-1
-1
-1
-1
-1
-1
-1
-1
-1
-1
-1
-1
-1
-1
-1
-1
-1
-1
-1
-1
-1
-1
-1
-1
#time = 7.238184452056885sec
