0 48 40
0 2 15
2 3 40
2 4 40
2 5 40
2 6 40
2 7 40
2 8 40
2 9 40
2 10 40
2 11 40
2 12 40
2 13 40
2 14 40
2 15 40
2 16 40
2 17 40
2 18 40
2 19 40
2 20 40
2 21 40
2 22 40
2 23 40
2 24 40
2 25 40
2 26 40
2 27 40
2 28 40
2 29 40
2 30 40
2 31 40
2 32 40
2 33 40
2 34 40
2 35 40
2 36 40
2 37 40
2 38 40
2 39 40
2 40 40
2 41 40
2 42 40
2 43 40
2 44 40
2 45 40
2 46 40
2 47 40
1 2 16
1 2 17
1 2 18
1 2 19
1 2 20
1 2 21
1 2 22
1 2 23
1 2 24
1 2 25
1 2 26
1 2 27
1 2 28
1 2 29
1 2 30
1 2 31
1 2 32
1 2 33
1 2 34
1 2 35
1 2 36
1 2 37
1 2 38
1 2 39
3 2 40
-1
-1
-1
-1
-1
-1
-1
-1
-1
-1
-1
-1
-1
-1
-1
-1
-1
-1
-1
-1
-1
-1
-1
-1
-1
-1
-1
-1
-1
-1
-1
-1
-1
-1
-1
-1
-1
-1
-1
-1
-1
-1
-1
-1
-1
-1
-1
-1
-1
-1
-1
-1
-1
-1
-1
-1
-1
-1
-1
-1
-1
-1
2 4 11
2 3 11
6 2 11
1 2 12
1 2 13
1 2 14
0 5 11
-1
-1
-1
-1
-1
-1
-1
-1
-1
-1
-1
-1
-1
-1
-1
-1
-1
-1
-1
-1
-1
-1
-1
-1
-1
-1
-1
-1
-1
-1
-1
1 40 46
1 40 45
1 40 44
1 40 43
1 40 42
6 40 41
2 41 41
2 42 41
2 43 41
2 44 41
2 45 41
2 46 41
2 47 41
4 48 41
0 40 47
-1
-1
-1
-1
-1
-1
-1
-1
-1
-1
-1
-1
-1
-1
-1
-1
-1
-1
-1
3 2 10
2 3 10
2 4 10
5 5 10
0 2 9
-1
-1
-1
-1
-1
-1
-1
-1
-1
-1
-1
1 36 42
1 36 43
1 36 44
1 36 45
1 36 46
3 36 47
2 37 47
2 38 47
2 39 47
0 36 41
-1
-1
-1
-1
-1
-1
-1
-1
2 8 16
2 7 16
2 6 16
2 5 16
2 4 16
3 3 16
5 3 15
0 9 16
1 40 37
1 40 38
3 40 39
2 41 39
2 42 39
2 43 39
2 44 39
2 45 39
2 46 39
2 47 39
2 48 39
5 49 39
1 49 40
1 49 41
4 49 42
2 48 42
2 47 42
2 46 42
2 45 42
2 44 42
2 43 42
2 42 42
6 41 42
1 41 43
1 41 44
1 41 45
1 41 46
1 41 47
4 41 48
2 40 48
2 39 48
2 38 48
2 37 48
2 36 48
3 35 48
1 35 47
1 35 46
1 35 45
1 35 44
1 35 43
1 35 42
6 35 41
0 40 36
2 22 8
2 21 8
2 20 8
2 19 8
2 18 8
2 17 8
2 16 8
2 15 8
2 14 8
2 13 8
2 12 8
2 11 8
2 10 8
2 9 8
2 8 8
2 7 8
6 6 8
1 6 9
1 6 10
4 6 11
0 23 8
2 38 36
2 39 36
0 37 36
1 16 10
6 16 9
2 17 9
2 18 9
2 19 9
2 20 9
2 21 9
2 22 9
4 23 9
0 16 11
6 40 31
1 40 32
1 40 33
1 40 34
1 40 35
0 41 31
1 1 17
1 1 16
6 1 15
0 1 18
2 43 30
2 42 30
6 41 30
0 44 30
-1
-1
-1
-1
-1
-1
-1
-1
-1
-1
-1
-1
-1
-1
-1
-1
-1
-1
-1
-1
-1
-1
-1
-1
-1
-1
-1
-1
-1
-1
-1
-1
-1
-1
-1
-1
-1
-1
-1
-1
-1
-1
-1
-1
-1
-1
-1
-1
-1
-1
-1
-1
-1
-1
-1
-1
-1
-1
-1
-1
-1
-1
-1
-1
-1
-1
-1
-1
-1
-1
-1
-1
-1
-1
-1
-1
-1
-1
-1
-1
-1
-1
-1
-1
-1
-1
-1
-1
-1
-1
-1
-1
-1
-1
-1
-1
-1
-1
-1
-1
-1
-1
-1
-1
-1
-1
-1
-1
-1
-1
-1
-1
-1
-1
-1
-1
-1
-1
-1
-1
-1
-1
-1
-1
-1
-1
-1
-1
-1
-1
-1
-1
-1
-1
-1
-1
-1
-1
-1
-1
-1
-1
-1
-1
-1
-1
-1
-1
-1
-1
-1
-1
-1
-1
-1
-1
-1
-1
-1
-1
-1
-1
-1
-1
-1
-1
-1
-1
-1
-1
-1
-1
-1
-1
-1
-1
-1
-1
-1
-1
-1
-1
-1
-1
-1
-1
-1
-1
-1
-1
-1
-1
-1
-1
-1
-1
-1
-1
-1
-1
-1
-1
-1
-1
-1
-1
-1
-1
-1
-1
-1
-1
-1
-1
-1
-1
-1
-1
-1
-1
-1
-1
-1
-1
-1
-1
-1
-1
-1
-1
-1
-1
-1
-1
-1
-1
-1
-1
-1
-1
-1
-1
-1
-1
-1
-1
-1
-1
-1
-1
-1
-1
-1
-1
-1
-1
-1
-1
-1
-1
-1
-1
-1
-1
-1
-1
-1
-1
-1
-1
-1
-1
-1
-1
-1
-1
-1
-1
-1
-1
-1
-1
-1
-1
-1
-1
-1
-1
-1
-1
-1
-1
-1
-1
-1
-1
-1
-1
-1
-1
-1
-1
-1
-1
-1
-1
-1
-1
-1
-1
-1
-1
-1
-1
-1
-1
-1
-1
-1
-1
-1
-1
-1
-1
-1
-1
-1
-1
-1
-1
-1
-1
-1
-1
-1
-1
-1
-1
-1
-1
-1
-1
-1
-1
-1
-1
-1
-1
-1
-1
-1
-1
-1
-1
-1
-1
-1
-1
-1
-1
-1
-1
-1
-1
-1
-1
-1
-1
-1
-1
-1
-1
-1
-1
-1
-1
-1
-1
-1
-1
-1
-1
-1
-1
-1
-1
-1
-1
-1
-1
-1
-1
-1
-1
-1
-1
-1
-1
-1
-1
-1
-1
-1
-1
-1
-1
-1
-1
-1
-1
-1
-1
-1
-1
-1
-1
-1
-1
-1
-1
-1
-1
-1
-1
-1
-1
-1
-1
-1
-1
-1
-1
-1
-1
-1
-1
-1
-1
-1
-1
-1
-1
-1
-1
-1
-1
-1
-1
-1
-1
-1
-1
-1
-1
-1
-1
-1
-1
-1
-1
-1
#time = 9.216567277908325sec
