59 22
66 20
73 42
70 65
86 45
43 54
5 61
16 18
68 1
80 83
39 49
53 89
7 93
48 49
88 70
70 39
90 67
92 99
92 1
80 0
30 39
73 87
78 35
66 87
7 99
14 14
77 71
39 39
65 99
1 90
87 82
46 52
38 16
20 47
50 84
51 9
32 1
15 16
35 76
89 7
71 34
92 36
99 34
65 86
0 56
45 88
32 90
34 67
11 48
16 31
55 80
28 89
27 65
59 25
33 36
90 86
39 69
66 92
31 61
94 3
28 82
69 97
95 78
63 45
82 14
65 8
80 39
39 58
5 55
89 93
25 81
62 36
59 51
0 95
28 46
54 23
38 0
31 36
59 89
92 1
31 96
5 86
94 55
60 16
82 32
54 96
95 3
31 88
40 1
40 54
69 82
58 94
18 87
53 89
91 48
68 97
45 58
41 51
7 68
1 49
