85 28
2 52
8 69
19 32
29 75
73 73
60 77
23 11
54 21
4 29
16 54
69 81
95 30
96 74
94 23
64 1
89 89
52 7
18 87
91 91
15 73
2 74
40 35
66 6
42 72
30 74
33 85
42 85
96 81
94 56
60 7
95 74
2 56
90 22
31 71
15 90
92 99
29 11
19 97
63 18
2 92
95 78
56 44
63 93
40 34
22 26
9 32
12 57
40 52
85 64
70 1
61 77
8 77
94 92
29 42
15 21
9 61
8 1
38 58
23 93
59 92
31 38
95 33
33 44
16 41
56 38
37 72
43 72
16 11
96 1
70 46
28 61
99 33
23 32
74 0
29 95
96 90
72 59
88 19
42 39
56 82
49 88
72 61
85 31
2 71
30 52
53 62
61 82
23 33
40 49
63 39
71 60
16 54
18 90
70 58
15 78
12 95
85 11
41 58
88 41
