1 67
91 77
25 78
5 81
11 50
69 17
30 95
54 65
7 81
54 27
99 98
59 21
8 88
74 69
11 58
30 26
85 67
47 77
2 37
39 16
21 74
90 71
90 65
74 1
41 14
39 83
81 98
91 6
87 8
94 69
88 80
8 57
51 96
82 83
25 76
46 7
32 48
59 85
36 66
82 49
21 46
90 46
59 71
10 87
5 52
1 89
8 7
74 31
9 83
29 40
21 67
2 97
31 6
41 96
47 67
80 22
6 70
48 77
40 29
45 14
21 32
91 75
37 69
4 30
93 99
85 4
25 84
51 70
21 90
81 69
95 29
42 45
56 52
28 86
20 30
94 88
30 74
24 30
36 14
87 77
65 53
43 93
2 89
24 10
51 96
46 2
14 56
65 14
17 12
38 37
91 25
92 72
29 28
84 49
25 65
84 51
82 95
40 76
25 72
80 67
