9 76
96 43
29 60
64 4
48 20
4 57
17 37
23 76
58 15
19 96
6 96
31 11
80 87
86 63
90 81
11 69
29 51
87 2
76 63
2 99
32 92
23 17
23 90
23 13
13 0
99 64
96 99
4 18
78 57
37 16
95 39
67 11
97 10
94 13
77 70
83 39
13 72
77 91
67 70
46 54
17 2
80 91
78 72
56 32
72 37
94 47
43 79
49 98
54 57
23 33
67 16
64 2
27 94
96 95
0 25
31 51
96 8
24 11
72 14
86 28
78 63
57 37
28 53
80 70
1 28
16 56
49 37
37 37
85 36
52 18
9 46
81 37
8 90
98 92
6 64
43 88
92 87
3 0
4 97
63 35
64 49
63 89
20 95
83 58
18 76
7 23
75 64
9 37
3 57
64 85
90 16
94 66
16 6
99 72
56 35
13 80
18 27
16 49
98 37
2 43
