18 71
72 34
6 6
79 25
53 77
59 33
17 49
64 73
85 35
33 27
9 9
41 55
27 27
86 64
95 14
16 29
37 89
21 5
31 55
11 22
25 71
24 40
56 36
69 93
73 61
93 9
25 80
32 3
72 21
9 94
13 67
85 69
85 13
15 93
54 65
47 3
35 18
75 97
27 86
89 93
30 5
48 7
42 87
86 53
37 15
1 94
35 96
42 97
77 42
67 94
8 8
3 6
5 10
29 65
99 35
96 86
64 60
15 60
44 92
22 53
68 80
1 72
50 16
94 65
26 1
68 38
91 6
61 13
60 44
33 13
39 72
9 42
16 98
56 61
91 86
99 22
10 93
4 46
54 20
86 28
77 34
50 60
1 53
35 6
93 89
70 18
66 41
31 92
24 22
3 24
30 5
11 92
61 22
91 62
3 27
3 35
39 11
46 80
43 75
8 79
