86 72
23 34
59 59
11 31
38 64
76 24
4 43
76 13
55 5
63 56
54 7
83 44
92 88
37 94
54 83
44 35
32 2
89 86
73 35
4 18
44 79
85 63
34 17
9 45
98 80
71 61
75 56
4 57
28 50
68 77
20 60
61 87
86 33
92 36
83 3
49 57
77 73
87 89
73 83
27 77
21 54
55 21
21 79
9 39
73 35
56 65
4 29
48 73
39 44
37 69
8 77
52 98
41 23
26 37
79 14
32 71
68 15
84 11
25 55
46 49
7 45
86 81
45 10
42 74
90 36
19 22
9 85
74 11
69 60
41 43
48 51
58 76
19 45
55 13
21 84
34 5
46 98
43 37
98 21
68 76
37 21
3 39
1 38
70 64
23 56
88 21
51 72
16 8
49 86
46 23
17 10
43 63
37 59
75 26
32 81
43 36
26 32
4 94
75 68
79 89
