76 94
19 13
44 67
32 52
92 72
32 5
26 69
29 24
81 68
93 44
76 96
16 22
5 81
97 79
69 8
12 80
62 94
98 75
49 46
47 55
77 34
83 65
2 47
32 81
96 59
65 28
74 45
81 18
16 14
95 30
98 81
88 76
85 59
26 73
94 77
49 57
93 97
76 70
20 3
97 81
30 89
86 19
76 19
76 36
49 37
2 69
84 66
36 95
81 73
50 37
87 7
11 68
77 81
30 16
53 53
78 66
84 3
88 20
43 7
89 75
97 77
81 16
52 15
65 95
59 18
4 16
18 67
21 88
44 78
72 10
42 43
98 9
4 79
98 18
69 6
81 9
38 68
0 86
7 46
54 77
80 7
1 7
20 80
83 73
16 24
15 8
37 26
81 80
90 53
8 9
55 39
83 9
99 95
74 60
5 22
81 25
2 36
86 90
83 98
37 81
