45 53
34 30
58 69
89 19
15 18
39 26
6 67
30 13
11 80
33 19
89 44
28 48
7 71
53 15
34 38
52 89
73 44
43 53
81 39
46 66
44 28
91 67
71 54
40 65
15 52
80 66
71 14
33 97
86 75
61 48
90 90
40 11
23 91
93 95
4 3
66 47
5 96
46 69
91 13
15 23
42 84
84 38
28 48
84 38
69 0
60 68
2 37
64 9
18 6
52 68
96 48
91 62
88 1
18 31
97 71
62 38
75 35
75 65
37 91
24 6
35 80
35 66
5 99
71 17
39 4
82 81
65 15
49 11
79 96
71 33
13 64
95 82
16 10
34 71
62 43
64 20
60 62
89 86
8 80
84 37
88 75
61 9
71 63
28 87
87 67
76 86
85 68
75 63
98 79
29 76
32 84
92 46
86 8
34 59
18 69
14 72
20 69
72 89
98 92
97 86
