95 21
85 50
91 70
91 22
3 8
21 10
91 26
1 37
73 41
66 68
6 21
71 9
11 55
39 34
92 45
82 57
84 18
83 14
25 97
22 63
58 63
95 33
91 85
66 66
44 78
78 63
73 11
70 87
5 38
40 1
7 42
85 1
18 26
97 72
19 66
89 79
32 86
46 44
23 75
27 39
63 85
99 94
23 79
80 2
88 24
38 8
37 30
10 38
6 31
98 62
93 50
18 63
95 14
28 20
26 79
22 88
86 62
82 53
28 30
10 35
9 99
28 95
37 28
43 36
6 71
63 14
14 53
58 34
21 75
58 20
35 67
28 49
34 9
16 94
47 51
39 54
47 53
48 9
49 7
30 6
76 69
49 33
57 48
85 17
99 27
26 99
70 92
34 83
50 51
21 48
62 75
95 21
25 63
36 86
82 50
26 66
9 78
55 49
30 66
79 33
