75 68
29 64
32 1
89 23
40 86
58 98
19 21
44 27
85 44
32 55
1 76
4 71
32 38
59 7
61 23
86 53
90 39
27 19
8 58
13 39
5 32
37 1
38 57
51 29
98 20
63 21
34 95
68 4
58 38
92 1
15 74
54 25
82 58
68 14
65 25
20 71
72 44
30 49
94 43
67 19
12 74
29 61
69 55
92 69
55 92
20 44
40 82
52 60
78 67
51 5
44 40
93 19
16 84
66 40
19 24
93 40
18 76
18 20
2 8
56 41
64 47
25 23
84 21
71 51
75 97
75 39
95 86
92 28
15 33
86 76
10 12
78 34
21 87
19 86
55 26
80 18
31 27
40 74
41 29
36 85
10 70
45 84
89 34
98 64
1 59
19 26
6 68
27 31
45 26
32 71
78 59
76 59
45 35
40 59
72 92
34 80
32 45
86 87
12 66
72 46
