27 53
37 6
70 91
16 52
48 33
38 30
19 42
74 36
25 42
66 42
52 5
43 88
60 77
60 42
92 88
33 27
77 29
73 95
86 64
70 52
4 40
27 52
96 24
19 16
27 21
45 31
27 60
86 4
50 84
65 3
91 5
82 99
82 85
1 77
37 14
83 72
18 73
22 66
17 0
61 88
83 23
71 72
64 28
21 39
88 56
99 37
64 73
95 69
61 56
25 36
62 43
1 2
5 83
1 60
15 71
38 28
24 60
42 61
4 53
43 39
34 79
88 95
28 10
42 80
62 15
56 16
91 43
34 27
18 31
21 3
71 35
2 1
82 23
18 27
49 32
99 80
95 83
14 74
53 6
85 3
18 29
6 22
27 20
64 84
51 88
98 45
61 7
36 74
7 9
7 2
38 22
31 2
51 42
24 62
43 95
78 34
50 41
14 99
83 69
60 44
