3 91
74 15
89 79
20 33
87 20
70 42
22 14
42 34
74 28
65 7
59 52
64 41
87 25
94 35
75 69
92 43
93 42
26 62
98 98
84 16
15 44
92 41
91 59
38 85
41 37
63 8
91 62
52 13
33 73
5 39
76 7
60 85
94 72
27 80
71 94
64 35
73 36
87 59
20 64
22 69
14 48
2 26
30 69
82 58
15 54
44 25
52 72
94 21
94 91
5 25
16 53
53 26
37 32
8 98
52 9
48 16
77 36
51 97
66 31
88 58
55 48
50 31
55 81
82 87
94 64
41 24
81 0
87 34
42 0
11 59
5 25
28 25
28 3
51 37
98 49
48 20
15 1
46 75
60 55
2 0
17 0
98 42
47 47
0 20
28 46
53 98
9 15
9 0
36 61
33 25
24 72
6 5
30 94
81 45
99 21
8 75
21 33
57 77
50 53
87 43
