38 28
62 84
98 49
75 34
81 9
78 71
33 1
3 12
36 1
68 98
61 27
60 71
94 3
79 63
45 30
14 25
25 83
27 42
70 67
23 41
36 96
7 3
63 92
13 52
86 29
36 91
63 44
36 7
51 70
74 26
34 21
56 5
96 68
75 72
2 67
75 79
2 10
79 95
12 21
71 98
91 30
77 18
53 94
16 53
79 41
48 96
98 65
33 35
65 53
36 70
82 89
51 2
82 16
85 19
29 52
55 57
33 70
29 96
75 33
34 9
1 33
84 96
94 81
20 85
55 26
9 19
29 83
33 64
99 45
72 31
21 31
35 20
1 28
15 53
19 96
43 53
2 2
56 92
0 10
95 96
70 0
16 2
9 70
40 66
91 26
14 96
2 11
43 33
65 41
6 77
2 94
23 64
32 36
94 35
0 11
60 81
65 94
7 61
15 54
40 8
