43 71
58 86
25 83
61 85
92 90
65 42
46 58
4 9
54 84
11 46
17 63
49 85
55 61
46 76
12 48
52 76
13 70
47 5
10 71
25 12
13 10
1 98
44 18
12 19
30 46
40 15
64 15
37 46
47 19
60 66
83 67
94 63
40 0
49 25
94 64
82 18
25 40
84 30
92 75
38 30
37 44
92 38
20 94
44 18
30 40
55 26
7 46
61 23
73 8
30 51
45 54
66 43
93 36
1 84
58 83
74 20
0 73
63 85
18 47
64 54
71 78
22 61
55 25
17 45
5 15
40 60
29 58
16 94
34 0
3 52
14 22
82 81
13 73
16 58
49 22
17 54
64 36
84 95
46 0
12 67
75 3
8 41
99 50
85 29
74 17
54 40
86 85
61 42
45 66
85 75
23 92
42 23
20 61
45 19
16 52
25 84
68 89
17 2
83 90
30 52
