83 54
46 57
45 25
3 27
2 42
92 79
92 17
76 3
81 16
27 4
77 9
83 13
79 29
4 65
75 25
40 79
46 43
90 81
9 63
55 36
56 39
79 47
96 12
56 3
70 14
38 41
40 3
98 63
94 79
80 46
58 62
2 67
17 63
76 26
91 70
15 70
76 48
38 46
6 39
14 55
61 96
88 97
71 20
11 51
41 17
32 82
58 1
13 73
52 36
3 17
92 10
6 71
36 91
79 55
62 90
16 85
38 55
92 12
98 52
6 54
52 24
20 38
56 40
35 83
40 36
65 70
60 2
14 12
2 94
91 5
24 74
51 81
3 97
14 8
62 34
81 88
3 83
3 63
3 85
26 89
32 10
66 31
17 13
92 88
51 65
67 19
29 24
96 31
61 99
22 10
46 43
85 29
97 94
96 89
6 54
19 8
69 4
75 21
23 89
62 21
