12 64
9 67
94 1
51 95
52 96
3 10
80 44
89 63
43 33
48 2
77 87
40 93
1 1
66 61
65 35
80 10
51 80
27 15
70 61
92 5
81 8
95 55
57 86
95 46
56 2
84 43
92 80
32 77
65 16
57 40
65 44
69 7
49 8
36 10
6 40
89 8
78 19
65 23
37 93
83 9
54 86
39 47
51 81
55 74
72 16
16 93
37 81
52 7
3 46
54 46
45 71
76 8
44 99
55 78
83 43
60 61
2 36
76 41
77 54
56 51
13 83
87 9
72 52
25 78
92 76
68 76
47 60
6 19
93 75
9 35
18 55
83 49
45 63
37 88
64 57
83 72
62 41
70 27
8 64
1 33
6 50
1 48
2 46
35 12
65 95
77 76
86 91
15 12
42 69
85 89
78 55
61 88
55 93
81 25
68 65
22 23
12 92
81 16
88 5
94 18
