86 46
96 52
19 15
73 30
63 53
84 61
96 28
5 16
76 96
60 29
76 51
30 17
74 43
34 51
20 44
90 57
74 88
29 21
48 23
47 48
2 61
9 70
70 88
58 75
33 84
31 58
92 61
20 37
14 11
48 56
71 28
17 32
63 49
42 37
22 22
16 20
96 3
86 34
57 58
3 66
52 4
27 72
23 45
16 68
3 76
4 28
2 11
77 57
89 19
90 43
53 94
0 80
14 61
34 61
45 79
53 94
25 30
12 55
51 55
16 52
7 30
97 41
34 5
63 78
77 4
29 14
28 74
2 14
70 61
43 37
90 87
82 5
45 84
79 92
57 25
16 40
75 56
89 14
80 56
92 42
8 33
34 84
75 21
15 12
12 30
46 49
16 43
74 46
73 24
25 24
80 42
55 96
45 85
43 49
82 2
60 31
29 43
15 9
57 37
86 26
