32 10
27 34
37 40
38 19
42 28
63 15
61 2
76 87
21 5
31 94
34 23
37 84
52 62
34 22
93 93
1 3
73 13
15 97
62 82
44 13
53 31
50 59
22 41
42 74
93 71
80 27
92 71
65 37
24 81
67 39
19 90
51 74
55 56
31 61
17 91
76 0
26 32
43 14
6 61
94 28
86 90
84 7
96 73
28 82
59 81
66 74
84 60
51 77
64 70
28 97
46 12
12 36
97 24
69 81
92 10
91 80
71 64
52 31
42 37
82 76
92 80
45 20
90 87
62 81
11 66
30 8
26 70
48 98
36 82
21 57
66 99
36 65
87 34
7 44
47 2
5 90
89 42
29 98
59 23
71 25
84 13
66 9
33 42
82 30
80 91
12 72
5 10
89 39
27 83
92 74
38 57
77 42
85 25
57 68
25 9
19 15
8 17
69 83
92 1
97 38
