22 18
44 44
16 18
75 94
3 41
23 31
30 75
3 73
12 39
78 56
27 19
46 82
41 76
85 40
27 85
70 27
21 96
42 41
30 69
72 23
31 17
46 66
27 22
9 32
46 76
87 95
9 93
63 84
31 4
27 45
12 84
13 65
17 45
79 45
40 92
42 31
26 99
47 45
62 92
64 26
45 76
26 67
31 60
83 59
52 23
98 0
90 2
27 40
59 93
58 84
18 68
30 18
61 76
30 25
59 42
92 98
49 3
46 7
96 54
15 36
80 36
12 17
86 12
45 23
70 9
55 46
7 84
64 87
24 90
88 95
95 20
94 9
27 76
78 64
58 54
56 44
65 95
7 41
43 1
48 58
65 24
32 49
85 25
27 82
58 98
36 64
61 67
42 32
96 16
78 76
54 85
80 76
19 64
81 87
81 17
42 70
86 22
70 58
37 65
20 52
