97 50
24 46
78 65
75 49
58 7
86 29
46 49
80 63
52 81
80 23
0 56
22 53
51 55
79 4
34 26
61 0
17 67
28 83
94 10
58 17
29 33
29 31
74 29
87 18
52 63
30 87
69 37
18 3
67 74
32 68
16 51
52 61
20 74
41 35
34 90
52 70
11 16
72 37
61 74
49 1
88 31
55 18
15 69
41 37
55 12
61 48
24 34
81 86
74 46
41 17
68 42
15 86
11 18
6 81
11 96
3 58
75 90
7 58
85 53
38 38
1 0
94 76
18 38
9 13
91 94
52 34
2 52
94 19
16 3
72 68
61 91
18 3
36 95
35 32
10 30
96 40
15 2
94 35
58 27
90 60
76 87
1 95
12 19
4 44
51 96
10 57
7 24
9 49
37 78
5 15
91 88
51 51
39 9
39 40
17 45
47 1
90 58
33 77
1 57
72 12
