67 78
46 17
61 11
2 20
8 40
92 41
76 23
37 14
91 28
59 93
64 38
40 9
71 10
3 70
47 1
41 8
16 48
92 39
50 51
49 2
92 59
28 8
67 44
33 3
77 61
88 33
57 60
75 48
49 42
39 42
38 71
7 71
40 32
21 11
83 90
24 35
37 52
41 27
69 85
18 60
58 39
99 93
25 36
59 32
7 71
80 2
2 56
48 48
42 51
22 10
87 14
45 6
95 15
61 48
29 19
20 21
68 76
13 47
49 43
78 57
75 6
8 49
1 14
44 41
97 0
28 44
98 78
87 17
36 83
86 81
61 16
8 85
35 13
29 34
4 89
84 11
30 20
34 2
7 44
19 94
9 88
94 9
21 38
58 50
23 35
31 38
57 48
29 1
90 16
25 34
19 84
89 58
18 49
58 84
7 41
35 17
98 20
14 4
42 14
52 78
