1 65
68 96
85 77
42 94
95 37
45 61
45 97
54 13
41 46
57 92
1 86
40 20
52 91
39 84
40 14
81 43
4 57
95 98
13 32
60 61
88 3
62 77
34 24
76 76
59 23
52 16
3 52
69 88
31 82
16 8
99 77
23 25
80 67
25 99
52 38
38 35
38 11
80 59
60 70
68 79
72 45
4 21
56 58
9 89
58 16
61 91
88 91
69 58
65 46
85 1
27 7
17 9
21 11
58 29
70 67
83 71
12 68
72 18
7 96
79 3
72 32
41 9
82 45
63 99
67 7
77 59
99 25
72 46
7 17
49 17
53 2
39 12
65 31
57 31
97 12
54 66
22 27
49 89
43 77
77 97
96 7
71 7
27 92
77 44
94 52
31 9
1 29
69 57
55 14
8 82
82 59
27 70
39 2
57 67
31 96
37 97
36 38
65 10
88 2
9 14
