8 26
40 99
72 60
63 69
24 11
37 0
63 7
93 0
66 83
30 94
88 22
78 42
7 24
70 82
31 96
85 72
40 22
54 53
37 23
92 97
19 83
92 93
77 88
5 75
52 97
33 89
90 11
62 24
18 55
33 14
69 13
50 52
20 95
86 63
9 37
96 39
45 25
79 43
64 66
68 66
2 93
9 47
94 91
94 90
86 89
92 35
90 13
30 17
37 63
18 89
51 42
88 83
42 20
99 32
28 63
5 96
30 99
9 46
9 98
25 50
97 41
63 28
97 24
68 26
94 51
66 45
23 68
14 86
17 10
88 74
45 54
43 40
54 75
32 12
69 14
62 75
50 40
45 75
70 90
15 40
9 73
85 9
85 91
31 83
20 75
47 30
4 9
53 97
59 20
44 99
98 63
54 46
93 99
44 22
77 32
9 40
86 45
45 89
15 0
15 59
