11 29
92 18
34 4
42 64
66 11
61 34
41 41
52 16
94 68
69 88
20 34
70 23
23 67
68 68
26 78
48 63
72 31
76 61
72 86
66 66
34 61
48 10
82 76
34 26
85 78
56 30
92 4
54 57
92 83
29 43
57 7
72 43
63 78
56 71
79 22
41 30
87 31
75 92
21 97
42 79
56 23
32 14
90 78
96 25
36 29
41 71
41 4
87 72
21 79
49 37
45 77
21 10
95 61
38 35
96 19
77 35
12 50
42 63
99 58
35 90
21 4
60 12
86 55
65 38
16 12
73 49
19 69
4 87
10 16
29 57
71 58
71 9
75 16
87 24
25 41
93 56
7 48
70 35
54 45
76 41
36 13
93 58
88 34
32 11
55 24
73 58
96 29
53 24
95 55
61 34
63 91
91 68
95 77
99 59
66 0
36 50
75 0
10 65
65 93
18 65
