73 22
97 50
65 9
80 78
50 15
70 35
58 3
88 4
38 3
94 57
65 89
87 5
19 80
62 87
92 3
76 34
64 74
42 3
66 20
24 38
89 14
38 15
80 68
75 26
9 26
7 2
3 97
75 26
43 89
29 43
98 98
34 27
94 95
88 76
63 51
1 0
35 9
55 60
82 58
97 8
18 6
65 94
28 90
66 33
97 13
75 90
16 79
3 3
15 43
33 71
79 6
13 98
75 0
67 96
22 17
18 42
8 80
24 6
91 75
7 64
73 56
81 15
48 25
95 27
75 75
88 18
15 36
85 60
97 14
70 0
26 61
20 54
97 22
72 75
69 65
22 36
7 75
75 23
64 77
43 17
11 50
20 15
50 30
14 3
78 98
40 80
24 68
97 74
27 25
38 41
68 70
14 68
13 18
95 66
51 37
79 32
84 20
93 89
46 77
70 3
