19 61
74 84
7 66
28 58
5 30
40 74
66 64
43 33
88 68
13 77
27 93
55 83
4 8
67 17
90 8
8 75
7 34
43 60
59 57
79 83
36 13
77 59
13 8
38 18
64 83
21 25
45 59
95 43
98 42
82 82
29 58
95 29
2 24
76 14
38 57
51 57
57 66
54 64
69 12
75 15
17 65
24 22
41 87
44 28
21 17
77 83
76 50
27 36
22 99
12 29
3 99
38 42
32 35
26 7
0 66
71 21
7 2
75 51
33 89
45 10
95 90
82 39
77 28
99 54
80 63
17 24
76 7
64 21
90 22
76 59
17 21
74 64
89 66
71 39
31 38
36 56
5 95
92 57
38 38
51 57
83 56
27 75
67 38
32 85
51 45
35 99
81 55
38 36
2 4
40 61
11 47
38 44
47 90
66 90
43 94
61 88
44 25
74 99
45 24
99 50
