43 10
14 2
90 35
56 24
90 97
5 21
86 72
85 83
92 53
93 40
75 34
52 44
89 43
70 27
2 94
80 21
30 55
17 31
82 25
54 20
64 30
38 62
41 92
23 21
10 31
24 1
66 92
5 27
3 17
82 63
66 63
70 89
23 5
52 81
49 10
20 65
56 14
81 49
29 73
79 76
86 58
51 83
15 7
35 81
43 76
70 74
31 55
72 31
56 98
40 62
1 33
88 9
12 20
23 9
66 83
96 42
14 21
48 88
50 75
53 81
87 44
52 48
79 83
55 21
59 9
50 38
67 2
22 56
23 86
85 66
47 53
27 89
76 46
87 25
96 35
48 67
97 33
41 46
94 84
61 70
60 42
29 88
47 38
90 28
56 1
8 78
76 90
14 28
73 34
12 27
58 39
92 60
90 26
55 28
34 92
90 95
54 86
81 78
54 60
55 10
