66 11
56 83
98 55
47 79
28 70
94 19
51 55
5 80
12 51
29 51
26 97
94 84
32 77
22 80
59 77
92 41
48 56
54 95
65 65
97 44
81 96
75 57
8 34
35 94
75 11
61 16
40 34
95 42
57 63
9 6
63 57
65 90
35 12
96 30
28 75
65 73
74 91
71 54
39 96
97 66
66 69
48 90
12 94
19 42
38 88
35 88
36 47
33 1
62 99
33 39
21 11
73 57
33 17
83 57
42 64
5 91
70 61
6 90
46 47
51 5
7 67
91 17
94 5
46 42
9 16
80 61
33 43
95 1
48 82
84 13
17 92
84 28
5 40
5 26
37 22
33 41
17 75
20 12
25 11
86 58
89 47
89 28
54 91
92 74
98 63
56 62
25 67
97 97
70 9
91 76
79 64
16 14
44 43
62 16
65 83
54 81
34 46
9 94
62 42
15 33
