83 12
21 4
72 20
85 99
64 67
24 56
28 47
37 89
58 12
5 9
67 61
3 5
46 83
48 95
87 56
7 70
14 34
32 35
14 45
23 78
46 63
34 76
52 10
87 67
4 95
67 21
21 4
97 37
48 23
85 18
13 55
52 8
12 53
52 64
17 70
10 80
60 79
49 28
1 50
77 95
24 85
89 93
58 83
26 20
12 81
64 6
7 6
51 79
99 26
80 98
30 5
11 60
5 28
14 12
88 78
48 67
42 93
87 50
94 30
5 56
59 43
87 3
58 5
25 32
99 35
52 5
45 75
94 96
52 89
26 70
20 65
53 22
31 54
8 18
93 19
18 7
72 29
67 38
40 34
95 60
41 70
58 56
26 35
8 64
63 5
88 79
99 72
80 94
50 63
79 72
67 74
29 34
61 20
10 14
7 3
19 79
79 26
59 53
25 39
29 88
