95 32
44 78
24 48
79 27
40 73
52 5
86 96
48 29
19 36
36 80
10 33
54 93
81 31
11 24
92 3
91 42
70 11
97 81
20 35
25 63
5 31
91 18
68 97
59 1
94 8
4 29
11 7
72 88
28 4
55 76
24 46
63 50
61 47
88 52
29 60
14 99
37 72
78 21
5 11
18 31
67 70
29 26
51 0
58 71
2 42
25 63
70 35
63 45
94 94
28 83
44 80
91 59
11 51
1 44
61 24
67 46
89 63
62 88
29 71
31 58
67 23
55 8
90 7
42 34
91 36
90 99
91 76
33 44
82 35
0 67
52 33
11 65
7 46
68 91
81 33
5 42
35 68
55 80
22 81
78 31
86 11
75 51
96 96
31 73
33 49
73 62
88 78
75 83
61 90
70 54
46 49
75 6
78 37
7 28
58 18
42 73
25 90
72 11
81 71
62 2
