44 34
41 21
10 17
18 45
2 77
90 67
17 16
44 61
65 82
97 92
96 37
97 64
83 4
83 20
33 66
56 10
33 45
60 25
69 52
96 38
84 73
24 13
21 7
82 53
28 2
76 66
42 89
3 10
19 76
3 16
82 8
65 80
21 68
67 82
73 81
28 21
97 53
83 91
30 38
25 64
32 9
90 13
22 94
36 90
80 34
17 65
61 43
12 72
38 82
97 28
32 83
8 72
80 59
3 36
33 5
81 72
60 87
8 23
33 9
89 89
40 42
53 16
16 25
8 40
15 74
61 4
10 90
81 39
30 86
45 86
94 5
15 61
12 33
60 33
48 81
38 32
8 9
22 49
27 58
12 9
20 10
22 22
2 56
12 18
0 58
83 31
88 92
56 30
4 1
43 69
5 58
88 44
18 40
40 18
23 96
52 24
74 61
4 94
73 29
3 4
