15 57
23 58
17 66
32 35
87 4
39 0
57 26
0 25
97 25
73 66
3 30
30 75
39 35
5 82
52 26
40 6
53 22
13 23
77 62
58 7
1 70
78 19
26 64
52 23
38 41
60 97
10 38
99 66
22 63
63 52
8 74
97 44
1 72
30 3
63 78
57 40
69 33
20 83
57 85
98 22
38 70
78 51
81 84
35 53
33 22
7 7
44 17
60 44
33 91
21 0
32 2
52 94
82 58
93 7
86 20
64 0
40 5
22 2
21 83
95 57
77 89
13 9
2 2
1 83
37 6
19 1
33 89
49 28
1 9
40 96
87 39
72 49
7 84
57 81
30 60
46 73
20 93
67 81
82 52
6 3
43 58
92 79
6 16
70 40
59 35
4 80
70 9
39 53
7 7
90 83
88 85
58 40
56 19
98 97
36 99
99 74
80 25
20 80
33 94
37 21
