71 20
5 80
19 58
54 11
89 32
43 16
10 81
24 49
87 49
51 57
94 22
74 88
31 47
49 59
31 9
48 89
3 36
54 53
69 37
14 44
64 54
19 47
80 47
40 36
23 85
96 6
16 51
65 57
47 48
12 7
39 64
39 19
75 75
24 58
66 94
3 19
46 66
59 77
59 74
7 35
71 84
22 7
59 80
43 88
1 82
7 87
66 63
67 99
71 31
65 50
94 59
66 35
63 0
25 58
63 11
26 53
32 66
31 18
86 23
15 86
6 84
5 84
52 31
53 89
53 0
70 32
99 53
37 49
16 89
71 8
54 14
15 72
15 20
44 12
82 35
75 42
54 67
90 45
89 43
90 22
24 31
5 7
7 14
37 94
3 84
70 53
66 52
53 89
11 54
67 63
66 36
66 50
36 50
49 49
74 36
64 85
91 49
25 50
75 52
41 45
