43 36
52 45
23 58
44 97
27 68
5 88
82 41
81 52
58 25
12 60
0 37
0 64
90 9
97 89
97 72
41 68
72 62
51 29
7 56
88 95
45 44
78 27
68 30
42 58
24 82
84 96
53 7
81 20
70 35
21 28
20 81
70 26
52 46
41 24
43 84
97 76
76 86
7 19
42 47
78 4
19 58
93 89
46 38
69 50
12 73
38 84
70 42
34 43
88 0
38 59
35 59
86 30
62 53
93 5
77 42
36 12
63 24
49 65
43 77
81 44
98 29
70 82
18 97
41 12
53 58
51 77
27 37
80 40
1 82
93 72
37 74
95 35
24 20
96 6
68 41
58 82
93 65
9 62
80 93
69 95
66 6
39 60
31 17
95 81
35 58
17 18
78 28
51 84
22 72
83 23
34 37
76 68
45 44
89 0
23 52
16 96
76 95
72 16
83 72
46 2
