74 81
13 94
74 71
53 30
74 97
9 13
14 33
3 15
9 4
30 22
74 86
54 28
45 94
50 81
28 70
21 19
78 54
49 9
19 20
1 36
16 78
47 26
59 21
87 95
30 48
89 20
65 34
95 72
37 7
13 21
11 56
94 6
13 30
98 4
18 48
93 30
22 6
4 18
80 28
45 10
19 3
90 22
86 23
37 6
18 78
33 46
85 47
79 88
97 37
9 98
31 71
4 64
58 32
29 73
28 95
46 39
94 3
72 4
32 98
9 14
53 82
47 51
26 81
32 45
54 71
21 86
44 39
95 9
98 26
95 19
87 53
35 28
93 43
92 83
28 59
18 70
26 87
18 35
4 93
47 90
30 59
50 43
50 95
70 96
70 24
46 99
91 85
45 70
19 99
72 67
89 97
86 3
9 96
34 85
51 23
12 21
34 32
44 52
1 82
49 35
