41 69
15 82
88 50
89 95
87 56
37 10
47 79
24 86
29 39
10 16
84 18
73 2
47 32
19 6
25 44
77 54
16 67
28 11
12 82
53 16
15 21
22 66
90 3
74 75
2 50
53 32
27 75
17 73
55 59
41 68
98 14
33 83
2 2
26 42
64 92
51 14
91 59
98 30
80 13
61 44
15 81
85 89
3 73
90 27
71 66
77 93
41 47
34 1
24 1
80 77
46 47
41 61
84 56
93 10
29 95
37 31
28 66
98 69
82 33
61 35
68 20
65 20
2 86
46 38
63 91
56 3
88 64
35 99
63 64
16 45
97 40
13 89
70 19
73 19
21 86
92 69
93 34
53 55
86 16
63 51
74 85
55 17
26 39
8 2
6 94
40 22
33 95
27 61
97 2
86 66
43 56
67 35
38 37
69 92
66 80
32 18
57 19
15 53
52 98
55 55
