85 80
39 90
51 35
67 55
64 14
49 9
87 70
66 17
67 41
27 59
7 18
23 54
0 53
35 56
22 66
99 35
70 39
11 9
99 4
75 43
66 20
58 7
87 63
21 0
75 71
65 74
93 79
62 58
43 66
12 12
56 4
58 75
14 56
28 85
55 2
15 82
87 31
14 75
35 69
23 2
93 0
70 85
18 45
3 80
31 64
40 83
77 67
41 82
34 86
86 91
44 38
38 25
64 18
30 52
84 23
94 11
70 2
46 3
27 6
68 44
70 28
94 15
44 85
83 57
59 3
43 61
53 25
70 4
91 55
35 79
13 37
51 61
65 17
30 15
77 59
29 18
60 27
52 39
17 6
83 57
90 20
95 27
31 33
58 70
18 5
35 49
51 63
94 6
0 90
10 34
91 84
49 5
75 94
15 23
62 11
4 51
91 13
20 11
5 45
75 65
