53 3
98 79
22 47
47 59
19 63
8 97
27 97
46 62
37 94
44 15
87 4
98 80
70 17
97 2
99 90
98 47
12 90
27 10
87 86
94 37
90 95
63 45
60 44
4 31
79 78
94 21
60 43
36 68
25 64
36 2
21 10
25 69
88 15
15 63
34 81
2 9
55 25
66 10
36 70
92 59
71 77
80 98
21 54
2 67
39 66
8 81
78 70
41 93
74 4
70 7
78 6
26 25
12 79
81 78
17 63
60 22
90 3
54 61
99 79
98 12
20 99
42 95
99 2
6 12
46 77
97 80
20 2
4 77
46 71
48 92
11 81
32 19
79 66
56 19
16 57
90 60
19 99
31 39
54 44
55 25
25 72
63 95
3 22
11 66
48 6
28 46
95 87
41 56
50 54
71 63
18 97
22 22
90 21
47 62
67 78
79 11
90 9
26 73
7 57
46 14
