35 98
5 83
40 44
98 90
66 79
45 24
62 54
2 66
27 3
23 66
33 60
66 31
83 20
82 17
99 63
80 53
78 91
49 27
45 76
60 67
7 1
45 20
46 83
60 2
69 39
47 54
91 43
63 91
90 12
27 39
46 30
82 98
77 45
89 93
3 5
20 46
4 3
11 44
78 3
24 15
54 17
15 78
28 17
3 80
6 99
23 94
76 52
26 31
18 46
82 39
28 24
0 0
60 97
73 69
94 22
17 84
45 18
2 10
17 58
78 11
77 59
85 45
90 2
20 67
46 28
4 3
27 1
2 27
26 80
49 61
95 26
82 85
54 1
58 40
94 91
31 24
42 20
45 53
38 50
63 4
70 46
10 83
84 61
33 33
85 76
28 31
0 46
78 85
90 4
46 43
58 60
66 4
7 46
34 7
69 41
17 70
85 46
89 97
81 40
64 47
