90 24
55 90
86 12
82 5
63 8
91 24
82 17
80 60
48 11
72 9
91 88
49 44
88 54
45 54
40 19
2 95
87 45
87 47
63 88
83 98
19 21
65 53
87 34
97 40
53 91
63 86
11 9
34 35
19 93
92 38
0 95
28 95
91 55
53 69
5 91
91 97
24 4
7 49
2 96
17 70
55 39
92 10
25 14
86 17
63 42
44 97
70 82
47 70
7 85
45 51
37 23
38 64
3 58
0 23
45 72
70 93
91 99
91 74
29 60
91 10
4 91
69 90
34 83
64 68
49 19
97 20
19 91
82 19
36 57
19 50
80 20
69 38
11 4
94 94
18 40
92 97
70 95
24 3
37 80
4 4
50 28
60 83
31 77
52 64
23 25
38 37
88 91
74 23
86 74
95 57
28 23
91 12
83 74
93 79
1 34
64 9
39 6
45 1
72 25
54 77
