41 25
0 92
74 88
14 58
54 7
43 15
30 46
40 75
46 70
45 6
93 54
30 72
45 59
3 65
57 61
78 93
21 57
53 30
38 57
54 22
50 88
16 15
68 84
13 0
74 76
80 98
52 3
71 87
52 56
59 16
71 47
73 75
92 72
71 4
94 74
53 24
94 68
89 59
89 0
1 98
73 84
29 57
16 50
54 55
5 71
93 24
44 96
46 78
17 69
17 3
80 12
54 22
71 87
34 53
58 45
98 55
17 24
17 70
5 95
16 47
43 14
38 12
91 40
55 24
66 72
64 58
14 38
58 54
37 57
77 15
20 8
57 42
39 95
93 57
51 25
36 89
30 5
95 46
12 64
24 55
67 75
63 59
37 39
43 40
64 24
17 92
71 72
47 17
43 33
73 46
84 47
52 8
55 78
22 39
39 75
64 56
66 61
5 14
4 77
41 55
