9 94
67 51
83 89
19 76
66 42
51 74
49 90
72 33
60 57
14 40
92 73
52 97
1 92
65 45
69 98
97 27
0 0
45 16
35 66
6 33
1 40
89 28
52 19
96 36
71 46
79 16
65 63
30 75
99 46
49 78
69 1
76 98
0 6
73 55
22 17
8 39
22 43
33 42
18 25
1 65
15 58
78 36
66 72
19 94
92 32
86 49
81 1
89 74
52 69
40 57
46 65
33 36
52 68
18 95
79 91
78 45
65 99
41 18
24 6
33 17
87 1
26 95
2 97
22 5
81 33
25 64
70 45
23 9
18 84
12 33
84 69
48 66
1 86
30 99
60 9
61 16
55 46
42 35
94 9
25 3
23 71
32 93
90 9
45 38
63 18
83 65
52 43
89 16
1 90
24 36
91 27
15 47
65 46
32 4
68 65
39 92
15 33
20 62
89 61
4 68
