83 95
50 33
1 80
44 52
9 93
53 75
4 10
4 82
50 67
69 43
3 72
94 98
17 79
45 68
69 64
41 56
10 23
94 43
45 22
36 2
86 50
29 37
80 35
24 31
39 18
51 44
73 91
4 36
64 21
74 22
42 47
49 15
56 91
5 95
21 39
71 17
3 48
14 52
89 11
23 21
66 41
96 94
90 12
82 49
66 56
30 65
62 94
83 57
86 25
83 62
98 73
39 1
5 21
60 99
37 88
31 90
2 73
88 99
88 23
64 92
41 43
9 12
18 99
9 12
73 21
75 99
74 15
21 2
17 66
50 56
64 2
49 85
98 1
61 76
36 43
20 43
86 74
67 92
20 75
67 94
66 43
75 53
77 59
89 11
19 69
18 10
5 30
1 11
89 99
47 86
96 23
92 62
82 53
59 49
73 98
56 68
79 9
25 21
25 45
4 39
