66 11
99 34
51 69
79 35
47 55
96 11
13 70
73 73
62 35
45 31
6 60
6 79
84 22
78 27
41 46
59 30
72 50
65 46
80 69
72 32
43 18
87 50
74 74
70 71
14 51
41 39
96 39
54 95
71 3
4 9
54 69
22 45
62 17
4 28
83 69
80 34
53 86
23 7
62 48
68 36
35 42
27 79
12 70
77 9
96 51
65 59
87 31
99 4
18 71
62 99
80 63
23 36
76 77
33 80
37 6
78 32
0 17
81 47
65 30
56 20
7 59
18 44
85 60
32 4
74 27
39 76
17 66
18 51
20 92
12 36
4 25
3 6
27 39
1 38
81 77
14 69
44 17
84 24
7 34
43 0
64 23
33 22
96 8
99 59
39 72
87 49
79 80
73 85
7 79
83 4
33 96
80 54
59 30
50 99
4 92
85 10
54 24
27 59
20 46
98 90
