93 35
29 68
43 55
93 2
23 18
92 24
99 23
92 99
38 11
25 63
70 92
54 64
94 13
21 78
48 57
99 99
77 3
35 53
8 62
36 26
90 12
26 63
3 15
94 40
16 70
73 16
64 39
40 68
9 19
83 42
57 15
8 69
7 0
13 73
51 1
66 54
83 54
8 41
17 50
40 70
84 30
2 68
57 97
48 87
63 71
8 75
42 99
46 94
26 33
85 75
87 27
68 23
34 40
57 48
90 51
73 22
39 15
55 39
78 66
29 92
29 16
91 75
57 91
88 93
26 81
26 93
5 83
29 63
78 49
40 93
46 24
43 97
62 39
67 91
89 82
25 51
88 67
20 68
91 8
20 26
53 97
44 62
12 69
21 29
68 85
60 9
82 49
8 68
58 92
75 38
62 13
17 67
41 4
87 51
68 75
17 75
73 73
10 17
52 25
90 0
