42 64
95 71
22 11
81 29
74 2
55 15
95 17
30 8
7 86
46 54
79 15
55 75
19 0
81 91
20 43
84 93
39 45
77 65
99 90
47 91
26 65
97 84
19 30
2 99
86 13
61 26
3 68
95 63
56 53
91 63
86 38
81 12
37 64
90 74
14 19
13 35
57 20
0 26
42 8
39 62
13 91
23 97
14 53
45 72
66 2
47 30
89 8
2 15
90 24
45 93
63 64
84 32
15 76
91 90
4 52
14 97
19 2
69 59
19 32
5 52
89 93
38 48
1 24
90 89
90 37
25 82
2 21
14 16
62 94
23 23
4 27
29 23
99 22
48 2
89 74
82 43
2 16
97 66
66 90
10 13
35 58
54 39
52 99
71 65
65 50
55 33
90 32
96 37
43 95
11 40
27 66
70 92
59 97
82 82
72 97
31 13
55 12
56 34
15 63
32 63
