88 80
5 72
73 47
2 57
7 76
76 76
42 53
4 65
68 8
57 61
44 39
5 80
62 85
64 72
67 62
43 28
63 55
43 49
63 49
64 49
60 13
78 98
45 6
16 97
67 4
41 73
50 6
72 93
78 55
49 82
48 71
57 72
15 83
88 62
66 31
73 14
15 22
55 96
4 15
64 13
75 35
98 8
68 49
21 13
22 21
28 33
73 59
73 83
39 67
78 51
55 52
70 49
81 64
22 16
63 24
89 24
81 31
85 26
86 7
91 93
90 97
25 65
56 6
49 48
53 14
63 52
37 29
32 74
61 80
61 1
4 34
51 61
43 60
40 80
85 73
47 80
71 80
91 63
64 23
78 29
82 16
61 91
41 61
51 37
76 91
16 86
50 31
31 4
34 67
71 7
73 71
96 71
49 13
23 49
7 74
62 78
61 98
13 10
1 95
67 8
