67 84
25 18
67 33
95 54
15 15
13 79
40 59
58 51
60 76
60 58
11 60
69 68
29 68
34 96
72 68
42 24
98 8
24 19
41 24
20 81
73 15
32 27
63 40
55 23
8 25
49 96
65 63
15 8
9 21
30 5
59 72
26 57
48 29
72 67
15 97
24 68
66 57
99 52
7 30
70 8
87 4
95 66
51 40
65 89
79 10
23 0
78 63
86 70
19 95
37 96
55 94
99 48
35 20
91 23
43 55
82 23
41 94
85 70
95 78
29 35
28 41
59 45
11 30
0 98
18 75
96 35
20 48
72 38
63 33
29 11
23 53
10 12
83 54
82 54
98 9
94 52
5 46
72 16
42 57
63 13
68 64
85 20
68 87
87 41
81 94
8 69
34 64
45 64
59 91
83 79
0 66
12 53
78 73
50 82
68 82
29 18
10 58
19 19
71 90
59 98
