30 76
90 84
68 99
77 92
79 88
44 51
6 81
91 37
39 39
46 29
18 63
7 58
11 43
80 94
41 17
32 63
78 43
23 55
4 90
64 51
15 12
51 68
90 82
47 91
90 56
56 48
73 82
17 28
50 56
93 77
6 47
68 39
46 93
2 37
73 17
94 64
14 20
62 51
60 32
80 56
14 94
8 15
51 11
5 78
16 97
35 78
35 92
4 95
97 32
21 70
89 56
26 64
56 73
89 60
10 85
96 38
53 91
77 35
10 74
18 49
78 16
73 82
81 29
66 92
12 35
65 15
68 30
12 77
61 84
19 82
70 70
84 79
92 65
53 99
69 10
77 22
26 79
94 54
71 95
72 33
37 86
54 47
14 20
60 85
14 30
26 28
79 27
94 50
40 21
89 50
11 28
46 50
73 58
3 4
20 48
58 13
44 70
38 53
94 49
17 82
