35 59
24 15
21 94
98 84
89 74
60 75
75 42
81 93
52 57
15 88
91 10
34 45
17 70
77 2
55 21
67 7
63 17
64 58
78 17
5 37
57 86
4 24
85 6
59 42
30 75
36 61
94 46
63 79
80 25
59 57
57 86
3 56
23 52
72 32
33 28
24 34
5 21
36 45
64 77
74 93
91 91
80 57
39 86
72 36
2 2
97 84
31 21
98 54
98 57
19 52
4 24
31 85
13 49
36 70
67 37
77 98
9 26
28 88
83 98
99 80
29 12
21 12
84 25
80 31
51 5
95 70
34 62
70 66
32 84
41 93
52 65
89 21
42 41
71 79
28 73
75 15
84 94
18 73
31 75
65 8
51 34
61 3
52 64
0 45
69 28
90 61
83 50
94 28
18 79
91 24
77 44
13 72
49 13
35 1
99 0
85 63
28 76
64 5
71 63
13 59
