78 57
7 78
26 19
85 94
22 43
3 25
97 86
4 2
27 3
62 34
10 19
88 99
2 39
23 27
81 18
70 28
64 97
12 63
68 76
37 88
68 2
18 40
41 52
4 95
12 19
6 88
9 27
31 37
90 43
30 67
74 37
91 53
69 33
58 78
83 0
35 35
8 18
8 80
27 41
39 18
7 76
75 70
63 26
7 53
35 24
33 69
8 43
18 93
39 69
95 35
46 61
41 74
62 28
43 75
33 73
18 77
54 13
26 26
86 33
64 35
69 96
87 8
23 67
17 75
97 17
11 29
54 3
30 99
97 95
99 40
46 33
92 46
33 37
18 18
54 74
17 65
48 62
76 94
9 34
81 18
70 19
33 60
35 68
52 65
2 99
49 13
69 67
26 86
47 84
11 99
48 4
75 40
30 51
78 79
43 30
0 91
3 35
48 7
73 53
41 92
