13 80
45 32
7 31
8 52
47 42
80 33
43 33
87 60
41 25
47 11
59 35
24 38
31 19
32 35
43 96
68 74
18 18
44 11
28 6
67 87
37 55
41 54
9 33
26 82
94 56
13 17
93 25
30 69
99 34
36 10
9 37
90 54
24 25
43 39
34 7
1 71
70 73
63 39
56 27
90 54
76 91
77 50
67 35
95 83
45 59
28 80
35 56
74 16
76 63
49 70
20 94
36 8
19 10
62 53
8 52
72 41
9 80
28 47
6 95
3 20
26 30
5 14
94 67
67 60
95 8
5 95
32 43
19 74
38 56
69 79
8 99
82 43
76 79
35 59
36 36
65 3
27 76
84 72
35 73
0 58
81 34
84 65
79 16
39 1
80 94
27 64
86 47
92 71
24 77
43 25
94 67
25 43
5 52
3 93
97 56
96 44
70 25
36 68
21 71
37 41
