41 36
55 34
47 0
98 79
17 15
76 58
25 20
63 44
28 41
94 79
24 62
25 36
88 91
82 45
11 18
9 90
60 17
34 30
4 21
10 93
10 88
77 22
66 60
50 41
66 89
22 22
22 63
57 58
42 23
74 23
28 50
39 56
12 37
20 15
90 93
60 98
31 23
81 73
85 38
5 75
82 26
3 26
47 0
38 20
14 93
97 83
31 41
15 55
13 63
28 55
76 78
54 93
68 56
53 23
78 3
3 69
96 98
78 22
87 30
33 17
49 32
96 39
38 63
4 1
15 6
48 12
80 96
79 66
62 26
50 39
17 32
58 95
34 22
73 20
55 66
81 38
76 75
56 75
74 20
22 55
0 96
71 53
13 51
93 52
88 39
95 60
17 88
33 9
55 71
60 30
11 66
27 82
75 19
49 48
33 13
51 33
65 42
11 34
7 88
99 56
