1 2
1 3
1 4
1 5
1 7
1 9
1 10
1 6
1 8
2 3
2 4
4 3
4 4
4 7
4 10
4 6
5 4
6 3
3 7
5 10
7 3
7 7
2 8
2 10
2 11
2 13
5 11
2 12
3 13
3 11
3 14
1 14
1 17
1 18
1 20
1 21
1 22
1 25
1 24
1 23
1 19
2 21
4 21
4 17
4 15
4 22
3 22
4 23
4 24
5 22
9 22
11 22
13 22
14 22
15 22
16 22
5 23
5 24
9 24
13 24
14 24
15 24
16 24
12 24
7 24
7 23
8 23
8 24
6 17
6 15
6 23
8 15
8 25
8 26
8 27
9 25
9 27
6 25
7 25
7 26
7 30
15 30
16 30
15 26
15 27
16 26
15 28
16 33
16 34
10 30
11 30
13 30
11 33
13 33
14 33
11 32
13 32
10 32
10 34
10 36
10 37
11 36
14 25
14 34
14 37
14 38
12 37
15 37
17 37
15 34
15 35
14 35
15 38
17 38
18 38
20 38
22 38
23 38
21 38
16 28
16 38
17 33
17 34
20 34
21 34
23 34
23 26
19 26
21 26
23 25
19 25
21 25
17 25
20 25
25 26
26 26
27 26
28 26
29 26
25 25
26 25
28 25
16 25
18 26
19 10
19 11
19 13
19 15
19 16
19 17
19 19
19 20
19 21
19 23
19 18
19 22
25 19
25 20
25 21
25 23
26 19
26 20
26 21
26 23
26 22
25 18
27 19
27 20
27 21
27 22
28 21
30 21
29 22
30 22
31 22
33 22
34 22
35 22
36 22
37 22
38 22
11 19
13 19
14 19
16 19
14 10
14 11
14 13
14 14
14 16
13 14
13 15
13 17
11 17
14 1
14 4
14 5
14 8
14 7
14 3
6 1
7 8
8 8
10 8
11 8
12 8
10 1
11 1
10 13
10 10
10 17
10 19
10 21
11 20
13 20
12 1
12 5
12 13
12 23
13 23
14 23
15 23
16 23
17 23
13 16
14 6
14 12
14 15
15 10
16 10
17 10
16 11
17 11
17 16
15 19
16 5
16 8
18 5
19 12
19 38
20 15
20 17
20 21
20 22
20 14
20 31
20 32
19 31
19 28
21 20
21 21
22 20
22 22
22 26
22 24
22 25
22 27
22 29
22 28
22 34
23 20
23 30
21 30
24 19
24 25
24 24
25 30
25 31
25 32
25 33
25 35
25 36
29 24
30 23
31 13
34 13
35 13
33 13
21 13
22 13
23 13
25 13
26 13
27 13
28 13
29 13
24 13
21 11
22 11
23 11
26 11
23 10
23 6
23 7
23 8
21 14
22 14
23 14
25 14
26 14
24 14
26 15
31 15
29 15
31 20
34 20
35 20
36 20
37 20
38 20
33 20
34 16
34 17
34 18
35 16
35 17
35 18
35 15
36 16
36 17
36 18
37 16
37 18
36 15
37 15
36 10
36 11
36 12
31 10
27 10
29 10
33 10
33 11
34 11
33 18
34 12
31 12
32 12
32 10
32 11
35 12
35 11
38 15
30 15
31 14
30 14
31 17
31 23
31 24
33 23
33 24
34 23
34 24
35 23
37 23
38 23
33 25
33 26
33 27
33 28
33 31
33 32
33 34
33 35
33 36
33 37
33 29
33 30
34 25
34 26
34 27
35 25
35 27
35 28
37 27
38 27
33 33
35 29
38 28
29 28
29 31
29 33
29 34
29 36
30 28
30 31
30 33
30 34
30 32
31 31
31 33
31 34
31 35
31 37
31 38
31 32
30 30
32 4
32 6
32 7
33 7
33 8
32 13
32 14
38 14
38 10
38 11
38 2
38 4
38 5
38 6
38 8
32 23
32 24
32 25
33 19
38 19
35 7
37 7
35 19
36 19
37 6
37 10
37 11
37 9
38 3
2 36
3 36
5 36
7 36
8 36
5 30
5 29
5 32
6 36
8 37
8 38
7 38
2 29
2 26
2 37
4 32
4 29
4 36
5 5
5 33
6 16
5 16
6 24
7 16
7 35
8 9
11 9
15 9
17 9
18 9
13 9
6 9
9 1
8 1
9 37
9 38
10 2
10 6
11 6
10 18
9 18
10 28
12 28
12 29
11 29
13 29
16 29
15 29
10 31
8 31
9 31
10 35
11 7
11 16
11 35
13 38
14 2
14 17
14 21
16 21
14 31
14 36
15 5
16 7
16 9
17 18
17 29
18 29
18 1
18 2
18 3
35 1
20 1
23 1
24 1
27 1
29 1
30 1
31 1
33 1
32 1
20 2
22 1
24 3
21 3
26 3
28 3
26 6
25 6
26 5
35 3
18 16
18 25
18 32
19 2
19 34
20 7
21 7
20 20
22 6
22 7
22 12
23 19
23 28
24 2
26 2
27 2
28 2
29 2
30 2
24 7
24 9
24 31
24 32
24 33
21 33
22 33
25 1
25 2
26 12
26 32
27 25
28 8
28 9
29 8
29 9
30 9
28 15
28 27
29 27
29 29
30 16
30 29
32 5
32 8
32 19
32 35
32 36
32 37
32 38
34 38
35 38
34 35
34 36
36 38
32 32
33 12
34 4
34 37
35 5
36 2
36 7
36 14
36 21
37 21
36 25
36 28
37 19
1 16
1 29
1 36
2 27
2 28
3 28
2 32
1 32
2 38
3 3
3 4
3 17
3 32
4 18
4 19
5 1
5 12
5 31
6 14
6 38
7 11
7 34
9 8
9 9
9 14
9 19
9 30
10 9
11 13
12 19
12 26
12 33
16 20
16 37
17 5
19 7
20 10
20 35
20 36
21 17
22 17
21 19
23 16
23 29
24 20
25 28
27 6
28 7
29 30
30 37
32 33
34 7
34 14
35 14
36 6
36 35
38 35
37 1
37 26
38 29
38 30
38 31
1 1
1 28
1 33
1 37
2 1
2 35
3 8
3 12
3 27
3 35
4 2
4 33
5 6
5 17
5 37
6 2
6 29
6 30
6 35
8 18
9 2
9 26
9 32
12 12
12 17
12 20
12 32
13 4
13 5
13 37
14 30
15 14
16 14
16 27
18 13
19 4
21 6
22 4
22 5
22 37
24 26
25 7
25 11
27 5
27 29
28 19
31 3
31 6
32 18
32 26
33 4
34 8
36 1
36 27
36 29
37 2
37 5
37 35
37 36
37 37
38 37
0 6
0 5
0 15
0 16
0 19
0 23
0 24
0 27
0 30
0 31
0 33
0 35
0 38
0 37
0 34
0 25
0 18
0 26
0 20
0 21
0 28
1 15
1 39
3 39
2 2
2 9
2 17
3 0
5 0
3 21
3 29
4 14
4 31
5 3
5 15
6 20
7 20
7 15
7 18
9 6
10 7
10 12
10 24
11 10
11 34
11 39
12 0
13 0
15 0
11 0
13 39
16 39
15 4
15 6
15 11
15 36
17 3
18 15
18 17
20 3
20 18
21 8
21 12
21 39
22 23
23 12
23 31
23 32
24 17
25 3
25 12
25 39
27 39
28 39
26 4
26 39
26 38
27 38
27 3
27 27
28 5
28 22
30 4
30 5
31 30
31 36
32 0
34 0
30 0
32 9
32 22
32 34
33 0
33 17
34 15
34 19
34 30
35 26
36 33
37 32
39 17
39 25
39 29
39 24
39 36
1 34
2 22
3 34
4 5
5 9
6 7
7 1
7 27
8 10
8 22
9 10
10 20
10 38
11 21
12 7
13 11
12 11
16 6
16 31
17 12
17 35
18 6
18 10
19 3
20 16
20 19
21 1
21 22
21 31
21 32
23 9
23 27
24 18
24 34
26 1
26 31
27 12
28 38
30 10
31 16
32 20
34 32
37 8
38 13
39 5
0 12
3 19
3 26
4 16
6 11
7 28
8 2
9 12
9 39
11 18
11 26
12 4
12 39
13 31
15 8
16 4
17 2
17 36
18 4
18 34
19 14
19 27
20 37
21 24
23 0
23 3
23 37
24 8
24 30
24 36
27 18
27 35
27 36
28 17
29 18
31 0
32 27
38 34
38 39
0 4
0 9
2 18
2 34
4 8
4 34
6 22
7 9
9 34
11 31
12 6
12 15
12 22
12 27
13 18
14 20
15 39
17 14
18 28
20 23
20 28
21 10
21 15
22 15
22 0
22 3
25 9
25 24
27 9
28 1
33 2
34 5
34 21
35 2
35 21
35 33
35 35
35 36
35 39
36 39
37 17
37 24
37 31
39 0
39 9
39 26
0 3
0 29
2 20
3 6
3 10
3 23
5 13
5 20
5 28
6 5
7 22
7 29
8 6
8 14
8 39
7 39
9 4
11 11
11 24
12 14
15 2
16 32
17 39
18 21
21 2
21 4
22 8
24 6
26 29
26 37
27 0
29 4
30 27
31 4
31 29
34 3
34 31
36 3
37 33
38 12
38 21
38 26
39 4
0 17
0 32
2 0
4 25
5 7
5 25
6 13
8 33
10 3
11 2
11 5
12 9
13 28
17 15
17 17
17 21
18 36
19 0
20 0
20 8
21 27
22 10
22 36
22 39
23 33
24 11
25 5
29 11
29 32
30 24
31 18
31 19
33 21
35 4
38 18
38 24
39 8
39 34
2 7
2 30
2 39
3 37
4 20
4 28
7 6
14 9
14 32
20 11
22 19
23 2
24 0
24 39
26 27
26 30
27 32
28 29
39 6
39 37
0 10
4 39
6 32
8 16
8 32
8 35
10 5
10 16
10 22
15 13
15 21
16 16
18 31
18 33
21 35
24 4
24 23
25 29
29 7
29 16
29 23
30 6
30 8
30 17
34 39
35 37
37 25
39 2
2 5
5 21
5 34
5 38
8 20
8 30
9 13
10 25
10 29
11 28
13 1
13 27
17 26
17 32
18 20
20 26
25 22
25 27
26 7
27 17
29 35
30 38
31 7
35 32
36 23
1 0
5 35
6 10
7 5
9 21
12 30
15 1
17 8
18 7
19 30
23 15
28 6
29 14
31 11
38 9
39 15
0 0
2 25
6 26
7 33
8 11
10 0
10 33
15 25
22 21
23 22
26 16
26 33
27 8
27 15
28 33
29 39
31 28
36 30
38 7
38 16
7 37
9 17
12 38
13 34
15 33
16 12
19 1
20 33
20 39
28 31
28 34
33 14
35 6
37 12
39 19
0 36
3 15
4 0
4 30
6 4
7 17
9 23
12 3
13 25
14 26
14 29
16 0
20 24
21 29
23 17
23 35
24 10
24 21
25 15
28 10
28 28
29 0
32 31
35 8
39 13
0 2
0 7
0 22
4 38
8 28
13 8
13 21
28 24
30 20
33 9
35 24
37 4
39 10
39 30
11 23
13 10
18 8
18 23
28 4
34 34
39 11
39 16
2 14
4 9
6 0
7 13
8 7
8 12
9 5
9 15
17 13
18 19
29 21
32 39
6 18
9 28
9 36
10 14
12 36
20 6
20 30
27 23
30 35
39 18
39 27
6 8
18 0
26 8
26 24
28 37
32 28
38 32
39 28
3 24
4 1
10 27
11 37
12 25
13 35
14 39
1 13
14 18
18 11
19 29
23 24
28 20
37 28
39 35
6 39
26 18
33 6
39 14
4 13
16 18
18 37
15 31
17 19
31 2
35 0
5 27
11 15
19 5
37 14
4 11
17 30
30 12
13 13
17 1
27 14
30 13
37 38
8 3
18 39
19 32
29 3
31 25
10 11
31 9
32 3
32 15
34 10
4 26
23 5
25 34
7 31
16 3
22 30
0 14
10 39
31 21
34 28
8 19
31 39
36 13
14 27
20 13
27 11
26 10
39 20
39 23
35 10
29 19
33 16
35 30
20 9
29 37
29 25
16 35
38 1
39 1
24 38
34 1
1 11
17 24
19 9
1 26
25 37
36 9
25 17
30 26
17 22
14 0
19 24
39 22
33 38
0 39
