1 2
1 3
2 2
3 2
3 3
2 1
3 1
1 7
1 8
2 7
2 8
2 9
2 10
2 11
2 13
2 14
2 15
2 16
2 18
2 17
3 7
3 8
3 9
3 10
3 11
3 13
3 14
3 15
3 12
4 8
5 8
7 8
8 8
9 8
10 8
11 8
5 7
7 7
8 7
9 7
10 7
11 7
6 7
4 9
4 10
4 11
4 13
4 15
4 12
5 11
8 11
9 11
10 11
11 11
12 11
13 11
8 13
8 15
9 13
9 15
10 13
10 15
11 13
12 13
8 16
9 16
10 16
11 16
9 18
10 18
11 18
9 20
10 19
11 19
11 20
11 22
11 24
11 25
11 26
11 27
11 23
8 17
9 17
10 17
11 17
5 12
6 13
6 15
6 16
6 17
12 17
12 18
13 18
15 18
16 18
17 18
18 18
19 18
15 17
19 17
20 17
22 17
24 17
26 17
27 17
29 17
31 17
32 17
33 17
34 17
30 17
12 19
12 20
12 21
13 20
16 20
17 20
18 20
19 20
20 20
14 17
14 18
5 16
5 18
7 18
7 16
9 14
10 14
11 14
11 21
13 21
13 22
13 24
16 24
18 24
19 24
24 24
29 24
31 24
32 24
35 24
36 24
37 24
38 24
27 24
28 24
30 24
34 24
21 24
26 24
16 27
19 27
16 26
19 28
19 29
33 24
16 23
18 23
19 23
20 23
24 23
22 23
23 23
19 22
20 22
24 22
29 22
31 22
32 22
33 22
35 22
36 22
37 22
38 22
28 22
22 22
23 22
24 19
24 20
17 24
20 19
16 19
17 19
18 19
21 23
22 24
24 21
21 21
20 21
24 28
24 26
29 19
29 20
31 19
34 22
5 5
7 5
8 5
9 5
10 5
11 5
7 1
7 3
8 3
9 3
10 3
8 2
10 2
11 2
11 1
8 4
9 4
10 4
11 4
14 4
16 4
17 4
18 4
19 4
20 4
23 4
24 4
22 4
25 4
14 2
16 2
17 2
18 2
13 2
14 1
16 1
17 1
13 1
21 4
6 4
6 5
4 4
7 4
7 6
8 6
9 6
10 6
11 6
7 13
7 17
8 1
8 10
9 10
10 10
11 10
12 10
9 12
10 12
11 12
12 12
13 12
11 28
12 9
14 22
14 23
14 24
15 1
15 27
15 29
13 29
15 31
15 32
15 33
15 35
16 28
17 17
18 21
19 21
19 26
21 22
22 28
22 29
22 32
22 31
22 33
22 34
22 36
22 37
22 38
22 35
17 32
18 32
20 32
17 31
17 33
18 34
18 36
18 38
20 34
20 36
20 37
16 34
16 33
19 32
19 36
19 37
19 38
21 29
21 31
21 33
23 18
28 18
26 18
25 18
25 24
25 20
25 21
30 18
32 18
33 18
30 19
23 19
23 28
23 29
23 32
23 33
23 34
23 36
23 37
23 38
23 35
25 22
25 25
29 25
31 25
27 25
28 25
29 26
29 27
29 28
29 30
29 29
31 26
31 28
31 30
31 32
27 27
27 30
27 32
27 33
28 26
28 27
30 25
30 26
30 27
31 29
26 34
27 29
27 31
29 23
31 23
32 23
33 23
34 23
35 23
36 23
37 23
38 23
28 23
30 23
33 28
33 30
33 32
34 30
35 30
34 32
36 32
37 32
33 31
36 31
35 31
36 27
36 29
34 29
36 21
37 21
37 13
37 15
37 16
37 18
37 19
37 17
31 13
31 15
32 15
33 15
33 13
35 15
35 13
33 1
33 2
33 3
33 4
33 5
33 7
33 9
33 10
33 11
33 8
31 1
31 2
31 3
31 4
31 5
31 7
31 9
31 10
31 11
31 6
17 9
18 9
19 9
23 9
25 9
27 9
28 9
29 9
23 1
24 1
25 1
26 1
27 1
28 1
29 1
24 2
25 2
27 2
28 2
24 10
25 10
27 10
28 10
29 10
26 10
28 11
26 11
29 2
31 8
33 6
34 13
35 1
35 2
35 3
35 4
35 5
35 6
35 7
35 9
35 10
35 11
35 8
17 7
18 7
19 7
23 7
21 7
25 7
18 6
19 6
23 6
21 6
24 6
26 7
17 8
18 8
19 8
20 8
20 7
20 6
18 10
18 12
18 13
18 14
19 12
19 11
21 12
22 7
24 13
24 14
24 15
20 15
21 15
22 15
21 14
22 14
22 13
21 16
20 16
26 6
26 9
29 8
31 14
32 14
33 14
34 14
34 10
34 11
36 3
36 4
36 5
36 6
36 7
36 9
36 10
36 8
37 4
37 7
37 9
37 8
38 3
38 1
38 8
36 34
36 35
36 37
36 38
37 27
38 27
38 29
37 26
38 26
37 28
38 28
37 34
38 34
1 14
1 15
1 16
1 17
1 18
1 19
1 24
2 24
3 24
4 24
5 24
6 24
8 24
9 24
8 22
8 21
6 21
8 26
8 27
7 26
7 28
5 28
9 27
1 25
1 26
2 25
2 26
2 27
2 30
2 31
2 33
2 34
2 36
2 38
2 37
2 35
2 29
3 25
3 26
4 25
6 25
7 25
5 30
5 31
4 30
4 31
4 32
6 30
6 31
6 34
6 35
6 36
6 37
7 34
7 35
7 36
7 37
7 38
8 35
9 35
10 35
12 35
13 35
9 34
8 36
8 37
8 38
9 36
9 37
9 38
10 36
10 37
10 38
12 36
11 36
11 37
9 32
10 32
10 26
10 27
10 28
10 30
10 33
11 35
13 38
1 30
1 34
1 35
1 36
1 37
1 38
2 6
2 22
2 23
3 23
4 23
3 32
3 33
3 31
4 18
5 25
5 29
6 29
6 6
6 33
8 9
9 9
10 9
9 19
9 21
9 31
10 23
11 32
12 25
12 29
13 30
14 27
14 30
14 31
15 2
15 4
15 5
15 23
17 3
18 3
19 3
17 25
18 30
20 30
21 30
22 30
20 29
18 29
19 35
21 37
22 1
22 6
23 27
24 12
26 2
26 35
28 12
29 35
29 38
30 35
30 33
32 33
32 38
33 38
32 31
32 32
32 36
34 38
29 36
30 8
30 11
30 14
31 35
31 38
32 1
32 2
32 3
32 4
32 10
32 16
34 1
34 2
34 3
34 4
34 5
34 6
34 31
35 36
37 1
37 14
37 33
38 33
37 38
38 38
38 7
38 13
38 14
38 16
2 12
2 32
5 19
5 20
5 23
7 22
9 28
12 1
15 6
15 14
15 15
15 22
15 24
17 36
17 38
19 19
20 12
20 28
23 3
24 3
23 8
23 14
23 20
24 27
25 17
25 34
26 12
28 3
28 4
28 37
29 14
29 21
32 28
32 37
34 12
34 36
36 26
36 28
37 25
38 25
38 32
3 27
3 38
4 14
6 8
6 14
7 21
8 23
9 26
11 33
12 2
12 34
13 3
13 4
13 28
14 3
14 6
14 8
14 15
15 16
15 28
16 13
17 13
17 26
18 35
20 5
17 5
18 5
20 11
20 35
21 25
21 32
21 38
23 21
23 31
24 5
25 8
26 16
26 31
26 32
27 13
27 16
28 20
28 30
29 34
30 12
30 30
30 34
30 38
31 20
31 21
32 7
33 27
33 37
36 16
38 2
38 4
38 20
0 4
0 5
1 31
3 39
5 34
7 24
8 14
9 33
11 9
11 38
15 39
16 39
17 39
14 39
16 7
16 25
16 32
18 11
18 17
19 0
20 0
22 0
26 0
29 0
21 0
27 0
28 0
30 0
32 0
34 0
12 0
15 0
19 5
19 10
20 2
22 27
23 13
24 34
24 36
25 36
25 15
25 19
25 39
26 39
27 18
27 37
28 21
28 33
28 38
29 37
31 31
31 36
32 9
32 11
33 16
34 39
35 32
36 33
37 37
38 37
37 39
38 39
39 2
39 5
39 6
39 11
39 12
39 18
39 30
39 31
39 36
39 33
0 6
1 1
1 9
1 10
2 3
4 22
4 29
4 33
6 38
7 15
7 29
8 34
10 25
12 24
12 33
13 27
14 29
15 30
17 21
19 16
19 25
22 16
22 21
23 24
25 11
26 20
26 25
27 15
28 35
30 36
31 27
33 39
35 29
38 21
38 35
39 17
0 3
0 12
0 17
0 21
0 35
0 37
0 36
3 20
4 1
4 19
14 14
14 20
14 21
15 20
16 3
16 11
16 36
17 23
20 31
21 17
21 28
22 11
25 0
25 6
25 13
28 19
29 11
30 22
31 16
31 18
34 15
35 35
35 37
36 18
39 26
39 28
39 25
0 26
1 6
1 23
1 29
2 0
1 0
3 0
4 28
5 37
6 1
6 32
8 12
12 38
13 0
13 9
13 17
13 31
13 32
13 34
15 7
16 8
17 30
17 34
18 28
19 34
20 33
21 9
21 11
21 36
23 5
23 15
24 33
24 39
25 3
25 14
27 11
28 32
29 18
32 26
32 34
33 36
35 16
35 38
37 3
38 12
39 34
39 35
39 37
1 33
3 30
3 36
4 2
4 38
5 10
5 15
6 0
6 11
7 10
12 26
12 30
12 32
13 15
14 32
14 37
17 29
18 33
19 2
22 3
24 0
24 7
26 13
28 8
29 33
30 20
32 19
33 26
35 34
37 35
39 27
3 18
3 22
4 3
4 7
4 39
5 6
5 36
6 12
7 19
13 19
14 5
16 0
17 27
18 31
20 3
22 12
25 35
26 15
27 3
27 26
27 28
28 13
28 14
30 7
32 21
35 27
36 13
37 6
38 15
39 10
0 0
0 25
1 4
1 27
3 34
5 9
5 27
9 0
11 3
16 5
16 31
17 6
17 12
18 37
23 17
24 37
24 38
27 8
30 10
33 29
34 20
36 36
39 19
0 27
3 28
5 32
7 11
7 33
10 31
16 17
20 9
22 19
24 16
24 25
26 21
26 30
26 33
30 2
32 13
34 9
35 39
38 0
39 13
0 7
0 19
4 34
7 30
12 27
13 39
21 8
21 13
26 22
26 27
28 17
30 3
30 4
32 30
33 21
36 15
36 25
37 20
38 17
39 29
0 30
0 31
0 34
1 11
1 22
6 28
7 2
7 9
13 23
14 0
16 35
17 0
26 19
27 22
28 36
29 6
32 5
33 33
35 21
35 25
36 1
39 16
0 15
5 21
6 18
6 20
6 23
8 28
8 39
22 18
27 39
29 39
30 28
34 19
37 5
39 0
39 14
39 38
0 2
0 16
0 33
4 37
5 4
14 33
21 5
23 10
23 30
27 23
29 7
30 13
32 35
32 39
35 14
0 14
0 38
5 13
6 22
16 22
21 34
22 26
23 0
23 26
24 18
27 5
27 34
28 5
31 39
3 6
4 0
4 5
4 26
6 3
9 39
12 6
14 7
15 26
15 36
21 19
36 2
37 31
7 27
7 39
12 22
13 10
15 34
21 26
25 28
26 36
26 37
32 25
14 25
16 38
18 1
18 27
19 15
21 39
28 28
30 32
34 26
34 33
38 19
0 11
2 5
18 22
18 25
20 24
20 38
29 16
30 1
33 19
34 34
4 21
14 12
17 10
39 4
39 7
6 26
9 30
25 30
39 3
0 18
1 13
5 35
12 5
12 14
27 38
38 30
1 39
2 28
12 37
13 25
15 13
18 39
19 39
20 14
24 9
34 7
34 28
37 29
2 21
10 34
15 19
17 15
25 26
25 29
30 5
12 4
36 30
1 20
8 32
14 9
22 9
0 8
10 29
14 38
39 1
8 20
8 25
14 35
16 21
18 0
7 31
19 13
23 2
27 6
36 20
39 8
7 0
10 24
4 16
10 39
22 10
24 11
24 32
39 32
9 2
5 17
11 15
13 36
34 18
24 29
30 15
38 9
12 16
16 29
18 15
37 10
3 4
8 0
25 23
21 1
28 15
8 18
27 7
10 22
6 39
15 37
19 30
10 1
20 27
30 9
36 39
27 35
31 12
33 12
39 23
22 39
3 16
23 39
37 12
39 39
29 31
10 20
12 7
36 11
35 12
0 24
33 0
13 13
21 20
31 0
16 9
12 8
9 22
21 2
14 11
31 33
2 19
11 0
20 18
2 39
35 0
11 29
39 22
26 4
39 24
35 17
