1 5
2 5
3 5
4 5
5 5
7 5
8 5
9 5
10 5
11 5
13 5
14 5
15 5
12 5
2 1
2 3
3 1
3 3
4 1
7 1
8 1
6 1
3 2
4 2
7 2
8 2
9 2
8 3
9 3
10 3
11 3
13 3
12 3
13 1
14 1
14 2
15 1
16 1
17 1
18 1
19 1
20 1
21 1
22 1
23 1
24 1
25 1
26 1
27 1
28 1
29 1
30 1
31 1
32 1
33 1
16 2
17 2
18 2
19 2
21 2
22 2
23 2
24 2
25 2
26 2
28 2
29 2
30 2
31 2
32 2
27 2
17 3
18 3
18 4
19 5
19 6
19 10
11 10
13 10
15 10
16 10
17 10
11 7
11 8
13 7
13 8
15 8
14 7
14 8
14 9
15 9
16 9
17 9
4 7
5 7
7 7
9 7
6 7
5 8
5 10
5 11
5 12
5 13
5 15
5 16
5 18
5 20
5 21
5 23
5 24
5 25
5 27
5 28
5 26
5 22
5 19
7 10
7 11
7 12
7 13
7 14
10 11
10 12
10 13
10 15
10 16
10 17
9 12
9 13
9 15
9 16
9 17
9 18
9 20
9 24
9 25
9 19
13 18
13 20
13 17
6 17
6 10
6 11
6 12
6 13
6 14
6 9
6 15
9 14
10 8
11 18
11 20
12 18
12 20
13 19
15 20
2 13
1 13
1 18
1 19
1 20
1 21
1 23
1 25
1 29
1 30
1 31
1 32
1 33
1 34
1 27
1 22
1 24
1 26
1 15
2 9
2 14
2 18
2 19
2 20
2 21
2 22
3 18
3 19
3 20
3 21
3 23
3 25
3 26
7 18
7 20
7 24
7 25
7 27
7 28
7 32
7 33
7 30
7 22
7 29
3 32
4 32
5 32
4 33
5 33
4 24
4 26
4 27
4 28
4 30
7 26
8 15
8 11
8 12
8 13
8 17
8 28
8 32
8 33
8 30
8 34
9 32
9 33
10 32
10 33
11 33
11 28
11 30
10 30
14 28
16 28
17 28
18 28
9 34
10 34
11 34
12 34
13 34
16 34
17 34
9 35
10 35
10 36
10 38
11 35
11 38
11 37
13 35
10 29
11 29
13 29
17 29
18 29
15 29
9 29
9 30
11 31
8 31
12 29
12 30
12 33
13 31
15 31
9 23
11 23
12 23
9 31
10 24
11 9
12 9
12 7
12 8
12 19
13 12
13 13
13 14
14 17
16 17
14 19
15 32
16 32
18 30
20 2
22 3
22 7
22 9
24 3
24 7
24 9
24 10
24 12
24 13
24 14
24 16
24 17
24 18
24 20
24 22
24 23
24 24
24 25
24 26
24 27
24 28
24 29
24 19
24 15
24 6
24 11
25 3
25 6
25 5
29 9
32 9
33 9
34 9
36 9
37 9
38 9
29 5
32 5
31 5
33 5
34 5
28 5
29 4
32 4
31 4
33 4
34 4
38 4
37 4
28 4
25 4
26 4
29 6
32 6
33 6
34 6
38 6
29 14
29 11
31 9
32 11
33 3
33 7
34 7
26 9
27 9
27 14
27 11
27 12
27 17
27 18
29 7
29 13
30 3
30 5
30 4
31 3
31 11
32 10
33 10
36 10
37 10
38 10
35 10
35 17
30 17
31 17
32 17
33 17
30 14
38 3
37 3
36 3
38 1
37 1
16 16
17 16
19 16
22 16
21 16
15 16
16 15
17 15
17 27
18 27
19 27
17 26
18 26
19 18
22 18
19 19
19 20
22 13
20 13
24 8
26 10
26 17
26 18
26 19
26 20
26 23
26 25
26 26
26 21
32 26
29 26
29 23
29 21
32 21
32 19
32 22
29 22
30 22
30 19
33 21
34 21
34 26
35 26
36 26
37 26
35 21
26 16
28 9
28 10
28 12
28 14
28 13
28 11
28 26
29 17
29 28
29 29
34 29
34 30
34 31
34 32
35 29
37 29
38 29
35 31
37 31
37 32
38 31
30 21
30 28
31 26
31 29
31 31
31 32
31 37
31 34
31 36
38 36
14 37
15 37
19 37
20 37
21 37
22 37
23 37
26 37
27 37
28 37
29 37
17 37
28 32
28 29
28 34
26 34
25 34
27 34
28 35
26 35
25 35
27 35
18 37
24 37
25 19
25 20
25 21
25 22
25 23
25 24
25 25
25 26
25 27
25 28
25 30
25 31
25 32
25 29
25 17
25 18
25 36
20 36
22 36
22 33
27 33
24 33
32 31
32 32
32 30
32 33
31 33
32 37
33 37
33 36
33 30
33 33
33 32
34 36
36 36
33 22
33 31
34 23
35 6
35 4
35 12
35 15
36 12
37 12
38 12
37 15
38 15
37 16
38 14
32 16
34 16
35 16
35 28
37 28
36 4
36 11
37 11
38 11
36 23
37 23
38 23
36 20
33 20
36 24
37 24
38 24
35 24
36 28
37 2
37 13
38 5
38 20
38 25
34 25
35 25
36 25
1 16
2 31
3 6
4 6
5 6
6 6
7 6
8 6
9 6
14 6
12 6
11 6
13 6
15 6
3 10
4 11
4 25
6 21
6 22
6 23
6 24
6 28
6 29
6 33
10 4
9 4
10 31
11 17
11 21
12 21
11 22
12 22
13 9
13 23
14 36
16 11
20 11
16 21
16 29
16 33
17 12
17 13
17 25
18 9
18 16
18 31
19 8
19 38
21 38
22 38
20 7
20 18
20 19
20 20
20 22
20 23
20 24
20 25
20 21
21 19
21 22
21 23
21 21
22 22
22 23
22 24
21 8
21 12
21 33
22 15
22 28
22 29
23 10
23 13
23 14
23 15
23 17
23 12
23 25
23 28
26 5
26 36
27 36
27 5
27 8
27 15
27 28
27 38
28 38
28 30
29 8
32 8
33 8
29 20
29 32
30 20
30 27
30 32
30 35
30 34
31 18
31 21
31 27
32 38
33 38
33 14
33 26
35 36
35 35
36 27
35 27
37 14
38 7
38 30
38 33
38 34
38 38
2 8
2 25
3 13
3 27
3 33
3 36
3 37
4 37
5 37
4 38
6 37
7 37
5 1
5 9
5 14
6 2
7 9
8 4
8 20
8 22
8 24
8 25
9 22
11 27
12 15
12 35
14 31
15 33
16 23
16 37
17 24
18 15
19 4
19 21
21 4
21 27
22 27
22 34
23 24
23 23
27 10
28 23
29 34
30 9
31 12
31 38
32 7
32 15
32 24
33 16
33 25
32 25
34 18
36 17
36 31
36 32
37 37
38 2
38 19
38 21
38 35
38 37
1 1
1 8
1 9
1 14
1 38
2 4
3 4
4 4
2 38
3 11
3 22
3 31
5 2
7 19
7 38
8 14
8 29
8 36
10 6
10 21
12 1
12 28
13 36
14 29
14 32
15 17
15 30
15 38
16 22
17 14
18 5
18 18
19 14
19 17
20 17
20 30
20 35
20 34
21 13
22 4
22 35
23 6
23 7
23 32
23 36
24 21
25 10
26 31
27 4
27 23
29 35
30 8
30 26
34 17
34 20
37 20
37 30
37 38
0 2
0 7
0 10
0 11
0 12
0 15
0 14
0 24
0 35
0 36
0 37
0 30
1 17
2 29
2 30
2 32
2 33
4 19
4 20
6 34
6 39
8 39
9 39
9 21
10 0
12 0
15 0
20 0
27 0
23 0
17 0
10 20
11 16
11 36
13 4
14 4
13 25
14 16
15 2
15 19
15 21
15 24
15 28
17 32
17 33
18 0
18 11
20 6
20 26
21 7
21 34
21 36
22 5
22 8
23 11
24 39
25 39
25 0
27 19
27 20
28 0
30 0
31 0
28 21
29 3
29 25
30 11
31 16
31 22
35 20
36 2
36 16
36 22
36 39
37 5
37 25
38 13
39 7
39 5
39 17
39 19
39 18
39 27
39 30
0 9
0 22
1 6
4 3
4 10
4 36
5 34
6 27
7 39
8 35
10 23
14 25
14 34
16 8
19 26
20 8
22 6
25 9
25 12
26 15
26 38
29 27
31 13
34 28
34 35
34 38
35 3
35 7
35 13
35 30
36 8
38 8
36 15
36 35
0 8
0 27
0 31
1 3
1 4
2 12
5 39
6 32
7 8
8 16
10 14
11 4
12 14
12 31
13 26
13 39
14 12
14 13
14 20
15 15
15 22
15 25
16 0
16 26
16 39
17 36
18 19
19 3
20 31
21 3
21 18
21 30
23 3
23 33
23 39
24 36
26 0
26 22
26 24
29 24
31 8
31 19
31 35
32 3
32 29
33 13
34 15
34 19
34 24
34 27
35 0
35 9
37 6
37 27
37 39
38 22
39 35
3 38
4 13
4 16
5 38
7 3
8 7
10 26
13 32
14 24
14 27
17 21
18 38
19 35
20 5
20 38
21 20
21 29
22 0
26 27
27 13
27 26
30 15
30 18
31 30
32 0
32 23
32 39
33 19
33 23
36 6
38 26
39 0
39 8
0 38
2 17
2 37
3 14
3 24
3 35
4 18
7 23
7 31
9 38
11 19
18 35
18 39
19 30
25 13
26 12
26 39
28 31
30 29
30 33
35 34
36 7
39 1
39 11
0 0
0 34
2 6
2 10
2 28
3 7
3 9
4 12
4 21
6 8
6 20
10 7
12 17
12 38
14 38
15 34
15 36
15 39
16 19
16 35
17 11
19 7
19 15
19 22
20 14
22 39
23 20
24 5
25 14
27 39
28 8
28 17
29 38
30 39
33 34
34 10
35 39
36 34
36 37
37 36
0 19
2 2
2 36
12 10
16 12
18 20
19 39
21 0
21 15
26 3
26 11
30 36
31 10
32 20
32 34
32 36
33 35
34 12
39 20
39 24
39 25
2 11
5 36
7 21
8 18
15 14
16 3
19 0
21 5
22 12
23 9
23 16
23 38
24 32
24 35
26 33
28 22
35 11
39 15
0 1
0 3
0 32
0 33
6 5
7 4
9 28
10 9
13 28
13 37
19 23
20 16
20 33
21 24
22 21
23 27
23 29
27 25
29 0
29 12
34 22
35 38
36 1
36 29
37 8
38 28
39 16
39 28
39 39
0 21
0 23
4 31
5 17
8 0
11 15
13 11
14 22
14 23
15 26
17 4
18 10
18 32
32 18
35 23
3 0
4 15
10 28
13 15
14 0
15 4
20 12
21 32
31 6
31 14
36 13
2 34
6 25
6 30
9 0
9 11
16 14
18 25
21 28
22 14
22 32
23 22
28 33
32 14
38 18
39 14
0 13
4 29
4 39
9 36
10 2
10 25
11 12
14 35
19 36
21 11
26 8
27 16
29 10
30 13
37 22
39 21
2 23
4 8
7 17
11 24
14 10
15 7
17 30
19 9
19 32
19 33
22 25
22 30
25 37
26 14
27 31
1 28
3 17
4 0
5 31
6 16
11 11
12 24
13 30
17 8
21 39
22 17
27 29
28 3
28 36
30 6
31 28
33 39
37 0
38 32
16 27
17 7
17 18
23 26
30 16
30 24
31 24
31 25
35 32
0 6
0 20
7 0
10 10
16 24
20 10
22 19
27 7
27 32
28 18
29 30
30 23
0 29
0 39
2 7
8 27
11 0
13 2
14 3
24 34
28 15
34 3
35 18
39 36
10 37
12 37
15 11
17 23
18 6
30 31
39 10
4 23
9 8
26 6
8 10
11 1
17 17
21 9
34 8
36 19
0 25
1 12
2 0
16 31
24 4
28 28
33 29
34 14
9 1
11 26
12 25
16 18
37 33
6 18
24 0
14 18
28 6
13 0
19 13
28 39
39 23
11 2
23 18
32 27
35 5
38 39
39 29
2 15
10 39
25 7
38 0
39 12
0 5
11 32
13 16
29 19
35 14
38 16
39 31
36 21
39 3
4 34
16 20
33 11
37 17
0 16
5 4
0 18
6 0
39 6
19 11
32 12
7 15
27 21
37 18
39 4
20 27
25 16
11 39
11 13
13 33
22 10
29 15
8 37
19 24
19 29
3 28
10 18
34 33
34 37
31 39
26 28
13 21
18 34
39 26
19 28
7 34
39 9
16 6
9 26
25 33
30 37
16 5
33 0
1 35
33 2
5 29
34 1
24 30
