1 3
3 3
4 3
5 3
7 3
8 3
3 1
5 1
6 1
3 2
4 2
5 2
6 2
2 2
5 6
5 7
5 9
7 6
7 7
7 9
7 8
8 7
9 7
10 7
11 7
12 7
13 7
14 7
9 6
10 6
11 6
12 6
13 6
14 6
15 6
8 8
9 8
11 8
12 8
13 8
9 4
11 4
10 5
11 5
12 5
14 5
12 1
14 1
12 2
12 3
12 9
13 9
13 10
13 12
14 9
13 11
14 2
14 3
17 1
18 1
19 1
1 9
3 9
1 8
1 11
2 8
6 6
6 7
6 8
6 9
6 10
6 13
6 12
6 11
4 10
4 13
5 13
5 14
5 22
1 22
3 22
1 20
1 21
3 21
1 25
1 27
1 28
2 20
2 21
2 27
2 28
2 29
3 27
3 28
3 29
3 30
3 31
3 33
3 34
4 28
4 29
4 30
4 31
4 32
5 29
5 30
5 31
5 32
6 30
8 30
9 30
10 30
13 30
17 30
18 30
16 30
8 27
8 32
6 27
7 27
7 30
8 28
8 33
8 34
8 35
8 36
9 33
9 34
13 33
13 34
13 35
13 37
11 33
11 34
11 35
10 35
12 33
12 34
14 33
14 34
14 35
14 36
13 32
12 32
12 31
11 31
9 31
14 30
1 33
2 26
5 18
6 35
6 37
6 38
2 38
3 38
4 37
7 14
9 14
11 14
7 16
7 17
7 20
7 19
7 24
9 16
11 16
13 16
9 20
13 20
11 20
12 20
9 21
9 25
9 26
9 28
10 16
12 17
12 21
12 26
12 24
12 27
17 26
18 26
19 26
21 26
22 26
15 26
20 26
11 26
11 24
10 24
10 25
11 25
13 18
13 19
14 17
14 18
14 19
15 18
16 19
17 19
17 25
16 25
16 23
17 28
18 28
19 28
21 28
22 28
25 28
24 28
21 32
21 37
21 34
21 35
22 32
21 31
22 31
22 30
19 31
16 31
17 31
22 33
23 32
23 31
23 30
24 31
26 31
25 30
26 30
27 30
29 30
31 30
32 30
34 30
35 30
36 30
38 30
33 30
30 30
28 30
13 28
15 32
15 37
15 36
16 37
17 37
19 37
18 19
18 27
18 31
18 37
19 35
24 33
26 33
24 37
25 37
26 29
26 34
26 36
26 38
25 38
27 34
31 34
32 34
33 34
31 38
31 36
27 32
31 32
32 32
34 32
35 32
36 32
37 32
29 32
28 38
29 38
31 33
32 33
34 33
33 33
32 35
33 36
37 36
35 36
36 36
38 36
37 35
37 37
37 38
35 37
35 38
34 37
36 37
36 38
38 35
38 37
38 38
7 34
7 35
7 36
7 37
8 16
8 15
9 15
10 15
9 2
10 1
10 21
10 34
11 36
12 19
13 17
16 1
16 21
17 3
17 4
18 3
19 3
19 4
20 3
21 4
22 4
24 4
25 4
27 4
28 4
29 4
31 4
33 4
34 4
30 4
32 4
23 4
17 24
17 38
18 38
19 38
18 2
19 2
19 5
20 28
20 34
20 35
20 36
21 24
21 33
22 25
23 25
24 1
24 2
24 5
24 7
24 9
24 10
25 5
25 7
25 9
25 10
25 11
25 8
27 5
27 7
27 9
27 10
27 11
27 13
28 5
29 5
29 7
27 12
28 10
30 5
25 6
27 6
28 6
26 5
26 7
26 9
26 10
26 11
26 12
26 17
26 18
26 15
26 8
26 6
26 14
26 16
30 10
33 13
33 18
33 16
33 22
35 18
35 22
35 20
35 25
35 27
35 28
28 18
29 18
30 18
31 18
29 13
31 13
29 14
29 16
31 16
30 14
30 16
28 17
30 15
31 11
33 11
33 6
33 7
33 8
33 9
31 27
31 28
32 27
32 28
32 25
33 27
31 26
32 26
33 26
34 26
33 12
33 15
34 11
36 11
37 11
38 11
34 8
34 9
36 8
36 9
37 9
34 25
35 9
35 24
36 22
37 7
18 10
19 10
21 10
22 10
19 9
21 9
22 9
20 9
22 11
23 11
23 16
23 17
22 17
23 14
21 14
19 14
20 14
24 17
16 14
18 8
20 8
18 11
17 11
19 17
20 17
22 15
23 13
26 35
28 2
32 2
28 3
28 19
28 20
29 19
29 21
29 23
27 19
27 20
29 8
29 22
29 37
30 17
30 33
30 37
30 38
32 3
33 3
33 1
35 3
32 8
32 12
32 23
34 14
34 17
36 14
36 17
37 14
38 14
38 17
38 16
37 16
37 13
38 13
37 15
38 15
35 10
37 10
38 10
34 10
35 21
35 31
36 31
37 31
38 31
36 10
37 3
37 22
38 18
38 19
38 22
38 23
38 32
1 24
1 38
4 23
6 23
4 22
7 18
9 23
10 23
10 22
12 13
15 13
12 38
13 38
14 13
15 22
15 30
16 11
16 13
16 24
18 7
18 14
18 34
18 35
20 1
20 7
21 3
21 17
21 36
23 29
22 29
23 37
25 16
25 17
25 33
26 25
27 25
27 35
28 9
28 14
29 15
30 34
31 15
32 19
34 3
34 27
34 28
36 2
37 6
38 6
37 12
38 12
37 30
37 34
1 4
1 10
1 26
1 32
2 11
2 33
3 5
3 37
4 6
4 24
4 36
4 38
5 5
5 19
4 19
6 3
6 16
6 17
6 20
7 10
8 4
8 17
8 20
8 21
9 22
10 10
10 17
10 31
10 38
11 1
11 21
12 30
13 1
13 24
13 27
13 29
13 36
14 12
14 16
15 16
14 26
14 29
15 1
15 27
16 4
16 32
16 36
17 12
17 27
18 29
20 23
18 23
18 22
20 24
21 12
21 13
21 27
22 19
22 20
22 21
22 27
22 37
23 5
23 7
24 8
24 16
25 3
25 1
25 26
25 27
25 34
26 19
27 1
27 22
26 22
29 29
29 31
30 2
30 1
30 28
30 32
31 21
32 1
33 28
34 7
34 15
34 20
34 22
35 14
36 1
36 3
36 21
36 25
37 2
37 20
37 23
38 1
38 4
38 29
0 4
0 5
0 6
0 10
0 13
0 15
0 16
0 12
0 14
0 8
1 14
0 7
0 11
0 34
0 35
0 37
0 36
1 36
1 17
1 23
1 39
2 1
2 3
2 9
2 19
3 4
3 26
3 32
4 12
5 37
5 38
6 22
7 5
7 23
8 0
11 0
13 0
10 0
8 6
10 8
10 14
11 27
12 12
12 37
14 28
15 19
15 23
15 25
15 28
16 22
16 38
19 15
20 15
19 27
19 29
19 36
20 4
20 10
20 13
21 20
22 5
22 34
22 39
23 39
27 39
28 39
29 39
30 39
23 2
23 1
23 24
24 3
24 18
24 25
25 2
25 20
25 21
25 22
25 29
25 39
26 0
27 8
28 23
29 3
29 17
30 22
31 0
31 29
31 37
32 7
32 11
32 24
32 29
33 35
35 8
35 11
35 19
36 5
36 13
36 16
36 23
36 29
37 0
39 18
39 19
39 21
39 23
39 29
2 7
2 22
2 36
3 11
3 20
4 4
4 35
5 33
6 0
6 36
7 22
8 9
8 29
12 23
15 4
17 2
23 0
24 30
24 36
25 36
27 3
27 18
28 32
28 34
30 0
30 21
30 23
30 36
31 12
31 31
31 35
32 9
32 13
32 16
32 31
33 25
34 36
35 5
36 15
39 16
39 12
39 13
0 0
0 24
2 16
2 39
3 15
3 16
4 1
4 18
4 21
5 4
6 26
6 32
6 34
7 15
8 14
9 17
10 11
10 39
11 9
12 18
15 2
16 28
17 7
17 14
17 29
18 39
19 8
19 21
20 2
20 18
20 32
18 32
20 37
23 15
23 22
24 6
24 13
24 21
24 27
25 18
26 24
27 38
28 27
29 20
30 24
31 2
32 6
32 22
33 17
33 20
33 32
34 12
34 16
36 12
36 20
36 35
38 2
38 26
39 1
39 4
2 17
4 25
5 27
6 24
7 28
7 32
9 5
9 24
10 2
10 33
11 30
12 35
14 39
15 12
15 21
17 20
18 0
17 0
21 19
21 21
21 29
23 33
24 39
25 31
27 2
28 13
29 28
34 1
34 31
0 21
0 28
1 7
1 34
2 12
2 14
3 10
3 19
5 20
5 39
10 36
11 13
11 23
12 25
13 31
14 24
15 10
15 11
16 18
18 4
18 21
19 24
19 25
19 34
22 12
23 10
23 36
24 23
25 15
25 25
27 21
30 19
31 9
32 18
34 29
35 23
36 33
38 24
38 34
39 6
39 15
39 35
39 38
39 37
0 20
1 1
1 2
1 12
3 6
4 9
7 4
7 21
9 13
10 4
10 29
11 15
12 39
13 5
14 23
16 0
16 20
17 36
19 13
21 8
21 25
22 16
23 12
24 24
26 13
27 17
28 7
28 37
29 34
31 3
31 25
33 21
36 28
38 5
38 7
39 0
39 7
39 28
0 25
2 25
3 39
4 11
4 27
5 8
5 15
5 16
6 31
7 33
8 18
9 10
10 26
11 17
12 4
13 21
14 22
14 25
15 9
17 8
20 6
20 33
22 8
23 28
28 21
28 24
29 0
29 6
29 33
30 13
32 0
35 26
36 39
38 28
38 39
1 5
3 8
3 13
5 17
5 34
6 5
9 38
11 10
16 3
17 32
17 35
19 11
20 31
21 6
21 38
24 38
25 23
31 19
33 2
33 14
35 2
36 0
36 27
39 20
0 9
1 0
3 23
3 25
5 21
7 1
8 31
10 20
12 22
13 15
17 13
17 39
18 12
19 23
19 39
22 2
22 14
30 26
31 14
37 8
37 25
39 14
39 34
0 29
0 38
2 37
3 0
5 12
5 25
5 28
9 1
14 32
18 15
18 25
19 0
20 38
22 0
26 4
27 29
28 1
29 2
30 27
33 10
34 38
35 35
37 27
39 31
1 31
2 31
6 39
7 2
9 9
9 32
13 22
14 10
16 26
17 5
21 11
21 15
22 24
23 35
24 14
27 33
30 11
31 6
38 0
39 17
0 27
7 0
9 37
11 12
11 19
11 37
12 16
19 6
19 32
21 5
24 0
24 20
26 32
28 11
33 5
34 13
35 6
35 39
4 7
8 26
11 32
12 10
16 9
23 9
33 19
0 22
0 33
2 30
11 3
15 5
17 18
21 30
23 18
4 33
18 6
18 9
22 3
29 9
32 38
35 33
38 3
39 22
39 39
6 29
8 25
14 37
27 23
29 10
29 36
34 6
4 14
7 13
9 29
11 38
15 35
22 18
22 22
25 0
28 16
35 29
37 17
37 39
0 39
9 11
15 17
15 34
22 7
24 34
27 36
33 37
34 24
36 7
1 29
13 26
15 31
17 23
17 34
28 28
29 12
34 18
5 10
7 38
32 36
37 5
5 35
15 38
28 25
29 24
30 7
31 17
31 39
37 33
1 19
2 6
9 27
13 13
19 19
31 24
12 0
12 14
27 0
39 36
0 3
5 0
9 35
12 28
14 4
15 33
17 10
24 32
38 20
39 11
8 37
9 0
9 3
14 8
24 11
26 39
31 5
5 23
14 20
22 35
27 31
31 10
35 17
39 24
7 11
9 19
11 28
26 37
38 9
2 35
18 17
15 14
21 23
32 21
3 35
6 14
13 39
16 16
21 1
31 8
33 0
25 12
39 10
32 39
34 34
14 0
27 14
36 18
7 25
15 7
23 26
39 32
16 6
33 23
21 39
26 28
0 17
26 20
19 30
39 30
35 4
