1 1
1 2
1 4
1 5
1 6
1 7
1 8
2 5
2 6
2 8
2 9
2 12
2 11
3 5
3 4
4 4
7 4
8 4
7 1
7 2
8 2
6 2
7 6
8 3
7 3
8 5
9 3
9 6
9 8
1 3
1 16
1 17
4 17
5 17
4 15
5 15
5 14
6 15
8 15
9 15
12 15
11 15
8 14
7 14
8 9
8 10
8 11
7 10
7 11
7 12
5 10
6 11
8 12
5 16
8 18
8 19
8 20
7 19
9 19
10 15
10 16
11 16
12 16
16 16
17 16
10 20
11 20
12 20
11 11
12 11
13 11
14 11
15 11
17 11
18 11
11 12
13 12
14 12
13 14
14 13
15 13
11 21
11 22
11 24
11 25
12 21
12 22
12 24
12 25
12 26
12 28
12 29
12 30
12 31
12 32
12 33
12 23
17 21
17 22
17 24
17 23
14 22
14 24
15 22
14 23
15 23
18 22
18 24
20 22
20 24
21 22
21 24
22 24
23 24
25 24
26 24
31 24
30 24
23 22
25 22
27 22
29 22
24 22
28 22
18 28
18 29
21 28
21 29
21 33
21 31
21 32
21 34
23 28
25 28
28 28
24 28
24 29
18 27
20 29
20 33
15 33
16 33
18 33
20 31
20 32
20 34
15 34
16 34
18 34
17 34
22 28
22 29
22 34
27 28
29 28
13 25
13 27
13 30
13 31
14 28
14 29
15 28
16 28
15 27
16 27
16 22
16 24
16 23
14 33
15 36
15 37
15 38
16 36
16 37
16 38
18 37
18 38
17 36
17 37
19 38
16 35
17 18
17 19
16 18
15 18
17 35
18 35
23 35
18 18
18 19
18 20
21 18
21 20
23 20
25 20
27 20
28 20
29 20
31 20
32 20
33 20
35 20
34 20
30 20
24 20
22 18
23 19
25 19
25 13
27 19
28 19
29 19
31 19
32 19
35 19
36 19
37 19
38 19
34 19
25 15
25 17
27 18
29 15
30 19
18 17
21 17
21 12
21 13
21 14
21 15
15 17
16 17
18 26
19 22
19 24
19 32
19 28
19 29
19 30
21 30
20 17
20 13
20 14
20 15
22 19
23 27
25 27
25 26
24 27
24 34
26 19
26 26
28 26
31 26
32 26
35 26
34 26
36 26
37 26
38 26
33 26
27 17
29 17
32 23
35 23
35 24
36 23
38 23
30 23
32 27
32 30
35 27
34 27
34 30
34 31
35 28
35 29
36 27
38 27
38 29
28 30
28 32
29 27
30 27
30 30
30 32
30 35
30 37
30 36
34 28
34 32
35 12
35 13
35 14
35 15
35 16
35 17
36 13
36 14
36 15
36 16
36 17
37 15
37 16
36 2
36 3
36 4
36 6
36 7
36 8
36 9
36 10
36 5
38 22
37 22
2 26
3 26
4 26
6 26
8 26
9 26
10 26
3 33
4 33
5 33
6 33
7 33
8 33
9 33
3 28
3 29
3 31
4 28
4 29
4 31
7 28
2 28
3 30
3 36
3 38
4 30
5 26
5 36
5 38
7 36
7 38
7 27
7 35
6 35
8 24
8 27
8 29
10 29
10 30
10 31
8 35
8 37
9 25
9 30
10 25
2 25
3 25
4 25
1 25
1 22
2 36
2 38
2 37
1 37
3 35
5 25
5 32
6 32
6 23
6 34
8 34
5 34
7 34
11 30
11 31
11 32
11 34
11 35
12 10
14 10
17 10
16 10
12 37
13 37
13 36
13 38
14 16
14 38
14 37
16 6
15 6
15 5
12 5
13 5
16 25
17 5
18 5
19 5
20 5
23 5
24 5
25 5
27 5
31 5
32 5
30 5
29 5
26 5
33 5
22 5
28 5
19 6
24 12
24 8
25 8
26 12
28 12
28 14
31 2
32 2
33 2
34 2
32 3
33 3
31 7
32 7
31 8
31 9
31 10
31 11
32 8
32 9
32 10
26 9
27 9
32 1
33 1
27 1
25 1
27 2
27 3
28 1
30 1
33 8
33 10
33 11
34 11
34 12
34 13
34 16
18 2
20 2
20 1
14 2
16 2
14 4
14 5
18 10
19 18
20 8
21 23
22 23
23 23
24 23
25 23
26 23
21 26
22 14
22 12
22 22
24 7
24 21
24 24
24 36
25 16
25 37
26 37
27 37
26 36
28 37
26 2
26 20
26 38
27 13
28 9
28 21
29 1
29 11
30 10
31 35
31 37
33 37
34 37
32 22
32 25
34 25
35 25
36 25
38 25
32 29
33 19
33 27
33 31
34 7
34 33
36 33
37 2
37 3
37 4
37 5
37 6
38 3
38 4
38 6
38 7
38 10
38 9
38 11
38 12
37 1
37 25
38 8
38 15
38 16
1 18
1 23
1 24
1 28
3 10
3 17
4 10
5 2
5 11
5 37
6 7
6 19
6 38
7 24
7 32
8 17
9 9
10 3
10 7
10 11
11 29
13 2
12 2
13 21
13 22
13 23
13 29
13 32
15 2
15 21
16 7
16 8
17 29
17 28
18 3
18 4
20 4
19 7
19 37
20 37
20 7
20 30
21 3
21 25
22 11
22 10
23 12
25 6
25 7
25 33
26 10
26 22
27 12
27 26
28 25
29 7
29 24
29 31
30 14
31 14
32 14
30 33
32 4
32 18
32 34
35 34
37 34
35 36
35 38
37 38
38 38
37 32
38 34
32 37
36 1
37 21
37 27
38 24
38 28
1 12
1 29
1 31
2 1
3 1
2 7
2 22
2 33
3 37
4 3
4 36
4 38
5 18
5 20
5 21
5 22
5 28
6 10
7 23
7 37
9 5
9 29
10 32
11 9
12 1
12 36
12 38
13 6
14 1
14 3
14 21
15 7
15 16
15 24
15 32
16 1
16 11
17 12
17 33
19 1
19 2
19 33
19 34
20 9
20 21
21 9
22 3
22 31
22 32
23 10
23 14
23 21
23 38
24 10
25 21
25 32
26 1
26 6
26 16
26 25
26 33
27 33
27 29
28 15
28 24
28 29
28 31
28 35
29 4
29 9
29 30
29 35
30 31
31 6
31 29
31 36
31 38
32 6
32 35
33 17
33 22
34 3
34 24
35 35
36 24
36 36
36 38
37 10
37 30
37 37
38 32
0 3
0 10
0 11
0 7
0 6
0 2
0 5
0 8
0 21
0 23
0 27
1 13
1 36
2 15
2 16
2 19
2 27
3 8
3 32
4 16
4 32
4 39
6 39
9 39
5 0
5 4
6 4
6 6
6 16
7 5
9 7
9 20
9 27
10 0
13 0
15 0
17 0
10 8
10 19
11 1
12 0
13 4
13 28
15 29
16 0
17 17
19 10
20 3
21 5
21 39
22 39
19 39
23 0
24 0
23 4
24 11
25 38
26 11
26 18
27 21
27 30
27 38
28 39
29 0
29 21
29 26
29 32
30 29
32 39
33 12
33 21
33 30
34 15
34 36
34 38
35 0
35 3
36 34
36 39
37 18
38 18
38 1
38 5
38 35
38 37
39 8
39 9
39 11
39 12
39 14
39 17
39 18
39 24
39 28
39 31
39 33
39 36
39 35
39 37
39 30
39 32
0 12
0 16
0 22
1 15
2 31
3 9
3 12
3 27
4 5
6 1
9 16
9 24
11 8
12 12
13 13
13 24
14 27
17 2
17 6
20 39
21 21
22 13
22 20
22 25
23 3
24 13
25 36
28 0
28 2
31 4
31 30
32 21
33 4
33 25
33 28
34 29
36 28
36 32
37 36
0 9
0 32
0 34
1 26
1 34
2 17
2 20
3 13
3 20
5 35
6 14
6 27
7 15
8 13
9 1
9 10
10 22
11 0
11 17
13 8
14 36
14 39
15 10
16 9
16 26
18 1
19 4
19 13
19 17
20 16
20 18
21 27
22 38
23 6
23 34
24 6
24 17
24 33
25 25
26 15
27 4
27 35
28 3
29 38
30 8
30 9
30 11
30 17
31 16
31 23
32 15
33 13
34 0
35 9
36 31
37 17
39 10
0 24
0 25
2 2
3 19
4 24
5 7
5 6
5 9
6 0
6 8
6 28
6 31
7 13
9 37
11 19
11 23
16 29
18 6
18 25
19 19
19 20
20 20
20 28
21 1
21 8
21 16
23 36
24 26
26 13
26 39
27 6
27 10
27 39
29 18
30 7
30 15
31 34
32 33
33 7
33 32
33 36
35 22
37 33
37 35
0 17
2 39
3 14
3 15
4 1
4 14
6 3
6 12
6 36
7 20
8 6
9 2
9 18
13 10
14 0
14 31
15 14
16 3
16 14
19 14
19 27
21 4
22 0
22 7
22 15
23 16
24 37
26 27
27 24
27 36
28 13
29 10
29 16
32 28
35 7
35 21
35 33
36 11
37 31
0 18
0 37
2 24
2 29
2 35
3 3
3 22
4 2
4 7
4 18
7 18
7 21
8 1
10 17
11 36
12 9
12 27
14 30
15 26
16 13
19 31
20 23
23 8
23 25
24 19
25 9
25 31
26 3
26 8
26 28
27 32
28 16
30 0
30 34
31 18
31 27
33 23
33 38
35 6
35 30
39 16
1 38
2 32
3 0
4 27
5 31
8 25
9 13
9 34
10 12
10 21
10 27
11 37
12 17
13 35
14 14
15 8
15 35
16 19
17 4
17 9
17 27
17 38
18 36
22 1
22 6
22 27
23 15
24 30
25 0
25 2
25 14
25 18
28 18
29 37
29 39
31 21
31 25
34 14
35 2
35 4
36 18
37 0
38 39
39 13
39 15
39 29
0 28
2 4
3 6
3 34
5 19
5 29
9 14
11 10
12 4
12 14
14 6
14 9
15 12
17 15
22 30
24 32
28 6
29 3
30 26
31 32
33 0
33 34
33 35
36 22
38 2
4 0
4 8
4 12
7 31
8 30
9 35
11 7
11 13
12 7
13 39
15 4
15 19
16 5
16 32
19 12
19 15
20 12
20 35
23 2
24 4
25 4
33 9
33 16
33 39
34 8
36 20
37 14
39 4
1 19
1 21
7 30
8 38
10 6
10 24
11 28
14 17
17 30
19 8
27 8
31 3
34 1
36 29
37 23
0 20
0 31
1 0
5 5
6 22
8 16
9 31
18 23
20 6
20 25
21 2
23 29
25 39
29 23
6 25
8 36
12 6
13 26
19 35
31 39
34 23
39 7
0 36
7 7
7 9
8 28
8 39
10 33
11 3
13 16
16 15
17 13
24 9
28 27
33 14
37 39
38 0
38 30
39 0
39 3
3 24
5 39
23 26
37 29
2 10
7 26
8 23
18 32
22 17
23 39
27 0
37 13
0 4
1 39
4 34
5 13
6 17
7 0
14 18
14 25
22 35
24 14
28 11
30 2
34 10
35 39
37 7
38 21
39 34
8 32
19 26
20 0
20 38
21 19
22 9
23 37
26 30
26 35
0 1
11 2
16 21
27 16
31 1
34 17
35 18
35 37
7 39
10 28
10 38
10 39
15 31
15 39
17 20
4 11
4 23
25 34
27 14
39 23
39 27
0 15
5 23
18 15
18 21
24 1
27 23
32 11
17 25
39 22
0 26
7 29
8 21
9 0
11 33
28 33
39 6
9 22
14 34
16 39
21 37
28 7
29 14
9 11
18 39
32 17
39 25
9 4
18 16
24 35
18 30
29 12
32 0
0 13
2 13
8 8
11 5
22 33
34 34
6 24
12 19
31 12
0 29
1 9
11 38
13 20
35 11
3 39
1 33
18 0
30 38
13 15
32 31
35 31
20 10
23 18
36 12
13 33
38 13
11 26
21 11
25 12
36 0
19 11
21 35
39 20
39 38
25 29
30 28
39 26
39 19
12 34
30 22
37 20
34 5
32 24
