1 2
1 4
3 2
3 4
3 6
3 7
3 10
3 9
4 4
5 4
6 4
5 2
8 2
9 2
10 2
4 6
4 7
5 6
5 7
5 10
5 12
5 13
5 14
5 15
5 16
5 17
5 18
6 6
6 7
10 6
8 6
6 12
6 13
6 14
6 15
6 16
6 17
6 18
6 9
10 12
10 14
10 15
10 16
10 17
10 9
10 8
10 10
6 11
8 14
8 15
9 15
9 16
11 6
11 14
11 15
11 16
12 14
12 15
13 14
14 15
11 9
11 10
11 11
10 11
11 18
11 19
11 22
11 23
11 25
11 26
11 27
11 28
11 29
11 30
11 33
11 34
11 31
11 32
11 21
12 9
12 10
13 10
5 8
7 2
7 7
7 13
9 9
10 5
9 5
11 20
1 13
1 14
1 16
1 18
1 21
1 24
1 23
2 13
2 14
2 16
2 18
2 21
2 22
2 24
2 25
2 20
2 17
2 23
2 15
2 19
3 14
3 16
3 18
3 17
3 20
3 15
3 25
5 25
6 25
7 25
8 25
9 25
6 22
7 22
8 22
9 22
7 23
8 23
9 23
4 24
6 24
7 24
8 24
7 26
7 29
7 32
7 33
7 36
7 37
8 26
9 26
9 29
9 28
8 28
9 31
8 27
9 27
8 21
1 11
2 11
1 12
4 3
5 3
4 5
5 5
5 11
5 22
7 12
7 14
7 15
7 16
8 1
9 1
8 20
8 32
8 34
8 36
8 35
9 36
9 35
9 37
10 35
12 35
16 35
14 35
12 34
15 35
16 32
15 32
16 33
17 32
18 32
17 33
18 33
19 33
17 34
18 34
18 37
18 38
16 37
19 26
14 26
15 26
17 26
14 23
13 23
14 24
19 24
17 24
19 19
19 21
19 22
14 27
13 27
13 28
13 29
15 18
13 18
15 16
15 20
17 18
18 18
18 24
18 20
18 22
18 25
19 25
17 25
16 25
19 28
19 29
17 28
20 25
20 26
20 29
21 25
23 25
24 25
25 25
26 25
27 25
29 25
31 25
30 25
21 24
24 24
25 24
21 19
21 21
21 22
24 22
21 14
24 14
24 6
24 7
24 8
24 10
24 11
24 12
24 9
24 15
24 16
24 17
24 19
24 20
24 18
20 34
23 34
24 34
28 34
26 34
29 34
30 34
20 37
20 36
21 12
21 17
22 21
22 24
22 29
22 34
23 14
23 11
23 15
27 14
28 14
29 14
27 12
28 12
29 12
31 12
32 12
33 12
34 12
35 12
28 6
28 7
28 8
28 9
29 11
31 11
32 11
33 11
34 11
35 11
36 11
26 6
26 7
26 8
27 6
27 7
27 15
27 16
28 15
29 15
29 16
35 16
36 16
37 16
33 16
38 16
29 18
29 20
26 15
26 16
27 34
29 6
29 7
32 6
29 19
30 11
31 6
31 10
32 10
33 10
34 10
35 10
36 10
37 10
33 1
33 2
33 3
33 5
33 7
35 2
35 5
35 7
35 8
35 4
34 8
36 5
36 7
36 8
34 9
35 6
37 8
38 8
29 2
29 3
30 2
30 1
28 1
30 10
31 1
31 18
31 20
31 21
31 22
35 21
35 18
35 19
35 23
35 24
36 18
31 17
36 17
32 20
32 19
33 21
33 22
34 17
34 22
34 23
34 28
35 14
36 14
36 13
37 14
32 13
34 13
36 15
37 2
38 2
37 4
38 4
37 9
38 9
38 10
10 4
10 28
10 30
10 27
10 34
12 19
12 22
12 24
12 28
12 29
12 27
12 23
13 31
14 13
14 17
14 32
15 21
15 24
16 13
16 1
16 2
16 4
16 5
16 7
16 8
16 11
16 10
16 9
16 6
14 1
14 2
15 1
15 2
15 4
15 5
15 6
15 7
15 3
16 26
17 1
17 8
18 8
18 7
19 7
17 38
19 37
19 38
20 4
20 6
20 27
23 27
24 27
26 27
27 27
28 27
23 28
27 28
28 26
24 26
25 26
26 26
28 29
28 31
29 26
31 26
21 16
21 20
21 36
22 22
22 31
23 7
23 21
23 22
23 32
27 32
25 9
25 4
25 5
25 6
25 7
26 5
27 5
28 13
28 30
28 37
25 37
30 17
30 21
30 29
32 29
31 23
31 37
32 37
33 37
34 37
35 37
31 35
33 35
34 35
35 35
38 35
37 35
31 38
32 38
35 38
29 38
30 38
32 36
33 36
34 36
33 28
34 1
34 2
34 3
34 4
34 25
35 17
36 6
36 20
36 35
36 38
37 28
38 3
38 14
38 26
38 27
38 29
38 30
38 32
38 33
38 31
36 32
1 9
1 19
1 20
1 38
2 38
3 38
4 38
2 34
4 34
4 31
2 35
2 36
3 19
4 15
4 17
4 20
5 1
6 29
7 6
7 30
9 3
9 4
9 20
9 38
10 26
10 29
11 17
12 21
13 13
13 34
13 35
13 38
15 12
15 19
16 3
16 18
16 24
18 1
18 4
18 13
18 23
19 4
19 30
21 30
19 31
21 3
21 5
21 13
23 13
22 11
22 14
22 23
23 17
24 23
24 38
25 15
25 23
25 32
26 11
26 12
26 32
26 37
27 21
28 36
29 4
30 26
31 2
31 29
31 33
32 1
32 21
32 26
33 8
33 17
33 33
34 16
34 27
35 20
36 2
36 9
36 28
38 25
1 1
1 3
1 34
2 2
2 4
3 1
3 21
3 26
3 27
3 34
4 10
4 13
4 14
4 16
4 22
4 23
4 25
4 27
5 28
5 30
5 31
6 32
6 36
9 14
10 3
11 3
10 38
11 5
12 4
12 7
12 26
12 33
12 36
12 37
13 22
14 3
14 6
14 5
15 17
15 30
15 36
16 36
17 13
17 14
17 23
17 27
18 17
18 28
18 29
20 14
20 16
20 19
20 21
20 22
21 2
21 35
22 8
22 15
22 20
23 33
23 38
24 5
24 28
24 33
25 11
25 36
25 35
26 14
26 24
26 28
27 26
28 21
28 19
28 28
29 24
29 29
29 31
30 30
30 37
32 2
32 17
32 30
32 31
33 26
33 27
33 29
33 32
33 34
35 15
36 23
36 24
36 31
37 32
37 33
38 7
38 13
38 36
0 1
0 5
0 6
0 31
0 32
0 33
1 29
1 30
1 31
1 28
2 28
2 0
4 0
2 12
2 37
1 37
3 5
3 8
3 37
4 33
5 27
5 39
1 39
3 39
8 12
8 16
8 33
9 21
11 0
12 13
11 13
12 20
13 12
13 15
13 24
14 16
14 39
15 39
17 39
15 13
16 20
17 7
17 9
17 37
18 19
19 6
19 10
19 16
19 15
20 3
20 5
20 28
20 35
21 1
22 1
23 1
21 29
21 31
21 37
22 13
22 28
22 36
23 8
23 24
23 39
24 39
25 14
27 13
27 33
27 37
28 35
29 13
30 14
31 14
33 4
34 38
35 3
35 13
35 28
35 34
36 0
31 0
32 0
36 33
37 1
37 3
37 15
37 21
37 22
37 27
37 29
38 22
39 6
39 11
39 12
39 15
39 3
39 1
39 23
39 25
39 26
39 34
39 36
39 37
39 38
0 12
3 3
3 24
5 19
6 10
9 30
10 18
13 30
14 8
17 4
17 20
17 35
18 9
18 36
19 36
20 10
21 34
23 35
24 35
25 10
25 16
25 38
29 37
30 3
30 12
30 16
30 20
30 39
34 0
36 19
0 9
0 26
0 27
2 29
4 39
6 3
6 5
6 8
6 26
7 9
7 17
7 18
8 9
8 8
9 8
10 1
10 23
13 26
14 7
16 38
17 31
18 3
18 12
18 21
19 23
20 0
20 17
21 9
21 23
22 38
23 2
25 0
25 20
25 27
25 30
26 2
26 19
27 0
27 4
27 36
28 3
30 18
30 23
29 23
30 31
31 36
33 19
34 18
35 32
37 7
37 23
38 1
38 5
38 39
39 19
39 20
39 33
1 10
2 39
3 31
6 33
7 31
8 31
9 6
9 10
9 11
9 34
10 7
10 37
11 39
12 5
13 11
13 37
14 38
16 16
17 11
18 16
19 20
20 24
22 3
22 5
22 27
22 30
22 39
24 0
25 39
27 8
27 31
28 20
30 4
30 22
32 18
32 35
33 15
34 19
35 33
37 5
37 18
37 24
37 26
37 30
39 29
0 21
0 36
0 37
0 38
1 0
3 30
4 2
5 9
5 24
7 1
7 35
9 12
13 17
15 11
17 5
17 17
17 19
20 9
21 18
22 19
24 1
24 2
24 32
25 8
25 22
25 34
26 4
27 11
28 0
29 33
31 4
32 24
34 34
35 1
38 20
39 30
0 7
0 30
1 17
3 13
4 32
6 37
7 34
9 0
12 0
13 9
14 4
14 18
17 0
20 12
22 10
22 25
22 32
23 29
26 17
28 11
28 33
29 8
29 17
29 39
30 28
31 19
32 22
32 32
33 38
34 21
34 24
35 9
35 22
35 36
36 26
37 13
38 28
0 11
4 30
4 35
9 17
10 31
12 8
14 12
14 20
14 22
14 28
15 0
15 23
15 31
17 2
17 15
18 31
23 4
26 31
28 32
31 9
32 9
31 39
32 16
39 14
1 27
2 7
4 37
5 36
6 39
7 28
8 3
10 36
10 39
12 11
13 2
14 29
15 25
16 28
18 10
19 27
20 2
21 39
22 18
27 29
28 10
28 23
32 3
33 20
39 4
39 13
1 5
4 8
5 34
13 39
16 31
21 15
29 1
36 30
38 18
39 22
0 0
1 32
4 18
7 27
8 5
8 13
10 33
13 1
15 33
16 39
18 6
21 4
22 37
23 10
23 31
26 39
28 16
28 18
30 9
32 5
32 7
32 39
34 5
39 8
39 24
0 4
0 13
0 24
3 0
3 28
6 23
8 0
8 37
11 24
12 25
13 32
19 1
19 8
21 0
22 7
23 12
25 12
27 17
30 7
30 35
31 13
31 24
31 32
33 13
33 23
35 39
39 9
2 6
2 33
6 0
7 11
9 39
10 13
11 12
12 38
13 19
14 34
19 14
20 30
21 6
24 29
26 9
30 8
32 28
37 17
39 27
0 18
5 38
6 21
8 29
10 22
12 18
15 37
18 15
21 8
21 32
23 6
23 18
27 3
28 25
29 5
29 10
30 6
39 32
0 2
0 34
5 29
12 32
19 34
20 38
23 16
23 26
28 2
30 32
31 16
31 27
34 14
37 0
1 15
16 34
23 36
30 15
34 7
34 29
4 12
5 32
6 2
8 7
8 19
14 0
16 14
25 3
38 37
39 39
0 39
2 10
9 19
14 9
15 22
20 33
21 27
27 1
39 5
0 16
17 29
20 7
24 37
30 0
33 6
33 9
33 31
39 2
1 22
7 21
10 0
19 39
24 13
34 26
38 21
39 7
7 4
7 19
26 29
35 31
12 3
15 29
18 39
26 21
37 38
38 24
38 34
5 0
5 26
17 22
18 26
19 13
20 11
26 22
28 5
0 14
14 25
15 8
15 27
35 29
1 8
16 0
21 26
3 22
39 0
29 21
36 4
39 35
19 32
28 38
9 24
12 16
24 21
36 21
10 25
11 8
36 37
9 32
12 6
12 30
14 14
24 30
29 27
3 11
11 2
39 10
18 35
39 17
33 0
16 12
14 10
21 11
32 14
27 24
35 25
39 16
37 11
36 12
7 38
35 0
19 18
31 34
2 26
15 15
10 19
6 19
1 25
24 4
32 25
5 20
11 35
