1 1
1 2
2 1
2 2
2 3
2 5
2 6
2 7
2 8
3 1
3 2
3 3
3 5
3 6
3 4
4 1
4 2
4 5
4 4
5 1
6 1
7 1
8 1
9 1
10 1
11 1
12 1
13 1
15 1
16 1
17 1
19 1
20 1
21 1
23 1
24 1
25 1
26 1
27 1
22 1
18 1
6 2
7 2
8 2
9 2
10 2
11 2
12 2
13 2
15 2
16 2
17 2
19 2
20 2
22 2
24 2
25 2
26 2
27 2
28 2
30 2
31 2
32 2
34 2
35 2
36 2
38 2
37 2
33 2
23 2
21 2
18 2
14 2
8 6
5 6
8 8
8 9
8 10
8 12
8 13
16 8
16 9
16 10
16 12
16 13
17 9
24 12
14 8
14 9
14 10
14 12
14 11
10 8
10 9
10 10
10 12
10 11
10 14
10 16
10 19
10 20
10 21
11 8
11 9
11 10
11 12
11 11
11 13
12 8
12 9
12 10
12 12
12 11
12 13
12 14
12 16
12 19
12 20
12 21
12 22
12 23
12 24
12 25
12 26
12 27
12 28
12 31
12 32
12 33
12 34
12 35
12 36
12 30
12 38
12 37
12 18
10 15
13 13
13 19
13 20
13 21
13 22
13 23
13 24
13 25
13 26
13 27
13 28
13 18
13 15
14 19
14 20
14 21
14 22
14 23
14 24
14 25
14 26
14 27
14 29
14 28
15 19
15 20
15 21
15 22
15 23
15 24
15 25
15 26
16 19
16 20
16 21
16 22
16 23
16 24
16 25
16 26
16 29
16 31
16 33
16 34
16 36
16 37
16 32
16 30
17 19
17 20
17 21
17 22
17 23
17 24
17 25
18 20
18 21
18 22
18 23
18 24
18 25
18 26
18 29
18 28
19 21
20 21
22 21
20 20
22 20
23 20
21 20
19 22
19 23
19 24
19 25
19 26
19 29
19 33
19 34
19 36
19 37
19 38
19 32
19 35
20 23
20 24
20 25
20 26
22 23
22 24
22 25
22 26
23 23
23 24
23 25
23 26
28 23
28 24
25 23
27 24
27 23
29 23
29 24
30 23
30 24
31 23
31 24
32 23
32 24
33 23
33 24
34 23
34 24
35 23
35 24
36 23
36 24
37 23
37 24
38 23
38 24
26 23
26 24
24 26
25 24
20 29
22 29
23 29
20 33
20 34
20 36
20 37
20 38
22 33
22 34
22 36
22 37
22 38
20 32
22 32
20 35
22 35
21 24
21 25
21 26
24 23
19 28
20 28
22 28
23 28
20 31
24 29
25 29
24 24
24 28
24 33
24 32
25 28
25 33
25 32
25 34
25 36
25 38
26 28
26 33
26 34
28 28
28 33
28 34
28 36
29 28
29 33
29 34
30 33
30 34
27 34
27 36
21 28
19 27
19 30
19 31
20 27
22 27
23 27
25 27
30 27
34 27
35 27
27 27
21 27
22 12
21 12
18 12
19 12
23 33
23 37
23 36
24 37
24 38
20 18
21 18
15 18
17 18
15 8
15 9
15 10
15 12
15 11
15 16
21 33
21 34
21 36
21 37
21 32
21 35
23 38
24 27
15 7
16 7
17 7
22 7
24 7
25 7
26 7
27 7
28 7
20 7
19 7
16 4
17 4
17 5
20 4
22 8
22 9
22 10
24 8
24 9
24 10
25 8
27 8
28 8
27 10
28 10
29 8
31 8
32 8
28 11
28 14
28 15
28 16
28 17
28 18
28 19
28 20
28 21
20 8
20 16
21 16
22 16
22 17
20 17
21 17
20 15
21 15
22 15
21 14
23 7
23 12
23 16
25 16
26 16
24 5
24 6
25 5
26 5
27 5
28 5
29 5
31 5
32 5
34 5
35 5
36 5
37 5
38 5
30 5
33 5
25 4
26 4
27 4
28 4
29 4
31 4
32 4
34 4
35 4
36 4
30 4
33 4
25 6
26 6
27 6
28 6
29 6
31 6
28 9
29 3
30 8
13 4
14 4
16 6
17 6
16 35
18 10
18 33
18 34
18 36
18 37
18 38
19 16
19 14
18 14
17 14
18 15
19 15
21 8
21 9
22 31
23 9
23 10
24 13
25 17
26 17
24 17
25 18
26 18
26 19
24 19
25 31
26 27
26 31
28 31
29 31
31 31
32 31
33 31
26 30
28 30
26 35
28 35
29 35
29 37
31 35
33 35
34 35
29 9
29 11
29 14
29 15
29 16
29 17
29 18
29 19
29 20
29 21
29 13
32 9
32 11
32 14
32 13
36 9
36 11
36 14
36 13
36 15
34 11
34 14
34 13
34 15
34 17
34 19
34 20
34 21
31 15
31 14
31 13
31 17
31 19
31 20
34 18
35 11
35 14
35 13
35 15
35 19
35 20
35 21
35 18
36 19
36 20
37 19
37 20
38 19
38 20
37 9
37 11
37 14
37 13
37 15
37 16
34 16
36 21
37 21
38 21
37 17
38 11
38 14
38 13
38 15
31 12
29 12
33 15
33 17
33 19
33 20
29 38
31 21
31 37
33 14
34 26
35 26
36 26
31 26
32 26
34 29
34 30
35 29
36 29
36 28
35 28
35 16
36 7
36 10
37 10
34 10
35 10
36 12
37 12
37 29
38 10
5 8
5 9
5 10
5 12
1 12
2 12
3 12
1 20
1 22
1 14
1 15
1 18
1 17
1 21
2 14
3 14
3 15
2 20
2 22
3 22
4 22
5 22
7 22
8 22
9 22
4 20
5 20
8 20
5 16
5 18
6 22
2 21
3 21
4 21
2 23
3 23
3 24
3 31
3 27
3 28
3 29
3 33
3 34
3 26
4 23
4 24
5 23
6 23
7 23
8 23
7 24
7 31
7 26
7 28
7 29
9 24
9 31
9 26
9 29
7 32
9 27
6 31
6 29
8 31
8 27
8 28
8 29
10 26
2 31
2 28
2 29
1 28
1 27
2 33
2 34
1 33
4 9
4 15
6 15
6 16
7 16
5 11
5 28
6 8
6 9
6 17
8 17
6 32
6 33
6 38
6 35
6 36
6 37
1 38
3 38
4 38
4 34
4 35
5 33
5 34
5 35
5 36
5 37
7 3
10 3
12 3
13 3
15 3
7 38
8 38
9 38
10 38
7 36
7 37
8 37
8 21
9 11
9 7
11 7
9 21
10 25
12 15
12 17
13 17
14 30
14 34
14 35
14 36
14 37
14 38
15 15
15 31
15 33
15 34
15 35
15 36
15 30
16 5
17 13
18 13
17 29
17 33
17 32
17 38
17 37
18 6
20 12
21 23
23 6
23 22
23 34
24 36
25 13
25 14
26 14
26 15
26 38
27 35
29 32
30 16
30 18
30 12
30 14
30 13
30 32
31 25
32 25
33 25
36 25
37 25
38 25
35 25
33 26
34 25
30 25
32 7
32 17
32 19
32 20
32 30
33 10
33 9
33 30
35 6
35 12
38 12
38 29
1 6
1 8
1 16
1 32
2 32
2 13
3 13
4 13
2 38
3 9
3 17
3 30
5 2
7 30
9 30
10 30
8 18
10 4
10 31
11 19
11 20
11 21
11 25
11 27
11 26
11 33
11 34
13 8
13 9
13 10
13 11
14 3
19 11
23 11
21 11
22 13
27 15
27 19
27 18
27 33
30 3
30 19
31 1
32 1
33 1
34 1
35 1
37 1
38 1
31 32
31 38
34 34
37 34
37 32
38 34
38 32
34 36
32 36
36 8
37 8
38 33
38 35
38 37
38 38
35 37
35 34
1 26
4 37
5 19
6 19
6 24
6 26
7 6
7 9
8 3
8 30
9 34
9 37
10 24
10 34
11 6
12 29
14 1
16 3
19 3
19 6
24 16
24 30
27 31
30 17
34 38
35 3
36 34
36 37
37 31
38 36
1 37
2 19
3 32
4 19
4 28
4 29
4 30
5 7
5 29
6 7
11 16
13 34
13 35
13 36
13 33
13 32
14 15
16 38
21 5
22 11
23 8
25 3
26 3
27 3
25 30
26 26
27 17
27 30
30 9
30 37
32 32
32 35
32 38
33 33
34 6
35 38
36 32
37 33
38 6
0 4
0 10
0 16
0 17
0 26
1 7
1 34
2 39
3 39
6 6
7 12
9 15
10 27
11 32
11 39
13 39
15 39
17 39
9 39
8 39
7 39
14 18
15 13
17 30
18 5
21 19
23 17
26 39
27 28
28 12
29 0
29 29
30 31
30 39
31 3
32 12
33 21
35 33
36 22
37 22
38 22
36 39
37 39
37 38
39 3
39 4
39 6
39 8
39 17
39 30
39 33
0 14
1 9
1 29
1 39
2 30
3 25
4 16
4 36
5 0
1 0
5 17
7 8
7 10
7 17
9 0
11 0
7 0
9 3
9 14
7 14
9 17
10 39
11 3
12 0
20 3
20 11
22 14
22 19
22 22
30 35
32 29
33 0
34 3
34 28
36 3
36 6
38 7
39 16
39 12
39 38
1 3
1 5
1 13
2 4
4 27
6 10
7 25
9 16
9 35
10 0
11 35
14 5
14 6
14 33
17 36
18 4
18 35
23 32
24 39
25 9
25 22
28 27
28 32
30 6
32 27
33 11
33 18
37 37
38 9
39 10
39 31
39 32
0 3
0 13
0 37
2 11
4 3
5 31
5 32
10 17
13 12
16 11
18 7
19 4
21 10
21 21
26 13
27 37
28 13
31 36
32 22
33 34
35 36
38 0
0 5
0 15
0 21
2 15
3 0
5 27
6 0
6 4
7 4
8 24
8 32
14 7
17 28
18 11
18 32
21 0
22 3
25 26
30 22
33 7
34 12
38 3
0 27
0 32
1 19
1 25
1 36
2 35
4 14
9 8
9 9
10 18
16 28
20 30
24 31
25 21
27 14
29 30
30 15
32 37
34 0
34 33
34 37
37 0
37 28
2 0
4 0
4 12
5 5
6 18
11 31
15 0
15 4
21 31
22 6
23 35
25 12
25 35
26 0
29 27
31 18
31 30
33 16
35 39
38 28
39 7
4 31
5 4
5 24
6 12
7 20
8 11
8 26
11 36
13 16
15 29
16 27
18 18
19 0
20 0
22 30
24 4
25 0
25 19
27 9
30 0
31 0
30 1
31 29
32 10
38 26
39 18
39 37
0 33
0 39
2 18
6 3
6 34
7 27
8 5
10 5
12 5
11 5
11 18
12 4
17 34
23 5
23 19
24 18
27 0
27 20
30 26
31 22
33 22
34 7
38 18
38 31
39 22
39 21
39 34
0 11
0 28
0 29
4 18
4 33
5 21
6 13
6 30
8 4
8 19
8 36
9 10
9 28
10 13
11 38
13 37
15 14
15 32
20 6
21 29
26 20
33 29
33 36
36 1
1 11
2 27
3 11
6 28
9 5
11 24
13 31
19 20
23 39
24 0
26 11
31 7
32 39
37 30
38 16
39 39
0 25
4 39
6 14
7 35
8 0
8 16
10 37
11 30
17 15
17 17
18 27
21 13
23 13
23 15
30 11
31 9
33 32
0 30
0 34
2 25
3 20
3 37
6 20
10 7
14 17
16 0
19 13
21 38
24 11
33 27
37 18
3 16
3 18
4 6
14 39
17 0
24 22
30 20
31 16
35 7
38 39
39 35
0 8
0 23
4 25
9 19
13 5
13 14
17 12
18 39
19 18
26 36
32 0
32 3
37 35
5 15
7 15
9 12
9 20
25 15
26 8
29 10
30 29
7 21
15 37
16 18
17 31
24 34
27 25
31 27
36 18
0 6
2 36
9 6
17 8
20 5
21 4
26 10
34 39
35 32
4 8
5 38
19 8
27 16
27 39
28 29
37 26
9 25
31 39
4 10
5 13
10 29
11 14
35 17
24 3
28 37
39 13
1 23
3 7
11 23
13 7
17 10
23 0
26 21
28 3
29 25
8 7
10 33
19 17
33 13
36 30
0 18
10 36
17 26
22 18
34 22
0 1
21 7
27 38
28 0
35 22
39 25
0 38
14 13
25 10
35 0
29 2
39 29
0 0
2 9
9 23
15 17
0 22
8 34
12 7
13 0
20 9
31 11
18 19
34 9
35 35
39 0
1 31
20 19
25 39
27 11
35 9
0 9
0 12
26 32
39 1
39 15
5 26
27 22
32 6
35 30
39 11
39 20
9 32
18 16
39 14
23 30
32 15
0 2
0 20
11 28
19 10
18 9
11 22
20 14
29 39
17 3
25 37
2 24
15 6
28 25
37 7
39 19
15 27
16 14
20 22
36 16
3 35
26 12
33 8
6 39
39 9
7 33
18 30
8 14
24 14
29 22
26 29
10 22
30 28
22 5
28 22
29 36
29 7
37 4
14 31
34 31
24 25
13 29
23 21
36 27
31 34
31 33
24 20
39 5
27 26
19 39
22 39
39 26
20 39
16 39
39 23
39 24
28 1
12 39
39 2
