1 4
1 6
1 7
2 4
2 6
2 7
2 8
2 10
2 12
2 15
2 11
2 13
3 4
3 6
3 7
3 9
4 4
4 6
5 6
6 6
8 6
9 6
10 6
7 6
6 10
6 15
6 12
6 13
6 16
6 17
6 18
6 20
6 21
6 23
6 24
6 25
6 26
6 27
6 28
6 29
6 30
6 31
6 32
6 19
8 10
10 10
11 10
12 10
13 10
14 10
15 10
16 10
17 10
18 10
19 10
20 10
22 10
21 10
8 16
8 14
6 14
9 10
10 14
11 14
11 16
11 18
11 20
11 21
11 22
11 23
11 19
12 14
12 16
12 18
12 20
12 21
12 22
12 23
12 24
12 19
13 14
13 16
13 18
13 20
13 21
13 22
13 23
13 24
13 25
13 31
13 32
13 33
13 27
13 29
13 30
14 14
16 14
18 14
19 14
20 14
22 14
23 14
25 14
26 14
27 14
28 14
29 14
30 14
32 14
34 14
36 14
37 14
38 14
35 14
33 14
24 14
22 21
22 23
15 21
17 21
19 21
15 20
15 23
17 23
19 23
20 23
18 23
17 14
23 21
23 23
27 23
28 23
30 23
31 23
32 23
33 23
26 23
15 14
15 25
15 31
15 32
15 27
15 34
15 35
15 37
15 38
17 25
17 31
17 27
19 25
19 31
19 27
23 25
27 25
28 25
30 25
31 25
32 25
26 25
29 25
23 27
20 31
25 25
17 28
19 28
23 28
23 30
23 37
23 38
23 34
17 37
17 34
17 35
23 36
18 25
18 27
20 25
20 27
20 37
20 35
20 38
21 25
15 30
16 21
17 30
19 30
21 30
21 37
21 38
19 37
19 38
18 38
20 28
20 29
21 28
20 33
20 36
21 36
21 33
21 34
21 32
26 30
30 30
31 30
33 30
34 30
36 30
37 30
38 30
29 30
32 30
30 34
31 34
30 32
30 35
30 38
30 37
36 34
38 34
35 34
11 24
12 17
13 17
14 17
14 22
14 24
14 25
14 26
15 29
16 20
16 23
16 30
16 31
16 27
16 26
18 26
16 28
18 36
18 35
18 37
19 36
22 17
22 18
22 19
20 18
20 16
22 22
24 25
24 23
24 22
27 22
27 17
27 18
27 19
27 20
27 16
28 17
28 18
28 19
28 21
31 17
33 17
34 17
37 17
38 17
31 19
33 19
34 19
31 21
33 21
25 17
24 17
24 18
25 16
25 23
25 30
25 34
25 35
26 17
26 16
26 18
26 29
26 34
27 34
28 34
26 35
27 35
28 35
26 36
28 36
27 26
28 26
28 27
30 27
30 28
31 28
33 26
33 28
36 26
37 26
35 26
29 27
29 28
31 29
30 29
32 21
33 20
34 20
34 22
32 20
35 17
35 19
37 22
37 21
37 24
27 24
28 24
29 24
30 24
31 24
32 24
38 20
36 20
38 21
38 24
38 23
4 10
4 14
5 14
5 15
5 17
5 13
5 11
7 10
7 15
7 12
7 13
7 16
7 17
7 22
7 23
7 24
7 26
7 27
7 28
7 29
7 33
7 31
7 32
7 19
7 20
7 25
8 25
9 25
8 21
8 22
8 26
8 28
8 32
10 32
11 32
10 28
11 31
9 31
12 28
9 20
9 21
9 29
10 30
10 31
7 14
7 21
8 9
10 9
11 9
12 9
13 9
14 9
15 9
16 9
17 9
18 9
19 9
8 34
10 34
11 34
12 34
10 37
11 37
12 37
11 38
12 38
13 37
13 38
10 36
11 36
12 36
12 33
11 33
12 30
14 36
14 31
14 32
14 33
1 38
2 38
3 38
5 38
7 38
8 38
9 38
4 38
7 37
6 37
1 32
2 32
2 28
2 30
2 33
2 34
2 35
2 36
1 34
1 35
1 36
3 33
5 33
3 34
3 35
3 36
5 35
5 36
6 36
4 32
4 33
4 34
4 35
4 28
4 30
4 29
5 24
5 25
5 27
5 29
5 31
5 30
5 28
1 24
1 27
2 24
3 27
3 28
3 29
1 31
3 24
6 38
9 37
9 35
10 35
11 35
11 4
11 7
13 7
14 7
15 7
16 7
14 4
15 4
16 4
17 4
19 4
20 4
21 4
18 4
14 1
14 2
15 1
15 2
16 1
16 2
17 2
19 2
21 2
22 2
23 2
14 5
15 5
16 5
17 5
19 5
20 5
18 5
17 6
19 6
20 6
20 7
20 8
21 6
23 6
25 6
27 6
29 6
30 6
32 6
31 6
33 6
24 6
12 8
13 8
14 8
15 8
16 8
14 6
15 6
15 3
16 3
17 3
19 3
20 3
21 3
22 3
18 3
23 8
23 11
23 12
25 8
25 11
27 8
27 11
29 8
29 11
30 8
30 11
32 8
32 11
33 11
34 11
35 11
36 11
37 11
34 8
36 8
37 8
38 8
31 8
31 11
35 8
38 11
33 8
27 10
29 10
30 10
32 10
31 10
34 10
36 10
28 8
30 12
32 12
33 12
34 12
35 12
36 12
37 12
38 12
15 11
21 11
10 11
11 11
12 11
13 11
11 12
12 12
13 12
14 12
18 11
19 11
19 12
20 12
24 8
26 8
34 1
34 2
34 4
36 1
36 2
36 4
36 5
37 1
37 2
37 4
37 5
37 6
37 3
38 1
38 2
38 4
38 5
38 6
38 3
32 1
32 4
32 3
31 4
36 6
37 9
7 11
11 15
12 15
13 15
14 15
11 28
12 31
15 15
16 6
17 8
17 29
18 22
19 22
20 22
18 30
18 31
19 1
19 7
19 15
19 19
19 24
18 24
19 26
20 11
21 29
22 6
22 28
22 29
22 33
23 9
25 9
27 9
29 9
30 9
31 9
28 9
26 9
26 10
28 10
23 19
23 22
23 24
23 32
24 12
24 26
24 35
25 7
27 7
29 7
30 7
31 7
28 7
24 7
25 22
26 7
26 28
27 1
27 2
27 3
22 1
23 1
24 1
25 1
27 12
28 32
28 31
29 31
33 31
31 31
34 31
35 31
37 31
38 31
36 31
36 32
34 32
34 33
35 32
37 32
37 33
36 33
38 33
27 31
27 30
30 5
30 17
30 26
30 33
31 5
31 15
31 26
32 17
32 22
32 29
33 24
35 24
33 29
34 16
37 16
36 16
35 38
34 38
36 25
36 27
34 27
37 28
37 38
38 37
1 11
1 12
1 23
2 5
3 5
4 5
5 5
7 5
8 5
10 5
9 5
5 1
5 2
5 3
8 1
3 1
4 1
4 2
7 1
2 9
3 3
4 3
4 20
6 2
6 1
7 30
8 3
8 8
8 11
10 19
10 21
10 20
11 8
11 13
12 13
13 13
12 1
13 1
16 17
16 29
17 26
18 13
19 13
19 29
20 15
21 15
21 16
21 17
21 18
21 19
21 22
21 21
21 20
22 20
22 24
24 5
24 13
24 36
25 31
24 31
25 32
26 15
26 37
27 4
28 1
28 2
28 20
30 19
30 31
31 33
32 38
33 1
33 2
33 3
34 9
34 37
35 1
36 3
37 25
38 29
38 36
1 16
1 18
1 19
1 25
1 26
4 15
6 8
8 12
8 24
8 37
9 11
9 26
10 22
15 19
15 26
18 19
20 30
21 14
22 12
22 27
23 18
25 26
27 33
28 6
29 36
31 16
31 18
31 32
33 13
34 13
35 13
36 13
37 13
38 13
33 18
33 38
34 18
35 33
36 38
37 23
37 29
38 18
38 19
1 17
3 8
3 14
3 15
3 21
4 19
4 24
5 20
7 2
7 18
9 14
9 16
9 32
10 7
9 7
11 27
12 3
13 36
16 34
16 35
17 13
17 18
19 20
21 7
21 12
22 15
24 30
25 5
26 6
29 2
29 17
32 31
34 3
34 5
35 4
35 5
35 37
35 36
36 9
36 15
36 28
38 25
38 35
0 9
0 17
0 18
0 19
0 26
0 29
0 31
0 23
1 0
2 0
9 0
10 0
11 0
18 0
20 0
13 0
23 0
22 0
7 0
6 0
4 39
5 12
5 21
5 26
8 4
9 9
13 2
13 19
13 26
14 21
15 33
18 2
18 21
19 32
22 16
22 32
22 34
22 38
22 37
23 33
24 24
26 27
28 16
28 39
29 39
29 21
30 0
31 0
35 0
33 0
33 37
34 15
35 2
35 16
35 20
35 22
36 39
37 15
37 37
39 10
39 15
39 19
39 18
0 11
0 12
0 25
1 10
2 31
3 16
4 21
8 13
8 23
8 39
9 18
9 22
10 12
10 13
14 23
16 11
17 24
17 33
19 35
20 32
23 20
23 29
26 3
28 0
28 33
29 0
29 19
29 26
30 3
31 22
32 28
33 36
35 10
35 25
35 27
36 21
36 22
37 27
39 7
39 3
0 1
0 8
0 37
1 13
8 17
8 31
9 3
9 28
10 15
12 32
14 11
14 37
18 8
18 15
18 16
20 13
22 36
24 11
25 33
26 1
26 2
26 4
26 26
27 38
29 23
29 35
31 27
31 37
32 39
33 10
33 22
33 27
33 33
34 36
35 35
38 32
39 29
0 7
1 37
2 18
2 19
3 2
5 7
9 19
9 36
11 17
12 0
14 20
16 13
18 6
22 11
25 12
26 33
27 32
28 11
28 15
32 34
33 32
39 6
39 5
39 9
39 23
39 35
39 39
2 23
2 25
3 12
3 30
4 0
4 9
4 17
6 22
7 4
8 2
10 18
13 5
14 13
14 34
15 24
16 32
17 1
19 39
24 21
26 11
27 5
27 39
29 29
31 38
32 5
35 30
0 35
2 37
3 26
3 39
4 7
5 34
7 39
8 33
12 4
12 35
14 3
15 28
16 37
17 11
21 0
24 9
26 13
26 22
27 36
28 30
29 12
31 20
32 2
33 4
36 29
37 36
39 37
0 4
0 36
1 28
1 39
5 16
8 27
10 33
12 29
13 39
22 13
26 19
27 13
29 13
28 3
29 15
29 34
32 26
37 7
37 39
0 16
1 3
4 13
4 23
9 34
9 39
11 30
15 36
18 12
20 24
21 27
23 7
23 13
23 35
25 13
29 1
32 19
34 29
34 39
38 9
38 16
39 28
0 20
1 2
1 5
1 8
1 22
2 29
3 32
6 3
10 26
15 12
16 25
22 9
24 34
25 10
32 35
32 36
34 26
34 28
38 7
38 22
1 33
2 39
4 18
8 15
8 20
11 1
17 19
18 34
18 39
24 16
25 29
27 15
27 21
30 4
31 3
34 7
34 21
34 34
38 28
0 30
1 20
2 1
2 3
3 37
5 0
5 10
8 35
10 29
12 27
14 38
18 33
20 21
21 1
25 20
25 36
30 22
39 2
39 1
5 4
5 18
8 29
9 1
12 2
14 35
16 38
18 28
21 8
24 39
25 15
28 13
28 37
29 38
31 1
35 39
36 17
39 16
1 15
4 27
4 36
6 9
14 27
16 12
20 26
21 35
24 4
24 19
26 38
31 14
38 0
0 34
8 7
10 27
15 22
17 22
22 30
25 18
26 20
36 7
39 4
39 20
0 13
0 22
1 30
3 17
9 24
17 7
27 29
29 32
39 33
0 24
6 7
6 35
10 25
17 36
22 8
23 26
29 18
30 15
31 12
37 34
39 24
0 27
0 28
0 39
20 17
20 34
30 21
32 13
36 35
38 38
3 20
13 28
4 31
26 31
30 36
5 32
7 36
12 7
14 30
17 17
20 2
32 7
39 13
3 0
3 10
13 6
14 16
19 16
23 5
39 38
0 6
5 39
15 18
23 15
25 4
26 24
29 5
0 10
2 27
19 8
32 15
38 26
6 5
7 9
8 0
10 16
11 39
14 18
26 0
37 18
15 17
23 31
0 0
6 11
10 4
12 39
21 5
21 39
24 37
28 22
37 20
20 19
33 34
2 21
30 13
17 0
23 17
24 38
32 9
15 0
19 18
24 28
19 0
33 16
9 30
17 32
4 25
16 0
32 0
8 18
10 23
11 3
5 37
10 8
16 15
36 19
39 12
17 20
23 3
30 2
4 11
5 23
2 14
11 5
13 4
14 0
18 17
21 23
34 24
37 10
0 32
20 39
22 25
24 27
27 27
39 21
19 33
27 0
28 28
31 35
37 0
36 0
0 38
10 38
39 26
11 6
39 34
34 0
36 24
24 2
22 4
39 31
2 16
21 31
11 25
17 38
30 39
39 17
39 0
12 25
25 21
20 9
15 39
23 39
34 6
39 30
39 8
24 0
34 23
33 25
23 10
39 11
13 34
7 34
6 33
39 14
