1 1
1 2
1 3
1 6
1 7
1 8
1 9
1 10
1 5
2 1
2 2
3 2
5 2
6 2
7 2
10 2
11 2
9 2
12 2
3 3
3 6
3 7
3 8
3 9
3 10
3 12
3 13
3 16
3 19
3 20
3 21
3 22
3 23
3 17
3 15
3 14
3 11
5 3
5 6
5 7
5 8
5 9
5 10
5 12
5 15
5 16
5 19
5 20
5 21
5 22
5 23
5 24
5 27
5 28
5 25
5 26
5 18
5 17
5 11
6 3
6 6
6 7
6 8
6 9
7 6
7 7
7 8
7 9
7 10
10 6
10 7
10 8
10 10
10 12
10 19
10 20
10 21
10 22
10 23
10 18
10 14
10 15
9 6
9 7
11 7
11 8
12 7
13 7
14 7
16 7
17 7
13 8
14 8
17 8
18 8
20 8
22 8
23 8
24 8
21 8
15 8
12 6
13 6
10 17
14 12
15 12
18 12
17 12
19 12
8 6
8 7
8 8
8 10
8 11
10 16
12 12
12 20
19 20
15 20
17 20
20 20
21 20
22 20
12 18
12 14
12 15
12 16
13 12
15 15
16 12
20 12
5 5
6 5
7 5
8 5
9 5
7 4
7 19
7 20
7 21
8 19
8 20
8 21
8 22
8 25
7 16
8 24
9 22
9 18
9 19
9 20
7 18
11 19
11 20
11 21
11 22
11 18
11 14
11 15
11 16
11 13
13 16
13 15
13 17
19 17
14 11
14 16
15 11
18 11
15 10
18 13
15 13
16 13
18 14
19 14
16 14
18 20
19 18
20 13
24 13
25 13
26 13
27 13
28 13
29 13
32 13
33 13
34 13
35 13
36 13
38 13
31 13
37 13
24 18
22 18
24 15
24 16
22 16
24 19
26 18
28 18
30 18
31 18
26 15
28 15
30 15
33 15
27 18
4 3
4 6
4 7
4 8
4 9
4 5
5 4
4 4
5 13
6 4
6 15
6 16
6 17
6 19
6 20
6 21
6 22
7 11
8 2
9 10
9 11
10 9
11 24
12 8
12 17
13 5
16 11
16 20
16 19
18 19
19 19
20 19
21 19
22 19
17 13
19 15
19 21
19 24
19 25
19 26
17 24
14 24
17 22
18 21
21 21
21 24
21 25
21 26
21 27
21 28
21 23
22 25
22 26
22 27
22 28
22 29
22 31
22 32
22 33
22 34
22 36
22 38
22 35
22 37
22 23
28 23
27 23
24 23
25 23
22 22
22 30
23 26
23 28
23 30
23 31
23 34
27 31
31 31
29 31
30 31
32 31
23 35
26 23
27 22
25 22
25 19
26 22
27 21
28 21
28 20
31 21
30 21
31 20
30 20
32 21
34 21
32 20
27 25
27 27
27 28
31 27
31 24
28 24
31 29
32 27
32 24
32 23
32 25
32 29
26 24
27 29
27 33
27 34
29 24
29 27
31 26
34 23
22 13
23 18
23 15
23 16
24 10
24 11
23 10
25 11
25 7
25 9
23 7
23 1
23 3
23 4
23 5
16 3
16 4
20 3
20 4
18 3
18 4
19 3
19 4
20 1
20 5
20 6
19 5
21 3
21 4
21 1
20 2
18 2
19 2
21 2
22 2
23 9
25 15
27 26
28 9
29 9
33 9
35 9
36 9
37 9
38 9
28 10
29 10
29 18
29 33
32 33
34 33
35 33
36 33
37 33
38 33
36 23
37 23
38 23
31 28
31 32
29 32
28 32
28 33
30 32
32 35
32 37
33 6
33 7
35 7
36 7
37 7
38 7
36 6
37 6
38 6
36 1
36 2
36 4
38 4
36 3
37 5
38 5
38 3
33 11
35 11
36 11
37 11
38 11
33 21
33 24
33 31
34 11
34 10
35 10
36 10
37 10
38 10
34 16
34 17
28 17
31 17
30 17
34 19
34 35
34 37
36 35
36 37
37 35
37 37
38 35
38 37
36 38
37 38
36 8
37 8
38 8
36 17
36 18
36 26
36 27
36 28
36 29
36 30
36 31
37 26
37 27
37 29
37 30
37 31
37 25
38 30
38 31
30 30
33 30
37 19
37 20
37 36
38 36
38 20
38 21
1 27
2 27
3 27
2 21
2 22
1 26
1 29
1 30
1 31
2 29
2 30
2 31
2 32
2 35
2 37
2 38
3 29
3 30
3 35
3 34
3 36
3 33
6 29
7 29
6 35
7 35
5 35
6 34
7 34
6 31
6 32
7 31
7 32
6 36
5 36
8 34
10 34
11 34
2 33
3 32
6 27
7 27
7 26
6 28
7 33
8 33
10 33
8 30
10 30
10 28
9 34
2 7
2 8
2 9
2 10
2 11
2 13
2 28
4 19
4 20
4 21
4 22
4 23
4 24
4 35
4 37
4 36
7 1
8 1
10 1
11 1
9 27
11 6
11 25
12 28
13 28
15 28
16 28
17 28
13 25
13 26
12 26
13 31
15 31
16 31
17 31
18 31
19 31
20 31
16 32
17 32
18 32
20 32
16 33
16 34
17 33
15 33
18 34
18 36
18 37
15 30
16 30
17 30
18 30
19 30
18 25
18 27
16 27
17 37
19 36
20 36
20 37
13 4
13 13
14 10
14 30
14 29
11 29
15 29
16 29
17 29
18 29
16 5
16 8
17 17
17 38
16 38
19 9
19 10
19 35
20 24
20 25
20 26
20 27
21 13
21 33
21 38
23 33
25 1
26 1
27 1
26 3
25 6
25 12
26 12
25 14
27 14
29 14
25 31
25 36
25 38
26 38
27 38
25 37
26 37
26 35
28 37
26 2
26 29
28 11
28 16
29 11
30 2
30 6
30 9
30 8
30 4
30 5
31 6
31 4
31 3
31 5
31 7
31 8
32 2
32 5
32 8
32 7
33 2
34 2
33 1
34 1
29 4
29 5
31 25
32 3
32 6
32 12
34 12
32 28
32 36
33 14
33 20
34 6
34 34
35 34
36 34
37 34
38 34
33 34
35 12
36 12
37 12
38 12
35 17
35 28
37 21
37 24
38 24
1 4
1 22
2 25
2 36
4 29
4 38
6 23
8 38
9 38
10 38
11 38
12 38
9 37
11 37
12 37
9 1
9 8
9 21
9 33
10 11
11 9
11 23
12 31
13 29
13 32
14 33
15 3
16 18
17 3
17 23
18 10
18 35
19 32
21 16
21 37
23 17
24 14
26 5
26 6
27 9
28 12
28 14
29 36
30 3
30 16
30 27
31 16
32 19
33 12
33 33
34 36
35 1
35 22
38 22
37 22
35 37
36 15
36 25
37 28
38 32
1 19
1 35
1 37
1 38
2 16
1 16
1 15
4 12
4 13
4 15
4 16
6 18
7 38
8 14
8 26
9 12
9 14
9 30
10 32
11 17
12 5
12 27
13 23
14 3
14 9
15 7
15 21
16 1
15 1
16 22
17 2
17 11
18 9
20 18
22 17
23 20
23 29
24 1
24 9
24 17
24 36
26 14
26 30
26 34
27 7
27 37
28 28
29 17
29 21
30 1
30 26
30 35
32 15
33 37
34 18
35 4
35 23
35 38
36 19
37 18
38 14
38 15
38 16
38 25
0 4
0 5
0 12
0 13
0 15
0 14
0 23
0 24
0 25
0 26
0 36
1 14
1 28
3 18
3 28
3 39
5 39
7 39
14 39
15 39
16 39
10 39
9 39
11 39
12 39
4 0
5 34
7 17
8 23
8 31
10 37
11 31
13 0
15 0
17 0
13 27
14 28
14 31
15 23
19 37
20 14
21 5
23 38
24 0
24 3
24 22
24 31
24 38
25 2
26 9
27 2
27 12
27 24
29 20
29 26
29 28
29 29
30 24
31 0
38 0
35 0
31 22
31 36
32 26
33 0
33 3
33 16
33 23
33 25
33 35
34 25
35 16
35 18
36 36
37 0
39 1
39 3
39 14
39 15
39 16
39 18
39 21
39 20
39 19
39 5
39 22
0 1
0 38
2 0
2 23
5 37
7 28
10 3
11 10
11 28
12 0
11 0
12 29
13 36
14 1
14 15
14 17
14 23
17 4
20 9
24 26
25 0
25 3
26 28
26 31
27 15
27 19
27 39
28 27
28 31
31 35
35 8
35 32
35 35
36 16
36 24
37 2
38 26
38 38
0 11
0 20
0 31
0 30
1 18
2 3
2 17
2 24
3 1
4 27
6 33
8 32
12 32
12 36
13 20
14 26
14 35
15 19
15 22
15 36
16 6
16 17
17 14
17 16
19 22
21 39
22 1
22 3
22 10
25 10
25 24
27 20
28 34
29 6
29 25
29 34
30 19
30 39
31 23
32 14
33 39
34 22
35 27
35 29
39 8
0 9
2 26
2 34
6 12
7 30
9 4
9 25
14 0
14 20
14 25
15 9
17 19
18 26
18 33
19 1
20 21
20 23
23 22
24 12
24 37
26 21
26 27
28 8
28 5
30 29
30 33
30 38
31 38
32 11
32 32
33 10
34 4
34 14
35 26
36 5
37 1
39 36
39 32
39 31
3 5
4 2
4 34
5 14
5 31
5 32
6 38
8 0
8 39
9 23
11 3
12 25
13 39
15 14
17 6
17 27
18 17
18 22
19 13
22 11
23 32
24 30
25 29
26 0
26 16
26 39
27 4
27 10
27 30
28 36
29 3
29 15
31 9
32 4
32 22
32 30
34 0
39 39
0 16
0 37
4 18
7 15
8 18
9 36
10 4
11 30
13 11
13 30
13 35
15 38
20 7
20 39
21 22
21 32
21 36
23 6
23 14
23 23
24 34
27 32
28 7
30 13
31 30
32 34
34 28
35 14
0 3
1 25
2 6
3 31
5 1
6 14
6 37
7 22
12 11
13 14
15 24
15 26
16 26
17 21
19 23
19 39
20 35
20 38
21 34
23 2
23 39
25 35
31 12
31 37
32 1
33 8
34 30
0 10
0 32
0 39
4 39
6 1
8 4
8 37
11 36
13 2
16 25
17 25
20 16
23 13
23 25
23 27
28 39
34 32
35 2
36 14
1 0
4 30
9 15
10 29
12 4
13 37
15 16
16 2
16 10
17 9
20 33
21 18
22 4
22 24
24 28
26 4
26 25
28 22
29 35
31 2
31 19
33 29
34 3
35 30
39 27
3 4
13 18
21 0
22 21
25 21
26 36
29 8
30 0
30 7
34 5
34 7
34 24
38 19
39 30
9 28
10 35
13 9
18 5
19 6
19 8
19 34
24 4
25 18
25 27
25 39
26 19
30 14
38 29
39 10
0 2
6 30
7 14
11 33
14 5
15 32
18 18
19 16
21 6
21 11
23 11
24 7
25 16
27 0
28 6
29 12
38 27
39 2
0 7
0 29
1 32
18 1
21 14
22 7
23 19
24 25
26 33
29 0
31 11
39 11
39 23
0 35
1 21
2 12
6 26
12 1
12 13
14 13
15 27
16 0
17 34
19 11
20 10
35 6
39 4
39 17
7 0
10 27
13 24
13 38
16 37
26 7
27 3
28 38
30 22
32 9
39 7
39 34
0 19
3 26
8 16
10 5
16 24
20 28
26 11
27 17
32 0
33 27
39 6
17 36
25 33
34 9
39 12
4 10
7 3
7 25
8 9
8 12
12 22
15 4
15 17
22 9
31 15
34 20
37 32
38 17
38 39
18 15
28 1
33 5
36 32
0 8
15 34
24 24
25 26
26 17
33 17
34 38
2 20
14 19
20 0
20 30
28 19
0 22
9 17
13 3
14 18
24 20
29 2
0 6
18 0
20 17
29 30
37 4
3 0
4 25
12 21
16 15
18 24
18 28
19 29
39 35
6 10
6 39
8 35
11 12
12 19
13 33
16 35
21 31
30 10
39 29
0 27
7 36
25 5
2 19
36 22
2 14
8 27
23 0
37 39
0 0
31 33
39 37
7 12
11 26
35 21
10 13
3 37
12 34
18 38
29 37
34 15
36 20
36 39
28 4
10 31
5 0
10 26
10 0
23 36
32 17
32 38
38 2
8 29
28 25
32 18
21 29
34 26
37 17
39 0
1 11
22 15
19 27
29 23
6 24
36 0
39 33
0 17
13 22
27 35
34 31
12 10
39 9
17 39
14 6
14 2
21 12
2 39
25 20
39 24
18 7
22 39
10 24
3 24
25 8
39 13
5 29
