1 3
1 4
1 5
1 7
2 3
2 4
2 5
2 6
2 8
2 10
2 11
2 12
2 9
3 3
3 4
3 5
4 3
4 4
5 3
5 4
6 3
9 3
6 5
8 3
6 11
6 7
6 13
6 14
5 11
5 12
5 13
5 14
5 15
5 16
5 18
5 20
5 21
5 22
5 17
3 13
3 9
3 15
3 16
3 18
1 15
1 16
1 18
1 22
1 21
1 23
1 24
1 25
2 22
2 20
2 19
2 23
2 25
4 12
4 13
4 14
4 15
4 16
4 17
7 5
1 11
2 1
3 1
4 1
2 2
3 2
4 2
5 2
2 7
3 19
3 22
5 23
6 10
6 20
6 21
6 22
6 23
6 24
6 26
6 27
6 28
6 29
6 30
6 32
6 33
6 31
6 25
7 20
7 21
7 22
7 23
7 24
7 25
7 26
7 27
7 28
7 29
7 30
7 31
7 32
7 33
7 34
8 20
8 21
8 23
8 24
8 26
8 27
8 30
8 31
8 32
8 33
8 34
8 35
8 37
8 38
9 20
10 20
11 20
12 20
13 20
14 20
15 20
16 20
18 20
19 20
10 21
10 23
10 24
10 26
11 21
11 23
11 24
11 26
11 27
11 30
11 29
12 21
12 23
12 24
12 26
12 27
13 21
14 21
15 21
16 21
18 21
19 21
20 21
22 21
23 21
17 21
13 24
13 26
13 27
15 24
15 27
17 24
20 24
23 24
24 24
25 24
17 27
20 27
21 24
21 27
12 29
14 26
14 27
18 27
19 27
12 28
13 28
15 28
15 29
15 30
17 28
14 29
11 25
12 25
13 25
14 25
14 28
22 24
9 32
9 34
9 35
9 36
20 36
20 29
20 30
20 31
20 33
20 34
14 31
20 38
12 34
13 34
15 34
12 36
13 36
15 36
16 36
14 36
18 36
12 37
13 37
15 37
14 37
14 38
16 28
16 29
16 31
18 31
20 26
21 26
21 29
8 10
8 13
8 14
8 16
8 17
9 13
9 14
9 16
9 18
11 13
11 14
11 16
11 18
16 13
13 13
14 13
13 14
11 10
16 10
14 10
19 10
20 10
21 10
22 10
24 10
25 10
29 10
31 10
32 10
35 10
36 10
37 10
38 10
33 10
34 10
28 10
23 10
18 10
11 7
16 7
14 7
11 6
11 8
12 14
14 8
8 8
9 15
11 15
16 15
19 15
20 15
22 15
23 15
24 15
18 15
21 15
14 15
10 10
10 13
10 14
10 15
10 7
9 7
9 8
10 6
10 1
10 2
11 11
13 10
15 7
16 11
16 16
19 16
20 16
22 16
23 16
24 16
25 16
27 16
28 16
30 16
29 16
26 16
18 16
19 17
19 18
20 17
20 18
20 19
22 17
23 17
24 17
25 17
27 17
23 18
24 18
24 19
21 16
21 17
21 18
26 17
17 10
17 15
19 2
15 2
12 2
13 2
15 1
12 1
13 1
16 2
19 3
19 4
19 5
19 6
19 8
15 4
13 4
19 14
20 14
20 13
22 14
23 14
24 14
25 14
27 14
28 14
30 14
32 14
31 14
22 13
24 13
25 13
27 13
25 12
26 13
27 12
29 14
17 14
20 3
20 4
20 5
20 6
20 8
20 7
20 12
21 2
21 4
21 5
21 6
21 8
21 7
22 5
22 6
22 8
22 7
24 6
24 8
25 8
29 8
24 7
25 7
26 7
27 8
23 6
23 7
21 14
23 2
25 2
26 2
24 20
28 8
30 36
22 36
23 36
24 36
26 36
27 36
28 36
30 31
23 31
24 31
26 31
27 31
28 31
23 33
24 33
26 33
27 33
28 33
24 34
26 34
27 34
25 33
30 18
30 19
30 21
30 22
30 25
30 27
30 24
30 26
30 23
30 29
30 32
23 32
24 32
26 32
27 32
28 32
25 32
31 36
32 36
7 8
7 10
8 9
9 9
11 9
7 9
9 1
9 23
10 4
10 8
10 9
10 12
10 30
10 37
11 17
11 22
12 22
16 22
19 22
21 22
22 22
15 22
20 22
16 23
11 34
13 7
14 2
14 1
15 3
13 3
14 3
15 16
15 17
16 18
17 1
18 1
17 20
17 22
18 5
18 26
19 12
20 23
22 23
23 23
25 23
20 32
21 23
21 28
26 28
27 28
25 28
26 29
27 29
22 12
22 38
23 38
24 38
26 38
27 38
28 38
31 38
32 38
35 38
37 38
38 38
34 38
36 38
29 38
33 38
25 38
24 2
26 11
26 12
28 30
27 30
29 4
29 5
29 6
29 33
30 8
30 5
30 6
31 5
31 6
31 4
31 7
32 5
32 6
33 5
32 4
33 4
30 11
30 37
22 37
23 37
24 37
25 37
26 37
27 37
28 37
21 37
21 38
31 18
31 19
31 21
31 20
31 17
31 37
32 13
32 18
32 19
32 21
32 22
32 25
32 29
32 28
32 27
32 20
33 18
33 19
33 21
33 22
33 25
33 24
33 26
33 20
34 21
35 21
34 20
34 22
34 25
35 22
35 25
36 22
34 24
35 24
34 26
37 22
33 23
36 26
34 4
35 4
34 23
35 23
38 23
35 7
36 7
37 7
38 7
35 8
36 8
37 8
36 13
38 13
37 6
38 6
38 1
38 2
38 3
38 4
37 23
37 32
33 32
34 32
35 32
33 30
34 30
35 30
31 30
37 33
37 36
33 33
34 33
35 33
33 34
35 34
32 34
37 35
38 14
38 32
1 29
1 30
1 32
2 29
2 30
3 29
3 30
4 29
4 30
3 34
3 35
3 38
2 31
3 37
4 26
4 34
5 34
5 33
5 38
1 33
3 31
4 28
4 38
5 27
5 28
6 19
10 19
12 19
13 19
15 19
7 3
9 17
9 24
9 26
11 36
12 5
12 8
12 10
12 7
12 33
13 32
13 35
14 35
15 35
16 35
21 35
19 35
18 35
19 30
19 32
17 32
23 35
15 5
15 11
15 12
16 12
14 12
15 18
16 17
16 27
17 2
17 6
17 35
18 4
18 9
21 21
23 1
25 1
26 1
22 1
24 25
24 28
25 36
26 14
26 22
28 5
28 15
29 15
30 15
33 15
29 2
29 1
29 3
29 23
29 24
29 25
29 26
29 27
30 1
30 7
30 12
31 35
32 35
32 12
34 1
35 1
34 9
34 31
35 31
36 31
35 9
36 9
37 9
38 9
35 12
35 18
36 1
36 23
37 2
37 14
38 27
37 27
37 28
38 37
1 6
1 17
2 15
2 16
3 11
3 25
3 26
5 36
7 16
8 1
8 18
8 25
9 27
11 37
13 8
13 22
14 19
14 30
15 10
15 23
16 34
17 38
18 38
18 24
18 25
22 2
22 31
22 35
23 5
23 11
19 11
18 11
20 11
23 19
23 30
25 25
26 8
26 10
27 22
27 27
31 15
32 24
34 13
36 2
34 2
35 2
36 11
38 11
36 32
36 33
38 12
38 19
38 25
38 31
2 24
2 34
3 12
3 17
3 32
3 36
1 36
4 33
5 7
7 13
7 14
10 38
12 15
13 15
14 9
14 22
15 6
15 13
16 30
17 23
17 25
18 3
18 32
19 26
20 25
21 30
21 34
23 8
24 1
24 12
24 23
25 9
25 31
26 19
28 9
29 9
29 18
29 22
31 25
33 3
33 9
33 16
34 16
36 12
37 1
37 13
37 26
38 18
38 22
38 36
0 9
0 17
0 27
0 33
0 35
0 37
1 10
1 31
2 21
3 10
4 35
4 37
5 37
6 15
6 39
7 39
9 39
11 39
4 39
8 0
8 12
10 25
11 0
11 1
13 33
14 34
16 1
17 4
17 33
18 39
19 39
19 7
20 0
21 25
22 0
22 26
22 33
23 25
24 11
24 26
25 3
25 39
27 35
28 35
28 0
31 0
32 0
34 0
30 0
28 4
28 22
28 29
30 20
33 39
34 39
36 39
35 39
36 17
37 17
38 28
38 33
38 39
39 4
39 3
39 5
38 5
39 12
39 16
39 18
39 20
39 21
39 24
39 19
39 14
39 15
37 15
39 30
1 19
2 28
2 35
2 36
4 20
5 5
5 29
6 9
8 4
8 29
10 11
11 12
11 28
12 6
12 13
14 24
16 38
17 12
17 31
17 36
18 2
19 31
21 3
23 34
24 9
25 27
25 34
26 3
28 23
28 24
31 29
34 8
35 20
36 14
36 27
38 17
38 24
0 10
0 13
0 23
0 36
1 1
1 28
1 37
1 39
5 26
6 6
6 36
9 4
10 35
10 39
14 0
13 0
14 4
16 3
16 4
20 35
22 28
22 29
22 39
21 39
26 0
27 3
27 21
28 20
29 35
35 11
35 17
39 6
0 8
4 5
4 11
4 25
5 19
7 11
7 17
8 28
11 33
18 18
19 23
21 36
22 11
23 29
25 11
27 5
30 2
30 35
31 34
32 3
32 9
32 23
32 26
33 17
34 7
34 12
35 37
36 24
36 36
37 19
39 1
39 2
1 2
4 8
4 22
5 1
5 35
6 12
9 21
9 31
10 34
16 9
18 0
18 22
19 13
19 34
19 38
21 1
23 3
28 18
30 34
31 1
33 7
33 31
33 35
34 29
34 34
36 34
37 11
37 39
38 8
38 20
39 11
39 17
39 27
39 37
0 4
0 24
2 32
2 38
3 23
4 9
9 0
9 10
9 30
10 5
12 3
15 8
17 9
21 11
21 13
26 21
27 0
27 15
28 25
28 34
30 4
32 11
32 15
37 3
0 0
4 0
3 0
0 21
3 33
9 19
10 36
11 19
15 33
17 5
17 26
18 17
18 30
23 20
25 4
29 19
31 11
32 7
33 1
33 29
35 13
35 16
37 0
37 29
39 33
0 7
1 12
6 38
9 33
12 9
15 38
18 19
19 33
22 20
27 1
27 10
28 6
28 26
29 30
29 31
31 13
32 32
32 39
33 36
34 18
37 37
3 28
7 7
8 22
9 6
10 18
10 29
13 12
13 38
15 25
18 6
23 39
24 39
27 4
30 13
31 32
32 33
34 19
35 29
37 34
38 35
39 29
0 32
2 18
2 26
5 39
6 2
14 39
20 9
21 33
26 30
27 18
28 39
29 32
33 6
39 34
0 5
0 22
1 34
7 37
10 22
12 0
12 18
12 32
12 35
13 5
16 8
17 0
19 19
21 9
26 25
27 39
35 26
36 6
37 31
0 29
1 0
2 0
3 6
5 30
6 8
11 2
14 11
17 16
18 14
25 6
26 39
29 7
29 36
32 17
32 37
33 2
35 35
38 26
38 29
0 3
3 14
4 31
8 11
8 15
10 32
23 0
33 0
36 28
39 23
0 38
1 14
5 32
7 0
7 1
8 36
17 39
20 28
22 9
25 18
25 26
26 35
29 28
30 28
0 11
3 8
6 4
8 19
9 12
9 37
23 26
24 5
25 29
29 11
37 5
39 31
0 18
0 28
1 8
7 2
12 4
14 16
16 24
17 11
19 9
21 19
24 30
26 5
29 21
31 9
35 6
35 28
39 0
0 15
0 16
1 20
4 7
4 27
9 2
15 15
16 14
19 29
23 28
26 23
28 12
31 39
5 0
7 19
14 17
18 8
20 37
25 0
28 28
36 25
39 13
4 21
23 13
27 11
27 19
29 37
31 3
38 15
16 32
16 37
19 24
21 0
31 22
33 13
34 5
36 15
4 18
10 16
10 27
19 1
19 36
22 18
34 15
36 21
13 18
14 32
26 27
18 28
22 32
25 19
34 27
39 39
0 30
3 20
6 18
28 13
35 0
39 32
0 34
24 4
30 10
36 18
36 30
36 20
25 22
31 31
36 4
8 5
12 16
14 14
21 31
27 7
12 11
13 23
26 6
0 26
29 0
12 38
13 29
17 7
15 0
22 4
30 17
10 0
13 31
27 26
30 33
38 0
39 7
12 39
30 30
4 24
10 3
16 6
28 17
33 27
39 9
14 6
16 19
17 29
29 39
39 22
1 26
8 7
15 26
17 13
30 38
6 16
23 22
15 31
3 39
17 34
5 10
27 2
11 5
24 35
32 30
39 25
19 0
31 8
20 2
25 15
11 31
12 30
2 13
34 36
31 16
5 24
20 39
33 14
22 27
6 34
7 35
39 38
20 20
8 39
26 24
24 21
39 10
