1 2
1 3
1 4
1 5
2 3
2 4
2 5
2 8
2 10
3 4
5 4
7 4
8 4
10 4
11 4
12 4
16 4
18 4
19 4
20 4
22 4
17 4
14 4
15 4
5 5
7 5
8 5
10 5
9 5
5 8
5 10
5 11
7 8
10 8
9 8
7 11
10 11
9 11
7 13
10 10
10 12
10 15
11 8
11 11
12 11
13 11
14 11
15 11
5 7
6 5
10 7
11 10
12 10
13 10
3 2
4 8
4 10
4 11
4 12
4 15
3 11
6 7
10 9
12 9
13 9
16 9
22 9
20 9
21 9
19 9
9 9
12 12
12 15
12 14
13 12
14 12
13 14
13 16
13 21
13 22
13 19
13 18
13 4
13 13
15 9
16 6
14 6
18 6
22 7
21 7
21 5
19 5
22 10
22 11
20 11
20 12
20 13
21 10
21 11
21 12
21 14
24 12
25 12
26 12
27 12
24 11
26 11
27 11
28 11
31 11
32 11
24 14
25 14
26 14
27 14
28 14
31 14
29 14
32 14
30 14
24 15
26 15
27 15
26 17
26 18
26 21
26 22
26 23
26 25
27 17
31 17
29 17
26 24
31 19
31 20
29 19
29 20
32 17
26 9
26 19
27 10
28 13
31 13
30 13
25 13
26 13
29 11
32 19
32 20
33 13
35 13
33 19
33 20
33 21
33 23
33 24
33 25
33 26
33 27
33 28
34 19
34 20
34 21
34 23
34 24
34 25
34 26
34 27
35 19
35 20
35 21
35 26
35 28
35 31
36 20
36 21
35 30
34 22
37 26
38 26
28 21
30 21
28 18
28 23
30 20
35 29
37 22
2 9
1 9
4 4
4 5
4 21
5 21
6 21
7 21
10 21
11 21
9 21
8 21
11 22
11 24
4 24
5 24
6 24
7 24
9 24
8 24
3 24
4 23
5 23
6 23
3 23
2 23
3 18
3 19
4 19
4 25
4 27
4 28
4 30
4 31
4 33
4 34
4 32
5 25
5 27
5 28
5 30
5 32
5 33
5 34
5 29
6 25
6 27
6 28
6 29
7 27
7 28
7 29
7 30
8 27
8 29
8 30
8 33
8 37
5 26
6 26
7 26
9 26
5 31
2 25
2 27
5 18
5 16
6 34
7 34
6 33
6 37
6 38
7 37
7 38
7 36
8 31
8 36
1 33
2 34
3 34
4 20
4 38
5 1
7 1
8 1
12 1
8 2
12 2
10 2
11 2
13 2
15 2
16 2
4 1
5 9
5 20
5 38
6 6
7 6
9 6
6 11
6 12
9 1
9 31
9 32
10 20
10 23
10 25
11 3
11 5
11 9
11 37
11 34
11 38
12 3
12 38
14 38
15 38
17 38
18 38
19 38
20 38
21 38
22 38
24 38
26 38
27 38
28 38
25 38
23 38
16 38
18 13
18 16
18 22
18 19
18 23
18 24
18 27
18 29
18 31
18 36
18 34
18 15
18 18
18 28
18 30
18 33
15 16
16 16
16 15
17 22
17 16
17 19
17 20
17 23
14 23
14 20
18 32
19 16
19 12
19 13
19 14
19 36
20 36
21 36
22 36
24 36
22 33
24 33
24 31
22 34
24 34
27 31
27 34
27 35
21 35
22 35
24 35
25 35
23 35
28 34
29 34
30 34
31 34
33 34
34 34
35 34
20 31
21 22
22 22
24 22
21 19
22 19
20 19
21 18
21 20
22 20
22 17
17 17
20 17
22 25
22 26
23 22
23 25
23 34
24 24
25 20
25 18
25 21
25 23
25 24
25 25
25 26
25 31
25 32
27 28
27 29
27 32
28 32
31 32
34 32
28 28
28 29
28 30
31 30
32 32
32 29
32 30
32 24
32 25
32 26
32 27
28 35
29 35
29 27
30 26
31 25
31 26
12 27
13 27
15 27
16 27
15 30
16 30
16 29
16 31
16 34
16 23
16 20
12 28
13 7
14 2
14 26
15 26
15 23
15 35
16 3
17 3
19 3
19 1
20 1
20 2
21 1
23 1
24 1
25 1
22 2
25 2
26 2
30 2
31 2
32 2
33 2
25 6
25 8
29 2
30 6
29 6
30 5
29 5
30 7
31 7
31 8
16 8
16 26
16 28
17 18
17 28
17 29
17 30
19 32
19 37
20 37
21 37
20 8
21 8
21 31
22 6
22 32
23 10
23 11
23 36
24 7
25 5
26 3
26 4
26 5
26 16
26 31
26 34
27 3
27 7
27 13
27 16
27 22
27 36
28 2
28 4
28 33
29 33
30 33
31 33
32 33
33 33
29 29
30 29
30 1
32 1
33 1
34 1
35 1
36 1
30 17
31 16
31 37
33 37
33 36
36 37
38 37
32 3
32 18
33 18
34 18
38 18
32 37
32 38
34 13
34 35
35 6
35 8
35 9
35 10
35 11
35 15
38 15
36 9
36 10
36 26
37 37
38 27
38 29
38 30
1 22
4 22
5 22
6 22
1 26
4 14
6 17
6 35
7 35
7 18
8 18
8 8
8 9
9 16
10 19
10 37
11 33
11 35
12 29
12 30
12 31
13 38
14 19
15 1
15 20
15 36
16 7
17 7
16 21
16 25
16 32
16 33
17 13
20 25
21 6
21 21
21 25
23 14
24 2
29 16
29 24
30 8
30 12
30 30
31 9
31 31
32 4
32 7
32 13
35 7
35 22
35 23
35 37
36 15
37 16
37 23
37 24
38 17
38 28
1 1
1 15
1 20
1 21
1 31
1 32
1 37
3 37
4 37
1 38
2 6
2 15
2 14
2 26
2 36
3 7
3 17
1 17
3 16
3 20
3 27
3 28
4 2
4 9
5 17
6 1
6 4
6 18
6 36
8 11
8 13
9 7
9 17
9 18
10 32
11 14
11 15
11 23
11 28
12 22
12 34
14 5
14 13
14 33
14 36
14 37
15 6
16 10
17 34
18 17
18 20
18 21
19 25
19 27
19 29
20 30
20 28
21 28
22 3
22 18
22 27
23 7
23 20
24 27
24 37
25 19
25 30
25 34
26 10
26 29
26 32
27 8
27 9
27 26
30 11
30 27
30 32
30 35
30 37
31 15
31 38
32 10
33 38
34 6
34 15
35 14
35 35
35 38
36 7
36 14
36 38
37 18
36 18
38 19
38 38
0 1
0 7
0 3
0 9
0 14
0 16
0 18
0 30
0 35
0 36
1 8
1 10
1 13
1 25
2 0
6 0
4 0
2 17
3 8
3 22
3 35
4 29
5 3
7 3
8 3
8 32
8 35
9 29
9 37
10 14
11 20
11 36
12 13
13 17
13 39
16 39
23 39
25 39
28 39
30 39
34 39
37 39
38 39
32 39
35 39
26 39
14 25
15 37
17 8
17 9
18 10
19 19
19 39
20 39
20 18
20 21
21 2
21 13
21 39
22 5
22 14
22 23
23 2
23 12
23 24
23 26
25 4
27 0
28 0
24 0
27 2
27 4
27 23
29 0
29 36
30 24
31 1
31 3
31 12
32 31
33 12
34 12
34 36
36 6
36 8
36 36
37 36
36 33
37 33
38 33
36 39
37 15
37 17
38 0
38 2
37 2
38 6
38 7
38 12
38 16
38 20
39 1
39 3
39 4
39 5
39 6
39 7
39 8
39 9
39 19
39 28
39 27
39 29
1 34
2 13
2 19
2 33
3 13
3 33
4 39
5 39
5 15
6 10
6 13
7 12
9 10
9 25
10 3
12 39
13 26
13 28
16 17
17 21
18 3
19 24
20 32
22 8
22 21
23 33
25 11
29 4
31 24
31 36
32 36
33 22
34 0
34 10
34 9
35 24
36 16
39 2
0 6
0 17
1 12
2 7
2 37
3 3
3 10
3 12
4 26
7 7
7 33
8 19
9 2
9 4
9 12
10 13
10 35
11 1
11 30
12 25
13 3
13 15
13 20
14 16
15 14
15 34
16 5
16 24
17 0
17 6
17 26
19 17
19 33
23 27
23 30
23 31
24 20
24 28
28 3
28 5
29 28
30 19
31 27
33 0
33 32
33 35
36 2
36 22
36 35
37 4
37 11
37 25
38 3
38 23
38 34
39 24
39 32
0 24
0 29
0 31
1 19
3 5
3 31
4 13
5 6
5 19
5 37
6 8
7 17
8 16
9 20
13 34
13 33
14 9
14 22
14 39
15 3
15 8
15 39
19 23
19 35
20 5
20 10
20 29
20 33
20 35
21 4
21 26
23 29
24 25
25 3
25 7
26 37
27 33
32 8
34 5
37 29
39 12
0 10
0 19
1 39
8 6
10 22
10 34
12 16
14 35
15 15
15 28
15 29
17 27
17 37
18 26
19 8
19 22
19 31
20 20
20 22
21 0
24 23
25 15
26 28
27 30
28 6
28 15
29 9
29 18
30 22
31 18
32 34
33 39
35 0
35 25
35 27
36 3
38 5
0 26
1 0
2 22
3 38
6 14
6 16
10 28
10 31
12 26
12 36
13 29
14 14
15 25
17 10
18 5
19 15
22 24
24 8
24 39
27 21
29 30
29 32
30 3
30 4
33 6
33 10
34 8
36 11
37 0
37 10
37 12
38 8
0 15
2 18
5 2
7 23
8 0
9 23
11 12
12 8
13 23
14 7
17 31
17 39
20 0
22 37
25 0
25 22
26 0
26 20
29 1
30 25
32 16
33 3
37 20
38 36
39 17
39 30
0 2
0 5
1 30
2 2
2 35
3 30
3 39
4 7
6 20
7 2
7 10
9 15
11 7
13 35
19 11
21 23
22 39
23 5
23 15
24 18
26 35
27 37
28 10
28 19
29 7
29 13
29 37
32 28
33 29
34 37
36 28
38 25
39 33
0 22
1 27
3 1
3 25
7 25
8 26
10 6
11 19
12 24
14 21
14 27
14 30
15 18
16 14
17 24
24 32
27 39
28 36
29 23
33 7
37 9
0 25
2 28
3 0
6 39
8 14
10 24
11 25
11 32
13 0
14 10
15 0
15 33
18 1
18 7
18 12
20 3
22 1
23 17
24 6
31 6
33 17
37 27
38 22
0 34
1 6
12 0
28 17
31 10
31 39
32 0
32 21
34 31
38 14
39 15
0 8
0 13
6 32
8 28
10 1
21 33
21 34
24 16
25 33
28 22
28 24
29 39
5 0
8 34
9 30
14 18
17 36
18 35
19 2
20 14
21 17
23 0
24 10
24 21
28 20
29 15
35 12
39 0
1 23
12 37
15 17
16 1
17 15
23 19
24 13
31 29
32 5
33 15
35 18
36 5
1 28
3 21
7 0
7 22
12 32
14 24
15 12
19 0
20 7
22 31
27 27
29 21
13 32
18 11
18 14
18 25
28 27
38 31
7 9
11 27
16 13
19 6
26 6
30 9
35 5
36 19
0 20
0 33
4 18
10 29
35 16
7 20
7 39
9 13
12 6
31 35
2 24
9 0
22 12
27 6
29 26
0 4
10 38
12 17
16 22
22 16
27 18
30 0
31 5
34 33
36 31
0 0
9 33
20 27
24 30
25 17
26 8
39 18
12 21
25 29
37 1
13 1
20 16
22 28
28 25
9 27
13 6
15 31
26 1
0 11
18 39
28 31
39 37
4 16
21 15
25 9
37 21
3 15
5 12
6 30
32 23
28 12
39 26
0 37
5 14
10 26
17 2
36 13
31 21
27 25
10 18
25 27
16 35
13 8
16 19
7 14
7 31
25 36
11 39
34 17
36 32
34 28
39 10
39 20
12 5
2 11
33 11
8 38
35 32
10 16
18 9
33 14
23 9
13 24
34 2
16 11
4 35
36 34
5 35
33 30
26 26
18 37
39 39
29 38
23 4
