1 13
1 14
2 14
2 15
3 15
5 15
8 15
9 15
11 15
7 15
10 15
3 16
3 17
3 19
3 18
4 16
5 12
5 13
4 12
6 12
6 9
6 14
8 14
7 19
9 19
12 19
13 19
14 19
15 19
16 19
17 19
18 19
8 9
8 18
10 16
14 16
16 16
18 16
19 16
21 16
24 16
25 16
22 16
14 1
14 2
14 3
14 5
14 6
14 8
14 10
14 11
14 14
14 9
14 12
16 3
16 5
16 8
16 13
16 14
16 7
14 4
14 17
15 17
18 3
18 5
19 3
19 5
20 3
20 5
21 3
21 5
19 2
17 2
19 13
21 13
23 13
19 11
19 12
20 16
22 3
2 1
3 1
4 1
5 1
7 1
8 1
11 1
12 1
10 1
9 1
6 1
11 2
11 3
12 2
12 3
12 10
12 12
12 7
12 13
12 14
12 11
2 2
2 4
3 2
4 2
3 3
3 5
3 6
10 7
12 20
12 21
13 20
14 20
15 20
16 20
18 20
15 21
16 22
16 24
16 26
16 27
16 28
17 20
10 20
10 21
10 24
6 24
6 22
6 26
4 26
10 23
11 20
11 21
12 26
13 26
12 25
7 25
9 25
12 29
12 31
12 32
11 32
11 35
11 36
6 35
6 34
3 34
3 36
3 37
6 37
2 37
2 35
2 38
5 36
5 34
8 34
9 34
9 30
1 30
2 30
4 30
5 30
6 30
7 30
1 29
1 31
3 30
7 31
12 36
13 36
14 36
16 36
13 32
14 32
16 32
20 32
21 32
22 32
14 29
15 32
15 29
15 25
17 29
18 29
13 33
14 33
16 33
14 34
16 34
15 33
15 34
15 35
14 25
14 31
15 31
17 27
18 27
18 26
19 27
24 27
29 27
30 27
31 27
32 27
35 27
36 27
26 27
27 27
17 28
18 28
19 28
19 34
22 27
23 27
34 27
13 6
13 7
13 8
13 9
13 18
15 18
19 18
18 18
13 37
14 18
14 30
15 3
15 4
15 5
15 26
16 23
17 12
17 13
17 15
17 18
18 12
18 25
18 34
19 4
19 10
19 17
20 17
20 1
22 1
23 1
24 1
20 12
20 24
21 24
22 24
23 24
20 23
21 23
22 23
22 20
20 33
21 25
21 31
22 13
22 22
23 22
31 22
32 22
34 22
33 22
27 22
28 22
23 21
31 24
31 25
32 24
32 25
34 25
33 24
33 25
33 26
28 24
29 24
29 25
30 25
30 26
32 16
32 17
32 18
32 23
33 23
34 21
33 21
35 26
36 21
36 19
38 21
23 2
23 15
24 15
25 15
26 15
28 15
24 14
26 14
28 14
29 14
26 21
25 21
25 20
24 20
26 19
27 14
27 2
25 2
27 3
27 4
27 5
27 7
27 8
27 10
27 11
27 12
27 9
25 4
25 5
25 7
25 10
25 6
25 11
22 10
28 2
29 2
30 2
28 3
28 4
29 3
29 4
30 3
28 13
30 14
22 9
21 9
21 8
23 9
23 28
24 6
24 21
26 3
26 4
26 5
26 6
26 7
28 1
29 1
30 1
28 8
31 8
32 8
35 8
34 8
31 7
28 23
29 28
29 29
29 30
29 31
30 28
30 29
31 28
31 29
31 30
31 33
32 29
32 30
35 30
38 30
33 30
33 33
38 33
37 33
33 34
34 30
36 33
38 35
25 30
28 29
30 8
31 10
31 16
31 17
32 1
32 6
35 6
35 3
35 4
36 6
38 6
36 3
36 4
38 3
38 4
36 2
37 3
37 2
32 9
32 19
32 20
32 34
33 1
33 10
33 12
33 13
33 17
34 12
35 12
37 12
34 11
35 5
34 5
35 20
35 21
36 1
36 12
36 18
36 28
37 6
37 32
38 9
38 10
38 11
1 1
1 22
1 23
5 23
1 24
1 25
2 26
3 12
4 23
4 34
4 37
5 19
5 33
6 8
6 11
6 19
6 38
7 10
7 35
8 13
8 17
8 24
8 25
8 35
9 8
9 24
9 29
10 32
11 19
12 30
13 2
13 35
13 38
14 7
14 35
15 28
15 30
16 9
16 10
16 11
17 5
17 8
17 14
17 37
18 38
19 14
19 21
20 7
21 14
21 26
22 36
23 6
23 10
23 16
24 9
25 22
25 27
25 34
25 38
26 34
27 34
27 38
27 37
28 38
29 38
30 38
31 38
33 38
32 38
28 37
29 37
30 37
29 36
26 33
26 38
28 34
25 36
26 17
26 18
27 30
28 30
28 31
29 7
30 7
30 11
30 16
31 34
33 5
33 31
33 32
34 17
35 22
35 29
36 23
36 24
36 29
37 1
37 21
37 31
38 8
38 34
1 2
1 4
1 12
1 18
1 35
1 37
2 3
2 19
3 4
3 23
3 24
3 25
3 33
4 6
4 9
4 15
4 31
5 9
5 26
6 10
7 2
7 14
7 22
7 34
7 37
7 38
8 2
8 4
8 3
8 5
11 7
11 12
11 11
12 6
12 9
13 12
13 29
14 13
14 26
15 8
15 10
15 13
16 4
16 18
17 1
17 32
18 13
18 30
18 31
19 35
19 38
20 38
20 6
20 8
20 13
20 18
20 36
21 1
21 19
22 15
22 31
24 31
25 31
24 10
24 26
24 33
24 34
24 38
26 10
27 18
28 9
29 8
29 23
31 1
31 15
31 18
31 26
31 32
30 32
32 13
33 2
34 16
34 26
34 31
35 7
35 14
35 15
36 7
36 32
37 34
38 20
0 3
0 9
0 11
0 16
0 13
0 14
0 8
0 36
1 8
1 9
2 10
2 13
2 16
2 20
4 20
2 29
4 17
5 22
5 39
6 0
5 0
4 0
6 4
6 5
6 13
7 5
7 18
7 24
8 29
9 9
10 8
10 22
10 28
11 28
10 38
11 24
11 25
11 39
12 39
14 39
15 39
16 39
19 39
20 39
18 39
17 39
12 27
12 37
13 17
15 2
17 3
17 23
18 0
21 0
24 0
23 0
18 4
18 17
19 23
19 32
19 33
20 4
20 27
21 33
22 28
23 31
24 39
32 39
34 39
35 39
37 39
38 39
36 39
26 39
28 39
30 39
33 39
36 38
26 37
27 6
27 21
27 23
27 36
28 27
29 16
29 39
30 20
30 36
31 9
31 23
32 33
33 6
33 9
33 11
33 16
34 6
37 10
37 11
37 18
38 0
38 5
38 7
38 16
38 31
38 32
39 5
39 7
39 8
39 9
39 10
39 14
39 15
39 17
39 18
39 20
39 22
39 23
39 24
39 25
39 26
39 27
39 28
39 29
39 16
39 36
39 37
39 38
0 22
0 31
1 10
1 20
1 21
1 38
3 35
4 19
4 36
7 0
7 6
7 9
7 11
7 12
9 16
9 21
9 31
12 8
13 25
16 6
16 17
17 34
18 2
18 11
20 34
21 27
21 36
21 37
22 37
24 24
25 17
29 35
32 35
30 4
31 4
30 19
31 31
32 26
34 13
35 28
35 32
37 4
37 19
38 19
0 10
0 25
1 6
1 15
1 39
2 7
2 12
2 23
2 36
4 38
5 6
5 16
5 28
5 37
7 3
9 4
9 6
9 11
9 33
9 35
9 38
10 27
10 35
11 16
11 22
12 28
12 35
13 3
15 38
17 9
17 11
17 24
17 38
18 35
20 22
22 8
22 21
23 18
23 37
24 2
25 14
25 19
25 26
25 35
26 25
26 28
27 26
27 33
28 28
28 36
34 0
34 3
34 23
34 34
35 31
35 36
36 14
37 24
37 30
38 25
38 26
38 38
39 1
39 19
0 17
0 21
0 39
2 22
2 28
3 0
3 26
3 28
4 25
4 27
4 32
5 5
5 14
7 27
8 0
8 28
8 31
8 33
10 19
10 39
11 14
13 0
13 5
13 27
16 12
19 1
19 15
21 17
22 0
22 35
23 25
24 25
25 9
25 29
26 2
26 35
28 7
29 11
30 12
30 22
33 8
33 37
34 4
35 13
36 5
37 28
0 2
0 32
2 8
3 10
4 13
4 29
6 31
6 36
7 20
7 32
8 8
8 10
9 14
9 26
10 17
10 34
10 36
12 5
13 34
17 22
17 26
18 32
18 37
20 31
21 22
21 38
22 11
22 25
22 29
23 29
23 33
25 33
25 37
27 19
27 35
28 18
32 5
32 21
33 18
36 20
36 37
37 35
38 22
39 0
2 31
5 4
5 7
6 3
7 17
7 26
9 7
9 13
9 18
9 23
12 4
13 21
14 23
15 16
17 30
21 7
23 23
24 5
25 3
26 20
27 32
28 32
29 0
31 39
32 10
32 28
33 27
34 36
35 16
35 25
36 35
37 0
0 29
0 35
1 32
4 3
4 11
4 22
7 7
8 22
10 37
11 33
13 16
15 6
17 16
19 6
20 11
20 30
21 30
23 8
23 12
23 14
24 28
28 5
29 13
29 19
30 10
30 35
34 24
34 33
37 13
37 16
1 28
2 17
4 39
5 11
5 20
6 15
7 39
8 19
8 27
18 15
20 25
22 2
23 36
24 19
26 30
27 39
28 20
30 0
30 24
30 30
31 19
32 12
33 20
35 19
39 35
0 0
0 4
0 23
3 38
6 23
6 33
6 39
10 6
11 0
11 4
11 37
13 39
16 21
16 25
16 37
18 21
19 0
20 0
21 15
23 20
24 17
25 8
27 29
28 0
28 12
33 35
34 35
35 9
35 11
37 9
38 29
39 4
2 34
2 39
3 32
6 21
10 12
10 25
11 29
13 10
17 33
18 6
22 6
24 12
24 22
27 15
28 21
29 22
29 26
30 17
31 3
31 11
35 17
35 33
39 21
0 15
1 17
3 9
3 14
5 2
6 27
9 20
11 10
12 22
13 31
14 24
23 38
26 22
26 31
26 32
30 33
32 7
33 3
34 10
38 12
1 26
2 5
2 33
5 32
6 7
9 0
9 28
10 2
10 30
11 31
15 22
18 8
18 24
19 36
25 1
28 10
33 14
34 20
36 25
8 6
17 0
23 34
36 30
0 7
0 37
3 20
5 17
5 24
6 25
8 21
8 30
9 32
11 34
12 18
14 37
15 36
19 26
20 2
20 28
24 7
30 21
5 35
8 37
9 39
12 0
22 19
24 4
25 39
26 8
26 13
27 24
29 5
31 6
31 13
31 37
36 26
10 9
11 26
19 22
20 9
31 21
37 17
38 36
0 30
1 19
16 35
21 20
0 12
0 26
12 33
15 27
21 12
28 16
28 25
39 6
2 0
8 16
12 24
21 10
29 32
31 14
32 31
33 29
35 2
38 2
10 3
14 21
16 31
21 18
24 13
23 39
24 30
29 15
36 0
39 3
39 13
3 7
8 12
15 1
15 24
31 2
34 1
36 17
38 13
39 11
39 33
29 34
17 36
21 34
0 1
14 28
19 20
19 29
0 18
16 15
19 24
32 4
22 5
25 0
25 24
12 15
27 1
19 9
31 35
32 15
13 1
34 38
23 3
25 12
27 13
36 8
36 22
23 32
21 39
39 39
16 2
16 29
14 0
12 16
14 15
19 19
26 16
37 27
39 30
