1 8
1 9
1 11
1 12
1 13
2 8
2 9
2 11
2 12
2 13
2 14
3 8
4 8
7 8
4 9
4 11
4 12
4 13
7 11
7 12
6 11
7 14
7 15
7 16
7 17
9 12
11 12
12 12
6 8
10 12
3 12
3 13
3 17
3 18
3 19
5 12
8 11
8 12
9 15
9 16
9 19
11 15
11 16
12 15
12 16
13 15
13 16
17 16
18 16
15 16
16 16
19 16
11 17
11 20
12 17
13 20
13 18
13 21
13 22
13 23
13 24
13 25
17 20
18 20
19 20
20 20
21 20
22 20
23 20
15 20
10 16
12 14
13 14
13 13
14 14
15 22
15 23
16 23
17 19
18 19
18 18
19 19
20 19
21 19
23 19
24 19
25 19
20 18
20 14
20 15
23 14
23 13
23 16
24 14
24 13
24 3
24 4
24 5
24 6
24 7
24 8
24 10
24 9
24 16
24 17
25 13
25 16
25 17
25 4
25 5
25 6
25 7
25 8
25 9
25 10
25 11
25 15
24 15
26 16
27 16
28 16
26 17
27 17
28 17
29 17
27 4
27 5
27 6
27 7
27 8
27 10
27 11
27 12
28 4
28 5
28 6
28 7
29 4
29 5
29 6
30 5
30 6
31 6
32 5
34 5
37 5
38 5
36 5
31 7
32 7
34 7
37 7
38 7
35 7
34 11
36 7
33 11
34 9
32 9
34 12
34 13
34 14
34 15
34 16
34 17
34 18
37 9
38 9
38 13
38 11
36 9
37 10
7 7
11 7
12 7
13 7
16 7
17 7
18 7
20 7
22 7
19 7
21 7
7 5
3 5
4 5
3 6
4 6
11 8
11 10
12 8
12 10
12 9
12 6
13 6
16 6
17 6
15 6
16 3
17 3
18 3
20 3
22 3
15 3
9 3
10 3
16 1
15 1
9 1
10 1
12 1
13 1
5 1
6 1
7 1
16 2
17 2
15 2
13 2
16 4
17 4
18 4
15 4
18 1
21 3
2 1
3 1
11 1
13 9
16 9
17 9
14 2
14 6
14 5
15 19
14 19
14 21
14 22
14 23
14 24
14 28
14 29
14 30
14 31
14 33
14 34
14 35
14 38
14 36
14 37
14 32
14 26
16 5
17 5
16 10
16 11
17 10
18 15
18 21
19 3
19 15
19 21
21 21
22 21
22 29
22 30
22 31
22 23
22 24
22 25
22 27
21 23
21 24
22 32
23 29
23 30
23 31
23 33
25 29
25 30
33 29
30 29
34 29
35 29
36 29
25 33
25 34
25 35
25 37
25 38
28 29
32 29
33 33
32 33
27 33
29 33
30 33
33 38
32 38
27 38
28 38
29 38
30 38
33 36
32 36
27 36
27 35
28 36
32 35
33 37
35 33
36 33
37 33
23 23
23 24
23 25
23 26
25 23
25 24
25 25
33 24
34 24
36 24
38 24
35 24
27 24
28 24
30 24
31 24
27 23
27 25
28 25
29 25
33 14
33 16
33 17
33 19
33 21
33 22
37 24
23 22
25 22
24 29
24 30
26 23
26 22
26 36
27 37
28 33
28 37
31 29
33 26
33 27
27 27
29 27
33 31
32 31
34 22
34 27
36 27
38 27
35 22
35 15
35 16
35 17
35 18
35 19
35 20
36 16
36 18
36 19
36 20
36 21
35 31
36 31
37 31
35 36
35 37
36 36
37 36
37 37
38 36
38 37
36 35
37 19
37 35
16 29
16 30
16 31
16 32
16 33
16 34
16 35
17 29
17 30
17 31
17 34
17 35
17 36
17 38
18 29
18 30
19 29
20 30
16 27
17 27
19 27
16 28
17 28
18 28
20 33
20 36
20 37
18 37
21 6
21 36
21 37
21 38
22 37
22 38
23 38
22 13
21 13
22 12
22 26
23 32
24 23
24 24
24 25
25 21
26 5
26 6
26 7
26 8
26 9
26 10
26 18
27 18
29 18
26 34
26 35
26 37
27 1
28 1
29 1
30 1
32 1
33 1
28 2
29 2
28 26
30 3
32 3
33 3
34 3
37 3
30 14
31 14
30 21
31 21
31 22
31 1
31 20
32 8
37 8
38 8
35 8
34 8
36 8
32 32
29 32
33 4
33 9
34 2
37 2
37 1
38 2
38 1
33 2
34 23
34 38
34 37
35 13
35 23
36 2
36 32
37 32
38 32
38 10
38 12
38 38
1 1
1 17
1 18
1 19
1 20
1 23
1 22
1 24
1 25
1 27
1 29
1 30
1 33
1 35
1 37
1 38
1 32
1 34
1 31
1 28
1 26
1 21
1 36
2 20
2 23
2 22
2 24
3 23
5 23
6 23
7 23
9 23
10 23
11 23
5 20
6 20
4 20
8 23
4 22
5 22
6 22
2 18
2 19
3 25
3 27
3 29
4 19
4 29
6 29
7 29
8 29
5 21
6 21
7 30
7 33
7 36
7 35
7 32
3 36
5 36
5 33
5 32
3 37
3 38
5 37
5 38
6 37
6 33
6 35
4 37
4 38
5 34
6 34
7 34
8 34
8 33
8 36
9 33
11 33
12 33
9 30
12 30
12 21
12 24
12 25
12 28
8 24
9 24
10 24
9 25
10 25
12 27
12 31
11 31
10 31
8 20
10 32
11 32
9 32
12 34
12 35
12 37
12 38
10 38
11 38
2 4
2 37
2 38
3 15
3 16
4 1
4 28
6 28
7 28
7 27
5 5
5 8
5 29
6 2
6 12
7 13
8 5
8 4
9 4
8 7
9 7
8 15
9 18
9 36
10 26
11 13
12 13
12 36
13 29
13 34
13 38
14 20
15 5
15 28
15 31
15 32
15 33
15 34
16 20
17 8
18 8
18 22
18 36
19 4
20 25
21 14
22 2
23 4
23 6
23 37
24 34
26 13
28 3
29 3
30 11
29 11
30 28
31 28
32 28
35 28
34 28
30 34
35 34
36 34
37 34
31 5
31 23
32 23
32 20
32 21
31 35
31 32
31 33
32 22
33 10
33 20
33 34
32 34
33 35
34 25
36 25
38 25
34 30
33 30
34 33
35 3
35 5
35 12
36 3
36 13
36 26
37 27
38 6
1 10
2 10
3 7
2 7
3 26
4 10
4 26
7 6
7 10
10 7
10 13
10 27
11 19
11 24
11 28
12 3
13 3
12 26
15 9
17 26
18 25
19 8
19 26
19 34
19 36
19 37
20 5
20 32
21 33
22 1
22 9
25 26
26 19
26 28
28 32
29 16
29 19
29 24
30 25
32 10
33 18
33 28
34 10
34 26
34 34
35 30
36 30
37 25
37 38
38 4
38 19
38 26
38 28
1 2
1 3
2 6
2 27
2 29
2 30
4 32
4 36
5 28
6 3
6 14
6 27
6 36
7 31
8 6
8 14
9 2
10 2
10 10
10 15
10 22
10 33
11 27
11 37
14 9
16 19
16 24
18 38
19 10
19 30
20 26
21 2
21 9
23 10
23 34
26 1
27 2
27 9
27 26
29 36
30 10
30 15
31 3
31 12
31 27
32 14
33 8
33 15
34 6
35 6
35 35
37 16
37 18
38 17
38 22
38 23
0 5
0 6
0 15
0 16
0 26
0 28
0 31
0 32
0 34
0 33
0 21
0 24
0 30
0 27
2 36
5 2
5 11
5 14
7 20
7 24
6 24
8 0
11 0
7 0
5 0
8 1
8 16
8 30
8 39
9 39
11 39
13 39
10 17
10 30
12 0
13 0
13 35
13 37
15 7
17 17
17 18
19 0
20 0
21 0
23 0
24 0
26 0
31 0
19 39
20 17
20 27
22 11
23 39
24 39
24 38
24 11
24 18
24 33
24 35
26 24
26 27
28 12
28 39
29 13
29 26
30 9
30 27
31 11
34 4
35 2
36 39
37 4
37 6
37 14
38 16
39 12
39 15
39 6
39 14
39 20
39 22
39 23
39 28
0 18
2 21
3 28
4 18
4 21
4 34
7 9
7 21
8 18
8 19
8 35
10 4
10 39
11 14
11 18
11 25
12 22
13 28
15 11
15 30
18 27
19 14
20 9
21 35
22 22
22 35
24 28
24 31
25 18
26 25
28 14
29 12
29 14
29 20
30 2
30 32
30 35
30 36
31 13
31 34
32 27
33 5
33 13
34 39
35 32
36 1
36 17
36 22
37 20
37 21
39 10
39 38
0 19
2 0
3 2
3 9
3 24
3 35
4 4
5 3
6 0
6 4
9 17
11 30
13 8
13 31
14 16
14 25
16 8
17 32
18 12
21 12
21 31
22 10
22 28
22 39
23 15
23 17
23 27
24 22
26 15
27 28
28 18
28 30
29 0
28 0
29 29
30 7
32 4
33 25
34 36
0 0
0 13
0 22
2 33
2 35
3 14
4 7
4 23
4 27
4 39
2 39
5 35
6 10
9 10
10 0
11 9
11 35
14 0
14 1
14 4
14 13
15 10
15 29
16 17
18 17
19 11
19 18
20 29
21 18
21 39
22 0
25 2
26 29
27 13
27 32
30 0
30 13
31 38
32 37
36 0
37 13
39 1
0 2
0 7
0 8
0 25
1 4
1 7
7 2
10 8
11 6
11 4
11 11
12 11
13 5
13 17
13 30
15 21
17 15
18 2
18 34
18 39
19 12
19 32
21 5
21 11
21 30
21 29
23 28
26 4
27 22
29 28
30 30
31 9
33 32
35 9
35 14
38 29
38 35
39 11
0 29
0 38
3 22
5 6
8 32
9 22
10 21
14 3
15 27
20 8
20 21
20 31
21 22
22 6
24 26
25 1
25 28
25 31
26 33
26 39
28 11
29 31
30 22
31 8
31 15
31 19
32 2
35 0
37 15
37 29
37 30
39 30
3 4
3 11
3 39
5 19
6 15
8 27
9 0
10 37
11 5
14 7
19 22
19 25
23 2
26 21
26 32
26 38
28 15
28 27
29 7
30 18
30 20
32 17
32 19
32 30
38 21
4 17
4 25
5 17
8 28
15 24
15 38
18 5
18 14
20 10
24 37
27 29
27 34
27 39
32 0
0 14
2 17
5 13
6 26
6 32
8 9
9 13
9 26
15 0
15 14
16 22
17 14
21 28
22 19
23 8
24 20
29 21
30 23
31 36
32 24
36 10
39 0
39 32
2 5
7 39
11 34
12 2
13 12
18 35
20 4
21 15
22 16
22 36
32 16
34 31
35 21
38 18
38 39
39 13
0 4
0 37
14 27
17 33
18 10
20 11
27 14
35 27
0 12
0 39
2 25
5 9
20 35
22 14
23 18
25 14
27 3
39 8
39 9
4 30
6 5
13 10
14 11
15 18
17 13
21 17
22 8
28 22
29 34
35 25
3 34
9 14
9 31
9 38
10 19
12 32
13 33
16 26
17 24
22 4
23 3
25 3
39 39
3 32
5 31
9 5
13 19
17 37
18 9
19 28
20 23
20 38
21 25
23 5
28 10
29 37
39 2
39 16
39 37
0 17
7 26
20 6
25 27
25 32
31 39
38 34
0 9
5 25
5 39
8 25
9 9
17 25
21 27
28 35
31 31
32 11
37 39
38 0
1 14
2 3
3 30
6 16
6 19
7 4
9 34
10 20
10 36
12 5
17 11
20 34
28 23
29 9
37 0
39 21
4 0
4 14
6 38
7 22
9 20
15 35
17 1
17 21
18 6
18 31
20 24
30 17
32 26
33 23
34 21
4 3
10 35
12 18
14 15
14 18
20 2
39 17
16 12
19 33
23 21
26 11
30 4
35 38
36 23
36 28
25 36
3 20
4 33
7 37
17 23
19 1
37 11
8 8
32 39
39 4
0 23
1 16
15 39
28 21
9 11
11 3
28 8
39 19
39 25
5 24
38 31
20 39
27 20
30 16
35 39
38 3
8 37
12 39
24 12
33 12
39 27
33 7
36 37
39 36
2 15
38 14
0 20
6 30
25 12
31 18
10 28
18 0
20 13
29 39
32 6
11 21
23 12
27 0
9 29
0 11
16 36
12 20
12 23
12 29
26 30
36 15
22 33
7 18
18 23
27 15
13 26
31 25
23 35
34 1
38 33
6 7
27 19
8 3
24 2
16 0
20 16
14 12
23 7
0 1
17 39
25 0
35 11
34 19
39 24
33 39
33 0
0 35
25 20
25 39
39 5
39 7
39 29
14 39
1 39
