1 13
1 14
2 13
3 13
4 13
4 14
5 14
2 4
2 5
2 7
2 9
2 11
3 5
3 7
3 11
3 10
3 6
4 5
4 7
4 4
3 9
4 12
5 15
5 17
5 20
5 21
5 23
5 19
1 20
1 21
1 22
1 25
2 20
2 21
2 22
2 23
2 25
2 24
3 20
3 21
3 23
3 25
3 24
3 26
2 17
4 24
6 24
7 24
8 24
9 24
10 24
6 20
6 21
6 22
7 21
8 21
8 20
7 22
8 22
8 18
11 20
12 20
14 20
8 16
9 23
11 23
14 23
13 23
15 23
16 23
17 23
7 23
8 23
11 15
11 18
11 17
12 15
12 18
12 17
14 18
15 18
17 18
20 18
21 18
22 18
23 18
25 18
26 18
27 18
28 18
29 18
30 18
32 18
33 18
24 18
12 10
17 10
12 4
12 5
12 6
12 7
12 8
17 5
17 6
17 8
17 4
12 11
12 12
12 13
17 11
17 12
17 13
17 16
15 11
15 12
15 13
17 15
11 11
11 12
11 13
13 15
13 18
13 17
14 11
14 12
15 14
16 18
20 10
21 10
22 10
23 10
24 10
25 10
20 6
20 8
21 8
22 8
23 8
24 8
19 6
19 5
19 4
20 4
24 4
23 4
26 4
28 4
30 4
31 4
32 4
33 4
34 4
36 4
37 4
19 1
19 2
20 1
20 11
20 12
20 13
21 11
21 12
22 11
23 11
24 11
25 11
30 11
31 11
32 11
33 11
34 11
36 11
37 11
35 11
38 11
29 11
23 12
24 12
19 11
19 12
19 13
19 14
23 14
24 14
25 14
31 14
32 14
33 14
27 14
28 14
29 14
24 1
24 2
24 5
24 13
25 13
27 13
31 15
31 16
31 17
32 15
32 16
33 15
33 16
34 15
34 16
34 17
35 16
38 16
27 16
28 16
32 13
33 13
34 13
36 13
38 17
36 17
37 17
6 10
7 10
8 10
10 10
8 11
9 11
9 12
9 15
10 12
10 13
10 14
6 8
8 8
10 8
10 1
10 4
10 5
10 6
13 1
14 1
15 1
16 1
17 1
15 5
15 6
16 5
16 6
16 4
16 3
13 3
16 7
3 8
8 1
9 1
9 6
9 7
10 2
10 11
10 18
11 3
11 1
11 4
11 5
11 6
11 7
11 25
11 26
11 27
11 29
11 30
11 31
11 28
7 25
7 26
7 27
7 28
8 25
8 26
8 27
9 25
9 26
9 27
6 28
6 29
6 31
4 29
4 31
2 31
4 30
13 10
13 8
13 5
13 6
13 9
13 19
15 19
15 21
17 21
20 21
21 21
22 21
23 21
25 21
26 21
28 21
24 21
19 21
20 25
21 25
22 25
23 25
25 25
26 25
27 25
24 25
13 25
15 25
16 25
17 25
18 25
15 27
15 30
15 31
15 32
15 33
15 35
15 34
15 38
16 27
16 30
16 31
16 33
25 31
16 29
16 34
25 28
22 28
15 28
16 28
17 28
19 28
17 29
19 31
19 33
20 31
23 31
22 30
25 32
25 33
25 35
25 36
25 38
25 37
27 31
15 37
18 28
20 24
21 24
22 24
23 24
25 24
26 24
28 24
32 24
33 24
34 24
35 24
36 24
37 24
27 24
24 24
21 23
22 23
23 23
25 23
26 23
28 23
24 23
28 28
27 28
28 26
21 26
16 26
17 26
19 26
22 26
24 26
28 27
28 29
28 30
27 29
30 24
31 24
25 27
27 33
32 26
32 27
32 30
32 29
32 31
30 26
32 28
33 27
33 30
33 29
35 27
36 27
38 27
36 29
36 31
36 32
36 34
36 36
36 37
36 38
38 29
38 31
38 32
38 34
38 37
38 38
35 28
36 28
38 28
37 28
37 29
37 31
14 15
14 19
14 22
12 22
14 24
15 3
15 24
16 24
16 11
16 12
16 22
17 7
18 5
18 22
18 21
18 26
19 29
19 32
20 3
20 7
21 7
22 7
20 20
21 20
22 20
23 20
25 20
26 20
27 20
19 20
20 22
21 22
22 22
23 22
25 22
24 22
20 30
21 27
21 31
22 27
22 29
23 2
23 30
23 35
23 36
21 36
22 35
22 36
23 34
25 26
26 2
28 2
28 1
30 1
32 1
33 1
34 1
36 1
35 1
26 17
29 17
26 14
26 15
27 15
27 1
27 2
27 3
28 12
36 12
31 12
32 12
33 12
34 12
28 17
29 4
29 33
30 33
34 33
35 33
34 28
34 31
30 6
30 7
30 9
31 6
31 9
31 8
32 9
33 9
34 9
36 9
35 9
33 8
34 8
36 8
35 8
37 8
34 7
36 7
35 7
35 5
35 6
21 9
22 9
23 9
24 9
25 9
26 9
27 9
28 9
26 6
28 6
29 5
32 5
31 27
31 30
31 31
31 32
30 32
32 10
33 10
34 10
36 10
35 10
37 10
38 10
32 22
31 22
29 22
32 23
32 32
33 2
34 2
33 23
34 23
35 23
34 22
34 6
34 29
34 34
34 36
34 37
31 36
32 36
32 37
31 38
27 38
28 38
29 38
34 35
35 32
35 34
35 35
35 36
35 37
36 6
37 30
38 30
38 7
38 8
38 33
38 35
1 18
1 19
2 19
2 33
2 34
2 35
2 37
2 38
1 33
1 32
1 38
2 36
3 30
3 35
3 36
3 37
3 38
4 37
4 38
6 35
7 35
5 8
5 29
5 30
5 31
5 35
6 9
7 9
7 1
7 36
8 19
8 31
11 37
12 37
11 38
10 38
12 1
12 16
12 26
12 29
12 30
13 11
13 12
13 13
13 30
14 2
14 5
14 6
14 8
14 32
15 36
13 36
14 36
16 32
17 38
18 11
18 12
18 13
18 14
18 15
18 16
18 17
18 31
20 2
21 17
22 17
24 27
24 32
24 33
24 34
24 35
25 4
25 5
26 32
26 37
27 19
26 19
28 19
29 2
29 6
31 1
32 20
32 21
33 19
33 28
33 35
33 36
37 16
37 18
37 37
37 38
2 6
3 1
3 17
4 2
4 27
4 32
5 5
5 16
5 18
5 22
5 37
7 15
9 32
9 38
11 14
12 28
13 37
14 10
14 27
15 2
15 7
15 16
16 19
17 22
18 29
18 37
20 37
19 15
20 19
21 19
22 19
22 16
23 29
24 3
26 29
26 31
27 6
27 17
28 33
29 1
29 24
30 22
31 10
32 3
33 3
33 25
35 25
36 25
37 25
35 2
35 26
36 16
36 26
37 22
38 22
1 7
1 9
2 1
2 18
3 29
3 31
4 1
5 7
6 14
6 16
6 37
7 6
7 11
7 17
7 31
7 37
8 35
10 9
10 20
10 25
10 26
10 30
10 32
11 19
12 19
12 21
13 33
16 16
16 38
17 33
18 8
18 33
19 3
19 18
19 27
19 37
20 38
21 30
23 3
27 7
27 34
27 37
28 34
29 34
30 10
30 16
30 17
30 25
31 5
33 33
35 19
36 30
37 27
37 34
38 14
38 15
38 21
38 26
0 8
0 10
0 27
0 28
1 28
0 36
1 2
1 3
1 34
1 37
2 32
3 34
4 6
4 17
4 26
5 0
7 0
12 0
9 0
14 0
3 0
5 10
6 2
6 36
7 34
8 36
9 2
9 10
9 14
9 18
9 33
9 34
11 34
9 39
13 39
14 39
16 39
19 39
21 39
17 39
18 39
20 39
11 16
11 21
11 36
12 14
12 27
12 36
13 2
13 7
14 13
14 35
15 29
18 4
18 6
18 32
19 22
20 32
21 0
22 0
21 4
21 37
22 37
25 1
25 2
25 6
25 8
25 34
26 3
26 28
26 33
26 38
28 3
29 16
29 19
29 27
29 39
30 39
27 39
28 39
31 0
36 3
36 35
39 1
39 2
39 9
39 12
39 14
39 15
39 21
39 23
39 33
1 4
1 39
3 22
4 3
4 36
5 3
6 3
5 9
5 28
5 39
6 23
6 30
6 34
7 3
7 8
8 32
9 8
10 23
11 2
11 39
12 39
13 16
14 3
14 33
15 22
16 13
18 20
19 10
19 19
22 5
22 34
21 34
23 13
24 31
25 29
27 4
30 5
30 27
30 38
31 35
32 2
32 35
33 5
34 38
35 12
35 17
36 18
36 19
37 36
0 0
0 2
0 9
0 16
0 19
3 16
4 11
4 18
4 20
4 21
4 39
6 0
6 15
8 2
8 9
8 33
9 4
9 35
10 7
12 38
13 24
14 30
16 10
17 9
20 28
26 39
27 32
29 29
30 15
31 7
33 37
34 25
35 20
37 13
38 13
38 0
38 2
38 20
39 5
39 30
0 32
1 11
1 35
2 30
3 2
4 35
6 17
8 4
9 30
13 22
14 37
15 0
18 38
19 7
21 3
23 5
24 20
26 35
27 21
31 23
31 39
32 25
33 17
37 3
37 39
38 6
38 36
0 26
0 38
5 4
5 34
7 13
8 0
8 17
8 38
9 22
10 29
18 2
18 36
20 23
22 12
24 30
26 7
26 36
28 15
29 26
30 3
30 8
30 34
31 13
31 26
34 3
36 2
38 18
38 24
39 0
0 7
1 12
1 24
3 33
4 28
5 32
8 7
10 39
13 26
13 27
13 29
13 32
16 2
17 24
18 10
19 8
19 25
19 30
20 34
22 15
25 19
25 30
27 0
27 30
29 7
30 30
30 36
31 29
32 17
35 31
39 3
0 13
0 18
0 29
0 33
1 15
2 29
4 8
5 38
8 6
10 34
12 34
14 17
17 35
23 0
23 7
23 19
23 32
26 5
27 12
28 7
29 32
30 19
31 21
33 0
33 34
35 13
35 22
37 7
37 19
39 20
39 32
39 38
39 39
0 6
0 37
3 12
3 14
8 3
10 19
11 0
12 9
13 35
20 29
27 23
28 13
29 30
30 14
30 31
31 28
32 0
34 32
36 5
0 14
1 1
3 39
6 5
6 26
7 33
9 31
10 17
10 27
10 36
17 37
21 6
21 35
26 1
27 11
27 27
28 37
29 12
30 20
30 35
33 22
34 21
35 29
37 32
0 22
0 25
4 23
4 25
5 13
7 20
10 3
10 37
14 25
17 19
23 28
24 6
24 38
32 19
34 30
36 23
37 20
0 21
2 14
6 7
7 4
13 4
17 20
17 30
22 2
23 33
24 36
38 25
5 12
6 39
9 5
9 20
9 21
12 25
12 33
21 14
23 1
24 7
29 10
32 38
0 11
0 39
3 19
6 27
12 31
14 31
15 8
17 14
18 0
20 17
20 33
22 4
28 0
31 37
34 5
35 4
37 5
39 37
1 5
7 14
9 13
16 21
17 27
18 1
23 17
26 11
27 26
28 5
31 3
31 33
34 27
35 15
2 12
2 16
4 0
4 10
6 12
9 16
11 22
14 21
21 16
23 15
28 22
30 2
36 22
39 31
0 35
7 5
8 30
20 36
25 0
25 15
26 16
30 12
33 20
35 38
3 4
17 17
23 26
24 28
24 39
29 28
32 6
37 12
39 28
39 34
1 23
2 0
2 28
4 15
8 28
16 8
19 0
20 5
21 1
26 13
28 11
0 20
1 26
2 10
6 19
26 26
32 39
33 31
36 0
39 29
1 31
10 15
12 23
13 20
15 15
21 13
30 0
33 26
39 26
8 37
9 28
20 14
22 14
24 15
39 17
39 22
1 17
2 3
15 4
19 16
29 36
6 6
11 8
15 17
20 26
2 26
8 39
18 18
31 18
39 13
3 27
7 29
39 7
34 39
6 25
10 0
10 35
20 9
22 6
36 14
39 8
4 33
39 10
6 32
7 18
8 15
23 37
34 0
6 1
8 12
19 34
13 0
20 0
24 0
29 9
29 23
2 8
2 39
15 26
27 35
13 14
14 28
28 20
33 7
39 16
39 18
19 24
32 8
37 9
39 27
5 24
36 33
11 24
22 31
15 20
21 28
6 11
11 10
25 17
15 10
25 12
16 0
34 19
16 35
17 31
22 39
12 3
37 1
38 39
18 23
32 33
26 22
34 14
26 8
28 25
11 32
29 21
36 39
17 3
26 10
28 31
25 39
15 39
38 4
39 24
39 11
34 18
