1 1
1 2
1 7
1 9
1 10
1 11
1 12
1 13
1 8
2 10
2 11
2 12
2 13
2 14
2 16
2 17
2 18
2 19
2 20
2 21
2 23
2 25
2 24
2 22
3 10
3 11
3 12
3 13
3 14
3 16
3 17
3 18
3 19
3 21
3 22
3 15
3 20
4 10
4 11
4 12
4 14
4 16
4 17
4 18
4 15
5 10
5 11
6 10
6 11
6 12
6 14
6 16
6 17
6 18
6 19
6 20
6 15
7 10
7 11
8 10
9 10
10 11
12 11
13 11
15 11
16 11
17 11
19 11
14 11
7 16
7 17
7 18
7 19
7 20
7 23
7 26
7 27
7 28
7 29
7 30
7 15
12 17
17 17
14 17
15 17
18 17
19 17
21 17
22 17
20 17
9 17
9 18
9 19
16 17
8 16
8 18
8 19
9 11
9 23
9 26
9 27
9 28
9 29
9 30
9 31
12 23
12 26
12 27
12 29
12 30
12 32
14 23
15 23
16 23
19 23
18 23
20 23
21 23
22 23
23 23
24 23
25 23
28 23
29 23
30 23
31 23
32 23
33 23
34 23
35 23
37 23
38 23
36 23
14 26
14 27
14 29
14 30
14 32
14 34
14 35
14 36
14 37
14 38
15 26
15 27
15 29
16 26
18 26
20 26
17 26
17 27
17 29
17 32
17 34
17 35
17 36
17 37
17 38
18 32
18 34
18 35
18 36
18 38
22 32
28 32
31 32
33 32
35 32
36 32
37 32
30 32
32 32
24 32
25 32
26 32
20 32
21 32
22 35
22 36
22 38
31 38
33 38
35 38
37 38
38 38
24 38
25 38
26 38
27 38
28 38
29 38
24 35
24 36
25 36
32 38
34 38
21 35
27 23
29 32
7 13
9 22
10 17
11 23
11 26
11 27
11 29
11 30
11 31
11 32
11 35
11 36
11 38
11 33
11 28
11 34
12 22
12 21
13 23
14 22
15 22
14 21
15 21
16 21
14 20
15 20
15 19
16 20
16 19
17 20
19 20
24 20
25 20
27 20
28 20
29 20
30 20
31 20
32 20
33 20
26 20
17 19
14 31
18 19
20 36
20 38
23 35
23 36
5 16
5 17
5 18
5 19
5 21
5 23
5 35
5 38
5 25
5 26
5 27
5 28
5 29
5 30
5 32
5 33
5 31
5 37
3 35
3 26
3 29
3 30
3 32
3 33
1 29
1 30
1 32
1 33
4 23
4 22
4 25
4 26
4 27
4 28
4 29
4 30
4 31
4 32
4 33
4 34
5 15
6 35
6 38
7 38
8 38
9 38
8 35
9 35
8 36
9 36
7 36
6 36
6 37
7 37
8 17
8 27
8 28
8 29
8 30
8 31
8 37
9 24
11 19
11 22
12 24
19 24
14 24
15 24
16 24
17 24
23 24
24 24
25 24
13 17
13 22
13 21
15 25
16 25
19 25
18 25
15 31
16 29
18 28
18 30
18 33
22 30
28 30
31 30
33 30
35 30
36 30
37 30
30 30
32 30
24 30
25 30
26 30
20 30
21 30
22 27
22 28
28 28
26 28
28 27
31 27
33 27
35 27
36 27
31 25
33 25
35 25
33 28
35 28
36 28
37 28
38 28
38 25
34 27
34 25
35 26
21 27
22 34
24 34
25 34
31 34
33 34
35 34
37 34
38 34
36 34
28 34
29 34
32 34
34 34
30 34
31 35
31 36
33 35
33 36
35 35
35 36
37 35
37 36
38 35
36 35
36 36
32 35
32 36
34 35
34 36
36 37
26 25
26 26
24 25
25 25
27 34
28 29
22 29
24 29
25 29
26 29
21 29
23 29
23 32
23 33
22 33
21 33
23 31
22 31
18 31
20 31
19 31
19 32
28 31
31 31
30 31
32 31
25 31
26 31
29 30
29 29
31 29
32 29
32 28
29 35
30 35
30 36
34 26
34 30
2 33
2 34
3 7
4 7
4 2
4 3
4 4
3 4
3 5
4 8
5 9
8 9
10 9
12 9
15 9
16 9
17 9
19 9
20 9
22 9
23 9
24 9
25 9
18 9
10 3
10 4
10 7
12 3
12 4
12 7
12 6
15 3
15 4
15 7
15 6
17 3
17 7
19 7
23 7
24 7
25 7
21 7
16 7
26 7
14 3
14 4
14 7
14 6
16 3
10 1
10 2
19 2
19 5
24 2
21 2
12 5
14 2
16 2
13 2
13 3
13 4
13 5
13 6
14 5
24 1
24 5
25 2
26 2
27 2
28 2
29 2
30 2
31 2
34 2
35 2
36 2
37 2
38 2
33 2
32 2
3 9
4 9
6 4
7 4
8 4
7 3
8 3
7 1
8 1
8 2
5 1
6 33
8 11
8 23
10 13
10 14
12 14
12 15
10 23
10 28
10 32
10 30
10 31
10 34
10 26
10 25
10 27
11 25
11 3
11 4
11 5
11 6
11 7
11 8
11 13
11 14
11 15
11 24
12 36
12 38
12 37
14 28
15 28
16 8
19 8
30 8
31 8
32 8
33 8
21 8
22 8
23 8
24 8
25 8
26 8
27 8
18 8
30 9
30 10
30 11
30 13
30 14
30 15
30 16
30 17
30 18
31 9
31 10
31 11
31 13
31 14
31 15
31 16
31 17
31 18
31 12
32 9
32 10
32 11
32 13
32 15
32 16
32 17
32 18
32 12
33 16
33 17
33 18
34 16
34 17
34 18
37 17
36 17
36 16
38 16
36 18
34 13
36 13
36 9
36 11
38 9
38 11
35 16
35 18
35 17
37 9
34 15
35 15
34 19
34 21
36 7
31 7
36 10
38 7
38 4
38 5
38 10
38 14
36 14
35 14
24 19
25 19
27 19
28 19
29 19
25 18
27 18
28 18
27 15
27 16
28 15
28 16
28 10
28 11
26 19
28 17
29 14
29 17
29 16
17 18
18 18
22 18
23 18
18 14
20 14
23 14
26 14
20 18
23 19
24 11
25 11
25 21
27 21
28 21
29 21
30 21
31 21
32 21
26 15
29 15
33 7
34 7
33 12
33 11
36 19
37 19
37 4
37 7
37 6
34 6
34 5
35 4
35 6
37 10
37 13
37 20
38 8
16 35
16 36
16 37
16 38
17 13
18 13
18 12
19 13
20 12
11 12
15 12
16 12
17 25
19 1
19 12
19 35
21 4
21 38
23 37
25 37
26 37
24 37
25 1
26 1
28 1
29 1
30 1
25 17
27 28
27 26
27 27
27 31
27 30
28 12
26 12
29 31
31 6
31 26
34 33
38 33
36 33
29 33
30 33
37 29
38 29
36 29
38 20
38 21
1 17
1 18
1 19
1 20
1 24
2 5
2 6
3 6
2 29
2 30
4 5
6 26
6 27
6 28
6 29
7 5
7 6
9 2
9 3
9 1
9 25
10 19
10 22
10 29
12 16
13 16
17 16
18 16
17 15
13 26
13 27
13 29
13 30
13 33
13 37
13 35
13 36
13 38
14 12
16 10
16 32
18 3
19 22
20 22
21 22
24 22
20 21
20 24
21 31
22 1
22 2
23 1
23 10
24 10
26 3
27 3
28 3
30 3
32 3
35 3
36 3
37 3
33 3
29 9
29 10
30 12
30 24
32 24
31 33
31 37
33 37
32 33
32 37
34 3
34 24
34 37
35 1
36 1
37 1
38 1
35 9
35 22
28 22
29 22
30 22
31 22
32 22
33 22
36 31
37 21
38 12
38 22
38 26
1 31
3 31
6 1
6 23
7 33
9 9
9 13
11 11
13 12
14 1
14 14
14 33
15 35
15 36
15 37
15 38
16 1
18 7
18 15
19 21
20 35
21 3
21 12
21 18
21 24
23 15
23 16
23 22
23 38
27 37
28 5
30 26
31 3
32 4
37 8
37 37
38 37
1 6
1 5
1 28
1 37
2 37
2 35
3 8
3 36
4 24
5 8
5 20
11 37
12 10
12 25
12 31
13 1
13 9
13 10
14 19
16 4
17 28
18 1
18 2
18 5
19 10
19 38
20 4
20 5
20 33
20 37
21 9
21 15
21 21
22 4
23 2
23 6
24 6
23 5
23 30
24 13
24 31
26 4
26 13
27 1
27 11
28 26
29 3
33 26
35 11
35 31
36 8
36 12
36 26
37 5
37 14
37 33
0 8
0 15
0 26
0 27
0 28
0 31
0 36
0 38
1 38
1 23
1 25
2 4
2 15
2 32
3 0
6 0
12 0
2 0
2 1
5 22
6 3
6 5
6 6
8 5
8 13
8 22
8 24
10 33
10 35
13 15
13 18
15 10
17 0
20 0
22 0
23 0
25 0
17 5
17 8
17 10
19 4
19 6
19 18
19 39
21 39
29 39
27 39
26 39
28 39
21 20
22 20
24 33
25 6
25 33
26 21
27 12
28 4
28 25
32 0
33 0
33 9
36 22
37 24
38 24
37 31
39 15
0 1
0 24
5 0
5 3
5 12
7 22
7 35
9 0
10 24
12 35
18 24
20 2
21 5
21 16
22 7
22 10
22 13
22 37
23 25
23 28
23 34
25 3
26 18
29 18
35 5
35 33
35 37
38 6
38 32
39 21
39 24
0 20
1 34
2 2
2 7
4 13
6 13
6 25
7 25
10 5
10 6
14 25
15 8
16 34
19 33
21 14
22 16
23 20
25 10
26 11
27 4
28 13
29 0
29 5
29 11
30 0
35 10
35 29
36 0
36 4
37 22
39 8
0 2
1 16
4 37
6 7
7 39
8 33
12 12
14 18
15 18
15 13
18 11
18 37
19 28
20 10
21 6
24 4
26 16
29 6
31 0
34 1
34 12
34 39
39 5
1 3
2 38
5 7
5 24
6 34
9 21
11 16
12 39
13 0
13 14
15 5
15 34
16 18
17 33
18 0
20 8
20 39
21 28
23 11
27 29
30 38
31 28
32 5
34 32
35 0
35 13
39 10
39 29
39 39
0 3
8 8
9 4
9 34
11 1
13 20
13 32
20 7
20 13
22 25
24 12
28 9
33 6
33 10
33 33
34 4
34 14
37 25
38 39
0 25
5 2
8 0
8 20
9 20
10 8
11 2
11 17
12 8
13 24
13 34
16 13
17 12
18 20
19 30
25 12
27 6
27 32
30 4
30 25
35 19
38 15
39 4
0 32
0 39
4 6
9 14
12 13
16 16
17 6
19 19
19 34
20 20
27 25
39 18
0 10
0 18
5 4
6 39
7 21
10 38
11 0
15 39
16 39
21 36
22 14
22 24
32 14
33 13
34 0
37 0
37 16
1 21
3 28
3 37
6 30
8 6
12 28
21 1
21 26
23 13
25 5
28 6
29 24
30 29
30 37
33 5
33 24
38 30
39 14
0 19
1 27
4 1
6 9
16 6
20 25
24 28
25 15
26 27
27 10
27 17
29 28
31 24
34 9
39 1
39 12
39 20
0 37
1 0
3 34
4 39
7 14
8 39
9 39
13 39
15 16
17 23
19 36
23 4
24 39
23 39
25 39
0 7
0 16
3 3
4 21
7 24
14 9
19 14
22 12
24 3
25 28
26 5
37 27
39 26
1 4
10 21
19 26
21 0
25 16
25 26
26 34
28 33
32 39
38 0
1 35
7 0
9 37
20 15
20 27
22 22
39 22
39 33
0 14
6 32
13 7
21 34
24 14
28 37
29 27
35 7
37 11
39 37
0 12
16 22
24 26
26 23
32 27
36 38
39 7
0 11
2 9
3 27
10 12
12 20
14 8
16 0
16 27
24 21
26 33
27 35
32 25
33 21
38 36
7 9
11 21
25 22
27 22
28 14
33 29
8 15
9 7
11 9
17 30
34 28
0 0
0 17
0 21
3 25
17 31
36 20
28 0
36 25
37 39
39 25
39 28
0 30
5 14
15 2
24 18
27 14
30 27
36 15
7 12
8 34
10 15
14 16
15 30
23 27
29 36
0 9
5 34
18 22
24 0
28 24
38 17
22 19
30 39
33 19
34 22
35 24
31 1
38 13
0 29
7 7
15 14
20 29
25 14
29 8
33 31
34 11
39 0
17 2
22 11
8 32
29 13
3 2
5 36
8 26
10 0
19 16
35 21
7 2
10 18
33 15
38 27
39 9
39 35
12 19
4 0
26 0
32 19
38 19
17 14
10 36
19 0
17 4
28 35
31 19
39 11
0 33
12 2
33 39
36 6
39 17
18 29
30 19
32 7
37 18
9 16
10 10
14 0
18 27
19 3
4 19
39 16
17 21
25 35
15 32
4 38
31 39
1 14
6 21
0 23
26 24
22 39
34 8
26 36
0 35
17 39
30 7
12 18
18 39
4 35
28 8
22 26
9 32
31 5
39 34
38 3
27 7
39 30
12 33
3 23
35 39
14 39
11 39
39 38
23 17
34 20
5 39
7 31
2 26
20 11
26 9
39 32
39 2
39 23
