1 1
1 2
2 1
2 2
2 3
2 5
2 7
2 8
2 9
2 10
3 2
4 2
5 2
7 2
8 2
9 2
10 2
4 3
4 5
4 7
4 9
4 6
5 3
5 5
5 6
7 3
8 3
9 3
10 3
6 3
6 5
6 7
6 9
7 9
9 7
13 7
14 7
15 7
11 7
5 4
7 4
8 4
14 4
16 4
17 4
18 4
6 4
12 4
14 2
14 5
15 5
17 5
17 8
17 11
17 12
17 13
13 8
15 8
13 10
9 10
8 10
9 11
9 12
9 14
8 12
8 14
4 14
5 14
6 14
8 13
11 10
11 11
12 11
17 10
1 8
1 9
1 11
1 13
1 15
1 14
1 12
2 4
3 6
3 7
3 8
3 9
3 10
5 15
6 8
8 1
9 1
13 1
15 1
8 6
9 13
10 11
10 15
11 15
10 17
10 18
11 17
11 18
11 19
12 17
12 18
12 19
12 20
13 19
13 20
13 24
9 18
10 24
10 26
11 4
10 4
11 16
12 1
12 9
13 25
14 13
15 13
14 19
15 24
15 22
15 23
14 23
16 12
16 9
16 8
16 23
18 12
18 14
18 16
18 17
18 18
18 19
18 20
17 17
19 11
19 17
21 17
24 17
25 17
26 17
27 17
23 17
19 15
20 18
24 15
26 15
28 15
24 20
24 21
24 24
24 23
25 20
23 21
25 16
26 16
27 16
28 13
29 13
31 13
32 13
29 14
32 14
1 35
1 38
2 35
3 35
3 36
1 37
2 18
3 22
4 22
6 22
7 22
8 22
4 21
6 21
7 21
4 26
4 27
3 27
3 28
5 21
5 20
5 26
5 25
6 27
7 23
4 24
4 28
5 9
7 28
7 29
7 31
7 32
8 29
8 30
9 30
9 31
10 31
11 31
12 31
11 30
12 30
13 30
11 27
12 28
12 29
13 29
11 32
12 32
13 32
12 33
14 28
18 28
21 28
22 28
16 28
17 28
18 26
20 28
21 27
21 34
21 37
14 37
15 37
16 37
17 37
18 37
19 37
14 36
15 36
16 36
17 36
18 36
19 36
15 35
17 35
20 36
13 36
15 34
16 38
17 38
18 38
19 38
20 38
17 33
17 34
22 34
23 34
23 27
26 27
23 25
24 34
26 29
25 29
25 30
25 32
25 33
28 30
28 32
29 30
31 30
33 30
34 30
35 30
32 30
29 24
29 31
29 33
31 33
33 33
35 33
36 33
37 33
33 34
33 35
35 34
35 35
35 36
35 38
36 34
36 35
37 35
30 24
31 24
30 14
30 18
30 19
30 20
30 21
31 18
31 20
31 21
31 22
31 17
33 18
34 18
33 17
33 15
35 18
36 17
30 16
30 25
30 27
33 27
34 27
35 27
36 27
32 27
33 28
34 28
35 28
36 28
37 28
36 29
36 31
31 28
34 26
35 26
36 23
36 25
30 30
32 22
32 23
32 34
34 29
34 34
34 35
34 36
34 37
35 17
35 29
35 31
35 37
37 17
37 32
38 23
38 25
38 24
37 24
38 31
38 32
7 38
9 38
10 7
10 37
11 24
12 10
14 3
14 6
16 10
20 11
20 23
21 7
22 7
24 7
25 7
26 7
30 7
28 7
29 7
31 7
24 3
24 4
24 5
25 4
25 5
26 5
24 8
24 9
25 8
25 9
30 9
31 9
33 9
34 9
36 9
30 10
23 8
23 10
26 6
25 6
27 9
28 9
31 8
32 8
35 8
35 6
35 9
37 6
38 6
37 10
38 1
38 2
38 3
38 4
33 3
36 3
36 1
33 4
31 4
35 3
36 5
34 5
37 1
37 2
21 31
21 32
22 1
22 17
22 22
23 11
24 2
24 19
24 31
24 38
25 11
25 18
25 19
26 14
26 20
27 1
27 2
27 5
27 30
27 32
27 37
28 38
29 26
29 34
30 26
31 32
32 3
32 9
32 18
33 16
33 24
33 32
34 22
35 22
35 1
36 8
37 14
38 14
38 11
38 15
38 12
38 13
38 16
38 18
2 13
3 13
2 31
3 31
4 31
5 31
1 31
1 30
2 38
3 1
3 37
4 16
4 25
5 29
2 29
1 29
7 8
7 10
7 14
7 37
8 38
9 25
10 10
10 25
10 30
10 36
10 35
11 33
12 27
13 9
13 13
14 27
15 15
16 3
16 24
17 9
18 8
18 27
18 29
19 12
19 26
19 28
19 29
20 7
20 15
20 17
21 1
21 9
21 16
21 22
20 22
21 23
21 30
22 8
22 10
22 29
22 37
23 1
23 12
23 26
23 37
24 12
24 27
25 24
25 28
25 31
26 23
26 25
26 28
27 7
27 13
27 29
27 35
27 36
29 4
29 3
29 11
29 10
29 12
29 25
29 38
30 5
30 6
30 22
30 31
30 33
31 14
31 19
31 29
32 4
32 12
32 17
32 33
33 19
34 8
34 10
34 15
34 19
35 7
36 4
36 14
36 38
38 22
38 30
38 33
0 12
0 14
0 15
0 16
0 20
0 21
0 28
0 30
0 32
1 10
1 19
2 6
2 17
2 16
2 28
2 36
3 3
3 18
3 29
3 32
4 32
3 38
4 8
4 13
4 39
5 39
6 39
8 39
11 39
12 39
9 39
7 39
5 22
7 13
7 15
8 23
8 33
9 8
9 19
9 33
9 34
10 12
10 16
10 32
10 39
11 1
12 16
12 24
13 6
13 14
13 21
13 22
14 22
14 24
15 2
15 6
15 28
16 22
17 0
17 25
17 21
18 1
18 15
19 16
20 6
19 6
18 6
20 26
20 30
20 31
19 30
21 0
23 0
25 0
29 0
30 0
31 0
28 0
27 0
21 33
21 35
22 0
22 27
22 33
22 35
23 22
23 38
26 32
27 15
27 21
28 1
29 18
29 19
30 37
32 28
32 35
33 8
33 22
33 36
35 0
36 24
36 39
37 39
38 39
37 20
37 23
37 25
37 29
39 8
39 7
39 26
39 27
1 34
2 34
3 19
4 23
4 37
4 36
5 27
6 28
7 7
8 9
8 28
9 27
9 28
11 12
11 29
14 38
15 12
15 14
16 2
21 15
24 1
24 18
25 10
26 0
26 1
26 26
27 6
27 38
28 2
28 22
27 22
28 31
32 21
32 24
34 17
34 33
37 0
37 21
39 15
39 24
0 25
0 38
1 0
1 3
1 21
1 23
1 26
2 19
2 24
2 25
3 20
3 34
5 11
6 6
6 15
6 18
6 20
6 26
6 34
7 17
7 20
8 31
9 26
10 8
10 21
11 6
11 23
12 0
13 5
13 23
14 14
14 29
14 35
15 4
15 27
15 31
16 5
16 29
16 31
17 22
17 23
18 33
18 35
19 2
19 18
19 23
20 3
20 9
21 4
21 10
22 14
22 23
22 24
23 4
23 29
24 16
24 29
26 12
26 24
26 33
26 36
27 26
28 29
29 6
30 1
30 38
32 20
32 38
34 3
34 25
35 11
35 12
35 32
36 2
36 12
38 28
38 37
39 2
39 18
39 38
0 13
0 37
0 39
1 18
1 36
6 2
6 29
6 36
7 36
7 5
9 32
10 1
10 14
11 37
12 15
13 0
15 38
16 7
16 32
16 35
18 2
19 10
20 24
21 6
22 2
22 19
23 7
23 31
24 22
25 38
26 37
26 39
28 14
29 15
31 12
31 23
31 31
33 10
33 23
36 16
37 7
38 29
39 1
39 11
39 14
39 19
0 1
0 8
2 32
3 5
4 35
5 37
6 0
7 0
7 30
8 11
8 24
8 35
8 36
9 37
10 27
10 38
12 7
13 28
14 8
16 11
16 20
17 16
17 26
18 13
18 32
18 39
19 39
19 24
20 32
21 18
21 19
23 3
23 39
24 39
26 8
27 11
27 39
28 21
28 37
29 27
30 17
30 36
31 5
31 34
33 2
33 14
33 20
34 4
34 31
35 5
36 10
36 26
37 5
37 13
37 15
37 31
38 21
39 9
39 16
39 32
0 22
0 35
4 1
5 16
5 19
5 24
5 32
6 23
6 31
6 33
6 38
8 0
10 23
11 9
13 2
13 4
14 20
15 25
16 13
18 0
20 19
20 27
21 26
22 25
23 24
23 33
23 35
24 6
24 36
25 15
25 27
26 13
27 3
27 19
27 20
28 16
28 39
29 32
30 8
30 39
31 2
32 6
32 37
34 11
35 15
35 23
36 32
37 3
37 19
37 38
38 7
39 21
39 25
0 0
0 19
3 21
3 26
8 20
8 19
10 34
12 12
13 17
13 18
15 0
17 6
17 18
17 39
19 22
20 1
20 34
21 8
23 20
25 34
26 2
26 9
30 4
32 11
33 29
34 0
35 14
36 0
36 6
39 3
39 4
39 13
39 30
39 31
39 34
0 4
0 27
1 7
3 23
4 15
6 25
7 1
8 21
9 17
10 19
14 12
15 16
15 21
16 26
19 21
23 5
28 34
29 2
29 9
31 10
32 26
1 5
1 33
2 22
3 17
4 20
8 15
9 4
11 28
11 34
12 8
13 11
13 38
15 9
17 20
18 5
18 11
18 25
19 14
22 6
22 21
23 15
24 32
28 23
28 33
29 20
32 15
33 31
34 6
37 34
38 26
39 39
0 3
0 11
2 15
2 27
4 17
13 33
14 32
16 0
21 14
26 18
26 30
28 12
29 28
31 27
38 0
0 2
1 39
7 12
9 6
14 1
14 11
16 39
20 12
20 39
24 30
27 34
28 24
33 13
34 1
36 22
38 5
5 7
8 7
9 0
12 36
13 35
19 8
20 37
24 10
26 4
31 25
33 5
0 9
4 4
4 34
6 10
7 33
9 29
14 17
15 33
17 3
18 30
19 7
23 9
24 37
25 21
28 5
30 11
33 26
37 11
37 36
0 33
2 0
7 27
9 24
11 26
12 21
12 26
20 0
28 4
31 3
37 8
39 6
39 23
0 17
5 13
8 5
15 19
16 17
17 32
23 13
24 14
25 3
29 23
30 23
34 38
38 10
39 0
11 14
14 10
17 24
19 35
25 12
26 11
26 22
30 15
34 20
38 17
38 35
4 29
8 18
11 20
13 37
14 26
24 0
27 27
29 29
36 36
38 19
0 31
5 1
9 35
12 34
13 26
30 28
35 25
0 29
3 14
12 13
21 11
21 29
28 18
31 16
9 9
0 7
3 11
9 22
16 1
21 25
3 39
25 35
29 35
31 35
33 37
34 13
7 24
13 15
13 31
30 13
36 18
37 27
9 15
14 30
1 16
6 11
21 36
24 25
34 24
39 28
4 10
18 21
23 28
11 3
36 21
39 33
36 30
17 14
28 17
32 0
35 39
13 39
21 38
2 11
11 2
32 7
37 9
19 4
17 7
