1 1
1 2
2 1
5 1
6 1
7 1
8 1
4 1
5 3
5 4
5 6
5 8
6 3
7 3
8 3
10 3
9 3
4 4
4 5
6 2
7 2
10 5
10 6
10 8
10 11
10 12
10 13
10 15
10 17
10 18
3 12
3 13
3 15
3 16
3 18
3 20
3 21
3 22
3 19
4 13
5 13
6 13
7 13
8 13
6 12
7 12
8 12
8 11
6 7
6 9
3 9
1 9
2 9
3 10
2 10
6 10
6 16
6 21
6 19
7 16
8 16
8 21
8 19
8 22
8 23
9 16
7 15
8 15
12 21
14 21
15 21
16 21
17 21
18 21
19 21
20 21
21 21
22 21
23 21
12 19
14 19
15 19
16 19
17 19
18 19
19 19
20 19
12 8
12 11
12 12
12 13
12 15
12 17
12 10
12 14
14 11
14 12
14 15
14 17
14 16
15 15
15 17
16 15
16 17
17 15
17 17
18 15
18 17
19 15
23 15
22 15
24 15
25 15
21 15
16 11
16 12
17 11
19 11
22 11
24 11
25 11
26 11
28 11
29 11
30 11
31 11
32 11
33 11
35 11
36 11
38 11
34 11
37 11
27 11
16 10
17 10
19 10
14 10
16 4
16 7
19 7
19 1
19 3
19 8
16 8
20 11
20 15
15 16
16 16
17 16
18 16
19 16
23 16
22 16
25 16
26 16
27 16
21 16
19 2
21 11
22 7
22 3
22 4
22 5
22 8
23 18
13 19
13 17
13 16
13 18
15 11
15 10
15 7
15 18
16 18
17 18
18 18
19 18
16 5
16 6
16 13
18 10
21 7
21 3
21 5
31 3
33 3
36 3
38 3
35 3
37 3
24 3
25 3
26 3
27 3
28 3
29 3
31 4
24 4
27 4
29 4
31 6
31 7
31 8
27 6
29 6
32 3
32 4
32 6
32 7
33 7
33 5
32 5
5 22
7 21
7 22
9 17
9 18
10 21
11 7
13 7
13 11
13 12
11 8
11 10
11 11
11 12
11 9
12 9
13 9
15 9
18 9
16 9
11 21
12 23
14 23
15 23
16 23
17 23
18 23
19 23
20 23
22 23
23 23
24 23
25 23
27 23
26 23
12 28
12 29
12 30
12 31
14 28
14 29
14 30
14 32
14 33
14 34
14 35
14 36
14 37
14 38
16 28
16 26
16 27
17 26
17 27
18 26
20 26
24 26
25 26
27 26
28 26
29 26
30 26
31 26
26 26
17 25
21 28
22 28
21 26
5 28
5 30
5 31
1 28
1 30
3 28
1 15
1 16
1 18
1 20
1 21
1 22
1 23
1 24
1 26
1 25
1 17
1 32
1 34
1 35
1 37
1 38
5 24
5 29
6 28
6 30
7 28
7 30
8 28
9 28
9 30
9 32
9 34
9 35
9 33
6 29
7 29
8 29
10 32
10 34
10 35
10 36
10 38
11 32
11 34
11 35
11 36
11 38
11 37
12 35
12 36
12 38
12 37
2 36
3 36
4 36
6 36
6 38
7 36
2 32
2 34
3 34
2 33
3 35
3 37
6 37
5 37
8 36
8 33
10 31
10 33
11 31
11 26
11 27
3 27
7 27
8 27
5 27
2 27
15 28
15 29
15 27
17 13
19 13
20 6
22 6
23 6
23 8
25 6
20 7
21 6
21 23
21 32
22 32
22 37
22 34
22 38
26 37
25 37
26 38
25 38
24 38
16 37
17 37
19 37
17 32
17 35
16 35
16 33
16 34
19 35
16 36
16 38
17 38
18 38
21 30
22 30
25 30
26 30
27 30
29 30
30 30
31 30
33 30
34 30
35 30
36 30
37 30
38 30
28 30
32 30
25 29
26 29
27 29
29 29
30 29
31 29
32 29
33 29
36 29
37 29
38 29
35 29
26 28
26 31
26 35
27 31
27 32
30 31
30 28
31 28
21 31
22 31
21 33
22 9
22 12
22 13
23 12
23 13
24 12
24 13
25 12
25 13
26 13
26 14
27 13
21 12
22 36
23 5
23 14
23 19
23 24
24 25
25 25
27 25
37 25
31 25
35 25
34 25
37 21
37 22
37 23
31 21
31 22
35 21
35 22
27 21
28 21
28 22
29 21
33 21
33 22
34 21
35 13
35 16
35 18
35 19
35 15
37 27
25 10
25 35
23 35
23 29
23 30
23 33
26 10
27 10
28 10
29 10
30 10
34 10
30 7
26 9
28 9
30 9
26 17
26 20
27 20
28 20
29 20
34 20
32 20
36 20
38 20
28 19
29 19
29 15
32 25
13 20
14 20
15 20
16 20
17 20
18 20
19 20
20 20
21 20
24 20
22 20
23 20
26 33
27 38
28 14
28 31
28 35
29 35
31 1
24 1
25 1
26 1
28 1
31 2
36 2
38 2
35 2
36 1
38 1
37 2
37 1
25 2
26 2
27 2
28 2
29 2
31 32
32 13
33 13
32 22
32 23
33 14
33 24
32 24
34 32
36 32
37 32
38 32
34 35
34 37
34 38
36 35
37 35
37 38
36 4
36 6
36 8
38 4
38 6
38 7
38 9
36 18
38 18
36 17
36 23
36 24
38 24
38 22
38 23
37 4
37 6
37 7
37 8
37 5
37 17
37 24
37 36
1 7
1 8
2 8
2 16
2 17
2 18
2 19
2 20
2 21
2 22
2 23
4 23
4 14
9 14
6 14
7 14
4 21
4 29
4 27
4 28
4 30
5 36
6 8
7 20
8 10
8 14
8 38
9 15
9 24
13 10
13 29
13 30
13 31
13 37
13 36
13 38
14 3
14 6
15 3
17 3
17 4
14 2
11 2
14 25
15 8
15 22
16 22
17 22
18 22
19 22
20 22
21 22
22 22
23 22
24 22
15 33
15 34
15 36
15 35
16 25
17 14
19 14
16 14
17 24
18 24
18 2
18 31
19 31
19 30
18 37
19 26
20 25
20 34
20 36
20 31
20 32
21 27
22 29
23 17
24 8
24 24
24 30
24 34
24 37
25 28
26 7
27 28
27 36
28 24
28 34
28 38
29 17
29 18
30 12
31 12
32 12
30 35
31 23
32 10
32 37
32 38
33 9
33 17
33 38
34 2
34 3
34 31
35 31
36 31
37 31
38 31
35 24
35 36
35 38
36 12
36 34
37 26
37 33
37 34
37 37
38 37
1 6
1 14
1 19
1 31
1 33
2 11
2 28
2 31
2 35
3 38
4 9
5 5
5 7
5 12
5 16
5 25
6 20
7 33
8 17
8 20
9 23
10 25
11 19
12 1
13 1
13 2
12 26
13 23
13 33
13 34
14 24
13 24
18 11
18 25
18 35
19 29
20 16
20 27
21 2
22 17
22 33
23 37
23 38
24 14
24 16
24 19
26 18
27 5
28 6
28 33
29 5
30 20
30 21
30 37
33 10
34 34
35 17
35 26
36 5
36 9
36 38
37 28
38 5
38 8
38 21
1 29
3 1
3 5
3 17
3 33
4 18
5 18
4 22
6 35
7 7
7 9
7 38
9 5
9 8
10 4
11 15
11 23
12 2
12 5
12 22
12 25
13 35
18 32
19 4
19 5
19 32
20 1
20 12
21 18
24 29
24 35
25 27
27 27
29 27
30 27
26 4
26 32
27 14
28 4
30 8
30 15
31 15
31 16
31 37
32 19
33 20
33 23
33 34
34 14
34 16
34 19
34 26
34 33
36 7
36 22
36 28
37 14
37 15
38 14
38 15
38 19
38 28
0 11
0 12
0 25
0 24
0 38
2 2
2 26
2 39
4 39
3 0
4 0
9 0
10 0
12 0
11 0
3 7
3 11
3 30
4 31
4 34
6 0
7 0
6 27
8 30
9 38
9 39
10 26
11 6
11 29
12 34
14 31
15 37
16 24
17 0
20 0
22 0
23 0
17 7
20 3
20 5
20 39
28 39
30 39
36 39
33 39
32 39
24 39
18 39
21 1
22 27
25 14
26 19
27 24
29 25
29 28
30 18
31 5
32 14
32 21
32 28
33 8
33 16
33 37
34 0
34 13
34 22
35 14
35 20
35 23
36 19
38 38
39 10
39 13
39 14
39 19
39 26
0 7
0 8
1 0
2 0
3 6
4 3
2 3
4 15
4 37
5 2
5 39
6 24
8 8
10 28
11 17
15 1
15 4
18 1
18 3
18 27
21 36
22 10
25 0
25 4
27 9
29 1
29 9
29 12
32 32
32 33
35 1
35 32
36 21
36 33
37 12
0 4
0 17
0 23
1 10
3 4
3 26
4 6
4 12
8 0
8 2
10 23
12 4
13 21
14 27
15 12
18 4
19 28
23 4
23 36
25 9
25 39
27 1
28 15
28 16
28 32
30 25
32 2
33 25
34 24
34 27
34 29
34 36
35 35
35 39
38 36
39 23
0 26
3 8
5 14
9 6
9 12
11 1
13 6
14 14
15 2
15 26
20 8
20 18
20 33
20 37
21 37
23 34
24 0
24 5
24 6
25 24
25 36
27 17
28 29
29 36
30 19
33 32
37 16
39 33
39 39
0 2
3 14
4 26
4 35
6 4
7 4
6 18
6 31
7 11
7 19
7 24
8 9
9 27
9 31
10 14
10 27
10 30
14 1
17 33
18 0
18 7
19 36
19 39
23 31
25 34
26 36
27 35
27 39
29 22
30 22
31 39
32 36
33 28
33 31
34 5
34 9
35 8
35 37
37 13
39 7
39 12
0 35
2 7
2 37
3 29
4 10
5 32
4 32
6 33
7 17
8 4
9 21
10 9
10 10
11 33
14 4
17 5
18 8
19 12
21 8
21 38
26 34
28 12
30 0
30 17
30 32
31 9
32 15
34 18
35 0
35 6
39 1
0 32
4 16
5 26
5 33
7 6
8 26
13 5
14 18
17 2
17 39
28 27
29 31
29 34
30 2
31 17
32 34
33 12
33 35
38 33
39 34
39 37
0 1
0 22
0 34
2 15
7 26
8 39
9 25
11 5
13 8
13 15
13 32
14 5
17 34
22 26
28 0
29 39
33 0
38 17
38 25
38 27
39 6
0 10
3 39
10 24
11 18
11 28
12 27
12 39
14 7
20 30
24 33
26 27
30 3
31 38
33 15
35 4
0 37
0 39
2 13
3 32
5 0
13 28
14 22
15 24
16 32
20 24
21 4
22 24
22 35
23 9
28 25
30 1
31 24
34 7
35 10
37 0
38 12
39 9
39 22
39 21
0 15
0 16
1 5
2 30
4 20
4 24
5 21
9 13
9 29
12 16
15 32
20 14
21 13
29 37
31 10
31 31
37 18
39 18
0 9
0 18
7 31
8 34
9 19
9 22
13 13
15 6
16 0
16 1
22 14
23 39
26 25
31 13
33 6
36 16
36 27
39 24
39 38
0 6
5 23
8 18
9 11
15 38
21 25
23 25
25 17
27 7
28 8
30 4
36 13
39 4
6 34
7 37
10 16
11 30
21 34
21 39
23 3
25 8
29 38
32 8
36 25
38 35
12 24
14 13
14 26
21 0
26 12
28 36
30 6
39 15
39 31
10 37
31 20
36 36
38 10
8 5
8 35
19 34
20 28
26 8
27 19
5 19
15 14
20 35
23 1
23 26
29 7
31 27
31 35
32 1
33 27
0 0
2 12
6 39
7 23
10 7
11 13
39 0
39 17
1 3
12 18
17 36
18 28
19 38
23 11
23 32
24 2
24 27
28 13
31 33
32 18
33 2
37 9
6 15
6 17
23 7
30 13
30 33
0 21
28 18
38 0
39 32
0 27
15 30
17 12
17 31
18 14
21 29
24 10
26 39
27 22
33 4
34 39
35 12
10 39
11 25
19 24
36 0
39 2
0 20
5 38
20 10
39 27
6 6
6 22
10 2
18 30
19 9
22 39
5 9
11 39
25 31
31 0
33 18
8 32
11 3
9 1
1 36
5 34
17 28
27 33
35 27
0 30
3 3
26 6
27 37
19 6
19 17
29 14
13 39
16 39
37 20
0 13
26 0
8 7
8 24
13 3
1 13
6 11
12 20
13 0
2 24
17 9
9 36
22 2
1 27
24 18
12 32
22 18
12 7
14 9
16 29
0 28
39 25
1 39
3 23
26 21
25 20
23 28
25 22
21 19
36 10
39 3
16 3
39 20
10 19
37 39
29 16
19 0
26 15
39 29
32 26
14 39
39 30
24 21
28 23
39 11
