1 1
3 1
5 1
3 4
3 5
7 4
8 4
8 5
11 5
13 5
15 5
16 5
17 5
20 5
21 5
18 5
19 5
11 7
10 7
15 8
17 8
17 9
17 14
17 15
17 16
17 17
17 18
17 19
17 20
17 21
18 8
18 9
3 21
4 21
6 21
9 21
14 21
15 21
11 21
12 21
8 21
13 21
14 16
14 18
3 23
3 26
3 29
3 31
6 26
6 24
6 25
7 26
7 24
7 23
9 23
10 23
1 26
1 29
1 28
1 32
1 25
1 33
2 32
3 30
4 16
4 18
6 16
6 18
7 16
7 18
8 18
10 18
9 18
4 19
4 30
4 31
5 21
7 17
7 22
7 27
7 29
7 34
7 35
7 36
7 32
5 34
6 34
6 35
6 37
2 37
4 37
8 27
8 29
9 29
10 29
11 29
8 28
9 28
9 30
13 9
13 12
13 13
10 12
10 11
5 11
7 11
5 7
5 8
2 8
5 9
5 15
3 15
3 17
8 11
10 14
12 11
12 12
13 15
14 8
14 19
14 22
15 12
15 17
16 4
14 4
16 17
16 20
16 16
17 2
12 2
17 13
17 11
18 14
18 15
18 16
18 17
18 19
18 21
19 14
19 16
22 14
24 14
25 14
26 14
20 17
20 21
21 17
20 22
20 23
19 7
21 7
19 22
20 3
20 6
21 6
20 24
21 24
21 27
21 28
20 28
22 5
22 8
22 10
26 10
26 8
26 11
27 10
22 28
24 28
22 29
22 31
22 34
22 35
22 33
24 31
25 31
21 35
23 14
23 15
25 15
26 15
27 15
26 16
27 16
30 16
31 16
32 16
33 16
34 16
23 34
23 35
26 35
30 35
31 35
32 35
28 35
25 12
25 13
26 32
31 32
32 32
29 32
32 33
26 37
28 11
28 32
29 8
29 5
29 6
28 5
29 28
29 29
29 30
28 28
28 25
25 25
25 26
25 27
28 27
30 14
32 14
32 10
30 17
30 18
30 19
31 17
31 18
31 19
32 17
32 18
33 17
34 17
34 18
35 17
37 17
35 18
36 18
32 20
36 17
35 19
35 21
35 23
35 24
37 19
37 23
37 24
38 23
38 24
38 25
23 20
25 20
28 20
29 20
27 20
29 18
29 19
25 19
24 19
30 25
30 29
30 31
31 10
31 9
30 9
31 15
32 15
33 15
37 15
38 15
37 13
37 14
38 9
33 9
34 9
35 9
36 9
38 12
31 24
31 36
32 11
32 12
32 28
35 28
33 7
33 21
33 33
34 8
35 20
35 22
34 22
34 27
34 24
33 24
36 13
36 24
36 28
37 28
38 11
38 16
1 8
1 37
2 15
2 20
3 3
3 8
3 27
3 37
4 1
5 6
5 14
5 13
5 31
6 31
6 4
6 10
6 19
6 38
7 33
8 12
8 24
10 38
11 8
11 12
11 17
11 27
12 5
12 26
14 26
15 26
16 26
14 28
16 28
16 30
16 31
15 25
15 27
16 27
16 24
14 29
15 7
15 36
17 36
18 36
20 36
17 32
17 33
17 34
18 33
17 38
18 37
19 32
19 36
21 36
16 3
16 12
16 18
16 29
16 33
17 1
17 3
18 10
18 20
19 19
20 14
20 32
21 32
21 26
22 30
23 9
23 28
24 10
24 30
25 7
25 35
26 2
27 2
27 1
27 4
28 1
30 4
34 4
35 4
32 4
34 1
34 2
35 1
35 2
36 1
36 2
37 1
36 3
36 5
35 5
36 6
38 1
33 1
35 3
26 7
26 9
26 20
27 17
27 27
27 38
28 26
29 24
31 3
31 28
31 29
31 34
32 34
33 35
34 33
35 13
37 22
37 34
38 8
38 7
38 19
38 32
38 33
1 30
2 1
2 6
2 9
2 10
2 11
2 12
1 11
2 21
2 25
2 26
2 28
2 29
2 36
3 14
3 22
3 24
3 28
4 5
4 17
4 22
5 10
5 18
5 26
5 38
6 9
6 13
6 17
7 6
8 23
9 22
9 38
10 2
10 1
10 6
10 13
10 22
11 3
11 4
11 6
11 11
11 16
11 15
12 1
12 10
12 38
13 2
15 2
13 1
13 25
13 26
13 28
13 30
14 3
14 5
14 9
14 12
14 13
14 36
15 1
15 16
15 18
15 20
15 37
16 8
16 36
16 38
17 24
17 31
18 2
19 2
18 34
19 21
19 31
19 37
20 4
21 4
21 10
22 3
23 3
22 9
23 21
23 22
23 29
23 31
24 18
24 35
25 2
25 36
26 3
26 12
26 13
26 25
26 36
27 3
27 9
27 35
28 2
29 2
28 7
28 16
28 38
29 21
29 25
30 8
30 24
31 6
32 6
32 24
33 27
33 28
34 11
34 12
34 26
35 29
35 31
35 32
36 15
36 21
37 35
38 3
38 29
0 6
0 9
0 10
0 12
0 13
0 11
0 17
0 23
0 24
0 25
1 7
1 14
1 19
1 27
1 38
2 2
1 2
2 5
2 7
2 31
3 25
4 0
6 0
4 8
4 12
4 26
5 0
5 5
5 25
5 33
6 36
7 3
7 25
7 28
7 39
8 39
9 39
8 16
8 17
8 36
9 10
9 11
9 14
10 34
11 0
14 0
16 0
18 0
19 0
11 32
11 36
11 37
12 13
12 35
13 0
13 10
13 22
13 34
14 2
15 0
15 30
16 15
18 18
18 35
18 38
19 12
19 39
21 39
22 39
23 39
24 39
24 38
20 1
21 1
22 1
20 27
20 38
21 38
21 23
21 25
22 15
22 20
22 18
24 0
25 0
30 0
31 0
32 0
38 0
37 0
28 0
29 0
36 0
34 0
24 20
24 26
25 32
26 26
26 33
28 33
26 34
27 25
28 39
29 39
30 39
31 39
32 39
33 39
34 39
29 7
30 2
30 3
30 36
32 36
33 8
35 0
35 30
36 30
37 30
35 37
36 14
36 19
36 23
36 25
36 34
36 35
36 38
37 38
37 8
37 16
37 33
38 10
38 13
38 20
38 31
38 39
39 2
39 4
39 5
39 26
39 36
0 7
0 38
1 13
1 20
5 37
6 11
6 23
8 3
8 35
9 12
9 15
10 0
10 5
10 27
10 30
10 33
11 35
13 35
14 27
15 6
16 19
16 32
17 37
19 6
19 13
20 12
21 14
21 22
23 19
24 13
24 15
24 37
25 11
25 37
26 1
27 0
27 11
27 32
27 33
28 18
30 5
30 30
30 34
31 4
31 33
32 13
32 19
33 18
35 38
37 7
37 9
37 21
39 16
0 34
0 35
3 2
3 9
3 35
3 39
4 4
4 27
4 33
5 28
8 1
8 8
8 32
9 3
9 24
10 21
10 28
11 38
12 20
12 32
13 19
13 31
13 39
14 32
14 33
14 37
14 39
15 13
16 6
16 9
16 25
17 6
17 10
17 35
18 7
18 25
18 29
19 15
20 37
21 18
23 10
24 12
26 27
27 22
28 29
28 36
29 1
29 12
32 23
32 27
34 5
34 36
35 36
36 36
35 11
35 33
36 31
37 3
37 10
37 20
37 27
38 4
38 22
39 29
0 2
0 16
0 18
0 39
1 0
1 31
2 17
2 19
2 23
2 33
3 13
4 36
5 2
6 8
6 20
6 22
9 5
9 27
9 33
10 19
10 37
12 0
12 9
12 17
13 6
13 14
14 7
14 25
15 4
15 28
15 31
17 4
17 7
17 27
19 26
19 27
20 11
20 18
20 19
22 6
22 13
24 4
24 7
24 9
24 27
25 6
25 30
27 8
28 4
28 6
28 8
28 12
28 19
29 33
29 34
30 6
30 28
30 32
31 26
32 3
32 7
33 34
34 10
34 15
34 37
35 8
37 39
38 30
39 20
39 25
39 32
39 33
39 35
39 37
39 39
0 1
0 3
0 28
1 18
3 16
4 7
4 32
5 30
6 33
7 19
7 30
8 30
9 9
10 8
10 17
10 31
11 31
11 33
12 3
12 7
12 25
12 28
13 23
13 33
15 9
15 11
15 22
15 35
19 23
20 39
21 3
21 12
22 7
22 24
22 38
23 8
23 16
24 29
25 21
28 21
30 26
31 11
31 23
33 5
33 10
36 10
38 17
39 12
0 0
0 22
0 32
1 16
2 35
2 38
4 38
6 7
8 6
9 7
9 20
9 36
10 15
12 14
18 24
19 9
19 11
19 17
19 30
20 16
21 15
21 34
22 19
23 12
23 33
24 17
24 34
25 18
25 24
26 19
28 30
29 4
29 14
29 31
29 38
31 14
33 0
33 22
34 3
34 21
34 25
35 15
37 2
37 5
38 14
38 38
39 3
4 20
5 12
5 35
7 10
7 31
8 19
10 25
10 35
11 2
14 30
18 11
19 3
20 7
20 10
24 25
26 0
26 31
27 37
29 16
29 35
30 37
31 37
32 26
33 2
33 6
34 23
39 23
39 27
0 29
3 12
4 10
6 29
7 0
7 2
7 13
8 14
8 34
8 38
9 31
10 10
11 14
11 19
11 26
14 17
18 13
19 8
19 33
20 0
20 29
21 31
23 1
24 3
25 10
29 11
29 17
30 10
30 15
30 20
31 31
32 31
36 12
37 32
0 8
1 15
5 24
12 24
13 4
13 11
13 38
15 24
15 38
16 14
17 12
18 32
18 39
23 23
25 8
27 30
29 22
31 25
33 4
34 28
35 6
38 26
4 29
10 24
10 39
13 18
14 20
17 28
21 8
32 1
34 7
0 5
1 4
3 0
3 20
11 23
14 23
16 2
19 28
22 32
27 13
27 39
30 13
32 29
32 37
35 27
38 34
39 19
2 4
4 15
4 23
7 7
7 15
12 27
20 2
21 20
24 2
27 5
27 31
33 14
37 36
39 6
1 24
3 6
4 11
9 4
21 29
22 27
26 38
33 31
34 19
39 24
6 1
12 29
21 16
23 37
27 28
39 22
5 16
7 5
9 0
14 15
16 23
22 11
23 25
33 32
0 37
6 15
7 12
13 8
13 36
17 26
26 4
26 17
28 15
31 8
33 20
39 1
2 13
3 18
4 34
9 16
28 10
29 9
0 26
5 4
8 26
15 14
23 0
25 16
34 13
37 12
6 39
12 30
20 9
25 28
39 9
7 21
20 35
31 2
17 30
17 39
24 32
25 39
29 27
36 4
11 18
21 21
22 17
22 36
27 18
1 34
6 27
9 2
17 0
20 25
26 6
35 34
36 7
38 6
37 25
0 14
20 20
31 20
32 9
11 9
23 36
37 18
28 24
32 21
35 25
13 16
16 34
18 22
39 15
35 16
35 39
3 32
21 0
38 28
1 21
27 14
39 17
16 21
34 35
7 37
39 0
23 5
17 22
