1 2
1 3
1 5
1 6
1 8
1 9
1 7
2 2
2 3
2 5
2 4
3 2
3 3
3 4
4 3
6 3
7 3
8 3
9 3
10 3
11 3
12 3
13 3
4 4
4 5
8 4
9 4
10 4
11 4
12 4
14 4
17 4
18 4
19 4
16 4
15 4
4 7
4 9
4 10
4 12
4 11
13 4
4 13
8 8
10 5
11 5
11 6
12 6
12 7
12 9
12 10
14 6
12 8
17 7
17 9
17 10
18 9
21 9
22 9
23 9
24 9
25 9
14 10
15 10
16 9
16 10
16 11
16 13
18 11
18 13
18 14
18 17
18 18
21 11
21 13
21 14
21 17
21 18
21 19
21 20
21 21
21 23
21 24
21 16
22 11
22 13
22 14
22 17
22 18
22 19
22 20
22 16
24 11
24 13
24 14
25 13
25 14
26 13
27 13
28 13
29 13
30 13
31 13
33 13
32 13
26 14
27 14
28 14
29 14
30 14
25 16
26 16
27 16
24 15
21 15
22 15
25 15
26 15
27 15
28 15
23 14
23 18
23 19
23 20
23 21
23 16
24 19
24 20
24 23
24 22
24 25
24 26
24 27
24 29
24 30
28 17
14 13
14 14
15 14
15 13
15 12
15 17
15 18
15 19
15 23
15 25
15 26
15 28
15 31
15 32
15 33
15 35
15 36
15 37
15 38
15 34
15 30
15 21
15 22
15 24
15 27
1 25
2 25
3 25
5 25
7 25
8 25
9 25
11 25
12 25
13 25
6 25
7 23
8 23
9 23
11 23
12 23
13 23
10 23
10 25
12 22
5 26
6 26
7 26
8 26
9 26
10 26
11 26
13 26
13 28
4 26
5 27
5 29
5 30
5 31
5 32
5 33
5 34
5 37
5 36
8 27
8 29
8 30
8 31
8 32
8 34
8 37
8 38
8 36
8 35
9 27
9 29
9 30
10 27
10 29
12 29
14 29
9 28
11 30
11 37
10 37
11 33
11 35
4 29
4 30
4 31
4 32
4 33
4 34
4 36
4 37
4 38
4 35
1 30
1 31
1 32
1 33
1 34
1 35
2 30
2 31
2 32
2 33
2 34
2 35
2 36
2 38
2 29
3 36
3 37
3 38
3 30
3 31
3 32
3 33
3 34
5 35
6 38
7 30
7 31
7 32
7 34
7 37
7 33
7 36
8 17
8 18
8 20
8 21
9 17
9 18
9 21
11 21
9 16
9 19
10 18
10 16
10 15
10 38
11 14
12 14
12 16
11 10
10 10
11 11
10 11
9 11
11 15
12 15
13 15
13 17
12 24
13 24
12 31
12 32
13 14
13 32
13 33
14 18
16 17
16 18
16 19
16 23
16 25
16 22
17 19
19 19
19 23
19 25
18 23
18 25
19 22
18 22
19 21
20 25
22 25
20 22
20 14
20 15
20 17
20 18
20 20
18 26
18 29
18 30
18 32
18 33
18 35
18 36
18 34
19 24
20 29
20 30
20 32
20 33
22 29
22 30
22 32
22 33
22 35
22 36
22 37
23 33
25 33
30 33
32 33
34 33
35 33
36 33
37 33
38 33
23 35
25 35
26 35
20 31
22 31
21 29
21 30
21 32
21 31
22 27
22 34
23 31
25 31
30 31
32 31
27 31
28 31
31 31
29 31
23 36
23 37
23 38
25 36
25 37
25 38
26 36
26 37
26 38
27 36
27 37
27 38
28 36
28 37
28 38
29 37
24 33
25 25
25 26
25 29
25 28
30 29
32 29
32 25
27 25
27 29
28 29
29 25
27 28
28 28
29 28
29 29
32 24
32 26
32 27
29 27
35 25
34 25
36 25
38 25
27 22
29 22
29 19
29 23
30 22
35 26
34 26
34 27
35 28
16 21
17 8
17 26
17 28
18 6
18 16
19 30
19 32
19 33
19 34
19 35
19 31
21 6
22 6
28 6
30 6
31 6
32 6
33 6
34 6
35 6
37 6
38 6
36 6
26 6
27 6
29 6
24 6
20 6
21 7
22 7
22 2
22 3
28 3
30 3
31 3
33 3
28 1
30 1
31 1
28 4
30 4
29 3
29 4
30 2
31 2
33 2
37 2
38 2
29 2
32 1
32 2
17 3
18 3
19 3
22 4
24 36
24 37
24 38
25 3
25 2
24 2
25 12
26 20
27 12
33 12
34 12
37 12
35 12
36 12
37 24
34 24
34 19
34 21
37 21
37 15
37 17
37 22
29 21
30 21
37 18
37 19
38 12
38 21
38 18
38 19
38 22
38 23
28 7
28 8
28 10
28 11
30 7
30 8
30 10
30 9
31 7
31 8
31 10
31 9
34 8
37 8
36 8
38 8
33 8
32 7
33 7
35 7
36 7
38 7
32 8
32 9
37 7
30 11
31 11
37 9
37 10
38 9
21 10
22 10
23 10
24 10
25 10
23 8
25 8
26 8
22 8
26 7
27 7
28 18
28 22
28 23
28 24
29 24
30 24
29 7
29 8
29 9
29 18
29 20
29 36
30 30
32 30
28 30
31 22
31 30
32 23
33 25
33 30
33 27
33 28
33 32
28 32
29 32
30 32
31 32
34 7
35 2
35 29
35 31
36 2
36 21
36 32
37 32
37 28
37 14
38 1
38 3
38 4
1 23
2 23
3 23
3 22
1 24
2 24
1 38
2 1
2 12
3 8
3 16
7 16
3 17
2 17
2 18
2 19
1 18
4 6
5 4
6 4
5 13
6 13
6 10
5 20
5 28
6 14
6 33
6 30
6 31
7 7
7 9
7 35
8 2
9 2
10 2
11 2
12 2
9 1
10 1
11 1
12 1
8 6
8 24
9 38
11 34
12 26
14 31
14 32
17 17
17 18
18 12
19 18
20 9
20 24
20 34
21 28
23 26
24 1
21 1
24 24
25 24
26 3
27 5
28 5
30 5
31 5
34 5
33 5
29 5
34 4
27 35
31 21
31 33
32 12
32 35
33 18
32 18
34 30
35 16
35 20
35 21
38 20
35 34
36 34
37 34
38 34
37 35
37 38
38 35
37 37
36 15
36 16
38 27
38 29
1 13
4 28
6 7
6 15
6 32
7 4
8 11
8 19
8 28
10 21
10 28
11 20
11 36
12 37
13 27
13 34
14 22
14 24
15 7
15 20
16 20
16 12
16 32
16 33
16 35
16 34
17 23
17 32
17 33
17 35
18 27
19 9
19 14
19 15
21 12
22 12
22 38
23 1
23 2
26 22
26 26
27 11
29 12
29 15
30 16
30 20
33 15
33 36
33 38
34 11
37 29
37 30
38 24
1 17
2 8
2 11
3 12
3 15
4 17
4 22
5 3
5 6
5 10
5 19
5 21
6 20
6 19
7 15
7 22
9 20
11 12
11 19
14 5
14 12
14 17
14 19
14 30
15 11
16 28
16 38
17 13
17 22
17 27
19 11
20 11
20 28
21 35
22 28
23 15
23 34
24 3
24 28
24 35
25 32
25 34
26 28
26 31
26 34
28 33
29 26
30 34
31 19
32 19
31 25
31 35
32 3
32 34
32 38
33 4
33 24
33 37
34 16
36 28
37 1
37 3
37 4
37 16
37 20
37 23
37 36
38 15
38 26
0 7
0 9
0 11
0 6
0 16
0 20
0 21
0 24
0 23
0 28
0 37
1 12
1 19
2 13
2 26
3 18
4 16
5 0
6 0
7 0
14 0
15 0
15 1
5 9
5 12
5 14
7 2
7 8
7 24
9 12
9 24
9 37
10 36
12 35
12 36
12 39
14 39
16 39
17 39
18 39
19 39
21 39
30 39
32 39
31 39
20 39
29 39
33 39
24 39
27 39
20 38
9 39
13 8
13 7
13 38
13 39
16 8
16 24
17 5
18 8
19 0
20 0
19 6
19 13
20 5
20 19
23 3
23 27
26 0
27 0
26 39
27 23
28 39
32 17
31 17
33 26
34 37
35 11
35 14
36 9
36 22
36 24
38 5
38 13
39 11
39 14
39 13
39 3
39 4
39 5
39 9
0 18
0 19
3 26
4 8
6 18
6 37
7 17
7 21
12 13
13 0
13 9
13 31
14 9
15 16
21 37
23 7
23 11
23 30
25 27
26 29
27 4
28 21
29 30
30 23
30 35
31 29
32 5
33 16
34 20
34 32
34 36
34 38
35 8
35 18
36 14
36 20
36 38
37 11
39 23
39 18
39 19
0 0
0 8
2 14
3 1
3 10
2 10
3 14
3 24
4 1
6 27
8 1
8 33
9 0
10 0
10 12
10 17
10 39
11 0
12 5
13 6
14 7
14 35
16 2
17 14
17 25
18 5
19 38
20 3
20 23
22 24
24 0
25 1
26 10
28 9
28 25
30 25
31 4
31 38
32 0
32 15
32 32
33 14
34 10
35 1
35 15
35 35
36 17
39 30
39 36
39 39
1 29
3 9
5 17
6 39
7 14
8 12
8 22
9 8
10 19
13 35
14 28
14 36
18 28
20 16
21 2
22 5
23 22
26 12
26 25
31 18
31 26
31 27
34 13
34 22
36 0
36 31
36 35
36 37
36 39
37 5
37 31
38 38
39 27
39 31
39 35
0 22
1 22
1 39
3 5
6 34
7 11
7 13
7 18
8 5
8 7
9 5
17 38
18 0
18 24
19 29
21 27
26 33
31 24
34 23
35 17
39 20
39 29
0 2
0 35
1 15
2 22
4 2
5 7
5 18
7 27
11 16
11 29
13 13
16 7
17 16
20 27
23 13
24 8
25 0
25 4
25 17
30 12
33 21
38 28
38 36
39 37
0 12
2 37
4 27
5 16
6 12
7 6
7 10
7 29
9 31
11 24
12 21
12 33
13 10
13 22
13 29
14 15
22 26
24 21
27 3
27 33
35 27
1 27
3 35
6 9
6 16
6 29
9 22
14 21
15 2
16 16
17 20
20 7
21 0
21 33
21 36
26 17
27 1
28 27
31 12
32 28
33 9
33 35
34 34
35 4
36 10
0 17
2 0
2 20
3 7
4 23
4 25
5 5
13 1
17 2
18 7
21 3
23 4
24 18
27 8
27 26
27 27
28 2
30 37
39 34
4 20
11 9
14 33
19 17
20 1
26 2
29 33
30 28
33 1
33 23
34 9
35 19
35 30
0 10
0 36
3 21
6 2
10 30
11 22
11 38
16 31
18 31
19 2
19 20
21 22
23 6
23 39
30 19
33 17
33 33
35 10
36 26
39 22
0 15
0 33
0 31
0 32
1 14
3 19
3 39
11 32
12 0
12 20
14 11
15 6
18 10
20 21
23 0
25 6
27 17
33 11
33 19
34 28
35 32
0 27
0 34
1 1
11 31
16 14
16 36
24 12
25 19
25 30
27 30
29 1
38 10
39 21
0 30
2 6
2 28
3 29
5 22
6 11
7 20
8 13
9 34
12 28
14 23
23 17
25 7
29 10
0 5
9 10
10 6
13 16
13 18
15 15
19 26
26 5
27 24
27 32
0 3
5 24
18 2
18 15
20 37
27 21
28 12
34 2
1 4
13 2
13 19
22 23
29 38
30 27
32 22
35 24
8 0
13 20
17 11
20 10
24 16
25 23
27 20
37 13
38 30
39 24
1 36
11 39
23 25
23 29
25 18
25 39
28 16
30 17
39 17
0 13
17 6
17 29
19 36
34 18
35 36
38 0
39 10
10 9
11 7
32 36
33 0
38 32
2 16
12 30
16 3
21 5
38 17
39 15
17 30
23 32
27 10
37 27
12 17
21 8
30 15
35 22
11 27
13 37
18 21
20 26
23 23
37 39
1 10
8 9
25 11
39 1
10 35
15 9
32 10
35 5
4 0
22 1
30 36
37 0
39 2
7 38
28 19
11 13
11 18
31 0
33 29
15 29
16 26
10 33
1 26
25 20
34 3
0 29
20 13
25 22
12 11
20 35
8 16
9 15
10 14
30 0
16 0
0 38
6 23
14 26
27 19
29 17
39 8
32 21
2 39
28 0
31 37
9 32
39 7
39 12
37 25
24 31
26 9
18 19
33 31
4 14
14 25
28 35
22 21
22 39
18 37
4 39
5 38
31 14
39 25
14 3
21 25
0 25
20 4
39 6
8 39
35 13
34 39
39 33
15 39
