1 1
1 2
1 3
1 4
1 6
1 7
1 10
1 11
1 12
2 1
2 2
2 3
2 4
2 6
2 7
2 10
2 11
2 12
2 13
2 16
2 18
2 17
2 9
2 14
2 8
2 5
3 1
3 2
3 3
3 4
3 6
3 7
3 10
3 11
3 12
3 9
3 8
3 5
4 1
4 2
4 3
4 4
4 6
4 7
4 10
4 11
4 12
4 13
4 15
4 9
4 8
4 5
5 1
5 2
5 3
5 6
5 7
5 10
5 11
5 12
5 13
5 15
5 18
5 19
5 20
5 21
5 22
5 23
5 27
5 28
5 29
5 30
5 31
5 32
5 33
5 34
5 35
5 36
5 26
5 9
5 14
5 24
5 17
5 25
5 5
5 8
5 38
6 1
6 2
7 1
7 2
7 3
7 5
8 1
8 2
8 3
8 6
9 1
9 2
9 3
10 2
12 2
13 2
17 2
18 2
19 2
22 2
23 2
24 2
25 2
26 2
27 2
28 2
30 2
34 2
35 2
36 2
37 2
32 2
33 2
38 2
31 2
21 2
20 2
12 1
15 2
16 2
29 2
11 1
11 2
17 6
19 6
22 6
23 6
24 6
26 6
28 6
29 6
21 6
10 6
11 6
13 6
14 6
15 6
18 6
20 6
6 10
6 11
7 10
6 6
6 8
7 9
10 9
10 1
9 9
19 15
22 15
24 15
21 15
11 15
14 15
13 15
15 15
16 15
17 15
7 15
8 15
19 14
10 14
11 14
14 14
13 14
15 14
16 14
8 14
19 8
19 10
19 11
11 8
14 8
10 8
11 11
11 12
14 11
14 12
10 12
13 8
13 12
15 11
15 12
16 12
15 10
21 14
21 8
21 10
21 11
21 12
22 8
22 10
22 11
22 12
22 13
24 8
24 10
24 11
24 12
26 8
26 10
26 11
26 12
28 8
28 10
28 11
28 12
29 8
29 10
29 11
29 12
36 8
36 10
36 12
37 10
37 12
38 10
31 8
31 10
31 12
33 8
34 10
30 11
28 13
28 14
29 13
32 10
23 8
23 10
23 11
23 12
27 10
27 11
27 12
31 13
32 8
32 12
33 12
35 10
35 8
22 9
24 9
26 9
28 9
29 9
30 9
23 9
24 29
24 38
24 32
24 33
24 34
24 36
24 35
14 29
14 38
14 35
14 31
13 29
8 29
9 29
10 29
14 19
14 20
14 21
14 22
14 23
14 24
14 26
14 27
24 23
24 18
24 20
24 24
24 25
24 27
27 23
27 14
27 18
27 20
27 21
27 17
27 19
27 16
27 24
36 17
36 14
36 15
13 19
13 20
13 21
13 22
13 23
13 24
13 25
13 26
13 27
7 19
7 20
7 25
7 22
7 23
7 18
7 24
8 19
8 20
9 19
11 19
11 20
10 20
11 25
11 22
11 26
8 23
10 25
11 24
11 28
14 17
13 17
14 18
13 18
14 32
14 33
17 29
16 29
17 19
17 23
17 21
17 24
17 25
17 26
22 21
22 18
22 17
17 17
19 29
20 29
22 29
19 19
19 21
19 23
19 24
19 25
19 26
19 27
20 24
20 25
20 26
20 27
22 26
22 27
23 26
20 38
16 38
17 38
18 38
21 18
21 17
21 23
21 25
21 26
21 38
22 38
22 22
23 21
25 10
25 11
27 9
30 8
32 13
34 8
34 12
37 14
5 37
14 37
20 37
16 37
17 37
18 37
20 31
20 32
20 33
20 35
17 31
21 37
22 37
23 37
25 37
21 31
21 32
21 33
21 34
22 31
22 32
22 33
6 9
7 38
8 38
9 38
10 38
11 38
12 38
7 35
9 35
11 35
12 35
7 30
7 31
7 32
7 33
8 30
8 31
8 32
8 34
9 30
9 31
9 14
10 13
10 37
7 37
11 10
11 37
12 37
12 14
12 15
12 18
12 21
12 22
12 23
12 24
12 26
12 27
12 28
12 29
12 25
13 13
12 13
14 9
15 13
15 20
15 19
15 17
15 22
16 20
16 23
16 22
16 24
18 36
19 9
19 32
19 31
20 18
20 14
20 15
20 11
20 12
20 16
21 30
23 22
24 22
38 22
26 22
28 22
29 22
30 22
31 22
32 22
33 22
36 22
35 22
26 23
26 24
28 23
29 23
30 23
31 23
28 24
29 24
30 24
28 25
29 25
30 25
31 25
31 29
31 32
31 33
31 34
31 31
31 35
29 26
30 26
30 27
31 27
31 28
34 22
38 14
38 18
29 18
30 18
32 18
33 18
34 18
31 18
29 17
30 17
32 17
33 17
29 20
38 19
38 20
38 33
38 28
38 24
38 26
38 30
25 9
26 18
26 20
26 19
26 29
27 29
26 32
26 33
26 34
26 36
27 32
27 33
27 34
27 36
27 35
28 32
28 33
28 34
29 32
29 33
27 31
28 20
28 19
29 19
30 19
32 19
33 19
33 20
34 20
28 31
29 31
30 7
29 7
30 10
30 36
33 36
34 36
31 26
32 26
32 29
32 32
32 31
33 29
34 29
35 29
34 26
33 32
34 32
35 32
35 33
33 31
34 31
35 31
36 33
33 27
33 28
36 28
36 11
36 30
32 30
33 30
34 30
37 11
37 13
38 13
38 25
38 31
38 34
5 16
6 18
6 21
6 22
6 23
6 24
6 26
6 30
6 31
6 32
6 33
6 36
6 34
6 35
6 37
7 21
8 4
8 9
9 13
9 15
9 28
9 37
10 19
10 36
11 36
12 36
13 36
11 21
12 12
12 16
16 16
18 16
12 34
13 30
13 34
15 21
16 21
16 30
15 30
17 5
19 5
22 5
23 5
24 5
26 5
28 5
29 5
27 5
25 5
21 5
22 4
23 4
24 4
26 4
28 4
27 4
25 4
11 5
12 5
14 5
15 5
17 7
23 7
20 7
18 24
18 25
18 26
18 27
18 28
19 36
19 38
20 5
20 13
20 21
21 16
21 35
23 16
23 17
24 37
25 19
27 6
28 21
28 30
30 12
32 7
32 27
33 10
34 28
35 11
35 12
36 4
36 6
37 4
37 6
37 7
37 5
38 4
38 6
33 6
33 5
34 4
36 9
34 9
35 9
36 13
36 16
36 34
38 15
38 16
38 27
38 29
38 35
1 17
1 18
1 22
1 23
1 24
2 22
2 23
2 24
2 25
3 22
3 23
3 28
3 29
3 30
3 31
3 32
3 33
3 34
3 35
3 36
3 37
3 38
1 28
1 29
1 30
1 31
1 32
1 33
1 34
1 35
1 36
1 37
2 29
2 30
2 31
2 32
2 33
2 34
2 35
2 36
2 37
2 38
3 19
3 21
3 26
4 19
4 20
4 21
4 22
4 28
4 29
4 30
4 31
4 32
4 33
4 34
4 35
8 37
15 9
16 1
17 1
18 1
19 1
17 18
17 33
18 19
18 31
18 32
19 22
19 37
23 1
24 1
25 1
27 1
23 28
23 34
25 6
25 23
25 24
25 28
26 30
26 35
27 30
29 21
30 16
30 21
32 21
33 21
30 38
33 38
34 38
35 38
32 38
36 38
38 38
37 38
29 38
31 14
31 17
31 19
33 37
34 37
34 1
35 1
36 1
35 3
38 3
35 16
35 20
36 7
37 27
3 25
6 3
6 25
6 27
6 28
7 4
9 20
9 27
10 26
12 4
12 20
13 37
14 13
15 35
17 10
18 10
18 9
19 20
22 16
23 15
23 32
23 33
23 35
24 17
25 3
27 3
26 7
27 15
28 3
29 3
28 35
28 38
32 36
36 5
37 21
37 23
37 33
3 15
7 17
12 6
12 8
12 33
13 7
14 3
15 16
15 38
16 34
17 4
19 13
23 3
24 3
24 13
25 14
26 3
29 36
29 37
30 1
30 35
30 37
32 23
34 5
34 25
35 14
35 15
35 25
35 30
37 30
37 34
37 37
38 5
0 26
0 27
1 8
3 16
3 27
4 39
26 39
28 39
31 39
32 39
35 39
8 39
15 39
17 39
22 39
10 39
11 39
19 39
34 39
7 34
10 7
11 13
12 39
13 5
14 0
21 0
15 18
15 26
15 29
16 0
16 8
16 31
18 0
18 35
22 36
25 8
25 29
27 22
29 34
29 39
30 32
30 33
31 38
32 28
32 33
36 21
37 19
39 25
39 29
39 31
39 32
39 35
39 37
39 36
39 34
39 27
0 24
1 19
8 24
9 6
9 12
10 11
13 3
13 39
14 34
15 4
15 31
16 39
17 36
18 21
21 13
22 30
23 27
25 12
25 18
25 20
25 30
25 36
26 13
30 34
32 14
32 37
33 39
35 28
36 3
36 20
36 23
36 24
37 3
38 32
39 19
39 24
39 23
0 25
0 37
0 38
1 5
1 9
2 21
4 18
6 0
7 16
9 36
10 10
10 17
10 35
11 27
12 3
12 19
13 0
14 4
16 6
18 3
18 23
18 39
19 35
20 36
21 36
22 7
23 18
23 23
23 39
24 28
25 33
28 18
29 29
29 30
30 28
31 4
32 3
33 0
33 1
34 17
35 7
35 37
37 9
37 20
37 28
38 0
38 39
39 26
8 18
10 28
12 17
15 1
15 23
15 37
16 5
16 19
17 3
19 3
19 30
20 4
20 8
23 24
27 13
28 7
34 3
35 0
35 4
35 13
39 8
39 7
0 20
7 0
8 0
13 35
18 5
18 7
18 8
20 0
20 19
21 21
21 39
22 1
22 28
23 36
25 25
28 29
33 26
33 33
34 11
35 17
37 26
39 1
39 16
39 15
39 14
0 12
0 11
0 13
1 25
3 24
7 36
8 16
8 33
9 17
14 36
15 27
15 32
16 17
17 0
17 22
17 30
21 9
22 20
25 32
25 34
30 0
30 39
32 0
33 7
33 9
33 35
34 0
34 35
39 30
0 14
7 39
8 13
8 22
8 28
9 32
9 39
13 33
14 16
14 30
15 0
16 4
16 7
18 15
19 7
20 17
21 27
22 25
23 38
24 19
26 28
30 13
31 7
33 14
37 36
39 3
0 7
1 16
4 14
4 27
6 13
7 14
9 25
14 25
16 11
17 27
21 7
26 25
27 28
32 6
34 6
34 27
37 24
0 17
0 18
2 28
5 4
6 20
7 6
8 21
13 9
13 38
16 28
17 16
19 4
20 34
26 21
27 0
32 5
32 20
34 33
37 17
38 11
38 21
38 23
0 3
0 4
0 36
0 33
0 34
6 5
6 38
9 4
10 33
17 8
20 1
20 28
20 30
26 1
27 38
38 7
39 11
39 20
0 23
0 30
0 31
6 14
6 19
8 27
23 31
28 36
31 21
33 24
36 35
0 1
0 32
1 0
3 0
11 34
18 29
22 3
23 0
24 16
25 22
25 27
26 31
30 20
36 25
39 13
1 27
2 15
2 26
3 20
4 0
4 23
11 7
13 16
14 7
16 10
16 13
16 26
17 14
19 0
19 12
23 20
24 30
27 8
0 10
6 7
6 12
17 28
18 14
18 17
22 34
23 25
28 1
33 13
39 6
39 28
9 23
10 31
10 32
11 4
16 33
18 34
21 4
27 27
31 30
32 16
39 4
1 21
33 16
34 24
35 6
37 18
2 0
8 5
8 25
9 0
10 22
12 32
20 23
21 22
30 31
36 31
7 29
9 18
10 30
18 13
20 10
20 39
24 14
26 37
28 0
31 24
35 34
36 27
0 35
8 35
10 21
10 24
11 18
17 12
24 7
29 16
30 3
33 4
8 12
9 26
16 25
21 24
21 29
24 31
38 17
0 0
6 17
7 8
8 7
9 34
11 23
19 28
10 15
12 0
12 11
22 0
28 17
37 1
6 29
13 11
24 21
28 26
31 15
35 26
3 18
14 10
16 35
18 11
29 4
35 18
17 32
21 19
26 17
30 15
7 11
11 29
16 36
25 16
36 0
15 8
17 20
23 29
29 27
34 19
0 19
15 24
34 21
39 38
0 28
31 9
8 10
13 28
24 26
37 15
0 6
6 15
14 2
0 22
38 9
23 13
25 0
0 29
4 36
11 9
27 39
7 26
10 5
24 0
25 39
30 29
37 22
0 2
25 38
39 33
32 25
9 8
14 28
26 14
32 34
5 0
0 39
17 34
19 33
36 32
11 16
22 14
19 16
36 18
10 3
22 19
29 14
13 31
39 18
31 11
19 18
28 15
1 38
35 36
27 25
39 39
31 36
22 23
33 23
1 13
3 13
38 36
25 15
27 37
13 1
30 5
39 22
36 29
38 12
36 39
2 39
4 16
12 30
14 39
3 39
37 8
39 10
2 19
24 39
6 39
30 6
5 39
39 2
