1 1
1 2
2 1
2 2
2 3
2 5
2 7
2 8
2 9
2 10
2 11
2 16
2 15
2 14
2 13
3 2
5 2
6 2
7 2
6 1
7 1
8 1
9 1
11 1
10 1
4 1
8 2
5 5
5 4
3 4
1 8
1 9
1 10
1 11
1 6
2 6
3 9
3 10
4 10
5 9
5 13
6 13
8 13
6 3
6 12
7 13
8 9
9 9
12 9
9 4
9 6
11 3
11 7
11 5
11 12
12 12
13 12
18 12
20 12
21 12
16 12
15 12
19 12
11 14
11 15
11 16
11 17
12 14
12 15
12 16
12 17
12 18
12 20
12 19
13 14
13 15
13 16
16 16
6 20
7 20
8 20
9 20
10 20
7 16
7 17
7 18
6 18
4 18
10 15
6 19
8 19
1 19
1 20
1 22
1 23
1 24
1 25
7 23
7 25
7 26
7 27
7 28
7 29
7 32
7 34
7 36
7 37
7 38
7 35
7 31
7 33
8 23
8 25
8 26
8 27
8 28
8 29
8 31
8 30
9 23
9 26
9 27
9 28
9 29
9 30
11 23
13 23
11 26
11 27
11 28
11 32
13 26
15 26
12 27
14 27
16 27
9 31
10 27
10 28
10 29
12 23
5 23
5 25
5 26
5 27
5 28
5 29
2 26
2 28
3 26
3 28
3 29
3 27
3 30
3 31
2 30
2 31
2 32
1 31
1 32
1 34
1 36
1 33
2 33
4 27
4 29
4 30
4 26
4 28
4 34
4 36
4 38
6 25
6 26
6 27
6 28
7 24
8 24
6 24
8 22
10 23
12 32
12 36
9 36
12 35
12 37
12 38
13 36
13 35
13 31
13 38
14 35
15 27
1 28
1 35
3 22
4 22
5 34
5 36
6 33
7 30
9 14
10 16
10 37
11 21
7 21
8 21
9 21
11 36
11 37
11 38
12 8
13 8
12 13
12 26
14 29
14 30
18 7
18 9
18 10
21 7
21 9
20 7
24 7
24 9
25 9
26 9
28 9
29 9
31 9
33 9
34 9
35 9
37 9
32 9
36 9
24 11
24 13
21 13
21 14
21 16
22 13
22 14
22 16
22 17
22 18
25 14
26 14
28 14
27 14
25 11
26 11
27 11
25 12
26 12
27 12
25 17
25 18
26 18
34 18
28 18
31 18
32 18
35 18
26 16
36 18
37 18
22 15
24 18
25 13
26 13
27 13
27 10
29 18
30 9
30 10
34 12
34 13
34 14
33 13
33 11
34 21
34 23
34 24
34 25
34 26
31 25
26 25
29 25
31 22
24 22
26 22
28 22
23 22
23 14
23 17
23 18
23 19
23 20
24 21
24 23
23 23
18 23
19 23
23 24
23 26
23 27
23 28
19 24
19 26
19 25
20 24
20 26
20 27
21 24
21 26
20 25
21 25
22 25
23 29
22 29
22 27
22 30
22 32
22 35
22 34
25 22
29 28
29 30
29 32
25 28
25 30
25 26
25 27
25 33
25 34
29 27
29 29
29 33
29 34
29 36
29 38
29 35
30 30
31 30
30 29
31 32
33 32
34 32
36 32
38 32
35 32
37 12
38 12
17 7
17 9
17 10
17 1
17 2
15 1
15 2
16 1
16 2
17 11
18 1
18 19
18 21
19 21
19 20
18 30
19 17
19 18
19 35
21 2
25 2
21 3
21 10
22 31
23 3
24 3
23 6
23 9
24 20
24 27
24 30
24 33
24 35
25 4
25 8
26 2
26 30
27 15
26 15
27 19
27 21
30 19
27 30
28 29
28 28
29 1
29 3
29 6
29 7
31 7
29 19
29 23
29 37
30 6
30 31
31 20
31 21
31 37
32 14
32 26
33 26
33 25
33 27
33 33
33 34
32 33
34 15
35 15
35 16
34 16
34 20
34 35
36 35
37 35
35 1
35 2
35 4
35 5
35 6
35 7
36 5
36 6
30 2
34 1
34 5
35 3
35 24
35 25
35 26
36 25
36 26
37 26
38 25
35 22
36 1
37 1
37 2
37 4
36 7
37 19
38 19
38 20
38 23
38 22
37 29
37 31
38 31
38 30
38 13
38 34
1 21
2 12
2 19
3 19
4 19
3 23
3 34
4 2
4 5
4 23
4 37
5 10
5 33
6 11
9 5
10 9
11 25
12 34
13 34
13 24
13 25
13 30
13 33
14 8
14 14
14 22
14 36
14 38
15 38
15 16
16 7
16 9
16 10
14 10
16 33
17 3
17 4
17 5
17 23
18 8
18 35
19 15
20 2
19 2
20 28
21 8
21 15
23 5
23 33
24 2
25 16
26 38
27 25
27 28
28 26
29 4
29 31
30 12
30 18
31 2
32 7
32 37
33 37
33 2
34 3
34 22
36 12
36 15
37 28
38 3
38 21
1 14
1 16
3 35
3 36
3 38
4 4
4 35
5 18
5 30
6 17
6 35
7 9
7 8
7 19
7 22
8 6
8 7
8 12
8 17
8 34
9 22
9 35
10 3
10 4
10 6
10 10
10 17
10 32
10 36
11 2
11 22
11 31
12 3
12 24
12 33
13 11
13 17
13 20
14 5
14 26
14 28
15 4
14 4
15 10
15 13
15 21
15 25
16 21
16 20
16 25
16 28
17 8
17 19
17 29
17 33
18 4
18 13
18 22
19 30
19 31
19 36
20 8
20 16
20 20
21 1
21 23
22 3
22 6
22 7
22 9
22 24
22 23
22 36
23 32
23 35
23 36
25 1
25 10
25 29
25 31
26 4
26 10
26 37
27 6
27 20
28 1
28 3
28 8
28 27
29 24
30 5
30 20
30 21
30 35
30 37
31 8
31 24
31 36
31 38
32 2
32 3
32 4
32 11
32 28
32 32
33 31
34 31
34 34
35 35
36 16
36 19
36 29
37 3
37 11
37 13
37 14
37 30
37 38
37 37
38 33
38 37
0 13
0 15
0 17
0 18
0 21
0 27
0 29
0 35
0 38
0 37
0 33
0 32
0 24
0 20
0 31
1 7
1 39
3 39
5 39
6 39
8 39
9 39
14 39
11 39
2 24
3 3
3 13
5 12
6 36
10 0
12 0
13 0
20 0
22 0
23 0
24 0
18 0
16 0
15 0
19 0
25 0
8 0
10 7
10 26
10 39
11 8
11 13
11 30
13 13
14 16
15 3
15 17
16 5
16 17
16 19
17 15
17 22
17 37
18 20
18 37
18 38
20 37
21 37
20 38
21 38
19 7
19 9
19 16
19 22
20 33
20 34
21 0
21 17
21 29
21 30
21 31
21 35
22 39
23 39
24 39
25 39
26 39
23 2
23 15
24 4
24 8
24 12
24 26
24 34
25 23
26 8
26 24
27 37
27 38
28 10
28 19
28 32
28 33
29 26
30 7
30 39
31 0
32 0
36 0
31 23
31 31
33 17
32 17
33 24
34 11
34 36
35 36
35 13
35 23
35 39
36 39
36 2
36 8
36 33
37 10
38 6
38 7
39 21
39 22
39 20
39 36
39 38
0 12
0 14
0 16
0 25
2 23
2 36
2 37
2 38
3 8
4 9
5 1
5 3
6 4
6 34
7 0
9 12
9 16
9 34
10 18
11 6
12 7
15 30
15 32
16 32
19 37
20 9
20 29
20 32
20 35
21 39
22 2
22 26
23 16
24 19
24 32
25 21
26 36
30 1
30 25
31 19
31 29
33 18
33 30
34 4
35 14
36 34
37 15
38 11
39 13
39 11
39 14
39 37
0 11
1 0
2 4
2 25
3 25
4 15
5 19
7 6
7 12
8 10
8 18
8 36
9 3
13 4
13 27
13 37
14 11
14 12
15 19
15 24
16 3
16 13
17 21
17 39
19 5
19 19
20 14
20 23
22 10
23 38
27 22
27 24
28 7
30 0
30 16
32 5
32 25
32 36
33 0
34 0
33 10
33 20
33 38
34 30
34 33
35 38
36 27
37 0
38 0
38 14
39 7
0 4
0 10
2 20
3 1
3 11
3 21
4 0
4 11
4 17
4 21
5 8
5 14
5 24
9 24
10 11
11 4
15 22
15 29
15 31
16 34
18 2
18 11
18 25
21 11
21 27
22 33
25 15
25 38
26 34
27 3
28 12
28 17
29 16
29 15
30 22
31 6
31 39
32 15
32 27
33 12
34 2
36 22
37 23
37 25
37 34
38 8
38 26
39 3
39 19
39 27
39 31
0 0
0 22
1 30
2 39
3 16
4 13
4 25
5 38
6 23
8 4
9 15
10 12
10 30
10 33
11 11
15 18
16 24
16 29
17 32
18 31
18 39
19 1
19 4
19 34
20 11
21 32
23 4
23 7
24 17
24 28
24 36
26 17
27 29
28 34
30 11
30 32
31 11
32 30
32 34
33 1
33 21
34 10
34 39
35 17
35 19
38 35
39 30
0 6
3 5
6 5
7 3
9 0
10 38
11 24
13 39
14 24
14 34
15 8
18 33
22 28
25 32
25 35
26 33
28 23
28 25
28 30
32 29
32 39
33 6
34 17
35 29
36 21
36 36
37 5
37 20
37 36
38 1
0 5
0 23
1 3
6 14
7 7
12 31
14 1
14 15
14 18
17 17
18 29
19 27
20 3
21 4
21 19
23 11
24 10
26 28
26 27
27 9
27 18
27 35
30 3
31 5
32 13
33 7
33 8
34 19
35 21
35 27
37 8
38 18
38 24
0 30
0 34
1 5
3 7
11 0
13 3
13 22
14 0
14 20
14 31
15 5
16 15
16 37
18 28
19 10
23 25
25 3
26 21
28 11
29 10
31 14
33 28
36 4
36 24
37 27
39 15
4 31
6 9
6 10
10 21
11 35
12 39
14 19
15 35
18 24
20 21
25 5
26 23
27 1
27 4
31 10
31 35
34 6
36 31
37 32
38 16
39 10
39 23
39 39
0 9
1 18
4 39
5 6
9 37
12 11
13 5
14 21
15 33
17 6
20 13
25 7
26 26
30 23
39 12
39 34
0 1
6 29
6 37
9 19
10 14
13 32
18 15
20 6
27 16
27 36
28 6
28 21
29 8
30 13
30 27
31 33
33 23
38 2
38 4
0 19
1 12
3 18
8 14
9 7
13 10
18 14
19 32
20 39
29 2
30 28
32 22
33 5
33 14
37 6
39 35
0 2
2 29
4 33
6 32
17 0
21 18
24 6
28 15
29 5
37 39
38 29
39 6
0 36
9 25
11 29
16 38
17 12
18 18
28 13
35 10
35 12
2 22
17 35
20 30
27 32
29 22
31 17
33 35
35 8
6 21
11 9
18 6
23 21
28 0
29 0
35 0
0 28
1 37
4 12
9 13
10 34
11 18
15 14
21 6
24 14
34 8
39 26
14 2
22 19
37 16
5 20
5 22
10 19
2 0
2 27
8 16
15 7
24 24
19 28
26 7
0 26
1 26
3 32
7 5
13 18
17 16
13 7
18 26
25 19
25 36
27 39
11 20
12 28
17 30
26 6
6 16
15 9
23 13
26 19
34 37
15 36
27 2
31 26
32 19
39 25
13 29
2 34
39 0
7 15
6 0
9 2
19 14
29 14
11 33
16 23
5 31
22 22
25 25
14 23
16 26
21 20
39 32
9 32
12 21
13 9
35 30
0 8
23 30
12 1
17 27
34 27
8 32
22 37
15 39
29 39
22 12
26 0
39 18
2 17
7 39
38 9
0 39
