1 2
1 6
1 7
2 6
2 7
2 8
2 9
3 7
5 7
6 7
7 7
3 8
3 9
6 8
2 1
2 3
6 3
4 3
4 1
5 3
6 4
3 4
4 4
3 5
7 4
7 5
8 3
8 4
8 5
8 6
9 3
9 4
9 5
9 6
9 10
9 11
9 12
9 13
9 14
9 15
9 16
9 17
9 18
9 19
9 21
9 24
9 20
9 23
10 3
10 4
10 5
11 4
12 4
13 4
14 4
15 4
16 4
13 3
14 3
15 3
16 3
17 3
19 3
21 3
23 3
24 3
25 3
27 3
28 3
29 3
30 3
32 3
33 3
34 3
36 3
37 3
38 3
35 3
31 3
22 3
18 3
20 3
11 5
12 5
13 5
14 5
15 5
16 5
17 5
19 5
21 5
23 5
22 5
20 5
11 6
12 6
13 6
14 6
15 6
16 6
17 6
19 6
20 6
18 6
11 10
11 11
11 12
11 13
11 14
11 15
11 16
11 17
11 18
11 21
11 24
11 25
11 27
11 26
11 22
11 19
11 20
12 10
12 11
12 12
12 13
12 14
12 15
12 16
13 10
13 13
13 15
16 13
16 15
16 16
16 18
16 21
16 24
16 20
16 23
16 26
16 22
19 13
19 15
19 16
18 13
18 15
18 16
18 18
16 19
19 17
20 15
20 16
27 16
32 16
33 16
34 16
35 16
37 16
38 16
29 16
22 16
25 16
31 16
15 13
15 15
18 17
11 8
12 8
13 8
16 8
19 8
18 8
20 8
17 8
14 8
16 11
19 11
19 10
18 11
11 9
12 9
13 9
11 28
14 16
14 18
14 21
14 24
14 20
14 23
14 25
13 21
13 24
13 20
13 23
13 25
14 22
16 14
19 14
16 27
17 13
17 15
17 16
17 18
17 21
17 22
17 23
17 17
33 22
25 22
31 22
27 22
29 22
19 22
23 22
17 19
18 14
19 9
19 24
18 24
20 9
20 10
21 9
21 10
23 9
23 10
27 9
27 10
32 10
33 10
34 10
37 10
36 10
38 10
29 10
35 10
28 9
31 10
25 9
25 10
26 9
26 10
26 16
30 10
21 15
23 12
26 12
25 12
26 13
26 22
26 18
26 19
26 23
26 24
26 25
26 26
26 27
26 29
26 30
27 14
28 16
30 22
32 14
33 14
34 14
29 14
32 12
33 12
32 13
33 13
33 18
31 18
28 18
29 18
33 20
31 20
33 23
33 25
33 29
33 27
33 28
33 30
33 31
33 32
33 33
33 34
33 37
33 35
33 36
35 22
37 22
38 22
12 23
13 22
13 29
13 30
13 31
13 32
13 33
14 7
15 7
17 7
21 7
23 7
27 7
32 7
33 7
30 7
25 7
26 7
20 7
27 5
27 6
28 7
28 5
32 8
33 8
27 8
28 8
29 8
33 5
34 8
36 8
15 21
15 24
15 25
15 20
15 19
14 19
15 23
18 9
18 23
19 23
19 7
19 25
19 26
19 27
18 26
18 27
20 17
21 22
22 17
22 19
22 20
22 21
23 19
23 18
23 20
25 20
24 19
24 20
24 25
24 22
24 23
24 26
24 27
24 28
25 18
25 21
25 23
25 24
25 26
25 27
25 28
25 29
25 31
25 33
25 34
25 35
25 36
25 37
25 30
26 6
24 6
26 4
26 8
26 21
28 19
29 23
29 25
29 29
29 31
29 33
29 34
29 36
29 37
29 38
29 32
29 28
29 35
30 23
30 25
27 31
27 33
27 34
28 23
28 25
28 26
28 27
28 33
28 32
29 24
28 24
30 18
30 19
30 33
30 34
30 36
30 38
31 33
31 34
30 32
31 32
30 35
31 12
31 13
31 14
35 23
35 25
35 29
35 27
35 28
35 30
37 23
37 25
37 29
37 27
37 28
37 30
37 31
37 34
37 35
37 37
37 32
38 23
38 25
38 29
38 28
38 30
38 34
38 32
38 33
37 33
36 23
36 25
36 29
36 27
36 28
36 30
36 31
12 7
13 1
14 1
15 1
16 1
13 7
14 2
15 2
16 2
17 2
20 2
15 22
15 34
16 34
17 34
19 34
20 34
21 34
22 34
23 34
20 33
21 33
22 33
23 33
21 31
22 31
23 31
20 32
21 32
22 32
23 32
24 32
15 32
16 32
17 32
15 30
15 31
16 31
22 30
16 35
16 37
16 38
17 35
17 37
17 38
19 35
19 37
19 38
20 35
20 37
21 35
22 35
23 35
22 37
23 37
23 38
17 36
19 36
20 36
21 36
22 36
23 36
18 35
18 37
18 38
18 36
24 38
26 38
8 37
9 37
10 37
11 37
12 37
13 37
14 37
8 24
8 25
8 27
8 28
8 29
8 30
8 34
8 35
8 33
10 29
10 32
10 34
10 35
11 35
1 24
1 28
1 34
1 31
1 32
1 37
2 28
4 28
5 28
4 24
5 24
6 24
3 24
4 25
5 25
4 17
4 21
4 19
4 20
5 17
5 21
5 19
5 20
5 12
5 13
5 14
5 15
5 22
6 21
1 17
1 19
1 20
1 22
4 34
3 34
4 30
4 31
4 32
2 30
3 31
3 32
4 35
4 38
5 29
5 30
5 31
6 22
6 29
6 30
6 31
6 34
6 35
8 38
9 38
11 38
12 38
13 38
14 38
7 38
1 13
3 13
1 18
1 21
1 33
2 33
2 32
1 36
2 14
2 19
2 38
3 28
3 33
4 12
4 8
4 10
4 37
5 11
6 13
6 14
7 13
6 38
9 28
9 29
9 35
10 25
10 27
18 32
20 26
20 27
21 16
21 20
22 4
23 4
24 4
22 7
22 29
24 10
24 13
24 12
25 11
26 35
26 34
27 17
30 17
32 17
34 17
29 17
27 26
27 24
27 38
29 4
29 26
31 26
32 26
31 28
29 30
30 13
32 6
32 5
32 9
33 9
34 9
37 9
36 9
35 9
37 5
37 7
32 27
32 29
33 6
33 24
34 19
34 22
34 29
34 28
34 30
34 33
35 20
35 34
37 6
37 11
37 12
32 11
33 11
34 11
37 24
38 24
36 24
38 11
38 12
2 23
6 23
7 23
2 31
4 13
4 26
5 2
5 26
5 34
7 6
7 17
7 29
7 36
9 36
11 36
12 36
7 35
8 1
8 18
8 26
9 2
10 9
10 10
10 11
10 12
10 13
10 14
10 15
10 16
10 17
10 18
10 26
10 33
12 31
12 32
14 13
14 29
14 30
14 31
16 12
17 12
16 33
17 14
18 2
18 12
21 1
23 1
24 1
25 1
27 1
28 1
29 1
30 1
31 1
32 1
33 1
34 1
35 1
36 1
37 1
38 1
26 1
22 9
22 10
22 25
23 8
24 2
24 11
24 21
25 19
26 36
28 2
29 2
30 2
31 2
32 2
33 2
34 2
35 2
36 2
37 2
38 2
28 15
26 15
28 17
32 21
31 21
32 23
32 24
32 28
32 32
33 17
35 15
36 15
36 19
36 35
36 36
36 38
34 38
37 26
36 26
38 21
38 26
1 14
1 26
1 35
2 13
3 14
3 20
3 38
4 22
4 36
5 8
5 35
6 6
6 9
6 15
6 33
7 14
8 12
7 12
8 13
8 14
9 32
10 28
11 31
11 32
13 28
13 36
16 7
21 25
23 21
25 25
26 17
27 13
30 6
30 14
30 21
30 28
30 29
30 37
32 22
34 23
34 25
35 11
36 37
37 36
38 20
2 2
2 24
3 1
3 17
4 18
4 23
5 18
5 23
5 38
6 16
7 9
7 30
8 20
9 1
10 21
10 22
12 1
12 21
12 24
12 27
14 17
18 34
19 4
19 30
20 25
22 1
22 12
23 25
24 14
26 11
26 28
28 22
28 34
30 12
31 17
31 25
32 15
33 15
34 31
35 14
35 21
35 38
37 18
38 7
38 9
38 15
0 4
0 2
0 11
0 12
0 15
0 16
0 21
0 18
0 25
0 35
0 36
1 1
1 3
1 9
2 5
2 17
2 18
2 20
2 29
1 29
3 27
4 27
4 2
5 16
6 39
5 39
7 0
10 0
11 0
12 0
18 0
19 0
22 0
7 21
7 31
8 2
9 9
9 27
12 22
15 33
17 26
17 27
17 33
20 0
21 17
21 39
15 39
23 2
23 11
23 13
25 2
26 5
27 30
27 39
28 31
29 11
31 35
33 19
34 4
34 37
35 8
35 39
36 4
36 12
36 13
37 17
38 17
39 6
39 8
39 14
39 17
39 12
39 36
39 37
39 38
39 33
0 6
1 25
3 19
3 23
4 9
4 11
6 25
6 28
7 34
8 19
11 23
13 27
13 39
12 39
24 0
27 25
28 4
28 6
28 36
28 37
31 8
31 29
32 31
31 31
34 12
34 15
35 36
37 15
38 4
39 13
39 21
0 19
0 33
1 5
1 27
5 4
7 22
8 11
9 30
12 30
14 28
15 12
17 29
18 5
18 7
21 19
22 24
27 12
27 18
29 27
32 25
32 33
32 39
33 21
35 6
35 24
36 16
36 34
38 39
39 7
0 1
0 26
0 32
0 39
1 8
1 12
2 15
3 6
5 37
6 12
7 1
7 24
12 17
14 9
14 34
14 39
15 11
15 14
15 16
16 17
21 28
27 11
28 38
29 5
29 12
30 5
32 37
34 13
34 32
34 36
35 26
35 35
36 18
37 19
39 24
0 20
0 29
2 22
2 37
6 20
7 39
10 6
15 10
15 35
20 28
21 21
21 37
23 28
24 9
24 24
26 14
27 15
27 23
28 39
30 20
31 0
35 0
32 30
34 0
36 0
38 0
36 22
38 5
38 13
39 11
39 35
0 5
2 27
2 39
7 25
9 34
10 36
12 25
13 2
13 11
13 19
17 20
18 21
19 12
23 27
24 15
24 16
24 33
25 4
26 20
29 0
29 13
31 9
34 39
36 11
37 4
3 30
4 14
5 27
7 10
8 7
9 8
10 2
12 33
17 0
15 0
17 31
18 39
20 14
20 22
21 0
21 11
24 7
25 6
30 16
30 24
30 31
31 27
34 27
1 10
3 16
4 7
4 33
6 10
6 17
7 3
7 28
10 31
12 29
14 0
14 15
15 18
21 27
23 16
29 15
30 8
38 27
39 20
3 10
3 36
4 0
6 32
8 0
10 30
11 1
12 3
13 12
15 29
16 25
23 0
23 17
24 18
24 31
27 27
28 14
30 0
34 5
0 37
8 15
10 8
10 38
12 20
13 26
15 8
17 1
23 6
28 0
36 5
3 3
4 5
14 32
19 2
24 36
25 13
26 33
26 39
27 2
27 35
27 36
28 28
31 11
36 20
39 15
3 35
5 1
7 8
7 33
8 17
13 14
16 9
18 30
19 32
19 39
20 23
21 4
21 30
22 38
23 26
27 32
28 20
29 19
30 26
31 38
37 0
39 39
0 0
1 30
2 10
8 32
15 26
17 39
20 30
21 26
22 14
22 18
22 22
27 29
35 19
36 39
2 34
15 28
17 11
18 22
18 31
20 19
20 20
28 10
29 7
30 4
31 19
2 4
6 2
6 5
7 27
8 39
9 39
13 18
27 4
28 29
33 4
34 34
36 7
39 32
7 18
8 31
16 39
19 28
20 11
23 39
25 17
0 34
2 0
9 22
17 9
18 10
20 1
24 35
31 15
34 18
34 20
39 26
8 21
22 39
25 8
27 21
31 23
32 20
39 5
0 7
0 31
3 12
6 19
12 35
14 10
26 37
31 7
38 31
39 30
16 30
19 20
23 30
24 37
37 8
37 21
6 0
8 10
11 34
14 36
16 36
20 38
20 39
22 28
25 15
32 4
33 26
35 33
0 17
5 6
11 3
14 35
15 37
32 0
0 14
26 3
36 14
1 23
3 21
11 7
15 38
39 28
4 29
13 0
16 10
21 2
37 13
5 32
8 16
9 0
23 23
24 34
29 21
3 25
16 0
18 25
30 39
35 17
18 28
39 0
10 24
25 32
38 19
39 9
0 28
14 26
24 39
31 36
35 31
39 34
0 13
1 38
20 31
32 18
36 32
1 16
9 7
20 18
6 36
11 39
19 33
8 23
19 21
39 23
39 29
27 19
21 12
33 0
0 24
21 8
27 0
39 18
0 3
4 16
23 14
0 10
20 24
32 34
39 25
29 9
7 37
18 19
17 24
0 22
8 36
4 39
1 39
24 29
13 16
10 19
19 18
38 35
5 10
22 15
20 13
39 2
17 4
12 18
21 6
29 39
37 38
25 0
39 22
39 10
13 34
26 31
34 7
25 38
24 5
39 1
16 28
33 38
39 16
9 25
11 29
39 3
