1 1
1 2
1 3
1 4
1 5
2 1
2 2
2 3
2 4
2 5
3 1
3 2
3 3
3 4
3 5
4 1
4 2
4 3
4 4
4 5
5 1
5 2
5 3
5 4
5 5
5 6
6 1
6 2
6 5
7 1
8 1
10 1
11 1
12 1
13 1
14 1
16 1
17 1
18 1
19 1
20 1
22 1
23 1
25 1
28 1
29 1
30 1
31 1
32 1
33 1
34 1
35 1
36 1
38 1
37 1
27 1
26 1
24 1
15 1
8 5
9 1
6 6
6 7
6 8
6 10
6 11
6 12
6 14
6 15
6 16
6 17
6 18
6 19
6 20
6 21
6 22
6 23
6 24
6 25
6 26
6 13
8 6
11 6
7 2
11 7
12 7
7 6
7 10
7 11
7 9
8 10
8 11
8 12
8 14
8 16
8 17
9 10
9 11
9 12
10 10
10 12
10 14
10 16
10 17
10 18
10 20
10 21
10 22
10 25
10 26
10 27
10 28
10 29
10 31
10 24
10 19
12 12
13 12
9 6
9 7
9 13
10 7
10 13
10 30
11 14
11 17
11 20
11 21
11 22
11 19
13 17
14 17
15 17
17 17
16 17
13 20
13 21
13 22
13 25
13 26
13 27
13 29
13 31
13 32
13 33
13 34
13 35
13 36
13 37
13 38
13 24
14 20
14 21
14 22
14 26
14 27
14 29
14 32
14 34
14 35
14 36
14 38
14 24
14 28
14 30
17 20
17 21
17 22
17 26
17 27
17 34
17 30
17 31
19 20
19 21
19 22
29 20
36 20
31 20
32 20
33 20
34 20
37 20
21 20
22 20
23 20
26 20
25 20
21 21
23 21
38 20
20 21
20 22
23 26
26 26
31 26
32 26
33 26
28 26
29 26
25 26
30 26
16 21
16 22
17 29
18 20
18 21
18 22
18 34
18 30
18 26
18 28
20 26
18 24
18 25
17 25
18 31
18 32
16 26
16 27
19 25
23 28
24 26
26 28
31 28
32 28
33 28
34 28
28 28
29 28
35 28
25 28
30 28
13 19
14 33
15 21
15 22
19 34
20 28
20 30
20 31
20 32
20 33
24 30
22 30
21 28
21 31
21 30
21 32
21 33
21 36
23 29
24 28
27 26
30 20
11 13
12 13
14 13
12 20
12 21
12 22
12 25
12 26
13 23
19 23
23 23
26 23
30 23
31 23
32 23
33 23
34 23
25 23
15 23
17 23
23 24
26 24
25 24
12 23
17 24
17 32
19 31
19 32
19 38
16 38
17 38
16 35
22 26
22 28
23 27
22 27
21 27
24 23
24 29
25 29
25 31
25 32
31 31
31 32
31 34
31 35
31 36
31 37
31 38
32 31
32 34
32 35
32 36
32 37
32 38
32 33
34 31
28 31
28 32
28 34
29 31
29 32
29 34
29 35
29 37
29 38
19 37
28 33
31 30
32 30
33 30
34 30
28 30
29 30
35 31
36 31
38 31
20 37
22 37
24 37
26 37
27 37
27 31
27 32
27 34
27 35
26 34
27 33
26 33
24 38
26 38
27 38
23 38
25 37
25 38
26 22
30 22
31 22
32 22
33 22
34 22
37 22
35 22
38 22
29 22
35 20
24 22
26 27
31 27
32 27
33 27
28 27
29 27
25 27
27 23
28 22
30 27
30 31
30 30
31 24
32 24
33 24
33 29
31 29
29 29
30 29
32 29
34 25
23 25
26 25
31 25
32 25
25 25
36 34
36 36
36 37
36 38
38 36
38 37
38 38
34 37
34 38
35 37
35 38
37 25
36 25
37 26
37 34
37 36
37 37
37 38
8 21
8 22
8 25
8 26
9 4
11 4
12 4
14 4
18 4
11 3
12 3
14 3
13 3
9 17
9 18
9 20
9 21
9 26
9 27
9 29
9 30
9 31
9 32
9 35
9 37
9 38
9 36
1 29
1 30
2 29
2 30
3 29
4 29
5 29
7 29
4 30
5 30
7 30
6 30
5 31
5 32
5 35
5 37
5 34
7 31
7 32
7 35
7 37
7 38
6 31
6 32
6 34
1 38
3 38
4 38
3 37
2 37
4 35
3 34
4 37
6 33
7 33
7 27
7 15
7 16
7 17
7 23
7 24
7 25
7 21
7 20
7 22
1 24
1 25
1 26
1 27
2 24
2 25
2 26
2 11
2 12
2 15
2 16
2 17
2 18
2 19
2 21
2 9
3 24
3 25
4 24
3 16
3 17
3 18
3 19
3 21
3 22
3 20
4 16
4 17
4 18
4 19
4 21
4 22
4 20
4 11
4 12
1 11
1 15
1 16
1 17
1 18
1 31
1 37
2 14
4 36
3 36
8 38
8 36
10 3
10 8
12 8
10 35
10 37
10 38
11 38
11 32
11 34
12 17
15 4
16 4
15 27
15 35
16 20
17 28
18 5
18 6
18 7
18 9
18 10
19 5
19 6
19 7
19 9
19 10
19 11
19 15
19 18
19 8
29 5
29 10
29 8
29 7
29 11
29 15
29 18
29 17
29 13
29 14
36 10
36 15
36 13
36 12
21 5
21 10
21 7
21 8
21 11
21 15
21 18
21 14
21 13
22 10
23 10
25 10
26 10
27 10
23 5
25 5
23 7
23 8
25 7
25 8
26 8
27 5
22 8
22 11
22 15
22 18
22 14
22 13
23 11
23 15
23 14
23 13
25 11
25 15
25 14
26 11
27 11
27 15
27 14
26 15
27 18
26 18
24 11
24 15
24 14
24 13
25 17
27 17
26 17
21 9
22 9
21 16
25 16
21 17
24 16
27 16
29 9
30 5
31 5
30 11
30 7
30 9
30 14
31 10
32 10
34 10
31 11
31 13
31 14
32 13
33 10
34 15
36 14
36 16
36 18
38 10
19 3
23 3
25 3
21 3
21 2
22 3
22 17
23 4
22 4
24 3
24 4
26 16
28 16
29 12
30 12
31 12
32 12
32 9
34 9
34 16
35 15
36 3
36 5
36 6
36 7
34 7
36 8
37 13
38 13
37 12
38 12
37 11
37 14
37 16
37 17
14 10
14 11
13 11
13 9
15 5
15 6
16 5
16 10
17 15
18 18
18 33
18 38
19 24
20 2
18 2
20 6
20 7
20 9
20 14
20 12
20 13
21 12
22 12
23 12
25 12
27 12
24 12
22 2
24 2
23 37
24 7
24 8
24 24
26 6
31 6
28 6
28 9
28 13
26 9
27 9
27 19
28 23
29 6
29 21
36 21
35 21
30 3
31 3
30 4
31 4
32 4
30 19
35 19
32 19
31 33
33 13
35 11
36 33
38 33
37 33
37 32
35 32
38 3
38 4
38 8
38 26
38 27
38 29
1 10
2 13
2 27
2 38
3 30
3 33
4 28
5 13
5 14
5 23
5 20
5 16
5 17
5 18
5 21
5 22
5 36
6 9
8 37
11 26
11 27
12 5
12 33
12 34
13 2
15 14
18 19
20 19
18 29
19 13
19 33
21 29
21 35
22 16
23 6
24 25
26 3
30 35
30 36
30 37
30 38
33 9
33 15
34 2
35 2
32 2
30 2
31 2
34 34
35 6
35 10
36 17
36 32
37 4
37 5
37 7
37 18
37 24
37 35
38 35
38 11
38 28
1 21
1 34
2 10
2 34
3 11
3 12
4 13
5 11
5 12
6 29
6 37
7 19
7 36
8 31
8 32
11 5
11 15
11 37
12 24
12 29
12 32
12 35
12 37
14 18
15 10
16 15
16 30
17 2
17 4
17 5
17 6
17 13
17 37
18 37
20 20
22 29
27 25
27 27
28 17
30 13
32 18
33 34
33 36
33 37
33 38
34 8
34 36
35 14
36 11
38 19
3 8
3 9
5 19
7 28
9 9
9 28
10 15
11 28
14 23
15 11
15 20
15 28
15 36
16 14
17 9
17 16
18 15
24 27
24 36
26 32
27 4
29 3
29 33
30 6
30 10
31 17
31 21
32 21
33 21
35 13
35 30
36 4
37 23
37 29
38 2
38 9
38 17
0 7
0 20
0 22
0 27
0 31
0 26
0 35
0 36
1 9
3 28
4 9
4 15
5 24
5 25
5 33
7 5
9 0
15 0
16 0
17 0
7 0
9 8
11 2
12 36
13 16
15 26
15 34
15 39
21 39
17 39
18 39
23 39
28 39
25 39
28 38
34 39
35 39
16 6
16 23
16 28
19 36
20 11
23 35
26 0
27 0
37 0
33 0
34 0
35 0
26 36
29 4
30 24
30 25
33 2
33 17
34 6
34 18
35 5
35 7
35 25
35 36
36 26
36 27
36 29
36 35
37 6
39 2
39 6
39 9
39 4
39 18
39 28
39 30
0 14
1 28
2 28
6 38
9 33
10 36
12 2
13 0
13 13
13 18
15 38
17 10
17 14
19 28
20 15
20 36
22 36
24 10
25 4
25 33
26 12
28 7
32 0
31 0
32 3
34 19
35 33
38 0
39 8
39 27
39 26
39 29
2 33
7 18
7 34
8 33
9 19
10 34
11 25
11 33
11 35
13 4
13 8
14 37
15 16
19 16
21 4
22 24
22 39
24 5
24 35
26 19
35 3
35 12
38 23
39 11
39 12
39 14
0 10
1 0
2 0
3 0
4 0
5 0
1 14
1 39
4 14
5 7
7 7
7 8
8 13
8 20
8 39
9 16
11 31
13 30
14 2
16 11
17 19
17 33
20 8
21 26
22 35
24 34
25 6
26 39
31 9
34 14
34 24
35 34
37 3
0 3
0 4
1 8
4 10
4 32
8 15
10 2
10 4
11 0
14 0
14 31
16 34
16 36
20 3
20 39
22 5
23 2
26 21
27 6
29 36
30 34
34 21
34 29
37 31
38 30
0 2
0 5
8 0
8 24
8 35
10 9
12 0
12 15
12 19
12 31
20 10
20 23
20 29
22 21
24 39
27 24
27 28
28 25
30 21
30 39
33 16
35 16
38 32
39 5
2 36
4 34
4 39
11 29
15 30
16 8
16 9
16 12
18 0
18 3
18 8
22 0
25 13
26 5
27 8
27 39
28 8
32 15
33 35
37 19
38 5
38 7
4 27
8 3
8 9
8 23
10 39
11 12
14 6
14 19
15 18
16 31
16 39
22 32
27 36
28 21
29 25
31 15
35 18
38 14
38 16
39 3
39 7
39 17
39 33
0 24
0 28
1 19
3 39
5 15
8 4
9 34
10 0
14 14
16 25
19 30
19 39
27 13
30 0
33 4
33 19
33 33
35 9
36 19
37 8
37 39
39 35
6 39
8 7
11 39
12 11
22 33
24 20
32 8
33 7
33 39
13 7
14 7
14 9
21 6
23 19
24 17
24 18
26 35
27 22
28 11
28 14
28 29
32 32
34 3
0 15
0 39
1 23
2 22
6 35
7 12
8 30
9 22
9 25
15 24
18 17
28 20
4 25
6 4
15 8
22 19
22 31
23 33
24 31
28 10
33 25
34 17
0 16
0 18
1 32
3 23
11 8
11 18
17 18
18 23
19 14
20 18
23 18
25 22
29 2
32 14
34 11
0 25
1 6
2 6
3 6
6 3
8 27
9 14
10 11
11 16
12 14
15 32
19 2
20 25
26 14
37 21
39 24
5 28
13 28
17 7
20 27
22 23
29 0
29 16
3 15
3 26
4 23
4 31
5 10
9 3
19 12
20 5
23 9
38 25
38 39
0 6
0 11
4 6
12 38
15 3
15 29
23 0
25 9
28 0
28 12
30 8
31 7
0 34
11 10
14 5
14 25
23 22
39 13
39 25
0 23
10 23
12 9
16 2
18 27
26 31
28 2
30 18
39 19
0 17
0 19
15 7
19 0
21 23
34 5
34 13
1 12
12 27
14 16
20 34
25 2
27 20
30 32
31 19
33 12
36 0
0 8
8 29
28 18
32 17
36 24
36 39
0 30
15 15
32 6
38 34
39 36
10 6
11 23
12 6
22 7
27 3
28 37
30 17
33 31
37 10
21 1
22 25
26 7
0 13
0 29
2 31
21 37
24 32
25 34
28 15
28 35
36 30
37 27
3 35
7 26
8 18
13 10
21 19
21 34
23 30
27 30
0 21
5 8
19 35
32 11
8 2
13 15
15 13
20 38
23 34
39 38
2 20
17 12
22 38
5 38
28 5
36 2
14 12
25 0
9 5
19 4
20 16
36 9
6 0
26 29
0 1
23 16
25 30
34 27
36 22
39 37
4 8
29 19
0 37
34 32
2 23
29 23
0 38
25 18
37 15
20 0
32 5
0 32
3 32
39 15
30 15
7 14
16 37
0 0
18 35
18 11
19 26
39 0
29 39
2 8
7 39
19 17
19 19
39 31
39 22
21 22
9 39
5 26
32 39
39 10
31 39
36 28
17 35
24 21
35 23
39 39
14 39
34 26
10 32
13 39
39 20
6 27
39 1
