1 22
2 22
1 36
2 36
3 36
4 36
2 35
3 35
3 31
3 33
2 37
3 37
4 37
5 37
8 37
7 37
3 38
3 32
4 34
8 34
7 34
8 33
8 35
9 34
10 34
12 34
9 35
10 35
12 35
13 35
16 35
18 35
19 35
21 35
22 35
11 35
9 36
10 36
12 36
13 36
16 36
18 36
15 36
17 36
12 38
13 38
16 38
18 38
19 38
22 38
23 38
26 38
17 38
20 38
24 38
14 35
15 35
16 37
18 37
19 37
22 37
21 37
23 37
24 37
17 37
23 32
23 33
21 33
22 32
22 33
25 38
3 34
6 34
8 32
10 31
11 34
12 37
13 29
13 32
16 29
16 32
16 31
16 33
15 29
15 32
15 31
14 31
16 25
16 26
15 26
15 24
15 27
17 29
19 29
20 29
17 31
20 24
20 26
20 27
17 24
18 24
18 26
17 25
19 27
20 22
20 23
18 23
22 24
23 24
11 29
11 22
11 23
11 26
11 25
11 27
5 26
7 26
8 26
9 26
8 22
8 24
5 25
7 25
5 28
5 29
8 28
14 28
15 28
16 28
14 29
4 28
4 27
5 30
5 32
6 24
6 25
6 18
6 19
6 20
6 21
3 18
3 19
4 18
4 19
4 20
3 14
3 15
3 16
4 14
4 15
4 6
4 8
4 10
4 11
4 12
4 9
5 14
8 15
9 15
10 15
12 15
15 15
16 15
17 15
11 15
14 15
9 18
9 17
8 17
7 17
7 20
7 21
12 8
12 10
12 11
12 12
12 13
15 8
15 12
15 13
14 13
16 12
16 13
19 13
20 13
6 10
7 10
7 8
7 6
6 11
6 13
7 11
9 13
10 13
10 12
8 10
9 10
9 6
12 9
12 22
13 10
13 8
13 6
2 6
2 14
3 10
4 7
4 17
5 20
5 18
5 19
8 16
8 25
8 27
9 1
9 2
9 4
4 1
8 2
8 3
9 14
9 16
10 1
11 1
11 2
10 8
11 11
11 12
12 28
13 1
13 12
13 33
14 8
14 10
14 36
15 11
15 17
15 18
16 17
16 18
13 17
13 18
13 19
14 18
14 19
15 23
16 20
16 21
16 27
16 30
17 30
19 30
18 30
14 30
15 30
17 35
18 13
19 22
19 23
19 21
20 8
20 9
20 10
20 11
19 9
20 14
20 34
21 34
22 34
21 9
21 10
21 14
21 12
22 9
25 9
23 14
25 14
28 14
29 14
24 9
27 14
31 14
21 21
21 23
21 27
21 28
23 15
23 16
25 16
28 16
32 16
34 16
28 17
28 18
32 17
34 17
35 17
30 17
30 18
30 20
30 21
32 20
34 20
34 21
34 22
34 23
34 24
35 20
35 21
36 20
34 19
35 19
36 19
37 19
30 22
31 17
33 16
33 20
33 21
36 18
22 15
22 17
22 20
23 25
24 15
24 16
24 17
24 18
24 25
25 36
22 36
26 9
26 8
26 23
27 23
27 18
27 19
26 19
27 8
30 8
31 8
27 4
27 5
31 5
29 5
21 5
22 5
24 5
21 4
22 3
24 3
26 3
28 3
26 4
25 4
28 4
28 6
28 7
29 7
31 7
32 7
34 7
38 7
36 7
33 7
17 3
20 3
19 3
23 5
25 5
27 13
28 13
30 13
30 11
26 13
26 12
27 20
27 21
27 36
28 36
29 36
27 35
26 35
28 5
29 18
29 19
30 10
30 36
30 37
31 12
34 12
33 12
34 13
31 16
31 37
31 31
31 32
31 33
31 34
31 35
29 31
29 30
30 30
30 31
30 32
30 33
31 38
32 2
32 3
32 4
32 9
32 32
33 2
35 2
37 2
38 2
33 1
34 1
35 18
37 3
37 6
38 6
35 6
36 3
38 18
38 19
1 18
3 2
3 5
3 28
4 16
5 1
6 1
7 1
5 6
6 6
6 12
6 37
7 12
7 18
8 7
8 23
9 19
9 22
10 5
14 5
10 22
10 30
11 24
12 1
12 7
12 6
13 7
13 37
14 21
15 5
16 2
16 7
17 13
18 6
18 29
19 5
20 25
22 2
22 19
22 27
25 19
25 22
25 26
25 29
25 30
27 6
29 13
29 17
29 22
29 29
30 5
31 26
32 25
32 27
32 28
34 28
33 6
33 14
33 17
35 7
35 12
35 22
35 33
35 36
37 36
38 36
38 33
37 35
38 35
36 2
37 5
37 11
37 25
38 25
38 22
38 26
38 27
38 28
37 34
38 23
38 24
38 32
38 34
2 11
3 9
3 22
3 27
4 31
5 4
5 7
5 11
5 13
2 13
6 3
6 9
7 7
7 9
8 6
8 8
8 38
9 31
11 3
11 30
11 36
11 38
12 20
12 21
12 29
12 33
13 16
14 24
14 27
14 38
15 2
15 16
16 1
16 4
16 16
17 1
17 6
17 7
18 31
20 1
20 2
20 17
20 37
21 17
22 10
22 18
22 23
22 28
23 3
23 9
23 36
24 6
24 22
24 29
25 3
25 34
26 1
26 2
26 14
26 16
27 7
27 26
28 2
28 15
29 11
31 3
31 18
31 20
31 24
32 15
32 24
32 35
32 38
33 38
33 10
33 11
33 22
33 25
33 27
33 28
33 32
34 32
34 2
34 8
34 29
34 36
35 28
36 6
36 12
36 10
36 35
36 36
37 4
37 10
37 23
38 11
0 1
0 2
0 3
0 9
0 10
0 15
0 16
0 17
0 19
0 20
0 21
0 23
0 22
0 32
0 34
0 38
1 4
1 6
1 7
1 8
1 11
1 12
1 21
1 23
1 31
1 32
1 35
1 37
1 39
2 29
2 30
4 2
5 33
5 38
6 28
7 27
7 35
7 39
8 14
9 7
9 27
10 2
10 4
10 11
10 14
11 4
11 9
11 31
12 19
13 9
13 15
13 22
14 14
14 20
15 0
14 0
15 25
15 38
19 8
19 14
20 4
20 28
21 11
22 4
24 26
24 33
25 27
26 7
25 7
26 24
26 28
27 28
26 34
26 36
28 25
28 27
28 35
28 37
29 6
29 37
31 4
32 1
32 6
32 12
32 14
32 26
32 31
33 3
33 13
34 6
34 27
34 39
35 39
36 39
37 39
38 39
35 32
35 34
36 15
37 15
37 1
37 18
37 24
37 26
37 30
38 1
38 3
38 14
39 4
39 12
39 38
39 37
0 36
1 33
2 5
2 21
2 38
3 4
3 11
4 3
4 21
5 15
5 17
5 27
5 31
7 3
7 16
9 37
10 0
12 3
13 11
15 9
17 2
18 4
18 22
21 20
21 22
21 38
24 7
25 28
27 12
28 11
28 24
30 16
31 25
36 11
36 33
37 31
39 1
39 5
39 26
39 27
0 28
1 0
1 1
1 3
1 17
1 25
1 26
1 29
2 4
2 23
2 25
4 25
5 5
5 21
6 0
6 4
6 32
7 19
7 28
7 30
8 1
8 13
8 21
9 3
9 33
10 16
12 17
12 18
13 23
14 12
15 14
16 6
16 14
17 4
17 10
17 20
18 7
18 8
18 11
18 25
19 2
19 18
19 31
20 12
21 0
23 0
23 1
23 28
24 14
24 31
24 32
24 36
25 1
25 35
26 22
26 32
26 39
27 32
28 12
28 23
28 39
29 0
29 25
29 39
30 1
31 21
31 23
32 23
31 27
33 19
35 35
36 14
36 38
37 16
38 5
39 11
39 21
39 25
39 30
1 14
2 2
2 31
4 35
6 29
7 24
10 33
11 28
11 39
14 4
14 17
16 19
19 24
19 28
19 34
20 5
23 22
25 0
25 21
25 25
26 20
29 8
29 21
29 28
30 26
33 4
34 30
34 33
35 5
35 13
35 30
36 4
37 29
38 13
38 17
39 17
39 22
0 8
0 35
2 7
3 23
4 0
4 38
5 3
6 8
6 38
7 2
8 18
9 8
10 17
13 3
14 6
16 34
17 0
17 26
18 34
19 6
19 26
20 19
20 32
20 33
21 6
21 19
21 24
22 12
22 14
23 11
23 26
23 27
23 34
24 19
25 10
25 12
25 15
26 25
26 29
27 0
28 28
28 30
29 4
29 33
30 7
30 12
32 19
33 0
33 31
33 35
34 0
34 18
34 34
35 26
36 25
37 33
38 8
38 37
39 3
39 13
0 0
0 33
2 19
3 20
4 33
5 10
6 14
7 15
7 33
9 39
10 21
10 23
11 10
12 2
14 32
17 39
21 3
21 8
21 32
23 10
23 13
23 17
25 8
25 13
26 0
26 11
26 26
27 37
28 26
30 14
30 19
31 9
33 9
33 30
34 4
35 23
35 27
37 9
39 10
39 18
39 31
2 16
3 13
6 39
10 26
10 32
13 20
13 31
14 22
18 3
19 10
19 12
19 20
19 39
22 6
22 25
23 21
24 4
24 12
26 31
27 17
27 24
29 20
29 32
30 29
32 33
34 15
35 1
36 9
36 31
39 6
39 28
0 37
1 9
2 18
2 33
2 39
3 6
4 13
4 24
4 29
6 26
8 39
9 25
11 8
12 32
13 0
13 25
13 30
14 2
17 17
17 18
17 32
17 33
22 8
23 23
27 3
29 16
29 35
30 9
30 38
32 37
33 39
35 3
37 7
37 37
38 15
39 24
39 36
2 20
3 0
5 24
8 4
11 0
15 37
16 0
18 0
20 0
20 39
24 2
27 34
28 31
28 33
31 11
32 18
33 36
34 38
35 15
37 27
2 27
2 34
6 22
6 23
7 13
7 22
8 0
9 28
10 10
10 18
10 29
11 13
12 16
12 26
13 13
13 24
16 5
18 39
19 17
20 31
23 39
25 31
26 18
27 10
27 22
28 1
31 13
34 9
35 37
37 0
37 22
38 31
39 33
0 4
6 15
8 36
9 5
12 14
20 35
22 1
29 23
32 21
36 28
3 3
4 26
5 8
9 0
9 24
11 5
11 32
17 23
18 33
21 36
22 16
23 20
27 16
30 2
31 28
31 39
32 29
6 17
8 20
8 29
10 28
13 5
22 21
22 39
26 5
30 34
31 2
38 21
39 0
39 35
0 18
5 36
8 11
13 28
15 19
21 15
28 8
29 27
30 23
32 5
32 10
2 15
3 1
12 39
17 12
18 21
18 27
20 7
20 30
21 26
28 19
31 6
0 6
0 31
2 10
3 24
7 5
16 11
18 14
25 17
28 10
32 8
36 32
38 29
39 8
0 11
2 28
3 39
10 19
11 21
15 22
22 31
3 8
15 33
16 9
20 15
23 31
25 33
36 21
14 1
37 12
0 14
3 30
6 35
10 6
13 39
14 26
16 3
18 9
31 30
32 0
34 11
3 17
8 31
9 12
23 29
24 20
25 23
39 19
39 39
0 39
15 10
20 21
33 23
39 2
15 7
18 5
35 24
9 20
12 23
27 9
37 20
16 8
16 39
24 24
12 5
23 7
36 17
10 37
31 36
4 22
16 24
21 29
25 37
5 34
13 34
29 3
1 13
10 38
21 13
4 5
35 16
19 36
0 24
17 28
34 25
16 22
39 7
34 14
18 15
27 38
23 35
