1 6
1 7
1 8
1 10
1 11
1 13
1 14
1 15
1 16
1 19
1 18
1 17
1 12
2 6
2 7
2 8
2 10
2 9
3 6
3 7
3 8
3 9
3 11
3 13
3 14
3 15
3 16
3 20
3 21
3 22
3 24
3 25
3 26
3 27
3 28
3 29
3 30
3 33
3 34
3 36
3 37
3 38
3 35
3 31
3 23
3 32
3 18
3 17
3 19
4 6
4 7
4 8
5 6
5 7
5 8
5 9
5 11
5 13
5 14
5 12
6 6
6 8
9 6
9 8
10 6
11 6
12 6
6 11
9 11
11 11
12 11
13 11
14 11
15 11
16 11
17 11
18 11
6 15
9 15
11 15
6 20
6 21
6 22
9 20
9 21
9 22
6 23
8 6
8 11
8 15
8 20
8 21
8 22
9 18
9 19
9 23
9 24
10 11
8 19
9 14
9 17
11 18
11 19
16 21
13 21
17 21
6 10
9 10
11 10
12 10
14 10
18 10
19 10
22 10
23 10
24 10
26 10
27 10
30 10
29 10
21 10
25 10
6 17
6 18
7 8
7 11
8 10
9 13
10 20
12 21
15 21
16 29
16 34
16 37
16 36
16 38
16 23
16 26
16 27
16 35
20 10
28 10
4 13
4 14
4 15
4 12
5 21
5 22
5 24
5 25
5 29
5 34
5 37
5 36
5 38
5 32
5 33
6 29
6 34
6 37
6 32
6 33
7 29
9 29
12 29
9 34
9 37
12 34
12 37
11 34
11 37
13 34
13 37
14 34
8 34
8 37
9 32
12 32
11 32
13 32
8 32
9 33
12 33
11 33
13 33
8 33
9 36
12 36
11 36
13 36
14 36
10 34
10 37
10 32
10 33
6 31
9 31
12 31
11 31
8 31
8 30
7 30
7 32
7 33
9 38
12 38
11 38
10 36
6 12
12 12
13 12
14 12
15 12
17 12
18 12
19 12
9 12
8 12
7 31
8 17
9 35
12 35
14 35
11 35
13 35
10 15
10 19
10 38
11 12
12 18
13 23
13 24
13 25
13 27
13 28
14 8
14 13
14 16
14 17
16 13
16 16
16 15
16 19
17 13
18 13
19 13
25 13
26 13
27 13
19 16
17 14
19 14
21 16
22 16
23 16
21 14
22 14
14 23
17 19
17 29
17 34
17 37
17 36
18 29
18 34
19 29
19 34
20 29
21 29
22 29
23 29
24 29
25 29
21 34
22 34
23 34
24 34
25 34
26 34
20 34
22 37
23 37
24 37
25 37
26 37
20 37
18 35
22 35
23 35
24 35
25 35
26 35
27 35
29 35
30 35
31 35
33 35
34 35
35 35
32 35
28 35
20 35
22 38
23 38
24 38
25 38
26 38
27 38
20 38
23 36
24 36
25 36
26 36
29 36
30 36
27 36
28 36
17 27
17 31
17 32
18 31
18 32
19 32
21 32
22 32
23 32
24 32
22 31
23 31
24 31
17 35
18 2
18 3
18 4
18 5
18 6
18 7
18 8
10 5
11 5
12 5
13 5
16 5
10 3
3 3
4 3
7 3
8 3
3 1
10 4
11 4
7 4
10 7
13 7
14 5
16 2
16 3
16 1
19 3
19 4
19 5
19 6
19 8
19 17
19 33
21 33
22 33
23 33
24 33
25 33
29 33
30 33
31 33
32 33
33 33
34 33
36 33
37 33
38 33
35 33
17 33
18 33
19 37
20 4
20 14
20 13
20 33
21 3
22 3
25 12
26 12
27 12
30 12
33 12
34 12
35 12
36 12
37 12
38 12
27 14
27 16
27 17
27 18
27 19
30 14
30 16
30 15
22 17
23 17
24 17
25 17
29 12
29 32
30 32
31 32
33 32
30 24
30 25
30 27
30 28
30 29
33 27
33 29
33 30
30 26
36 27
38 27
35 27
36 24
38 24
36 14
36 16
36 17
36 18
36 20
36 21
36 22
38 21
36 25
38 25
37 27
37 24
37 21
37 22
37 25
17 28
18 28
19 28
21 28
22 28
24 28
25 28
26 28
28 28
25 27
26 27
27 27
27 28
19 24
19 25
22 24
22 25
22 21
22 22
19 26
21 24
21 22
22 23
22 26
23 24
23 25
24 24
23 22
23 23
24 21
31 16
31 21
29 21
29 25
29 23
31 23
31 19
31 20
32 12
32 21
32 23
32 24
33 23
34 21
34 24
32 22
33 22
34 22
34 18
34 19
34 28
34 31
38 28
38 30
35 19
35 17
35 18
35 20
35 25
36 15
37 31
38 14
38 19
38 23
37 23
1 23
1 24
1 25
1 26
1 27
1 33
1 34
1 35
1 36
1 37
2 14
2 15
2 19
2 20
2 22
2 23
2 24
2 25
2 26
2 27
2 28
2 30
2 34
2 35
2 36
2 37
2 38
4 25
4 26
4 28
4 33
4 38
6 5
3 5
4 5
7 1
8 1
7 20
7 21
7 37
8 2
9 2
9 4
8 13
10 12
10 29
10 27
10 35
11 9
11 30
13 17
14 22
15 22
15 1
15 7
15 16
16 4
16 18
16 24
17 2
17 3
17 4
17 6
17 20
18 18
18 20
20 9
21 9
23 9
23 6
23 7
24 6
24 7
26 6
26 7
27 6
27 7
28 6
27 8
28 8
33 8
31 8
32 8
24 5
26 5
27 5
28 5
37 5
30 5
34 5
35 5
26 4
27 4
28 4
27 1
30 4
27 2
27 3
29 4
30 3
29 3
25 6
25 5
31 3
33 6
33 7
37 7
37 8
37 10
32 7
34 6
37 1
37 3
34 1
35 1
38 7
38 8
38 9
20 15
21 15
22 15
20 28
21 37
21 38
23 3
24 8
24 11
25 11
26 11
26 18
26 24
28 15
28 18
28 20
28 14
28 22
28 31
29 9
30 9
31 9
29 15
30 30
30 34
31 34
32 34
33 34
31 18
32 26
33 3
33 13
35 13
37 13
38 13
33 38
35 38
32 38
34 7
34 11
36 11
36 26
38 26
36 36
36 37
38 36
38 37
35 36
37 9
37 26
37 32
38 6
38 29
38 38
2 3
3 2
3 4
4 2
4 4
4 21
5 3
5 23
5 30
6 30
7 15
8 9
11 16
13 10
13 18
14 1
14 9
14 14
16 28
16 30
16 31
17 15
17 38
20 22
20 25
20 36
25 18
24 18
25 20
25 26
28 9
27 9
28 16
28 25
29 26
30 13
30 20
30 37
31 11
31 24
31 38
32 3
33 1
33 10
33 19
33 37
36 1
36 2
36 4
38 15
38 34
38 35
1 2
1 4
1 32
2 1
3 10
5 35
6 24
6 25
6 35
9 9
9 28
10 8
10 10
10 14
10 28
12 7
12 17
12 23
14 15
15 10
16 12
17 30
18 30
27 30
20 30
21 30
22 30
23 30
24 30
25 30
18 17
19 15
21 1
22 9
22 13
23 13
23 8
24 1
25 1
27 33
28 19
29 6
29 14
29 16
30 11
30 21
31 5
32 5
33 24
34 29
34 30
34 38
36 7
37 2
37 6
37 36
37 37
38 1
38 3
0 12
0 21
0 29
1 31
4 1
4 32
5 0
6 0
7 16
7 19
7 39
8 16
11 26
12 24
14 0
13 0
14 21
14 24
14 25
15 15
15 17
16 22
17 10
18 23
18 39
28 39
29 39
19 31
20 3
20 8
21 2
21 4
21 13
21 31
21 39
25 0
26 0
25 7
26 1
26 19
29 5
29 27
31 27
32 6
32 9
32 14
32 30
33 21
35 2
35 7
35 21
35 31
36 3
37 16
37 39
38 0
35 0
38 20
39 2
39 11
39 9
39 29
39 35
1 9
2 13
4 20
4 22
4 27
4 39
6 16
7 2
7 10
8 4
8 14
8 18
9 1
11 14
12 4
12 25
13 26
15 5
17 26
18 21
18 25
19 2
20 16
20 24
21 23
21 25
22 18
22 27
23 2
23 18
24 25
26 20
26 33
27 26
28 27
29 22
31 17
32 2
31 2
32 32
33 28
34 2
34 13
34 17
35 4
35 11
35 37
36 32
37 17
37 18
39 8
39 34
0 2
0 4
0 23
0 27
0 39
2 16
4 16
4 36
5 18
7 22
8 25
8 26
8 38
10 21
10 24
11 1
11 7
12 2
13 13
12 13
13 22
14 37
15 13
15 30
15 27
16 17
16 32
18 16
20 19
22 0
25 4
25 31
26 17
27 15
28 29
30 0
31 0
31 15
31 31
32 25
34 16
35 6
35 9
35 26
36 0
37 4
37 34
39 3
39 10
39 17
0 25
0 26
1 22
2 5
5 20
6 38
7 5
7 6
8 0
9 16
10 18
11 17
12 30
15 0
15 8
15 19
16 6
16 7
17 7
18 19
20 26
22 2
24 22
24 23
26 26
28 32
28 33
29 34
32 17
32 29
32 37
32 39
36 19
36 34
38 22
38 31
0 13
0 14
0 35
2 33
4 11
4 24
6 1
6 19
6 36
7 12
11 27
13 2
14 29
15 20
15 23
15 35
15 36
16 14
16 20
17 23
19 1
19 7
19 22
20 32
23 11
23 28
24 4
26 8
26 22
28 17
29 8
30 2
33 11
34 20
35 28
36 8
36 38
38 32
39 26
39 25
39 37
0 7
4 29
5 31
7 0
9 3
13 38
14 26
17 18
17 22
19 30
22 36
23 21
24 0
27 25
27 31
30 8
30 38
32 13
33 31
34 4
34 10
35 24
38 16
0 24
0 36
6 13
10 26
11 25
12 0
12 9
13 31
15 2
15 26
16 25
17 1
19 23
22 6
23 15
25 14
28 1
29 20
31 12
32 20
34 36
35 16
36 31
37 28
38 10
39 1
39 4
39 36
4 37
6 4
13 1
14 18
15 3
15 4
18 24
18 36
19 27
21 0
23 26
25 21
26 39
27 11
29 24
0 1
0 15
0 32
1 30
5 28
6 28
6 9
6 14
10 31
13 8
18 27
20 39
22 11
26 23
27 23
28 0
29 37
30 19
31 22
32 19
33 18
33 36
35 14
37 30
4 9
5 5
11 29
15 38
19 38
20 6
20 20
21 19
21 35
29 31
31 14
34 34
39 16
39 28
39 30
39 38
0 10
7 34
8 8
12 19
13 20
19 9
19 39
20 5
21 8
21 21
21 27
24 13
29 18
30 31
31 30
33 9
35 22
36 5
39 0
39 7
0 28
1 5
2 0
2 18
4 34
5 26
8 29
10 39
13 39
21 17
23 1
23 5
25 15
26 9
26 16
27 39
28 7
28 12
29 2
33 5
35 39
0 20
3 12
12 28
14 30
17 5
22 4
24 9
24 12
25 25
26 14
32 16
33 14
34 23
0 8
0 33
1 28
2 11
4 17
11 39
13 16
14 7
23 14
37 14
39 32
2 21
2 29
6 7
8 36
8 39
11 23
13 4
17 16
18 14
22 5
22 7
31 4
31 7
33 15
36 39
37 11
39 13
39 21
0 6
0 19
9 27
10 2
11 13
17 25
26 30
28 3
32 1
32 27
34 3
34 32
37 20
0 16
1 3
4 0
9 7
9 30
28 21
39 14
39 24
0 11
0 22
4 30
10 0
11 20
14 31
16 0
31 28
33 39
39 6
36 13
39 23
7 28
9 5
15 37
19 35
21 18
34 15
34 25
34 27
1 1
18 37
23 39
24 39
25 24
29 29
34 0
5 10
6 3
12 39
13 29
16 10
27 24
31 25
5 39
14 39
36 10
9 39
16 33
28 23
30 17
1 38
6 39
10 22
17 8
18 9
24 20
25 39
28 38
15 34
17 39
36 23
9 0
15 29
18 1
39 27
0 34
15 28
26 3
37 0
30 6
36 28
25 32
34 8
0 30
11 3
19 0
19 20
22 39
38 39
2 39
24 27
33 26
8 35
0 37
5 15
14 32
24 16
8 23
12 15
14 19
22 20
27 0
31 36
19 18
24 3
28 30
11 21
30 23
3 0
27 20
29 28
11 8
14 33
30 39
19 21
38 18
38 5
2 31
13 6
28 13
39 12
20 12
27 37
1 20
26 29
9 25
27 34
16 39
6 26
19 11
36 35
39 33
31 10
3 39
