1 1
2 1
3 1
5 1
6 1
7 1
9 1
11 1
10 1
2 2
3 3
5 3
6 3
7 3
9 3
8 3
5 4
5 5
5 6
5 8
5 10
5 7
6 4
6 5
7 4
7 5
9 5
8 4
8 5
8 6
9 6
9 10
9 8
9 9
8 9
9 13
9 12
12 5
6 9
6 13
1 13
2 13
4 13
6 11
7 10
9 7
9 11
12 7
12 8
12 11
13 8
1 14
2 8
3 8
2 7
2 12
3 12
4 1
4 4
6 2
7 2
8 2
9 2
10 2
11 2
14 2
15 2
16 2
17 2
19 2
21 2
20 2
18 2
12 2
10 3
10 13
10 14
5 14
7 14
8 14
13 4
13 6
16 6
17 6
15 6
15 11
14 11
15 9
14 9
15 10
17 10
17 12
17 13
17 15
17 18
17 19
15 12
16 5
16 11
16 10
16 12
17 4
17 17
11 19
12 19
15 19
14 19
11 20
15 20
13 20
16 20
18 20
20 20
21 20
24 20
25 20
26 20
27 20
28 20
29 20
31 20
33 20
34 20
35 20
32 20
30 20
23 20
18 18
20 18
18 19
20 19
19 18
19 19
19 12
19 13
19 14
24 13
27 13
22 13
19 16
20 12
21 12
22 20
24 14
24 16
24 17
24 18
27 16
27 17
27 18
26 16
26 17
27 15
28 16
28 17
28 18
29 17
31 17
35 17
36 17
28 15
31 15
28 5
28 6
28 7
28 10
28 11
28 12
27 5
27 6
27 7
27 10
27 11
27 9
27 8
21 5
21 6
21 8
21 9
20 9
21 10
22 5
24 5
25 5
24 6
25 6
23 6
24 7
24 8
24 9
25 7
25 8
25 9
25 10
25 13
25 12
23 8
23 9
27 1
27 2
27 3
31 14
32 15
32 17
35 14
35 13
20 7
24 1
25 1
26 10
26 7
26 13
30 17
31 13
33 14
34 14
34 13
34 10
2 20
3 20
4 20
5 20
6 20
7 20
9 20
2 17
2 18
3 18
6 18
7 18
3 16
8 18
2 21
2 22
2 23
2 24
2 25
2 27
2 26
3 21
3 22
3 24
4 21
5 21
6 21
7 21
8 21
5 22
5 24
5 25
5 27
5 26
6 22
6 25
6 26
6 28
6 29
6 31
6 32
6 33
6 30
8 25
8 26
8 29
9 25
10 25
12 25
13 25
9 26
10 26
12 26
16 26
14 26
17 26
21 26
20 26
11 26
19 26
10 21
10 29
15 26
18 26
4 25
5 28
9 21
13 26
16 22
16 24
13 22
16 27
16 28
16 29
15 27
17 24
17 23
17 27
17 29
18 22
18 23
19 23
1 21
1 22
1 23
1 24
1 25
1 26
1 27
1 28
1 30
1 32
1 33
1 34
1 37
1 36
1 31
1 35
1 29
2 33
3 19
4 19
5 19
6 19
3 30
4 37
6 37
7 37
7 33
7 34
9 33
11 33
12 33
13 33
9 34
11 34
13 34
14 34
16 34
17 34
9 35
10 34
10 35
10 36
10 38
13 36
13 37
14 36
16 36
15 36
16 37
15 37
16 38
17 37
18 37
23 37
24 37
25 37
27 37
28 37
26 37
20 37
21 37
17 38
18 38
4 36
5 23
7 25
8 30
9 30
8 34
8 38
10 27
11 27
11 28
10 37
11 25
12 23
13 30
14 3
14 35
15 35
15 1
16 1
18 1
19 1
17 7
17 8
18 7
18 13
18 14
18 30
22 21
24 21
26 21
27 21
28 21
24 23
24 24
26 23
26 24
27 24
27 25
31 25
30 25
31 23
30 23
31 24
31 26
32 25
34 25
35 25
32 24
35 24
36 24
22 37
22 36
23 36
23 14
23 16
24 15
24 38
26 38
27 38
28 38
29 38
34 38
35 38
36 38
31 38
32 38
25 24
25 25
25 34
26 2
26 1
27 22
29 22
27 29
27 30
27 32
27 35
28 29
28 30
28 32
28 31
29 30
29 32
30 32
31 30
29 31
30 31
31 31
34 31
35 31
36 31
37 31
38 31
33 31
34 33
34 36
31 36
32 36
35 29
35 30
35 32
36 29
36 30
37 30
36 32
38 32
38 36
36 36
38 34
38 35
37 36
37 35
29 5
29 6
29 4
29 11
29 25
30 4
30 7
33 7
35 7
36 7
38 7
36 10
36 13
36 12
38 10
33 12
34 12
33 11
36 9
38 9
35 9
37 10
37 9
37 8
37 12
38 11
38 15
37 11
38 14
30 3
35 3
38 3
37 3
34 3
35 1
35 4
35 5
38 4
38 5
37 4
34 5
34 6
33 6
38 2
32 27
32 31
32 37
35 37
36 37
37 37
33 3
33 18
34 18
33 21
34 21
36 21
33 25
33 35
33 36
33 37
34 2
31 2
32 2
34 19
35 19
35 28
36 4
36 5
36 8
37 21
38 1
38 8
38 21
38 22
1 5
1 6
5 37
6 12
6 23
7 26
8 23
10 7
10 8
11 7
11 8
11 10
12 34
13 16
14 16
14 20
15 16
16 16
15 21
16 4
17 14
17 36
18 27
18 31
18 33
20 10
20 11
20 24
19 24
21 31
22 16
22 25
23 1
23 25
24 22
25 26
27 34
29 19
29 35
30 35
30 8
30 15
30 38
31 9
31 16
32 3
32 7
32 12
34 11
34 34
37 16
1 7
2 6
2 30
3 17
3 23
3 37
4 10
4 16
4 38
5 15
5 36
7 9
7 13
7 28
7 29
7 32
8 24
8 28
8 33
9 38
10 28
11 14
11 18
11 38
12 24
12 36
13 21
13 31
15 24
15 28
16 3
17 5
17 25
17 28
17 33
18 21
18 32
19 15
19 32
20 32
20 13
21 27
22 8
22 9
22 31
23 15
23 21
24 3
23 3
25 2
25 21
26 6
26 18
26 19
25 19
26 32
26 34
26 35
27 14
28 25
28 26
28 27
28 36
30 1
30 19
31 8
32 16
32 21
32 33
33 17
33 24
33 34
34 24
35 6
36 16
37 22
0 10
0 15
0 14
0 29
0 31
0 32
0 33
1 2
2 34
3 11
3 39
5 39
4 0
1 0
2 0
4 8
4 24
4 29
6 10
6 36
8 17
10 17
8 35
9 32
9 39
10 19
11 32
12 16
12 15
12 32
12 38
13 0
13 11
13 15
13 35
14 6
14 29
14 30
14 39
20 39
21 39
19 39
15 34
16 23
16 25
17 39
18 35
19 35
20 35
21 35
22 35
19 7
20 28
22 28
21 0
23 0
29 0
25 0
26 0
22 4
22 3
22 33
24 33
23 32
23 33
24 27
24 36
25 16
25 17
26 8
28 19
30 30
30 33
31 35
32 26
33 2
33 15
33 27
33 28
34 15
34 26
36 23
37 32
38 18
38 33
38 39
39 6
39 19
39 20
39 23
39 24
39 25
39 26
39 27
39 28
39 29
39 33
39 38
39 35
39 34
39 22
39 32
39 18
39 36
0 26
0 23
0 38
1 12
2 32
2 37
2 38
3 2
3 35
4 3
4 27
4 31
5 16
5 31
5 32
7 22
7 35
8 7
8 8
8 13
9 24
10 24
11 4
12 0
13 3
13 19
14 15
14 31
15 3
15 38
18 12
19 37
20 0
19 0
23 5
23 13
24 4
26 28
26 29
28 0
28 9
29 18
31 1
32 1
33 5
33 19
34 17
34 27
36 22
37 5
0 28
0 30
2 11
1 11
2 35
3 28
3 32
3 36
4 22
4 35
8 27
9 27
10 5
10 9
10 33
11 35
12 20
12 27
13 13
13 32
14 8
14 10
15 0
16 35
18 15
19 28
20 34
21 7
21 36
24 29
25 11
25 23
26 9
26 22
26 30
27 23
28 8
29 33
30 28
31 3
31 7
31 18
33 0
33 38
34 30
34 32
35 2
35 16
35 18
35 27
36 11
38 6
38 13
38 19
38 25
38 26
39 14
0 2
0 5
0 6
0 24
1 17
2 9
3 0
4 18
5 9
6 17
6 27
7 15
8 1
8 15
8 20
12 18
12 30
13 17
14 0
14 23
16 9
16 13
16 19
16 21
17 9
18 4
18 8
21 28
22 6
23 24
23 29
25 33
26 11
27 19
29 7
30 22
32 6
32 9
32 11
34 4
34 37
35 8
35 26
35 36
36 1
37 0
37 7
38 30
39 8
39 15
0 3
0 16
0 27
0 39
1 8
2 19
3 9
4 30
4 39
5 34
6 0
7 11
7 38
9 17
10 12
11 5
11 17
12 6
13 9
13 23
14 1
14 17
15 29
15 31
16 15
19 3
20 17
19 17
20 31
21 13
21 21
21 30
21 32
22 22
23 28
24 2
24 34
25 38
26 3
27 4
28 1
28 28
28 39
29 12
30 13
30 14
31 10
31 33
32 14
32 18
33 8
33 13
33 33
36 6
38 23
39 0
39 9
39 30
0 22
0 36
2 14
3 13
5 13
7 17
8 39
9 31
10 10
10 15
11 39
12 9
12 22
13 2
13 29
13 38
14 14
14 22
14 24
14 37
19 20
19 38
21 17
24 39
25 27
29 39
30 2
30 24
31 22
31 29
32 0
32 35
37 2
37 13
37 15
0 9
0 37
1 4
1 15
3 10
3 31
4 12
5 33
6 24
12 4
15 22
17 3
17 16
19 27
19 29
22 14
23 27
23 31
25 36
30 26
31 37
34 7
35 21
37 18
39 4
0 21
2 39
3 27
4 5
6 14
9 29
11 11
11 31
11 36
12 28
17 11
18 10
18 39
22 1
23 23
25 35
26 27
26 39
28 2
28 35
30 11
31 19
33 22
34 22
38 12
0 11
3 7
3 29
5 18
7 36
13 7
14 4
16 7
16 39
18 17
20 23
21 16
21 18
21 33
27 31
29 10
29 29
30 6
32 28
33 29
36 28
37 34
39 5
39 10
1 9
1 18
2 5
5 0
6 38
7 19
9 4
10 6
16 33
18 24
25 30
28 33
31 4
31 32
32 23
34 1
36 35
37 29
39 37
0 1
4 6
6 39
7 6
11 22
11 23
15 13
17 22
23 10
23 18
27 39
29 16
30 5
34 35
35 10
37 39
6 8
11 0
14 27
15 5
15 8
15 18
16 18
17 30
19 30
20 8
23 17
25 4
29 15
31 21
34 39
36 26
38 37
3 33
6 6
7 31
12 10
12 14
19 22
20 1
21 11
21 15
35 23
36 3
0 25
2 3
3 4
10 23
10 39
11 13
15 7
18 6
22 0
27 36
30 36
32 5
0 0
14 12
15 39
18 29
20 14
20 21
21 4
23 11
29 23
1 20
4 14
5 2
7 0
9 0
12 37
16 0
24 0
27 12
29 3
33 10
39 2
4 26
17 1
21 19
24 10
26 5
26 25
30 9
35 33
36 19
36 33
3 15
10 30
11 16
19 11
22 12
23 38
27 28
28 22
32 30
34 29
3 25
18 0
19 9
22 39
25 32
27 33
37 24
39 3
39 21
2 16
9 18
9 19
9 36
20 5
20 6
21 24
23 35
24 25
34 9
35 0
39 11
8 22
8 37
13 28
15 14
29 21
35 12
11 29
21 25
23 7
24 12
12 12
24 19
28 24
10 20
26 15
38 0
0 34
4 34
8 10
28 13
28 14
35 15
39 17
11 3
20 4
31 27
8 31
13 5
0 13
6 16
36 25
36 14
16 30
13 39
14 33
18 36
38 16
0 19
2 28
27 26
5 29
30 0
0 20
18 34
31 12
39 7
11 21
39 31
5 11
25 14
14 25
28 4
12 1
37 17
27 0
9 14
37 38
17 20
6 34
29 37
22 26
22 2
1 38
39 39
36 20
