1 4
1 5
1 6
1 7
1 8
1 10
1 11
1 12
1 13
1 14
1 15
1 9
2 4
2 5
2 6
2 8
2 9
2 10
2 11
2 13
2 12
3 4
3 5
4 4
4 5
4 6
4 8
5 4
5 5
5 6
6 4
6 5
6 6
6 8
6 11
6 14
6 15
7 4
7 5
7 6
7 8
7 11
7 14
8 4
8 5
9 5
11 5
13 5
14 5
15 5
16 5
17 5
18 5
9 6
11 6
13 6
14 6
16 6
18 6
19 6
12 6
9 8
11 8
13 8
14 8
18 8
19 8
12 8
10 6
10 8
7 13
10 11
10 14
14 14
18 14
19 14
12 14
16 14
17 6
17 14
6 10
7 10
6 16
9 10
10 13
14 13
18 13
19 13
12 13
13 14
14 10
18 10
18 11
19 10
19 11
16 13
17 13
20 13
22 13
25 13
6 12
7 12
9 14
10 16
14 16
18 16
19 16
12 16
14 17
14 18
14 19
14 20
14 21
18 17
18 18
18 19
18 20
18 21
18 22
18 23
18 24
19 17
19 18
19 19
19 20
19 21
19 22
19 23
19 25
19 24
20 16
22 16
20 17
20 18
20 19
20 20
20 21
20 22
22 18
22 19
22 20
22 22
22 23
22 25
22 26
22 27
22 28
21 16
21 17
21 18
21 19
21 20
21 21
21 22
23 19
24 19
24 18
24 20
24 22
24 23
24 25
24 26
24 27
24 28
24 29
24 30
24 33
24 34
24 35
24 31
25 18
25 20
25 22
25 23
25 25
25 26
25 27
25 28
25 29
26 22
26 23
26 25
26 26
26 27
26 29
26 30
27 23
29 23
30 23
31 23
32 23
34 23
35 23
36 23
37 23
38 23
33 23
27 25
29 25
30 25
31 25
32 25
34 25
35 25
36 25
27 26
29 26
30 26
31 26
32 26
34 26
35 26
33 26
29 27
31 27
32 27
34 27
36 27
38 27
33 27
29 29
31 29
32 29
34 29
36 29
38 29
33 29
37 29
29 30
31 30
32 30
33 30
28 25
28 26
28 27
28 29
28 30
28 35
34 35
33 35
28 33
32 33
34 33
32 34
33 33
34 31
29 31
29 32
32 31
34 32
33 32
28 36
28 37
28 38
34 37
33 34
34 36
35 29
36 32
38 33
38 32
14 11
15 8
16 16
16 17
16 18
16 19
16 20
16 21
16 22
17 10
17 11
17 16
17 17
17 18
17 19
17 20
17 21
17 22
17 23
17 25
17 28
17 27
17 30
17 31
17 34
17 35
17 37
17 38
17 36
17 24
17 26
17 32
18 12
18 15
19 12
19 15
20 10
20 11
20 15
22 15
21 13
23 15
24 13
24 11
24 24
25 24
26 18
26 24
27 24
28 24
29 24
30 24
31 24
28 32
30 35
31 35
30 30
30 33
32 28
37 27
37 33
5 7
6 7
5 11
7 9
9 9
13 9
8 11
8 10
8 9
8 14
8 22
8 17
8 18
13 22
10 22
11 22
13 16
13 19
13 20
1 22
2 22
4 22
5 22
6 22
9 17
9 19
9 20
9 21
10 20
11 20
11 17
11 19
5 21
6 21
9 16
10 21
11 21
12 21
12 22
15 6
16 12
23 23
23 25
23 26
23 27
23 28
23 29
28 31
30 37
31 37
30 38
31 38
33 28
38 34
38 35
2 31
11 31
4 31
5 31
7 31
11 30
11 24
11 25
11 27
11 35
11 34
12 24
13 24
12 31
13 31
14 31
15 31
12 30
13 30
14 30
15 30
14 28
15 28
15 27
12 35
13 35
14 35
12 34
13 34
12 33
13 33
14 33
15 35
2 24
2 26
2 28
2 33
2 34
2 35
2 36
2 37
2 38
12 36
13 36
14 36
4 36
7 36
6 36
4 33
7 33
6 33
7 34
4 37
4 38
7 37
7 38
6 37
6 38
8 33
8 37
9 38
3 9
3 14
4 11
4 35
5 20
4 20
4 19
2 19
2 18
3 18
3 19
5 24
6 24
7 24
5 36
5 37
5 38
6 25
6 32
5 32
6 35
8 13
8 32
9 31
10 25
10 38
11 38
11 7
13 7
10 7
12 7
12 23
13 29
14 29
5 29
7 29
10 29
3 29
17 12
17 15
18 28
18 29
18 30
18 31
18 32
18 33
18 36
18 37
19 29
20 29
21 29
20 28
19 30
19 31
19 32
20 30
20 31
20 32
20 33
21 31
21 32
21 33
21 36
21 37
21 38
22 32
22 33
22 37
22 38
21 34
22 35
20 26
20 37
20 38
23 38
18 34
20 7
19 7
21 26
21 27
22 34
23 11
23 16
23 18
23 20
23 24
23 32
25 21
26 21
29 21
26 35
26 36
26 37
25 36
25 34
27 34
27 35
27 36
27 37
27 38
29 11
29 12
29 14
29 15
29 16
29 17
29 19
25 12
26 17
27 17
27 16
29 28
30 11
30 12
30 14
30 15
30 16
30 17
30 18
30 20
30 19
30 13
32 11
32 12
32 14
32 15
32 16
32 17
32 18
32 19
32 13
34 16
34 17
34 18
35 16
35 17
35 18
36 16
36 18
38 16
38 18
35 11
35 12
35 13
36 11
36 12
36 13
36 14
37 12
37 13
38 13
37 15
34 11
34 12
34 20
34 21
35 20
35 21
36 20
36 21
35 19
36 19
38 15
33 16
33 17
33 11
33 12
33 13
35 8
36 8
36 4
36 5
36 9
30 4
30 1
30 2
30 5
30 6
30 7
30 8
30 9
32 7
32 9
36 7
37 7
37 8
37 9
37 10
33 10
35 10
37 4
37 5
37 14
38 14
37 19
38 8
38 5
38 9
23 4
24 4
26 4
28 4
23 5
24 5
26 5
28 5
27 5
24 6
26 6
28 6
26 8
28 8
27 6
27 8
28 7
27 7
25 5
26 1
28 1
25 1
30 3
30 31
30 36
31 4
31 10
31 11
31 12
31 14
31 15
31 16
31 17
31 13
31 6
31 7
31 8
33 4
34 4
31 1
31 2
31 34
32 1
32 3
34 3
35 3
32 10
32 20
32 21
33 21
35 37
36 37
35 36
37 36
36 6
38 6
37 6
37 38
35 38
36 38
38 31
1 23
4 23
5 23
6 23
7 23
3 23
1 34
1 35
1 36
1 38
2 1
3 1
4 1
5 1
6 1
8 1
9 1
10 1
3 2
4 2
5 2
6 2
8 2
9 2
10 2
7 2
9 3
7 3
2 3
3 3
4 3
5 3
11 3
13 3
14 3
15 3
16 3
17 3
14 1
15 1
14 2
15 2
16 2
18 2
2 17
2 25
2 27
1 27
3 24
3 30
4 30
3 34
3 35
3 37
4 14
5 15
6 26
8 3
8 31
8 36
10 36
9 15
10 9
11 11
11 12
11 13
11 18
11 26
9 26
9 28
12 12
14 4
15 4
16 4
17 4
18 4
14 15
14 24
15 13
16 26
16 27
16 38
19 37
23 3
22 3
22 2
24 2
23 13
23 34
25 4
27 30
28 15
28 16
28 28
29 2
29 3
29 7
29 36
29 38
31 3
32 37
33 22
34 7
35 24
36 24
37 24
35 32
36 10
37 1
37 2
37 28
38 28
1 19
1 31
2 7
2 32
3 17
3 22
3 25
4 15
5 28
6 29
7 17
8 29
8 38
9 36
11 28
12 3
12 20
12 37
15 14
15 26
15 38
16 7
19 1
21 1
19 38
25 35
27 1
27 12
27 31
28 21
29 1
30 32
31 9
31 28
34 34
35 14
35 15
36 15
37 22
1 1
1 18
1 30
3 16
4 7
5 16
7 30
7 32
8 28
9 18
9 27
10 12
11 4
11 29
11 33
12 15
14 9
14 32
12 32
13 32
14 37
15 12
15 17
15 18
15 19
15 20
15 21
16 8
17 9
17 33
20 1
20 36
22 12
23 14
25 2
25 6
25 10
25 9
26 12
27 4
27 29
28 11
34 28
34 38
35 9
36 28
36 30
38 30
37 35
38 17
38 22
38 38
0 2
0 7
0 15
0 17
0 20
0 25
0 29
0 27
0 28
0 12
0 13
1 0
1 26
1 28
3 8
5 12
7 7
8 6
8 34
10 39
11 39
13 39
15 39
16 39
12 0
17 0
20 0
19 0
21 0
13 1
13 23
16 1
16 25
18 35
19 36
21 7
22 7
22 8
21 11
22 14
26 3
29 6
29 37
32 32
33 31
33 36
33 39
38 39
34 10
34 13
34 19
35 31
36 36
38 0
39 17
39 20
39 21
39 26
39 37
39 34
39 35
0 21
0 30
1 21
4 34
5 14
5 35
8 15
8 21
9 29
9 34
10 3
10 28
12 5
13 25
18 1
18 9
19 9
19 28
21 3
26 14
28 12
28 19
28 20
29 18
32 39
33 3
33 25
34 5
35 33
36 39
35 39
37 30
37 34
0 23
0 26
1 24
2 21
3 10
6 3
7 21
10 5
10 24
12 27
13 15
15 32
16 28
17 2
21 28
24 3
26 34
28 2
28 14
32 4
34 24
35 0
35 5
38 2
39 1
39 28
0 16
0 18
0 39
3 33
3 36
4 27
7 18
9 7
10 23
11 14
12 9
12 10
13 2
13 17
16 34
21 2
22 0
22 1
22 5
22 24
23 22
23 33
23 35
24 10
24 21
25 0
26 38
28 17
29 39
30 21
32 0
32 2
33 20
38 12
39 0
1 37
2 20
2 23
2 30
3 6
3 11
4 24
5 30
8 12
10 34
14 7
15 10
18 7
20 9
21 15
22 9
23 2
23 7
23 10
29 5
31 33
33 15
35 2
35 4
36 22
37 21
37 32
39 3
39 38
0 19
3 26
5 33
6 9
7 22
10 15
10 19
13 4
14 12
15 16
23 39
27 14
27 21
29 13
32 8
33 7
34 2
36 31
37 18
38 19
39 14
0 4
0 24
2 2
3 28
4 12
4 26
5 39
7 25
8 26
9 13
9 32
10 10
11 32
12 19
13 21
16 11
20 12
26 2
27 27
28 34
30 34
33 0
34 8
37 20
38 4
39 25
0 34
0 35
3 0
4 32
5 10
6 31
26 39
29 0
31 22
31 36
33 5
33 18
35 22
39 5
3 31
3 38
4 29
5 0
5 27
10 26
14 34
14 38
16 15
19 33
20 3
22 36
24 7
27 9
29 4
29 35
30 10
31 39
32 38
33 14
39 9
39 19
0 11
1 3
4 0
6 34
6 39
9 25
11 9
11 23
12 25
13 13
13 18
15 0
16 30
16 35
16 37
20 39
25 14
28 3
28 23
38 24
0 1
3 20
5 8
5 25
7 1
8 0
21 35
25 17
27 15
27 19
30 29
30 39
33 6
39 6
3 13
3 15
7 35
9 39
10 31
15 29
26 28
27 39
37 39
38 26
6 20
8 16
10 35
16 0
20 6
25 8
26 7
26 31
27 11
29 22
31 5
34 22
39 8
39 22
1 39
6 13
8 8
13 37
20 25
22 11
23 6
26 0
33 1
39 36
0 38
1 33
5 19
21 25
24 17
25 33
37 16
39 30
0 0
0 5
2 0
4 18
10 30
16 10
18 27
21 30
35 27
8 23
9 0
9 11
9 33
13 10
24 32
26 9
38 10
6 27
9 37
15 33
19 2
19 4
20 27
24 12
29 8
7 28
13 0
25 37
26 16
27 33
39 4
0 6
0 14
0 36
2 29
21 10
22 39
23 37
37 3
8 20
12 29
12 39
15 9
15 22
15 25
24 38
28 0
31 0
37 37
39 11
8 19
14 39
17 29
24 15
25 11
33 9
9 22
16 31
21 5
4 39
14 27
20 4
28 9
38 36
4 9
14 0
24 1
29 20
36 17
38 7
7 39
21 23
22 21
30 27
31 31
34 15
39 32
11 0
12 17
22 17
24 8
39 39
11 16
18 0
39 13
4 21
13 26
39 33
0 10
2 16
12 38
20 34
15 36
17 8
23 0
25 39
0 31
5 17
6 0
11 2
37 11
39 18
0 8
10 17
39 15
0 3
34 30
22 4
23 30
25 15
35 35
12 11
13 28
32 24
15 24
9 4
37 0
18 3
11 1
22 31
30 22
39 12
21 39
35 7
25 19
32 22
39 16
11 36
20 23
33 37
32 6
24 16
26 32
36 33
7 15
18 38
27 18
2 14
27 22
31 18
8 24
25 30
29 33
30 0
0 22
6 17
2 39
26 20
29 10
16 23
36 3
1 16
32 35
28 39
0 32
20 14
14 22
26 13
36 26
39 29
34 39
22 29
39 27
20 8
18 25
37 25
19 26
24 36
21 6
19 5
39 23
17 39
