1 10
1 12
1 13
1 20
1 21
1 22
1 23
1 24
1 25
1 26
1 27
2 20
2 21
2 23
2 24
2 25
3 20
4 20
5 20
6 20
8 20
5 21
5 23
5 24
5 27
5 28
5 29
5 31
6 21
6 23
7 21
7 23
9 21
9 23
11 21
10 21
4 24
4 25
4 26
4 27
4 28
4 29
4 31
4 30
7 27
8 23
3 25
3 26
3 28
3 29
3 31
3 30
3 34
3 35
3 33
3 36
2 30
3 24
6 22
8 27
8 28
10 23
1 30
2 19
3 19
4 19
3 32
4 35
4 36
5 35
5 36
6 35
6 34
7 34
7 31
9 31
5 30
7 25
7 26
8 18
11 18
11 11
11 12
11 15
11 16
11 14
11 19
12 18
13 18
12 19
12 20
3 15
5 15
3 14
4 14
4 13
7 11
7 12
8 11
9 11
7 6
7 7
7 8
9 6
9 7
9 2
10 6
3 2
3 6
3 4
3 5
5 2
5 6
2 5
3 1
4 1
4 5
6 5
8 5
9 5
6 7
6 9
8 6
8 7
9 4
6 3
8 3
7 2
9 9
9 15
9 32
8 32
8 33
7 33
10 24
10 32
10 33
11 32
11 13
11 34
11 36
11 37
12 11
13 11
12 10
10 10
12 17
12 32
12 36
14 36
16 36
14 17
15 17
15 15
15 16
15 36
16 15
16 16
17 16
22 16
20 16
16 31
16 32
16 34
16 33
16 38
17 31
17 28
18 28
20 28
22 28
24 28
25 28
19 38
20 38
21 38
20 37
21 16
22 17
22 29
22 30
22 31
24 29
24 30
24 31
24 33
24 35
24 36
24 38
25 29
25 31
25 33
25 34
27 31
24 32
24 34
28 31
29 31
30 31
31 31
17 35
21 29
21 30
21 31
21 33
21 32
21 34
22 32
22 37
23 29
23 30
23 36
25 17
26 17
25 8
25 9
25 13
25 14
25 15
26 14
28 14
29 14
30 14
32 14
28 13
29 13
30 13
31 13
30 9
30 8
30 11
28 11
31 9
32 9
33 9
34 9
36 9
37 9
35 9
31 11
32 8
32 4
32 5
32 6
33 8
34 8
36 8
33 5
33 6
34 5
34 6
36 5
36 6
34 4
37 5
38 5
35 5
35 4
37 4
38 4
37 8
27 9
29 12
32 12
36 12
31 10
32 10
35 1
37 1
38 1
37 2
38 2
35 8
20 9
22 9
20 6
20 7
16 6
18 6
16 8
15 8
15 4
15 5
13 4
13 5
13 2
18 2
18 3
18 4
19 2
19 3
19 5
19 6
20 2
19 1
21 2
23 9
23 15
24 4
25 4
26 4
27 4
28 4
30 4
26 8
26 10
27 10
24 1
27 1
28 1
27 2
28 2
29 2
24 14
25 12
25 27
25 32
26 3
26 27
26 26
26 31
27 3
28 3
27 5
27 26
28 26
29 26
27 25
28 36
28 35
29 35
29 37
29 38
30 2
30 25
30 20
30 22
30 23
29 20
29 22
29 21
31 12
31 23
32 23
34 23
31 24
31 33
31 34
34 34
34 26
34 28
34 29
34 32
30 34
32 16
32 17
32 19
32 29
33 7
33 17
33 22
36 17
38 17
33 15
33 29
34 25
34 30
34 31
35 12
35 17
35 28
36 28
38 28
36 31
35 24
38 24
37 24
38 23
38 25
37 17
37 22
37 28
38 3
38 15
38 18
38 26
38 30
1 2
1 5
1 6
1 38
6 6
6 28
7 9
7 14
7 38
8 38
10 38
8 16
8 17
9 38
10 1
10 12
10 18
10 25
11 6
11 35
12 3
12 16
12 29
14 29
13 1
13 30
13 36
14 18
15 1
15 14
15 13
15 23
16 23
17 23
16 22
16 24
16 25
16 26
18 23
19 25
19 27
21 22
22 22
23 22
24 22
21 21
23 21
24 21
25 21
24 20
21 24
22 23
23 23
17 6
17 11
17 12
18 11
18 12
17 29
17 30
18 13
18 14
18 19
19 19
19 18
18 22
18 25
18 38
19 4
19 10
21 10
19 17
19 33
20 20
20 25
20 36
21 3
23 4
23 25
23 28
24 2
24 17
26 5
26 9
26 24
26 33
27 13
27 14
27 18
27 24
27 36
26 36
29 4
30 12
30 29
31 29
32 18
33 21
33 34
34 27
35 25
35 26
35 35
36 35
38 35
36 36
36 38
37 36
36 37
37 31
38 19
1 9
1 11
1 35
2 2
2 6
2 22
2 35
3 10
4 2
4 6
4 18
5 5
5 9
5 16
5 22
6 4
6 16
6 17
6 31
6 38
7 3
7 18
8 4
8 10
8 19
8 37
9 22
9 29
9 30
9 36
10 7
10 11
10 31
12 24
12 27
12 28
12 35
14 2
14 4
14 5
14 13
14 25
14 37
15 28
15 31
15 38
16 21
16 37
17 3
17 8
17 37
18 29
18 30
19 26
19 36
20 24
21 9
22 8
23 20
23 37
25 5
25 38
26 6
26 7
26 37
27 32
28 18
28 27
29 9
29 28
30 21
30 35
30 37
30 38
31 16
31 17
31 19
31 20
31 32
34 11
34 15
34 17
35 3
35 27
35 31
35 32
35 34
36 1
36 2
36 7
36 19
36 20
36 21
37 18
37 30
37 37
38 7
38 16
38 29
38 34
0 1
0 3
0 4
0 13
0 15
0 27
0 29
0 31
0 22
0 36
0 38
1 16
2 10
2 11
2 14
2 28
3 39
1 39
2 39
2 38
4 15
4 21
6 0
7 0
4 0
6 8
6 27
7 10
7 22
8 12
8 21
8 31
9 8
9 10
9 18
9 39
7 39
10 37
11 0
12 0
14 0
16 0
11 22
11 26
12 37
13 3
13 26
14 30
15 2
15 7
15 24
16 7
16 11
16 17
17 24
18 18
18 20
18 32
18 34
20 1
20 3
20 8
20 32
21 0
21 5
21 37
23 33
23 39
21 39
25 1
25 3
26 16
27 33
28 10
30 0
32 0
30 10
30 15
31 1
31 3
31 14
32 22
32 24
32 34
33 19
33 28
33 30
33 38
34 7
36 10
36 11
38 11
36 24
37 3
37 14
37 13
37 23
37 25
37 35
38 36
39 10
39 16
39 19
39 18
39 29
1 37
2 1
2 12
2 16
2 37
3 3
3 13
3 21
4 37
5 34
7 20
8 1
8 2
8 39
12 6
12 12
13 13
13 17
14 9
14 31
16 27
17 10
17 19
19 12
19 16
19 39
20 39
21 7
21 18
21 23
22 21
24 15
24 37
26 15
27 11
27 27
28 21
28 25
28 37
28 38
29 25
30 16
31 25
32 7
32 15
32 30
33 12
33 16
33 18
35 2
36 30
37 6
39 3
0 9
0 25
1 3
1 17
1 33
2 8
3 18
4 34
5 0
5 1
5 26
10 36
11 20
11 28
13 19
13 20
13 29
13 39
14 33
16 1
16 4
16 5
17 15
17 34
18 15
18 31
19 11
19 14
19 20
20 0
20 13
20 19
21 14
22 7
22 24
22 35
19 35
20 35
23 6
23 24
23 31
24 12
25 0
25 10
26 2
28 5
28 23
28 30
29 15
29 34
30 28
31 22
32 1
32 36
34 37
34 39
35 6
35 19
35 20
36 18
37 33
37 38
38 27
38 39
39 7
39 13
39 32
0 24
0 37
4 8
4 9
5 13
5 17
7 37
9 3
11 3
12 5
14 8
15 21
15 25
16 9
17 18
17 25
17 32
19 24
19 37
20 10
20 18
20 22
20 30
21 28
22 39
23 11
22 11
23 17
24 9
24 27
25 35
26 18
26 25
26 34
27 19
27 39
29 0
29 18
32 33
33 10
33 26
33 37
33 39
39 2
39 37
0 19
2 4
3 12
3 27
4 4
5 14
7 13
7 32
8 26
10 19
11 1
11 8
12 26
13 9
13 22
14 21
14 35
15 32
15 34
16 10
16 14
17 22
18 7
18 10
20 21
21 6
21 17
22 0
22 18
23 12
24 8
25 20
25 30
27 23
27 30
30 24
30 33
31 0
32 11
33 20
33 32
34 18
35 13
35 29
35 38
38 9
39 23
0 10
0 20
2 29
3 0
4 23
4 39
8 29
9 33
10 9
11 29
11 33
12 4
13 10
14 7
14 20
17 13
17 20
17 27
17 38
18 5
19 22
19 28
21 11
23 35
24 3
24 5
27 6
28 6
27 35
28 22
29 11
29 19
31 5
31 37
31 38
34 10
35 15
37 11
38 33
38 38
39 25
39 27
39 36
0 14
0 26
5 25
6 18
6 29
10 34
12 15
12 30
13 12
13 31
14 23
15 6
17 2
20 5
22 10
22 36
24 13
26 38
28 0
28 12
29 3
29 23
34 1
34 12
35 36
37 15
39 24
39 30
0 34
0 35
1 14
1 19
2 34
5 3
5 37
6 12
6 11
6 39
8 15
9 12
10 13
10 39
12 2
13 0
14 16
14 26
15 9
15 29
18 27
20 29
20 33
22 27
23 1
26 13
27 8
28 39
29 6
36 16
36 29
37 26
39 11
39 15
0 0
0 12
0 30
1 8
3 16
11 7
12 34
13 25
13 33
14 15
15 3
15 22
16 3
19 23
24 6
24 23
25 11
28 34
29 27
31 8
33 35
36 27
37 21
0 5
0 16
0 23
4 10
5 7
5 19
6 2
6 36
7 15
7 30
8 8
9 28
10 0
10 15
12 9
12 39
13 24
13 32
15 19
20 12
22 5
22 19
23 19
23 7
25 26
25 39
28 15
28 20
29 1
29 36
30 19
31 2
33 0
38 14
39 20
0 21
4 17
6 24
6 33
9 24
10 26
13 14
20 27
20 31
21 25
22 3
22 15
24 0
24 19
26 1
28 9
29 8
30 17
33 23
36 13
38 20
4 12
7 5
21 26
24 26
32 28
33 4
34 33
36 39
2 18
3 7
6 15
10 2
11 38
12 14
12 22
12 38
14 11
16 39
17 17
18 33
19 0
21 20
29 39
36 4
36 32
0 39
2 0
3 23
6 10
6 19
11 17
14 38
18 1
18 8
19 7
22 33
27 17
34 24
18 39
22 38
23 14
26 11
26 21
35 0
37 0
39 1
39 28
39 35
2 31
5 38
7 28
8 34
8 36
11 24
15 0
16 12
25 16
31 4
31 35
32 25
36 22
0 6
2 15
7 24
16 28
16 30
18 16
22 2
25 18
0 28
14 28
21 35
26 29
37 12
38 0
38 22
0 2
7 35
17 36
27 0
36 34
38 6
0 7
2 26
15 18
16 35
17 0
29 29
31 6
38 31
9 27
15 12
16 20
30 26
34 3
0 32
8 0
25 7
29 17
32 13
9 1
23 26
34 22
34 35
39 17
6 13
30 7
26 23
32 20
11 31
18 35
22 4
23 16
28 33
0 18
25 22
38 8
10 5
19 9
35 23
11 10
39 4
13 6
25 36
39 5
1 28
4 32
26 28
32 3
11 23
9 20
33 14
12 21
32 31
3 37
24 39
5 32
39 9
