1 3
3 3
4 3
3 2
4 2
4 1
5 2
7 2
5 1
6 1
8 1
10 1
9 1
2 2
3 8
3 10
3 11
5 8
5 10
5 11
7 8
7 10
10 8
10 10
9 8
11 8
11 10
12 8
12 10
13 10
14 10
15 10
16 10
17 10
15 8
16 8
17 8
10 12
10 13
10 15
10 17
10 18
10 19
10 14
10 16
5 4
5 9
7 9
10 9
9 9
11 9
12 9
13 9
14 9
15 9
16 9
6 8
6 10
6 11
6 18
6 19
6 20
6 21
6 14
6 15
1 18
3 18
3 21
3 22
3 23
3 24
3 26
3 27
3 28
3 25
4 18
5 19
5 15
5 16
6 9
7 5
6 5
6 6
7 19
8 19
8 18
7 20
7 21
8 20
8 21
9 20
11 20
12 20
8 10
8 9
8 13
9 16
9 17
9 18
9 26
6 26
7 26
9 22
9 24
10 3
10 4
15 3
17 3
12 3
12 4
13 3
15 1
15 2
17 2
15 5
15 6
17 5
17 6
16 6
18 3
20 3
21 3
22 3
23 3
18 5
18 6
20 2
21 2
22 2
23 2
24 2
26 2
27 2
25 2
19 2
10 5
10 6
10 26
13 26
14 26
15 26
17 26
18 26
10 24
12 24
13 24
14 24
15 24
17 24
18 24
19 24
20 24
24 24
25 24
16 24
18 17
18 11
18 12
18 14
11 11
13 11
14 11
15 11
15 14
18 18
18 19
18 20
18 21
18 22
14 22
16 22
16 20
17 19
17 20
17 21
17 22
19 17
24 17
21 17
22 17
25 17
26 17
27 17
28 17
29 17
30 17
31 17
32 17
19 11
19 12
19 14
19 15
19 13
24 14
25 14
26 14
27 14
28 14
30 14
31 14
33 14
34 14
35 14
36 14
37 14
38 14
19 18
19 19
19 21
19 22
24 18
24 19
24 21
21 18
21 19
21 21
21 22
21 23
22 18
22 19
22 21
22 22
22 23
23 22
23 14
23 17
23 18
23 19
23 20
24 20
22 20
25 18
25 19
25 20
26 18
28 18
29 18
30 18
31 18
32 18
33 18
28 20
29 20
31 20
32 20
33 20
29 23
31 23
33 23
34 23
35 23
29 24
29 25
29 26
29 27
29 28
29 29
29 31
29 32
29 35
29 36
29 37
29 33
31 24
31 25
31 26
31 27
31 28
31 29
31 31
31 32
31 30
33 24
33 25
33 26
33 27
33 28
33 29
34 24
34 26
34 28
34 29
34 32
34 35
34 36
34 37
34 38
34 34
34 33
38 24
13 23
14 23
15 23
16 23
20 22
23 16
24 13
23 13
23 10
24 15
25 13
26 13
27 13
25 12
26 12
27 12
28 12
30 12
31 12
33 12
35 12
36 12
37 12
38 12
32 12
27 8
27 9
28 8
28 9
28 10
31 8
31 9
33 9
35 9
36 9
37 9
38 9
28 3
28 4
28 5
31 4
31 5
31 6
33 4
33 5
33 6
33 7
35 4
35 5
35 6
35 7
36 4
36 5
36 6
36 7
37 6
37 7
38 7
32 8
32 9
32 5
32 6
33 1
35 1
35 2
36 3
25 15
26 15
27 15
28 15
30 15
29 15
27 10
29 30
29 34
30 8
30 4
30 5
30 6
30 3
32 10
33 10
35 10
36 10
37 10
38 10
33 16
29 16
25 16
26 16
27 16
30 16
31 16
34 5
34 6
35 16
36 16
35 32
36 32
37 32
38 32
35 35
35 36
35 37
35 38
36 35
36 36
36 37
36 38
37 35
37 36
37 37
35 34
36 34
37 24
38 8
37 8
11 19
12 25
6 25
10 25
8 25
9 25
8 26
8 27
8 29
8 30
8 31
8 32
8 33
8 34
8 35
8 36
8 37
8 38
7 27
7 29
7 31
7 32
7 33
7 35
7 36
7 37
7 38
1 29
1 32
1 33
1 35
2 32
2 33
2 36
2 35
3 32
3 33
3 36
3 35
3 37
3 38
4 32
4 33
4 36
4 37
4 38
5 33
4 29
5 37
5 38
5 32
1 31
5 29
7 28
10 29
10 30
10 31
10 32
10 33
10 34
10 35
10 37
13 29
13 30
13 31
13 32
15 29
15 30
16 29
16 31
12 29
12 30
12 31
12 32
14 30
14 31
14 33
14 37
14 38
14 35
14 36
12 37
12 38
11 38
13 37
13 38
17 33
18 33
21 33
22 33
13 2
11 2
13 5
13 25
14 25
15 25
16 25
17 25
18 25
19 25
13 36
14 17
14 15
16 7
16 14
17 35
17 36
18 35
18 36
18 37
18 38
19 36
20 36
19 37
19 38
20 37
20 38
22 37
22 38
24 37
24 38
25 37
25 38
26 37
26 38
27 37
27 38
28 38
30 38
31 38
32 38
21 37
23 37
23 38
31 36
32 36
31 37
32 37
18 13
18 15
19 33
20 1
21 1
22 1
23 1
25 1
26 1
20 12
20 15
20 16
20 17
20 18
21 16
20 29
25 29
23 29
25 26
25 27
23 27
24 26
24 27
24 28
25 28
26 28
26 29
27 28
26 26
27 26
26 25
26 27
27 27
20 28
17 28
21 4
22 4
23 4
24 4
26 4
22 5
23 5
24 5
26 5
25 5
23 6
21 11
21 36
22 14
25 4
25 34
27 34
27 3
28 35
28 36
25 36
29 6
29 3
29 4
29 7
29 8
29 9
29 11
31 7
27 11
29 19
30 19
31 19
32 19
33 19
36 19
34 19
35 19
37 19
36 21
36 22
33 21
34 21
29 22
31 13
31 22
32 13
33 13
34 13
35 13
36 13
37 13
32 24
32 25
32 26
32 27
32 28
32 29
32 30
33 35
33 36
33 37
34 9
34 31
35 22
35 26
36 26
35 29
36 31
37 26
38 21
38 22
38 35
1 8
1 10
1 17
1 23
1 24
2 11
2 14
2 16
2 17
4 14
4 9
4 10
4 11
4 12
2 22
2 23
2 28
2 34
3 34
4 34
4 19
5 17
5 36
7 14
7 34
9 23
9 30
9 31
9 32
9 33
9 34
9 35
9 36
9 37
9 38
11 14
11 29
11 30
11 31
11 32
11 33
13 17
12 17
14 1
14 2
14 8
15 4
15 13
16 1
16 2
17 4
17 23
17 32
19 3
21 38
22 10
22 9
22 27
21 27
22 31
23 31
23 32
22 32
22 34
22 35
27 36
28 11
29 10
30 24
30 25
30 26
30 27
30 28
30 29
30 30
30 31
30 32
31 11
33 3
34 1
34 12
34 15
35 15
36 15
37 15
38 15
34 22
35 33
36 33
37 33
38 33
36 2
36 11
37 11
38 11
36 20
38 37
1 14
1 25
2 15
3 6
3 7
3 14
4 30
5 6
5 26
6 2
6 7
7 6
8 28
10 23
13 13
15 35
15 36
16 35
16 36
19 30
22 30
25 25
25 35
26 30
26 34
27 20
28 7
28 16
28 25
29 5
30 7
32 7
32 11
33 2
34 10
36 18
36 30
38 20
1 4
1 9
1 19
2 8
2 13
1 13
3 5
2 5
3 20
4 27
6 16
6 17
6 37
6 38
7 13
9 3
9 12
9 13
11 3
11 24
12 16
13 12
14 5
14 6
14 16
14 34
15 17
15 34
16 16
16 32
17 7
17 27
17 34
18 4
18 27
18 34
19 20
20 9
21 34
22 11
23 30
24 10
24 32
24 35
25 33
26 33
26 36
27 22
27 29
27 31
28 26
28 27
28 31
29 21
30 36
30 37
32 1
34 4
36 8
36 17
37 18
37 21
37 22
37 27
37 28
38 25
38 28
0 1
0 4
0 9
0 12
0 15
0 17
0 25
1 0
1 2
1 30
1 34
2 27
2 29
4 21
4 28
5 5
6 28
7 7
9 0
12 0
9 10
10 28
11 12
11 13
11 25
11 26
11 34
12 15
14 0
16 0
15 18
16 11
16 39
17 1
17 14
18 7
19 35
20 14
23 23
24 1
25 6
25 10
27 23
28 0
29 0
30 0
32 0
37 0
34 0
38 0
38 1
38 2
28 28
31 1
32 31
34 2
35 3
36 1
38 23
39 1
39 2
39 23
39 25
39 27
39 29
39 30
39 31
39 34
39 28
39 38
0 13
1 5
1 22
2 3
5 7
5 24
6 36
7 4
7 18
8 3
8 12
9 7
10 7
11 37
12 21
13 27
15 12
16 3
16 17
16 26
20 13
20 33
21 15
25 23
27 21
32 14
35 24
38 26
0 3
0 39
1 16
1 39
2 6
2 26
3 17
4 4
4 15
4 22
4 23
5 18
5 30
9 19
10 36
11 0
12 39
13 1
13 8
13 28
12 28
13 39
14 3
14 18
15 27
16 28
19 9
19 16
21 7
21 9
24 8
26 6
26 8
31 3
31 10
31 35
32 35
33 34
34 7
34 16
35 11
36 27
38 30
38 39
0 5
0 37
1 11
2 20
2 24
4 35
5 39
6 13
6 27
6 39
11 4
14 12
14 14
18 8
18 30
19 28
21 10
21 32
26 39
27 25
29 2
30 2
30 9
31 39
32 39
33 33
34 30
35 21
39 3
38 3
39 8
39 39
0 23
1 26
2 12
4 24
6 0
8 5
8 8
10 27
13 4
13 18
14 27
15 7
15 33
16 33
18 2
19 23
19 31
21 28
21 29
23 24
26 3
27 0
32 23
33 22
37 34
39 17
1 7
2 31
3 31
4 13
7 15
7 22
7 30
9 4
11 7
11 21
12 5
12 6
13 6
16 13
18 23
19 39
20 11
22 8
24 31
24 34
27 18
27 39
30 13
32 16
39 11
0 24
0 31
2 0
2 10
4 31
5 20
6 32
7 1
9 6
11 28
12 33
13 0
14 29
23 15
23 26
25 39
28 6
30 20
30 23
33 15
33 32
35 31
38 16
39 22
0 16
0 27
0 35
3 4
5 21
6 12
8 22
16 21
17 11
21 0
21 14
21 31
22 0
22 16
23 21
24 6
25 11
26 0
28 19
28 23
32 21
36 29
39 21
0 0
0 11
1 20
2 1
2 21
4 16
9 29
11 18
12 11
12 26
15 28
22 13
24 16
24 23
28 34
39 4
39 33
5 34
6 29
6 33
15 31
18 32
22 29
26 20
26 23
27 4
28 13
28 24
30 35
35 8
37 16
0 2
0 14
3 1
4 0
12 7
15 22
16 5
16 19
19 1
19 26
20 0
21 12
21 20
27 35
28 39
30 39
31 21
33 11
33 39
3 16
4 8
5 0
5 3
5 14
6 35
12 2
15 19
16 15
20 21
23 34
24 39
0 6
1 28
3 9
8 16
9 21
13 15
13 22
13 35
15 20
15 39
19 5
19 6
27 33
28 32
37 31
2 38
7 25
8 0
14 21
17 18
22 6
22 24
24 25
25 30
34 25
0 22
2 18
6 24
6 31
8 11
11 17
12 22
12 36
20 35
23 0
23 7
23 12
26 11
30 11
39 15
1 36
8 2
11 39
18 39
23 28
27 5
7 11
9 27
10 11
15 38
18 28
20 23
20 30
23 11
34 27
35 39
3 19
12 19
17 12
17 39
22 39
25 32
26 7
32 4
2 37
8 14
24 22
29 14
38 6
5 25
6 4
10 0
14 32
15 15
20 34
24 36
26 31
29 12
33 8
38 18
39 20
0 10
0 18
13 33
20 19
21 24
24 29
25 0
28 29
35 17
0 26
3 12
11 15
15 37
16 30
20 39
0 36
26 9
26 19
28 21
35 28
39 7
39 10
4 26
5 12
7 3
8 17
9 15
10 22
11 1
0 32
4 39
19 29
20 27
22 36
27 1
31 15
17 0
38 36
1 38
13 14
14 39
17 17
22 26
38 13
13 20
18 0
20 4
21 5
37 5
37 4
3 39
11 35
15 0
10 2
12 23
17 37
18 16
0 19
0 29
17 38
24 12
27 7
39 32
19 8
28 37
0 8
8 24
39 24
32 32
39 6
17 31
36 39
38 19
23 9
25 21
37 3
37 38
0 33
18 10
36 24
37 29
3 29
25 9
39 37
30 33
39 16
35 0
39 26
20 25
28 2
17 29
34 20
39 0
39 9
17 9
24 3
9 39
10 38
36 0
36 23
23 33
33 0
6 22
7 39
20 26
10 20
33 38
31 0
33 30
39 35
34 39
19 10
31 2
8 39
20 8
39 12
33 17
34 18
26 24
31 33
29 38
39 14
