1 2
1 3
2 3
4 3
4 2
3 2
7 2
8 2
11 2
13 2
14 2
15 2
10 2
12 2
2 7
2 8
2 9
2 10
2 11
2 12
2 13
2 17
2 15
2 16
4 7
4 8
4 9
7 8
7 9
7 10
7 11
7 12
6 9
6 10
5 10
6 11
6 13
6 17
6 15
6 16
10 8
10 10
10 17
10 12
10 15
9 17
10 18
11 17
12 17
13 17
14 17
17 17
18 17
19 17
22 17
20 17
21 17
15 17
11 15
12 15
12 12
13 12
14 12
16 12
4 5
7 5
7 4
7 6
8 5
4 13
5 4
5 6
5 8
5 5
6 5
8 13
8 10
8 11
8 17
9 11
9 12
9 18
7 18
10 6
15 6
17 6
18 6
20 6
21 6
23 6
24 6
26 6
16 6
9 6
11 18
12 18
13 18
13 13
13 14
17 13
17 14
17 15
16 13
16 14
16 15
15 13
15 14
17 8
17 10
15 8
17 11
18 14
19 14
21 14
23 14
25 14
26 14
27 14
28 14
30 14
31 14
33 14
35 14
32 14
29 14
19 13
21 13
20 14
20 13
22 13
34 14
18 15
19 15
23 8
20 8
21 8
23 9
23 10
23 12
20 9
24 14
26 8
27 8
31 8
34 8
35 8
36 8
33 8
29 8
30 8
32 8
27 12
25 12
26 12
12 14
13 19
13 22
13 24
13 25
14 19
14 22
14 25
14 21
14 23
15 4
17 4
18 4
20 4
21 4
22 4
19 4
13 4
14 4
14 5
15 5
17 5
18 5
19 5
20 5
21 5
22 5
23 5
24 5
16 5
16 4
16 1
18 1
21 1
22 1
29 1
30 1
31 1
32 1
24 1
25 1
26 1
27 1
21 2
20 2
19 2
19 1
12 1
13 1
14 1
16 3
20 3
18 3
19 3
21 3
22 3
14 3
17 9
17 21
17 23
17 24
17 26
17 28
17 29
22 21
22 23
22 24
22 25
22 27
26 21
26 23
27 21
27 23
28 21
29 21
30 21
31 21
29 23
30 23
31 23
24 21
26 25
26 28
26 29
26 31
26 32
20 23
20 24
19 24
21 21
21 23
21 24
22 26
26 24
26 27
31 32
31 25
31 26
31 27
31 30
31 29
30 25
30 27
31 33
31 35
31 36
31 37
17 20
14 20
15 20
19 25
18 25
18 26
18 27
22 14
22 19
22 20
22 22
21 22
25 11
25 21
26 16
26 17
26 18
27 16
27 18
27 19
31 16
33 16
25 16
27 7
34 7
35 7
32 7
33 7
37 7
27 22
28 8
28 19
28 22
29 22
30 22
31 22
32 22
35 22
36 22
37 22
38 22
34 22
33 22
37 32
33 32
35 32
37 26
37 30
37 29
33 26
33 30
35 26
37 25
37 33
37 35
33 33
33 35
33 36
33 38
35 33
35 35
35 36
35 38
34 33
34 35
36 36
38 36
36 38
37 34
35 34
34 34
38 33
29 2
29 3
29 4
29 5
29 6
30 2
30 3
30 4
30 5
30 6
33 2
33 3
33 4
32 2
32 3
33 5
34 3
35 3
35 2
36 2
36 4
37 2
38 2
29 32
29 28
29 30
27 30
27 29
27 28
27 31
27 35
27 36
27 37
29 35
10 36
11 36
12 36
15 36
16 36
17 36
18 36
21 36
23 36
24 36
22 36
19 36
25 36
20 36
25 35
25 32
23 32
25 33
23 33
11 31
12 31
15 31
20 31
19 31
22 31
24 31
14 31
12 25
12 28
12 29
11 29
24 32
1 25
2 25
4 25
5 25
6 25
8 25
9 25
10 25
7 25
4 29
4 31
5 29
5 31
6 29
6 31
7 29
7 31
8 31
9 31
9 29
2 31
3 31
4 32
4 33
4 34
4 35
4 36
4 37
4 38
5 32
5 33
5 34
5 35
5 36
5 37
6 32
6 33
6 34
6 35
6 36
6 38
7 32
7 33
7 35
11 32
11 33
12 32
12 33
15 32
15 33
14 32
14 33
18 33
9 32
9 33
10 32
13 32
13 33
12 34
8 32
10 38
11 38
12 38
16 38
17 38
18 38
14 38
19 38
20 38
8 38
9 38
13 31
13 29
1 16
1 17
1 18
1 20
1 22
1 23
1 21
1 19
2 23
2 33
2 34
2 35
2 36
2 37
2 38
1 34
1 36
1 37
1 38
3 32
3 33
3 34
3 35
3 36
3 37
3 38
4 27
5 27
6 27
4 28
5 28
6 28
4 30
5 30
6 30
11 30
13 30
14 30
16 30
8 30
9 30
10 30
3 30
6 22
7 22
3 22
6 23
10 24
11 24
11 22
19 33
24 28
24 29
21 28
27 38
28 29
28 30
28 31
28 36
28 38
30 24
31 2
31 3
31 4
31 9
31 10
31 12
34 9
34 12
34 11
35 9
35 12
36 9
37 9
37 12
38 12
33 12
38 9
29 9
27 9
27 10
30 9
32 11
33 18
35 10
35 18
35 37
36 32
36 34
36 30
36 31
36 33
37 28
38 13
38 15
38 16
38 17
38 19
38 20
38 18
38 25
38 28
38 29
38 27
38 24
38 35
1 7
1 8
1 10
1 11
1 12
1 31
2 14
4 14
5 14
5 15
2 24
3 24
5 24
3 8
3 9
3 12
3 13
4 20
7 30
9 2
9 37
10 37
11 37
12 37
14 37
15 37
16 37
17 37
13 37
11 16
12 16
10 16
12 6
12 27
12 30
13 36
14 36
15 9
15 12
15 21
15 26
16 7
17 35
18 35
19 8
19 32
21 30
23 18
23 19
23 20
23 21
23 22
23 23
23 28
23 37
24 10
24 11
24 15
25 15
24 38
25 2
25 8
26 13
28 13
30 13
26 26
27 34
28 4
28 20
29 20
30 20
29 16
30 33
30 34
30 35
31 15
32 15
31 34
32 36
32 37
32 38
33 19
33 28
33 29
34 17
36 17
36 13
36 15
34 26
37 5
37 16
37 24
37 27
38 5
38 6
38 14
4 1
5 16
6 2
6 37
7 20
7 21
8 3
8 12
8 18
8 29
9 20
10 23
10 33
11 9
11 10
11 12
12 4
12 11
13 38
15 3
16 16
18 16
16 20
16 23
16 31
17 22
17 34
18 34
19 35
20 35
20 27
22 9
24 25
25 23
26 4
26 19
27 17
27 24
28 1
29 13
31 17
32 9
32 31
33 37
34 2
34 30
35 1
36 26
37 11
38 4
38 23
35 23
35 24
1 1
2 6
3 3
3 5
3 11
3 18
3 21
4 21
5 26
7 7
8 14
9 5
9 7
9 8
9 10
9 24
10 7
11 3
11 23
11 34
12 22
14 9
14 13
15 27
16 11
16 19
16 21
16 26
17 1
18 22
18 23
18 21
18 32
19 19
19 23
20 7
20 15
20 34
21 7
21 29
22 6
22 37
23 11
23 38
24 3
25 17
25 28
25 29
25 34
26 35
27 20
28 9
29 24
29 34
30 30
31 38
32 16
32 18
32 32
34 4
34 32
34 38
35 4
35 11
35 20
34 20
36 7
36 23
36 27
36 35
36 37
37 19
38 1
38 7
0 1
0 5
0 4
0 6
0 14
0 19
0 21
0 27
0 28
0 26
0 23
0 16
0 24
0 32
2 20
5 0
5 19
5 23
6 1
6 4
6 6
7 38
7 39
8 26
8 39
9 13
9 26
9 39
10 0
10 9
15 7
17 7
17 33
19 18
21 16
21 31
22 8
22 12
22 39
25 39
26 39
23 0
27 0
34 0
26 0
23 27
24 2
24 23
24 30
24 35
25 24
25 25
26 15
27 15
27 13
28 23
28 37
32 0
31 0
32 10
32 25
32 26
34 10
34 18
34 39
37 39
38 39
35 31
36 25
37 6
37 15
39 1
39 3
39 8
39 10
39 14
39 18
39 20
39 24
39 16
39 23
39 19
39 6
39 5
39 17
39 21
36 21
39 11
39 15
39 37
39 38
0 3
2 26
3 17
3 28
4 19
5 13
7 15
8 4
10 26
12 0
13 16
14 24
15 19
15 28
15 34
16 29
16 33
18 24
19 6
20 12
20 21
21 20
22 2
23 1
23 34
24 37
27 5
27 33
28 28
28 35
29 10
30 15
30 16
30 32
31 11
32 27
34 24
39 13
0 7
0 11
0 12
0 18
0 20
3 10
3 23
3 25
4 22
4 26
5 9
6 26
8 23
8 33
10 39
12 7
14 11
15 38
16 35
18 7
19 30
20 25
20 32
21 37
24 19
24 20
25 0
27 11
27 32
28 26
29 17
33 6
33 15
33 25
34 13
34 29
35 13
36 10
37 10
37 17
38 0
38 34
39 28
39 29
1 4
1 33
3 1
3 20
4 18
5 7
9 3
10 22
11 35
14 10
15 22
18 2
18 18
18 28
20 22
22 34
24 8
24 9
24 22
24 39
25 6
25 38
28 5
28 32
32 4
34 36
35 25
37 0
37 31
0 15
1 9
1 29
2 4
4 17
7 19
8 15
9 16
11 14
11 19
13 0
14 39
17 18
19 16
19 20
19 27
21 27
22 33
24 0
24 18
25 13
26 2
28 16
29 19
29 38
30 19
30 26
33 27
33 31
35 19
35 27
36 16
1 6
3 7
5 17
6 0
6 14
7 3
7 28
7 34
9 15
11 0
13 6
14 28
17 27
18 10
18 13
19 26
21 34
22 10
23 7
23 24
23 31
24 12
24 33
26 37
32 30
32 39
35 30
36 1
36 19
1 0
2 5
2 30
4 4
7 17
7 27
9 0
10 35
12 35
13 20
13 34
14 8
14 34
15 23
15 30
29 29
31 24
32 33
32 35
33 9
33 34
34 23
36 18
37 4
38 37
0 39
1 35
5 3
6 8
6 12
6 18
8 6
12 13
14 6
16 8
16 10
16 28
17 39
18 31
21 12
22 0
22 30
28 3
33 17
35 21
36 12
0 37
2 22
4 12
7 23
8 1
11 21
11 28
14 14
16 17
16 24
16 39
17 16
19 21
21 9
28 2
28 7
29 7
30 7
29 36
30 36
32 12
37 23
39 27
39 31
0 0
1 26
5 20
8 8
8 24
9 19
9 28
11 39
12 19
13 5
13 28
14 29
17 19
19 9
19 29
20 30
21 15
21 25
22 18
26 20
28 15
30 10
33 11
36 5
36 39
0 13
6 24
7 1
9 34
10 11
10 21
10 27
10 31
12 26
15 1
17 25
19 12
21 19
21 35
23 3
23 29
23 39
26 22
29 33
31 28
31 31
32 6
33 13
0 22
1 39
10 5
11 6
15 15
15 35
19 0
20 1
25 18
26 7
30 0
29 0
37 38
4 24
8 9
8 37
13 3
14 18
18 8
18 20
18 39
26 30
31 18
35 17
37 21
38 26
2 27
2 32
13 15
18 29
22 16
4 10
4 15
8 35
9 21
11 4
13 21
13 23
20 10
24 16
28 18
30 12
30 39
34 6
0 34
2 2
3 14
3 27
4 0
5 2
5 11
21 39
25 4
29 11
29 25
35 15
37 13
0 36
14 0
25 10
27 27
28 0
31 5
31 7
0 2
1 13
1 30
5 22
10 13
10 29
11 5
15 10
18 0
24 27
39 12
1 15
1 24
8 27
13 11
14 16
28 12
29 27
35 28
39 30
15 25
19 11
30 28
31 13
33 0
39 33
39 39
0 17
20 28
22 32
36 3
12 10
16 0
28 39
33 20
35 6
36 29
0 33
4 6
6 21
8 22
11 27
26 11
30 18
0 38
3 29
10 14
11 1
26 9
35 39
14 26
23 15
38 21
33 24
39 9
12 9
31 20
34 16
38 11
39 0
2 39
23 4
23 35
25 3
37 36
38 30
39 7
0 8
7 13
13 8
23 25
27 39
33 39
39 35
10 19
11 8
12 24
21 0
27 4
29 31
0 25
12 39
22 28
7 36
0 10
17 12
23 13
3 39
11 25
13 26
39 2
6 19
35 0
39 4
18 37
38 32
17 3
39 36
27 25
25 31
0 29
17 30
5 38
25 5
16 32
16 2
39 22
17 31
31 39
0 31
9 36
6 39
26 33
32 23
4 39
33 1
32 21
2 18
26 36
37 8
21 38
20 33
27 6
39 25
23 17
36 14
