1 3
1 4
1 5
1 6
1 7
1 8
1 10
1 11
1 12
1 9
2 3
2 4
2 5
2 7
3 3
5 3
6 3
7 3
8 3
9 3
5 5
5 7
5 8
5 9
4 7
4 8
3 8
4 9
4 10
4 15
4 16
4 17
4 20
4 21
4 25
4 23
4 24
4 26
4 27
4 22
3 10
4 13
4 14
6 8
6 9
9 9
10 9
13 9
14 9
15 9
9 5
9 6
9 7
8 6
9 11
10 7
13 7
10 4
6 4
8 4
13 6
14 6
14 5
17 6
1 16
1 17
2 17
1 25
1 26
1 27
1 28
1 29
1 31
2 25
2 26
2 27
2 28
2 29
3 28
7 28
10 28
11 28
5 28
10 25
11 25
12 25
13 25
15 25
17 25
20 25
19 25
16 25
6 25
6 21
6 19
10 19
11 19
13 19
17 19
15 19
16 19
10 17
11 17
11 14
10 18
11 18
13 18
15 18
16 18
10 20
10 22
11 20
11 21
11 23
11 15
11 16
12 19
12 17
12 18
12 20
13 21
13 23
15 16
16 16
17 16
20 16
23 16
24 16
25 16
16 14
16 8
16 10
16 12
16 7
16 15
17 17
16 17
18 19
19 19
9 19
9 16
9 17
10 26
11 26
11 13
13 10
13 12
14 10
12 12
12 13
13 11
14 11
15 11
14 23
17 20
16 20
18 25
20 15
20 18
20 21
20 20
20 22
23 18
24 18
24 21
25 12
18 12
19 12
21 12
22 12
23 12
21 15
22 15
26 15
25 15
21 14
26 21
26 20
26 22
26 23
26 24
27 12
29 12
30 12
31 12
32 12
34 12
34 20
29 20
32 20
34 15
34 16
34 17
34 18
31 15
31 17
31 18
31 19
32 18
30 19
28 19
30 14
30 16
26 14
27 14
26 13
25 13
22 13
32 19
33 19
33 24
33 21
34 24
2 18
3 2
5 2
6 2
7 2
8 2
9 2
12 2
11 2
5 1
6 1
8 1
3 22
3 26
3 27
3 30
3 36
10 30
11 30
12 30
14 30
16 30
19 30
20 30
21 30
24 30
25 30
18 30
23 30
22 30
6 30
11 31
11 34
12 31
14 31
15 31
13 30
25 21
25 22
25 24
25 25
25 27
25 28
3 32
3 33
3 34
4 1
4 2
5 20
5 30
7 9
7 12
7 22
8 22
7 25
7 34
8 9
8 12
8 28
9 31
9 30
9 33
8 33
8 32
10 8
10 29
11 29
12 1
12 24
14 24
15 24
13 1
14 8
14 18
14 22
15 10
15 30
16 24
17 21
17 27
17 28
18 27
17 29
18 16
18 26
19 26
20 26
24 26
23 26
24 25
19 31
19 33
19 34
19 35
19 36
20 31
20 33
20 34
20 37
21 33
23 33
20 32
15 36
16 36
17 36
16 35
17 35
17 34
18 34
18 35
20 12
20 11
21 11
22 11
24 11
20 23
21 29
22 33
22 37
24 5
24 7
24 8
31 8
26 8
29 8
26 7
29 7
28 8
29 5
31 10
32 10
32 9
33 8
34 8
35 8
33 9
35 9
36 9
33 11
35 11
30 11
28 11
20 7
21 7
20 3
22 7
24 9
24 17
25 17
24 31
24 32
24 34
26 34
29 34
31 34
32 34
34 34
31 32
32 32
35 32
27 32
31 30
32 30
32 28
32 29
31 31
32 31
33 30
33 28
33 29
34 29
34 27
26 36
29 36
28 36
29 37
31 37
35 37
33 37
31 38
35 35
33 35
34 35
34 36
35 36
27 22
28 7
28 14
28 32
30 7
30 37
30 38
31 11
31 33
30 33
32 11
32 38
33 1
33 2
33 3
33 4
33 5
33 6
32 2
32 3
32 4
33 17
33 18
34 1
34 2
34 3
34 4
35 2
35 3
35 4
36 1
34 14
35 15
35 16
35 17
35 18
36 17
38 17
37 18
35 29
36 10
36 27
36 26
35 26
35 25
37 9
37 10
37 25
37 26
37 28
37 23
2 6
2 19
3 16
3 17
4 18
5 6
6 34
6 38
8 38
9 38
9 37
10 37
7 14
9 10
10 5
10 34
10 35
11 9
11 32
12 37
13 31
14 14
14 16
14 19
14 32
14 34
15 15
16 2
16 21
17 15
18 5
20 17
20 38
21 38
23 38
22 18
23 11
23 13
24 1
26 1
24 6
25 23
25 35
26 37
27 1
28 1
29 1
27 8
27 38
28 4
30 4
28 12
28 22
31 22
30 22
29 6
29 24
30 32
31 13
31 24
32 15
35 38
36 20
38 20
36 37
38 6
38 7
38 8
38 25
38 31
38 34
1 20
1 24
1 34
2 11
2 34
4 6
4 33
4 36
5 12
5 24
5 36
5 37
6 12
6 15
6 23
6 29
6 31
6 37
7 13
7 21
7 29
7 35
7 38
8 5
8 15
9 25
10 10
10 21
10 23
11 4
11 22
11 37
13 13
14 25
14 27
15 26
15 32
16 3
16 29
16 28
17 2
17 7
17 10
17 38
18 1
18 9
18 23
19 3
19 5
19 8
19 13
19 23
19 32
21 32
22 10
22 27
22 28
22 36
23 1
23 37
25 1
25 7
26 2
26 27
26 28
26 33
27 7
27 27
27 33
28 5
28 18
28 20
28 24
28 35
29 21
29 30
29 35
30 2
30 23
30 24
31 2
31 16
31 25
33 23
34 9
34 19
37 15
37 14
37 17
37 19
37 24
38 4
38 16
38 18
38 23
38 30
0 12
0 13
0 19
0 21
0 22
1 0
1 38
2 10
2 39
3 35
4 3
4 12
5 15
5 19
5 21
6 28
6 36
8 36
9 36
7 4
7 23
7 36
7 39
8 11
8 13
9 22
9 24
9 29
10 27
11 8
11 27
11 33
12 3
12 26
13 22
13 38
14 0
14 4
15 4
15 35
15 37
16 11
17 23
19 0
20 0
21 0
23 0
25 0
27 0
24 0
26 0
22 0
19 27
20 36
21 18
21 37
22 4
21 4
22 14
22 38
23 6
23 7
23 5
24 19
25 31
25 34
26 17
26 35
27 23
27 36
28 29
29 11
29 19
29 26
30 26
30 27
30 31
30 34
30 36
31 0
31 26
32 21
32 24
33 16
34 25
36 18
36 28
36 29
36 33
35 33
36 39
38 39
37 0
38 0
37 5
37 6
37 20
37 33
37 34
37 38
37 39
38 13
38 15
38 32
39 1
39 2
39 3
39 11
39 12
39 14
39 16
39 19
39 13
39 24
39 37
39 38
0 6
0 4
2 16
5 38
6 10
7 1
7 11
7 30
8 23
8 39
10 6
10 38
11 0
11 1
11 7
12 5
12 9
15 5
15 6
15 17
16 4
17 4
17 5
17 22
17 37
18 2
18 3
18 33
15 33
19 14
20 5
20 6
21 3
21 21
21 24
22 26
23 17
23 31
24 15
27 24
27 28
28 34
28 38
29 22
30 8
30 13
32 22
32 27
32 33
32 37
32 39
33 10
33 20
33 34
33 36
34 7
34 26
34 32
35 1
35 10
35 27
36 11
36 15
36 35
37 35
37 13
39 7
39 31
0 11
0 31
0 37
1 18
1 35
2 38
3 4
3 7
3 29
3 31
4 31
4 35
5 13
5 33
6 14
7 18
7 19
8 27
8 30
8 34
9 4
9 8
9 12
9 32
10 24
12 6
12 23
12 29
12 36
13 0
13 3
13 24
14 39
15 8
16 13
16 37
16 39
18 38
20 35
21 2
21 26
22 23
22 29
27 15
27 34
27 39
28 26
29 13
29 32
29 33
31 4
32 5
33 31
34 28
35 22
36 16
36 21
36 36
38 12
38 21
38 33
39 23
39 27
0 0
0 18
0 33
0 34
1 37
2 0
3 5
3 11
3 18
3 20
3 21
3 39
5 16
5 25
6 24
6 32
7 32
7 33
8 37
9 20
9 28
12 11
13 39
15 27
16 33
19 11
19 21
19 39
20 4
20 8
21 6
21 20
21 22
21 31
22 16
22 24
23 15
23 23
23 39
24 2
24 39
25 5
27 3
27 20
28 10
29 16
29 29
31 14
31 29
32 1
33 32
34 33
36 25
37 31
39 8
39 30
39 32
39 34
0 5
0 7
0 35
1 15
1 39
2 2
2 13
2 20
2 22
3 15
3 23
6 20
7 27
8 19
8 20
8 25
9 34
11 39
12 21
13 17
15 2
16 1
16 34
17 8
18 10
18 17
18 20
18 31
21 16
22 19
23 4
23 19
25 8
26 9
26 32
27 13
27 19
27 21
27 31
30 5
31 3
31 9
32 17
34 37
35 5
36 23
37 27
39 6
39 36
0 17
4 0
4 30
6 22
7 6
11 24
12 0
12 4
13 20
13 26
14 1
15 12
15 38
18 8
18 36
19 15
19 16
21 10
21 39
22 2
22 35
25 18
26 3
26 6
27 29
28 17
28 25
29 14
30 30
32 0
33 27
36 5
36 3
36 13
37 7
39 22
0 14
0 26
0 27
3 14
4 11
6 39
9 26
10 33
12 10
12 32
14 35
15 0
15 23
16 27
17 12
17 26
18 13
20 10
23 9
24 10
25 14
27 25
29 4
29 9
32 8
32 35
33 38
34 13
37 29
38 26
0 3
0 20
2 24
8 31
9 18
9 39
15 22
17 33
18 11
18 28
22 1
23 21
23 25
24 12
24 27
24 29
24 38
27 5
27 10
28 37
30 0
30 17
35 7
35 14
38 35
1 2
4 19
5 17
5 32
8 21
10 14
12 14
12 16
12 34
13 8
14 29
18 0
19 18
20 29
21 28
24 13
25 36
29 38
30 15
30 28
30 39
31 36
32 13
34 11
34 23
36 0
38 5
39 0
39 4
0 28
2 36
4 38
5 4
6 26
8 17
8 24
10 0
14 12
17 39
25 4
28 30
33 12
33 39
35 31
36 4
0 29
14 7
15 20
23 8
23 32
26 18
26 38
31 35
32 6
35 19
36 2
37 22
38 3
38 10
39 39
1 23
5 0
6 0
7 15
8 0
12 7
13 5
14 21
15 14
18 4
23 22
34 5
37 1
39 18
0 10
0 23
3 1
3 9
11 38
13 37
19 29
20 2
21 13
24 4
24 20
24 22
24 37
28 27
34 0
3 25
7 10
10 11
13 14
14 33
17 0
22 9
25 11
26 12
29 2
30 18
33 15
35 20
38 28
39 15
39 25
0 8
2 30
10 2
26 19
30 10
30 20
31 39
38 36
39 17
5 34
10 31
20 24
21 8
21 34
24 33
25 10
26 39
27 11
33 7
38 9
2 8
6 7
8 7
16 22
24 24
27 4
33 0
6 18
17 30
19 7
24 35
25 26
25 32
30 1
37 11
39 10
0 16
8 16
13 16
31 28
6 5
18 6
23 34
25 20
35 39
38 29
1 30
4 5
5 10
7 8
9 15
14 3
16 31
25 29
31 7
34 21
17 18
34 30
13 27
20 14
33 22
33 25
17 24
31 6
31 20
9 1
20 27
35 24
37 37
0 2
10 36
3 37
26 25
0 25
9 13
28 15
1 32
14 36
19 37
32 26
36 32
20 39
10 16
36 8
35 34
10 3
11 35
28 0
16 9
17 14
13 2
12 28
1 13
16 6
20 19
39 20
26 16
21 25
35 12
11 12
26 30
4 28
