1 2
1 7
4 7
4 9
4 10
4 13
5 9
7 9
8 9
9 9
10 9
5 3
5 4
5 6
7 3
7 4
7 6
7 2
7 7
10 4
11 4
12 4
2 3
3 4
6 3
6 4
6 5
7 11
8 11
8 12
8 13
9 12
9 13
9 14
10 13
11 12
13 12
14 12
15 12
16 12
17 12
18 12
11 14
13 14
14 14
15 14
16 14
19 14
20 14
11 16
11 17
13 16
13 17
13 18
14 16
14 17
14 18
14 21
14 23
14 26
14 25
15 16
15 17
16 16
16 17
19 16
19 17
20 16
20 17
21 17
22 17
23 17
24 17
26 17
27 17
29 17
30 17
31 17
32 17
33 17
22 16
24 16
26 16
27 16
29 16
30 16
32 16
33 16
36 16
37 16
28 16
35 16
38 16
25 16
28 17
25 17
18 16
18 17
19 18
20 18
18 18
21 18
22 18
23 16
31 16
14 24
17 17
18 21
20 19
22 21
20 20
21 16
22 22
22 27
22 28
22 29
22 30
22 26
23 18
34 16
13 15
14 15
15 15
16 21
17 21
22 25
26 15
27 15
29 15
28 15
29 10
29 13
30 10
30 12
25 15
26 28
29 28
28 28
25 28
25 27
24 27
25 24
25 25
26 25
29 25
33 25
34 25
26 19
26 20
26 23
29 20
29 23
29 22
33 20
33 23
33 22
34 20
34 23
34 22
36 20
31 20
31 22
35 23
26 26
29 21
31 21
33 21
34 21
35 21
32 23
32 21
32 22
34 18
36 18
37 20
38 20
25 26
26 29
26 31
29 29
28 29
29 30
29 32
29 33
29 34
29 35
27 21
27 22
27 20
28 14
28 26
29 12
29 19
32 10
33 10
1 17
1 18
1 23
1 20
1 21
1 24
1 25
1 27
1 28
1 29
1 22
2 17
2 18
2 23
2 20
2 24
2 25
2 26
2 22
3 17
8 17
3 23
4 23
7 23
8 23
9 23
10 23
11 23
12 23
4 18
7 18
10 18
9 18
6 18
4 20
7 20
6 20
3 24
3 25
4 24
4 25
4 26
7 25
7 26
8 26
11 26
4 28
4 29
4 30
4 31
4 32
6 26
7 28
10 26
11 28
12 26
5 18
5 20
5 25
5 26
5 29
5 30
5 32
5 33
5 35
5 34
5 28
6 28
6 29
7 21
6 21
7 27
8 27
9 28
5 27
6 27
1 11
1 12
1 14
3 14
3 15
2 15
1 13
1 33
2 33
3 33
2 35
3 30
1 34
2 34
2 16
2 21
3 32
5 19
6 19
5 31
6 33
6 35
6 36
8 33
7 36
9 36
10 36
7 37
7 38
9 37
4 38
8 2
8 1
8 8
8 10
8 18
8 22
11 22
8 37
9 17
9 33
10 5
11 5
13 5
10 29
10 32
10 34
12 15
12 16
12 17
12 29
12 32
15 29
16 29
18 29
17 29
13 10
14 10
15 10
16 10
18 10
19 10
14 7
16 7
15 8
15 9
18 9
14 9
17 10
19 11
13 11
14 11
15 11
12 11
14 6
14 13
15 13
16 13
14 19
14 20
15 23
15 22
16 22
17 22
15 21
15 30
15 31
15 33
15 36
15 37
15 38
15 35
13 33
13 37
13 38
14 37
14 38
15 32
15 34
16 9
16 36
16 37
16 38
17 37
17 38
18 36
17 14
17 16
17 18
19 15
19 30
20 25
20 24
19 24
20 31
23 31
21 24
21 23
21 28
21 30
24 32
25 32
27 32
27 30
27 29
24 33
24 35
24 36
24 37
25 35
25 36
25 37
25 34
26 35
26 36
27 36
30 36
32 36
34 36
36 36
33 36
35 36
30 30
30 32
30 33
30 34
32 32
32 33
32 34
36 32
36 34
35 32
37 32
30 31
31 32
31 33
31 31
36 27
36 28
36 30
36 29
36 33
37 33
38 33
19 35
21 35
22 35
23 36
25 10
25 38
28 21
28 22
28 33
28 36
29 11
29 14
30 11
30 13
30 21
30 38
31 18
31 25
31 36
31 38
31 37
32 37
34 37
35 37
36 37
37 37
35 38
37 38
38 38
32 6
32 7
33 7
33 8
34 7
35 7
37 7
38 7
34 6
34 3
34 8
35 8
36 8
34 9
34 11
33 11
35 3
37 3
38 3
35 2
35 4
35 5
37 4
36 3
36 2
38 2
36 4
38 11
38 14
35 14
36 14
35 12
36 12
37 12
36 13
37 13
37 14
21 6
23 6
24 6
26 6
27 6
29 6
30 6
30 2
29 2
33 2
23 5
24 5
26 5
27 5
28 5
31 5
30 5
25 5
26 4
27 4
27 3
28 3
23 8
24 8
24 9
24 12
24 11
22 9
22 12
25 6
26 1
28 6
29 5
33 9
33 19
34 19
34 32
35 1
35 24
35 31
36 7
36 15
37 27
38 27
38 24
38 25
38 28
37 26
38 8
38 26
2 30
3 20
4 3
5 5
5 17
5 38
6 9
7 5
7 33
8 7
8 24
11 24
9 4
10 19
10 21
10 31
11 25
11 27
12 5
12 12
12 34
14 1
15 1
16 1
15 2
15 3
14 8
14 22
14 29
16 8
17 6
17 9
18 4
18 5
19 4
18 24
19 8
20 35
22 6
22 11
22 24
23 13
26 10
27 10
29 31
30 4
30 22
31 9
31 10
31 19
32 9
32 14
32 15
33 24
33 26
33 28
33 27
33 37
34 24
36 1
36 19
38 1
38 29
2 12
2 36
3 5
3 9
3 13
3 31
4 8
5 15
6 11
6 17
6 25
6 34
8 31
8 36
9 2
9 19
9 20
9 32
10 3
10 12
11 3
11 31
11 32
12 7
12 19
13 1
13 6
13 29
14 33
15 28
15 27
16 26
17 26
16 34
16 35
18 3
18 27
18 34
19 2
19 3
21 34
21 37
21 38
22 5
22 34
23 7
23 28
23 29
24 7
24 34
25 11
25 19
25 20
23 20
26 12
27 7
27 11
27 19
27 25
27 26
27 37
28 27
29 3
29 27
30 25
31 26
32 27
34 35
35 18
37 15
38 15
37 17
37 25
38 19
0 5
0 6
0 13
0 28
0 37
2 2
2 4
2 8
2 39
3 1
3 39
4 19
4 37
5 0
5 10
6 37
7 10
7 22
8 38
9 1
9 6
9 26
10 0
11 0
13 0
12 0
14 0
16 0
10 14
10 22
10 30
11 35
11 39
19 39
22 39
12 10
12 30
12 31
14 2
14 30
15 0
16 2
16 3
16 30
17 5
17 33
17 36
18 11
18 15
19 1
20 1
21 1
20 0
21 0
22 0
20 7
20 15
20 30
20 38
20 39
21 7
21 22
21 29
22 10
22 36
23 12
24 24
25 4
28 20
28 39
29 39
29 24
30 14
31 2
31 1
32 4
33 3
33 34
34 4
34 34
35 13
36 24
36 31
37 0
37 5
37 34
38 13
38 18
39 1
39 9
39 10
39 19
39 21
39 22
39 23
39 29
39 25
39 26
39 27
0 21
1 4
1 15
1 19
1 32
2 7
2 19
3 3
3 16
3 22
3 29
3 37
4 1
4 14
4 39
7 13
7 19
8 21
9 0
9 10
9 22
9 24
9 38
10 2
10 6
11 2
13 34
13 35
14 36
14 39
17 39
16 20
16 23
17 20
17 32
18 14
23 22
23 38
26 3
26 37
28 23
31 4
32 25
32 31
32 38
34 5
34 31
35 34
36 17
36 35
37 8
38 6
38 39
39 30
0 0
0 12
0 22
0 24
1 1
1 38
2 1
2 32
3 18
3 34
4 4
4 12
4 27
6 2
7 31
12 8
13 7
13 13
16 31
17 4
17 27
18 19
18 26
19 26
19 13
19 23
19 28
21 3
21 8
21 19
21 25
21 27
22 33
24 1
24 2
24 19
24 28
25 9
27 0
27 18
28 2
30 20
31 7
31 30
31 34
31 39
32 0
32 18
32 35
33 32
34 38
35 15
35 20
35 33
37 28
37 31
39 35
39 36
0 2
0 29
0 38
1 6
1 8
2 11
3 10
4 21
5 7
5 13
5 21
6 22
7 24
8 4
8 16
9 11
9 30
10 35
11 15
12 14
13 25
18 20
19 25
19 32
19 34
20 11
20 32
20 37
21 21
22 8
22 19
23 14
23 37
24 31
25 12
28 8
28 25
29 26
30 7
31 12
32 8
32 20
33 1
34 30
35 30
37 6
39 28
39 39
0 27
0 31
3 7
3 26
4 0
6 0
8 32
9 5
9 27
10 37
11 11
12 1
15 4
16 4
16 28
16 39
20 23
20 28
20 27
21 31
21 33
22 1
22 2
22 23
23 30
24 20
25 33
26 22
26 30
28 4
28 10
28 30
29 38
30 23
31 0
32 3
33 18
36 5
37 24
37 30
0 36
1 36
1 39
3 0
3 35
4 11
4 36
6 6
8 34
9 8
10 8
10 24
11 13
12 33
13 36
15 20
15 24
16 15
17 13
18 33
23 4
23 33
24 26
26 24
26 34
28 32
29 1
30 3
30 29
35 27
35 28
37 18
38 0
38 35
0 11
1 0
1 35
3 6
4 35
6 23
8 20
13 27
14 3
14 31
16 11
16 33
18 2
19 9
21 39
23 9
23 35
27 31
27 39
30 18
30 35
30 37
31 27
36 0
37 39
38 12
39 15
0 14
4 6
5 8
5 11
8 3
10 38
11 10
12 38
12 39
17 31
18 6
18 37
18 38
19 5
20 4
24 4
26 27
27 2
27 28
32 24
33 6
34 29
35 39
37 2
38 30
39 14
0 34
1 3
1 16
3 12
3 38
5 39
6 15
7 39
8 6
9 29
9 35
19 21
19 22
23 0
23 27
24 25
26 7
26 21
27 8
30 1
35 9
36 21
37 11
39 33
0 7
4 2
4 22
5 23
5 24
7 8
7 12
8 30
13 39
17 1
18 8
18 32
20 13
21 12
28 13
31 23
33 33
34 0
34 14
34 39
39 0
39 6
39 24
0 32
11 21
12 24
12 37
18 39
22 13
23 3
24 23
25 8
27 14
30 39
38 4
39 38
0 33
7 35
11 18
12 22
13 21
17 7
24 10
25 23
25 29
25 31
27 12
28 37
32 13
36 9
36 38
38 23
2 9
2 37
5 2
6 38
7 17
8 28
12 35
18 30
18 35
19 31
25 14
27 33
28 34
35 11
36 11
38 10
2 14
6 32
8 14
11 29
19 0
19 36
20 33
21 9
24 15
33 12
35 22
10 28
10 33
11 6
13 32
15 26
26 18
27 23
27 35
34 10
0 20
6 30
8 0
15 7
16 18
17 24
18 28
24 22
29 7
30 15
35 0
7 14
9 15
11 7
11 36
12 20
18 22
21 5
32 2
33 15
39 2
10 17
17 23
19 19
21 36
24 38
28 9
32 11
34 12
39 11
0 25
22 15
22 20
23 32
26 14
34 2
35 6
4 17
6 14
13 9
20 21
30 9
39 3
23 21
26 0
34 26
39 8
3 28
12 2
13 19
25 39
16 6
19 7
26 2
32 39
0 4
7 1
8 25
15 18
4 15
13 26
24 13
32 30
1 26
12 18
15 5
17 0
31 6
39 7
0 23
1 10
10 39
12 28
19 29
20 6
38 37
10 20
7 29
14 5
20 10
20 26
29 18
36 26
38 34
39 18
37 21
13 4
33 29
36 23
23 39
26 32
32 5
0 18
2 27
11 9
38 32
29 9
35 25
30 28
15 39
10 16
0 17
5 36
39 20
19 12
39 31
24 18
13 23
4 33
21 14
22 31
29 36
1 30
37 36
14 27
34 17
39 16
