1 7
2 7
4 7
6 7
7 7
8 7
11 7
10 7
12 7
9 7
2 8
2 10
3 8
3 9
3 13
3 14
3 15
3 16
3 17
3 18
3 19
1 17
1 18
1 20
2 16
2 17
3 11
3 12
4 3
4 4
4 5
3 4
3 2
4 14
4 15
4 16
4 17
4 18
4 19
4 20
5 17
5 20
8 20
5 21
5 22
5 24
7 14
8 14
9 14
11 14
12 14
8 21
7 21
7 22
8 23
8 26
8 29
8 28
8 25
2 24
3 24
2 29
3 29
4 29
6 29
3 28
3 30
4 30
6 30
7 30
9 30
10 30
4 31
4 35
4 37
4 38
4 36
5 30
7 35
7 37
6 35
6 37
7 34
7 36
9 29
11 29
11 36
11 35
11 38
12 36
13 36
15 36
16 36
13 35
15 35
16 35
14 35
16 28
16 30
16 31
16 32
1 30
1 38
2 38
2 37
2 33
4 25
4 27
4 34
3 34
5 4
5 5
5 6
6 6
5 29
6 17
7 17
9 17
6 22
6 23
6 21
7 8
7 12
8 12
7 13
8 13
9 13
12 13
13 13
15 13
14 13
17 13
10 13
8 18
8 27
9 32
10 32
10 18
14 18
14 23
10 23
14 20
14 21
15 20
15 21
15 22
14 22
15 15
15 17
12 15
14 17
16 20
16 21
17 20
17 21
18 21
17 22
17 17
19 17
10 24
10 31
11 4
11 5
13 4
13 1
13 2
13 8
13 10
13 11
11 8
15 10
15 11
16 11
19 11
20 11
21 11
18 11
21 15
21 13
21 14
9 1
10 1
11 1
11 23
11 34
11 31
12 23
12 24
13 24
13 21
12 37
13 9
13 18
13 25
13 27
14 1
14 2
14 3
15 1
14 28
14 30
14 31
14 36
15 16
15 27
17 27
19 27
19 25
19 24
20 25
21 25
20 24
20 23
18 23
20 28
18 28
18 32
18 33
20 32
20 33
20 34
22 28
23 28
15 31
16 7
16 12
16 29
17 3
17 31
17 32
17 33
17 34
19 10
20 10
21 10
22 10
20 8
20 9
21 9
21 7
21 5
21 4
21 1
21 2
21 6
22 13
22 14
22 12
20 12
23 9
23 13
24 13
25 13
26 13
24 14
25 14
24 17
24 18
24 20
24 21
25 17
25 20
25 21
25 22
24 19
25 19
26 12
26 21
27 21
27 20
28 20
30 20
31 20
30 12
31 12
26 22
29 20
30 4
30 5
30 7
30 8
30 10
30 9
30 13
30 14
30 17
30 18
31 13
32 13
18 2
19 2
19 1
19 33
19 34
20 1
21 20
22 20
22 26
20 26
23 21
23 27
30 27
29 27
30 23
30 24
30 25
29 23
29 24
29 25
30 28
30 29
30 31
30 33
31 27
31 24
31 25
31 28
31 29
31 30
32 25
32 28
32 29
32 30
32 31
34 25
35 25
36 25
37 25
35 24
36 24
37 24
38 24
33 24
35 31
34 31
33 30
33 31
35 27
36 22
37 22
37 17
37 18
37 19
33 22
36 23
37 23
38 23
37 20
37 27
37 29
21 31
24 31
25 31
26 31
27 31
28 31
24 29
25 33
26 33
27 33
28 33
25 35
25 37
25 38
27 35
28 35
28 36
26 34
27 34
34 36
34 38
30 38
31 38
32 38
31 36
32 36
31 34
34 34
32 35
34 35
34 37
30 37
31 37
32 37
29 37
35 35
35 36
35 38
35 37
36 36
36 34
36 37
36 32
22 37
23 35
23 36
24 16
24 32
25 32
26 32
27 32
28 32
29 32
24 36
24 37
25 15
25 16
25 27
25 30
26 30
27 30
26 27
27 27
27 38
28 19
29 9
30 22
31 5
31 7
32 7
32 8
33 5
34 5
36 5
37 5
38 5
31 3
33 3
34 3
36 3
35 3
34 2
35 2
36 1
31 6
32 6
33 6
32 2
32 12
33 35
33 36
33 38
34 4
35 4
36 4
37 4
38 4
34 13
34 33
35 17
36 17
36 16
34 16
36 21
36 26
37 26
38 26
38 28
37 37
38 6
38 16
38 17
38 37
1 4
1 19
2 1
2 4
3 38
4 21
4 26
6 11
7 20
8 2
8 33
8 36
9 21
9 27
9 28
10 14
10 25
11 9
11 13
12 12
13 17
13 26
13 33
14 16
16 3
16 8
16 9
16 25
17 18
18 6
18 16
19 35
19 36
20 19
21 8
21 12
21 28
21 38
23 3
24 3
25 3
26 3
24 1
24 2
25 2
24 4
24 5
24 8
25 4
26 5
23 10
24 6
24 25
27 6
27 12
28 12
28 16
31 16
32 16
31 26
30 26
32 9
32 21
33 37
35 8
36 15
37 8
37 33
38 33
37 34
38 34
38 7
1 1
1 10
1 13
1 29
1 33
1 37
2 34
4 33
5 38
7 2
7 26
8 19
9 5
9 18
9 24
9 36
10 3
10 11
10 22
10 36
10 38
11 24
11 32
11 37
12 4
12 5
12 8
12 16
12 20
13 23
14 6
15 6
14 10
14 11
14 29
14 34
15 26
15 37
16 17
16 33
16 37
17 7
17 16
17 26
18 15
18 17
19 5
19 18
20 4
20 18
22 3
22 7
22 23
22 30
23 14
23 18
25 1
25 8
26 8
26 26
27 15
27 26
28 7
28 18
28 23
29 4
29 17
29 19
33 19
31 19
30 6
31 11
31 17
32 1
33 13
33 16
33 23
34 8
34 9
35 20
36 29
37 1
37 3
37 9
37 28
38 14
38 15
38 29
38 38
0 9
0 11
0 12
0 14
0 15
0 22
0 21
0 28
0 31
0 32
0 34
0 35
0 36
1 8
1 26
2 2
2 9
2 20
2 25
2 28
3 3
3 25
3 33
3 35
3 37
4 2
4 32
5 0
7 0
11 0
16 0
17 0
20 0
9 0
15 0
14 0
18 0
5 10
5 19
5 31
5 35
5 37
6 0
6 1
7 6
7 33
7 32
8 39
10 39
9 2
9 31
11 6
11 19
12 1
13 37
14 39
15 19
15 25
15 30
15 32
15 38
17 38
17 11
17 12
17 25
18 3
18 24
19 0
19 4
19 16
19 39
20 39
18 39
21 19
22 21
23 29
25 18
25 34
25 36
26 20
26 23
27 25
28 11
27 11
28 25
28 27
29 1
29 12
29 38
30 0
31 0
33 0
29 0
30 30
30 36
31 21
32 19
33 25
34 22
34 24
34 32
35 5
35 12
35 16
35 26
35 29
36 8
36 9
36 10
36 11
35 11
36 33
37 32
38 32
38 3
39 7
39 12
39 13
39 14
39 15
39 19
39 20
39 21
39 18
39 17
39 23
39 31
39 38
0 33
1 39
3 39
2 15
2 23
2 30
2 36
4 1
6 5
6 31
8 34
9 12
10 0
10 4
10 29
12 35
15 12
15 28
16 13
16 19
18 29
19 15
20 2
21 3
21 26
22 36
23 2
23 4
23 7
26 39
28 17
28 34
29 10
29 14
29 36
31 4
32 0
32 3
33 28
34 1
34 28
34 27
35 23
37 6
37 10
39 6
0 0
0 10
0 13
0 16
1 12
1 16
1 27
2 27
2 35
3 10
4 13
4 28
5 15
6 12
6 20
7 3
7 23
7 25
9 9
11 16
11 18
11 33
12 38
13 38
15 2
15 34
16 22
16 24
17 6
18 30
19 9
19 28
19 32
21 23
21 24
22 6
22 19
23 8
23 12
23 26
24 7
24 26
24 27
24 30
24 35
26 4
27 16
27 23
28 1
29 7
29 15
31 35
32 26
33 15
33 18
33 32
33 34
35 34
36 18
37 0
38 11
38 39
39 0
39 22
39 33
0 3
0 8
0 38
1 6
1 31
2 0
4 8
5 7
6 14
6 38
8 0
8 15
8 22
8 32
9 23
9 38
9 39
10 2
10 33
13 22
13 31
14 27
15 3
17 4
17 19
17 28
18 1
18 5
18 27
18 38
20 14
20 38
23 20
23 22
26 0
26 15
27 22
28 6
28 9
31 10
33 10
31 14
32 5
33 11
34 11
34 15
34 20
34 21
35 1
37 21
37 39
38 8
38 27
39 28
0 5
1 23
2 18
2 21
3 1
3 27
5 16
6 28
7 11
8 3
8 24
10 10
10 19
12 0
13 3
14 19
15 7
15 14
16 15
17 30
18 31
18 37
20 13
21 34
21 33
22 9
22 34
23 17
23 37
24 15
25 5
26 29
27 19
27 29
28 10
29 13
29 28
32 39
31 39
33 4
33 21
38 10
38 18
0 17
1 2
1 24
1 25
2 39
3 23
4 6
5 11
5 18
6 10
7 9
8 6
8 8
8 37
9 15
10 12
12 2
13 5
13 6
14 8
18 22
19 26
21 30
23 23
23 31
23 32
24 9
24 39
26 17
27 8
27 39
28 4
28 29
28 30
29 26
30 3
31 2
32 10
34 26
34 30
36 2
39 36
39 39
0 1
0 37
2 6
2 13
5 3
5 9
5 27
6 8
6 34
7 15
7 38
8 35
10 26
12 11
14 32
16 34
17 39
18 7
22 31
22 35
22 38
24 12
25 0
26 38
27 7
29 33
31 8
32 14
32 17
33 2
33 7
36 27
38 1
38 22
39 30
0 23
3 5
5 23
6 26
10 5
10 8
10 16
11 10
12 17
13 32
14 24
16 6
18 25
19 23
21 39
23 1
23 39
24 33
32 24
33 8
35 18
36 35
1 21
2 14
4 9
6 2
9 33
10 35
11 26
18 10
19 19
20 35
22 18
22 27
25 23
25 29
26 2
26 6
26 11
26 35
26 37
28 0
29 8
30 15
32 34
33 39
34 10
36 14
38 13
39 32
0 4
3 31
6 13
6 36
7 18
8 17
12 18
12 21
12 27
13 20
17 2
17 15
19 8
23 5
23 24
24 38
27 18
30 21
30 39
34 17
39 9
39 16
39 26
0 30
3 7
6 24
8 1
8 11
9 26
13 12
15 39
16 10
16 38
18 34
19 3
21 37
25 12
27 5
28 15
28 24
35 30
36 6
2 11
5 14
7 31
8 5
9 10
11 3
11 20
17 35
20 15
20 22
20 29
23 33
29 5
30 16
36 12
4 12
9 37
11 15
11 28
14 15
16 1
19 37
21 21
26 14
27 9
28 37
29 22
31 31
33 29
35 22
35 28
0 20
12 10
12 25
13 15
14 4
15 18
21 32
22 15
27 3
29 29
30 19
32 22
34 6
36 0
36 20
39 4
6 4
13 39
23 34
30 11
35 32
39 11
19 6
24 0
29 35
34 39
38 30
13 34
22 16
29 2
30 32
32 27
39 2
2 32
7 29
10 21
20 7
20 27
22 29
24 24
28 38
29 31
31 23
35 13
4 24
12 29
15 9
18 20
19 21
20 17
20 20
35 39
0 29
17 23
28 21
39 37
0 27
14 25
19 12
24 10
26 25
31 33
21 16
34 19
24 28
37 36
13 0
16 27
25 10
27 36
37 30
9 20
25 39
27 13
34 0
39 3
0 7
7 39
13 28
39 8
13 30
10 17
11 39
20 31
22 25
39 34
5 25
22 11
24 22
32 20
32 32
36 38
33 12
37 16
8 30
38 25
39 5
4 0
36 31
13 14
4 22
11 30
15 23
0 18
25 24
0 39
4 39
17 36
21 0
18 13
3 20
13 7
30 2
22 0
30 34
39 24
