1 4
1 5
1 7
1 8
1 9
1 10
1 11
1 12
1 15
1 16
1 17
1 19
1 20
1 21
1 22
1 18
1 14
1 13
2 4
2 1
2 10
2 11
3 11
4 11
4 10
7 10
8 10
9 10
10 10
13 10
15 10
16 10
14 10
3 12
3 16
4 12
7 12
8 12
9 12
10 12
4 13
7 13
8 13
9 13
10 13
14 13
16 13
17 13
18 13
19 13
20 13
21 13
12 13
13 13
7 14
9 14
10 14
10 15
11 13
11 14
11 15
12 15
5 12
5 14
5 17
5 19
5 21
5 22
5 23
5 24
5 26
5 29
5 30
5 32
5 33
5 31
5 28
5 34
5 25
5 18
3 21
3 22
3 23
4 17
4 22
4 23
5 20
6 10
6 13
6 14
6 19
6 21
6 22
6 23
6 24
6 26
6 28
6 29
6 27
6 25
8 19
8 17
9 21
10 21
9 23
9 24
10 23
10 24
11 24
8 24
11 29
9 29
11 27
12 29
15 29
16 29
18 29
19 29
21 29
22 29
24 29
25 29
20 29
12 27
14 29
6 18
8 18
7 7
8 7
7 18
8 4
9 32
9 33
9 34
9 35
7 32
7 33
7 35
7 36
7 37
7 38
2 35
3 35
4 35
2 33
3 33
3 29
3 30
1 29
1 30
2 29
2 34
3 34
1 34
4 30
4 31
4 32
4 33
7 30
8 30
8 32
8 33
8 34
8 35
8 36
8 38
16 36
18 36
19 36
10 36
11 36
13 36
14 36
10 33
13 33
10 34
10 38
11 38
13 38
14 38
12 36
16 35
18 35
11 35
14 35
13 35
16 31
16 32
18 31
18 32
18 33
19 31
19 32
20 31
21 31
22 31
24 31
26 31
21 32
23 32
14 32
17 36
21 37
21 38
18 37
18 38
19 37
19 38
17 37
11 12
11 28
12 10
12 18
12 19
12 20
16 19
16 16
16 17
16 21
18 19
21 19
22 19
25 19
24 19
27 19
29 19
31 19
32 19
23 19
26 19
18 16
18 17
21 16
21 17
22 16
22 17
23 17
20 16
21 15
22 15
22 8
22 9
22 10
22 11
22 12
16 12
15 12
17 12
18 12
19 12
20 12
17 8
19 8
12 8
13 8
15 8
11 8
17 9
19 1
19 2
19 3
19 4
19 5
19 6
15 2
15 3
15 5
15 6
12 6
16 2
16 3
16 5
16 4
16 7
12 7
13 7
14 7
17 3
17 4
20 11
15 11
14 11
16 11
17 11
20 15
19 15
19 16
9 20
12 28
15 28
16 28
18 28
17 28
12 33
12 38
15 22
15 24
15 25
15 26
16 25
16 26
18 25
18 26
22 25
22 26
21 26
18 24
20 25
22 27
23 25
17 24
17 25
17 26
17 21
17 20
18 20
19 20
19 21
19 24
19 25
19 26
19 23
20 20
24 20
22 23
22 22
24 23
24 22
25 22
25 27
25 24
24 24
20 22
20 23
22 21
23 23
23 24
15 31
16 8
16 15
18 8
19 34
21 1
21 2
21 5
21 7
21 10
21 11
27 5
27 7
27 8
27 10
27 15
27 16
27 17
29 5
29 7
29 8
29 15
29 16
29 17
29 1
30 5
30 7
30 8
31 7
32 7
34 7
36 7
38 7
35 7
31 8
32 8
33 8
30 1
23 7
24 7
25 7
24 1
24 5
25 1
25 5
26 1
27 1
24 8
25 8
25 3
29 3
30 3
25 4
27 4
28 5
28 7
28 8
28 3
28 4
31 4
28 9
29 2
29 12
30 2
31 2
30 4
31 9
31 16
31 17
32 17
34 17
34 16
34 9
35 17
33 9
33 16
33 17
34 10
34 12
34 13
34 14
36 9
37 9
31 14
33 7
33 24
33 20
33 22
33 25
33 26
33 27
33 28
34 2
36 2
36 10
36 11
37 10
37 14
37 15
38 9
20 7
20 1
20 2
20 3
20 4
20 5
21 35
23 1
23 9
23 11
23 37
23 38
23 34
24 2
25 2
24 37
24 38
25 37
25 38
28 38
27 38
25 34
26 34
28 34
29 34
27 34
25 35
26 35
28 35
29 35
26 36
28 36
29 36
27 35
29 37
30 36
32 36
35 36
36 36
37 36
32 24
27 24
29 24
30 24
27 27
29 27
28 27
29 26
29 28
28 28
30 26
32 25
30 25
32 29
32 31
32 32
32 33
26 33
28 33
30 33
27 33
32 28
32 34
35 24
35 22
35 25
35 26
35 27
35 28
35 29
35 31
35 32
35 33
35 30
35 34
24 35
24 36
26 4
27 13
27 32
29 4
29 6
28 6
29 11
30 6
30 14
30 15
30 16
30 17
30 18
30 13
31 6
31 25
32 4
33 4
32 13
32 18
32 23
35 23
29 23
28 23
32 30
34 23
34 24
34 29
34 31
34 32
34 33
34 34
34 35
34 26
34 27
34 28
34 22
34 21
35 2
35 10
35 11
35 12
35 15
35 14
36 18
36 22
36 23
36 26
36 27
36 28
36 29
36 31
36 30
36 21
37 22
38 22
38 23
38 26
38 27
38 29
38 31
38 33
38 35
38 38
38 30
38 34
38 37
38 32
37 27
37 28
37 29
37 30
37 35
38 21
32 38
35 38
36 38
36 37
37 37
38 2
1 36
1 37
1 38
2 36
2 16
2 20
3 1
3 5
3 3
4 1
5 1
5 3
2 3
3 32
4 2
5 2
6 2
6 4
6 6
8 6
5 13
6 37
7 2
7 23
8 11
9 11
8 31
8 37
9 4
10 4
9 5
11 5
11 1
11 3
10 1
10 3
10 9
11 9
12 9
7 9
8 9
10 28
11 2
11 21
11 20
13 26
13 28
14 6
14 25
14 23
14 28
15 16
15 17
16 27
18 27
17 32
19 14
20 14
25 14
26 14
25 13
26 12
24 12
26 13
26 15
20 30
21 30
20 36
20 37
20 38
21 8
21 9
22 18
23 18
24 18
22 38
23 2
23 27
23 28
24 28
25 21
25 26
25 30
26 30
25 36
28 16
28 20
29 10
31 10
31 18
31 31
31 32
31 37
33 2
33 14
33 13
33 23
33 35
33 32
33 33
34 38
36 20
37 2
37 13
37 16
38 25
1 6
2 21
2 22
3 2
3 6
3 31
4 8
4 9
5 7
5 37
6 5
6 12
7 8
7 17
7 19
7 27
8 8
9 1
9 38
10 2
10 29
11 30
12 35
13 34
14 8
14 17
14 19
15 18
15 23
16 18
16 33
18 4
18 7
19 33
21 6
21 23
22 20
26 3
26 11
26 27
28 21
28 29
30 12
31 24
31 36
32 2
33 34
34 4
34 11
34 25
36 14
37 23
37 34
38 20
1 1
1 26
2 26
2 30
2 37
3 25
1 25
2 25
4 38
5 27
6 20
7 4
7 28
7 29
9 22
9 31
10 22
10 37
11 37
12 1
13 1
14 1
12 30
13 17
13 19
13 22
13 37
14 34
14 37
15 30
17 2
17 16
17 17
17 27
18 2
18 3
18 18
19 27
21 22
22 34
23 8
24 21
26 8
27 11
28 1
31 26
31 30
33 1
33 38
34 1
34 3
36 1
36 6
36 8
36 15
37 3
37 4
37 8
37 21
38 1
38 4
38 14
38 24
0 2
0 6
0 8
0 9
0 4
0 11
0 18
0 24
0 20
0 31
0 32
1 0
2 8
2 9
2 15
3 15
4 16
4 21
5 15
7 31
8 5
8 23
9 0
12 0
9 39
12 39
15 39
16 39
22 39
12 16
13 18
16 6
16 34
17 5
17 31
17 33
18 9
18 34
20 39
22 2
22 37
23 6
23 20
23 29
24 6
24 14
24 39
26 7
27 0
32 0
35 0
37 0
38 0
27 25
28 15
28 17
28 19
28 22
28 24
30 39
32 14
32 26
33 36
36 0
36 32
36 35
38 5
39 1
39 3
39 4
39 8
39 13
39 17
39 18
39 24
39 25
39 32
0 5
0 15
0 37
0 38
2 28
3 4
4 0
4 19
6 32
6 33
7 11
7 21
7 24
8 21
8 25
9 3
10 27
15 35
17 35
18 14
19 9
19 30
20 26
20 32
21 33
23 10
23 31
25 12
26 32
28 26
32 27
33 0
33 21
34 0
34 30
37 26
38 16
0 16
0 25
3 20
4 3
4 24
4 26
6 15
7 34
10 11
10 20
10 35
11 34
13 4
13 29
14 26
17 22
19 10
21 4
21 18
22 1
23 33
24 3
24 30
29 9
29 33
30 21
30 23
31 39
32 9
32 20
33 5
33 18
35 13
0 22
1 33
2 5
2 17
3 39
4 18
4 34
8 3
9 6
10 5
12 31
13 20
13 23
15 9
17 29
19 11
22 5
22 30
23 5
23 15
24 13
24 27
26 0
27 6
29 13
31 23
32 16
34 39
35 37
37 7
37 11
37 12
38 15
39 12
2 2
2 12
2 23
3 0
3 10
3 19
4 37
5 39
8 27
11 10
12 26
14 22
14 24
15 4
15 19
17 14
18 15
20 8
21 28
21 34
23 35
25 9
30 32
30 37
31 28
32 12
32 37
36 3
36 19
36 25
37 5
37 33
0 1
0 39
1 28
1 31
2 19
3 36
5 6
5 16
8 29
9 9
9 27
11 6
11 16
11 39
12 3
15 15
15 36
16 20
18 11
21 3
21 14
22 14
24 34
25 6
26 5
27 36
28 37
28 39
31 29
34 15
36 5
0 7
3 24
4 36
6 3
8 1
11 33
13 6
14 39
15 7
17 0
18 5
19 22
20 6
20 17
21 27
25 31
26 16
35 18
39 16
0 36
2 0
4 5
4 14
6 35
8 2
8 20
9 18
10 0
10 25
11 25
15 13
17 23
18 0
19 7
20 10
20 19
20 21
22 28
23 22
24 9
27 9
30 28
31 15
33 15
33 31
37 31
0 17
0 21
0 26
3 14
4 7
3 7
7 0
8 16
8 26
10 39
11 4
11 18
13 9
13 15
13 39
14 14
14 20
15 27
16 30
17 39
23 14
24 4
27 39
28 2
30 31
35 5
39 30
0 3
5 11
6 7
9 28
13 31
23 39
26 10
27 12
27 30
29 22
30 11
30 19
33 10
36 17
36 39
37 38
39 19
39 38
7 6
9 25
13 0
13 32
18 1
25 15
26 24
29 14
30 0
30 9
31 3
31 33
32 11
38 10
0 19
2 38
4 39
6 9
7 22
14 16
15 32
16 9
20 0
29 25
31 13
31 20
32 6
36 12
0 10
2 7
3 17
3 26
5 0
6 17
6 38
9 30
11 26
17 38
18 30
21 25
24 25
26 22
26 37
31 38
35 9
37 18
39 35
0 30
4 29
6 36
13 27
14 31
20 24
22 24
23 12
25 0
29 29
34 6
38 28
39 5
1 39
5 4
12 14
12 17
14 2
14 3
25 23
28 30
29 31
29 39
30 35
31 11
18 21
23 36
24 11
27 26
28 10
28 32
0 33
8 14
16 14
22 0
25 28
39 22
0 14
0 23
1 3
9 15
12 5
13 25
23 16
26 38
34 18
39 14
0 0
0 34
6 1
7 26
9 19
11 0
14 12
25 10
27 14
28 0
31 0
35 39
2 32
3 13
7 15
11 19
16 24
17 7
19 17
27 20
30 27
33 12
39 26
39 31
3 28
17 19
18 39
30 34
38 19
39 21
15 1
26 17
39 23
10 16
10 32
22 32
26 2
27 23
29 20
34 20
5 10
21 20
36 24
9 7
9 36
12 24
18 23
0 27
14 5
14 33
27 28
32 39
39 29
19 19
19 39
29 38
39 27
23 26
39 33
1 35
21 0
11 23
15 21
25 20
25 33
27 3
12 21
25 18
31 1
11 7
13 11
15 38
19 35
21 39
8 0
9 17
25 25
35 21
24 0
37 17
35 16
16 37
8 39
21 12
24 17
24 32
32 35
12 22
37 19
0 29
11 31
29 0
31 5
32 22
39 9
39 2
16 22
27 18
29 18
35 4
39 0
21 36
0 12
19 0
19 28
16 1
34 36
7 39
33 29
35 35
38 36
6 30
10 8
27 31
12 12
34 8
36 33
25 39
22 7
17 10
22 13
38 39
33 19
39 7
26 29
1 23
5 35
