1 1
1 2
1 4
1 5
1 7
1 8
1 6
2 1
3 1
6 1
7 1
8 1
6 5
7 5
9 5
10 5
4 5
4 7
9 7
10 7
12 7
13 7
3 7
4 8
6 3
7 3
9 3
6 4
7 4
9 4
8 4
9 8
9 10
9 12
9 13
9 14
9 15
9 11
12 10
12 12
12 13
12 14
11 13
11 14
11 15
11 17
11 19
12 9
13 9
13 13
13 14
13 17
13 18
14 13
15 13
17 13
18 13
19 13
15 14
17 14
18 14
19 14
16 14
14 10
15 18
15 19
15 20
16 10
16 9
17 9
19 20
19 18
19 23
19 24
14 12
14 19
14 18
14 24
14 21
14 22
14 28
14 30
14 31
16 24
17 24
17 15
16 15
17 23
17 28
17 30
16 28
16 30
16 31
16 32
16 35
16 38
17 29
16 29
15 29
15 31
18 9
19 9
18 20
18 23
18 22
18 25
19 30
20 30
19 29
19 32
19 35
19 38
19 37
19 34
20 32
20 38
20 37
20 36
19 36
21 32
21 29
21 38
22 38
23 38
21 37
23 37
24 37
26 37
27 37
25 37
18 35
18 38
18 37
20 34
21 20
23 34
23 35
24 34
26 34
27 34
28 34
31 34
32 34
33 34
24 25
24 30
24 31
24 32
27 30
27 29
28 30
33 30
36 30
38 30
28 29
28 28
35 30
20 31
21 31
27 35
28 27
28 31
28 32
33 32
31 32
30 32
36 32
38 32
37 32
30 31
38 33
38 34
38 37
38 38
38 36
19 33
30 33
31 33
32 33
34 33
33 33
35 33
22 33
25 33
27 33
28 33
25 29
25 30
34 32
37 38
35 38
37 35
32 35
34 35
1 13
4 13
6 13
4 15
4 19
6 15
6 19
6 22
6 21
6 23
6 17
7 19
8 19
7 22
7 23
7 32
7 26
7 28
7 29
7 30
7 33
7 36
7 37
7 25
7 35
9 19
9 22
10 22
12 22
10 23
10 26
10 25
10 27
11 23
13 23
11 26
11 25
12 26
12 32
9 32
9 26
9 28
9 30
12 31
12 33
12 35
12 36
12 38
9 33
9 36
9 38
9 37
8 38
10 33
10 36
10 38
10 35
10 37
11 37
11 32
11 35
11 34
12 34
13 32
13 34
13 35
14 35
14 36
14 38
1 22
2 22
3 22
3 19
1 23
2 23
2 29
2 30
2 33
2 32
2 34
2 27
2 28
4 23
1 30
1 33
1 32
1 34
1 35
1 37
1 38
1 28
1 36
2 25
3 29
4 29
4 30
5 30
5 33
5 34
5 36
3 26
3 27
4 27
6 27
6 32
6 34
6 35
6 36
4 22
5 15
6 10
6 20
6 31
7 13
7 17
7 16
5 16
8 16
8 37
10 16
10 15
10 13
10 14
11 33
11 38
13 26
13 31
1 18
2 18
2 31
2 38
3 38
3 28
3 33
4 33
4 38
5 3
5 4
5 14
5 20
5 27
5 31
6 16
7 18
7 20
8 18
8 23
8 29
8 30
8 31
8 32
10 6
13 6
13 2
13 3
13 4
17 2
16 2
17 7
19 2
21 2
22 2
10 34
11 7
11 6
12 2
12 1
12 18
12 23
12 29
13 16
14 4
14 5
15 1
15 9
15 10
15 21
15 28
15 30
16 13
16 33
17 6
18 29
19 4
21 4
22 4
38 4
25 4
26 4
27 4
29 4
30 4
34 4
35 4
36 4
32 4
31 4
33 4
24 4
21 5
21 6
28 4
38 5
38 6
38 8
38 9
38 10
38 11
38 12
38 14
38 16
38 17
38 18
38 19
38 21
38 22
38 23
38 24
38 25
38 26
38 27
38 28
38 20
38 15
38 13
33 5
33 8
33 7
34 5
34 8
34 7
34 9
35 5
35 8
35 7
36 5
36 8
36 9
36 11
36 12
36 13
36 14
36 15
23 9
24 9
28 9
29 9
32 9
26 9
30 9
30 14
31 14
33 14
34 14
31 18
31 24
31 25
31 26
31 20
31 21
31 27
33 18
33 20
33 21
35 18
35 13
22 24
23 24
25 24
26 24
27 24
29 24
28 24
22 25
22 27
23 25
23 26
25 21
26 21
27 21
29 21
24 21
25 20
25 22
26 22
27 22
28 22
26 25
26 28
26 29
30 20
30 16
30 17
31 16
31 17
33 17
30 25
30 26
32 16
32 17
32 18
32 24
32 25
32 20
32 21
32 22
33 25
34 25
34 6
35 6
36 6
34 10
36 18
36 27
38 7
19 12
19 17
19 16
19 19
19 22
20 5
20 6
20 15
22 15
21 1
20 1
21 24
22 3
25 3
26 3
27 3
28 3
25 1
26 1
27 1
28 1
34 1
35 1
36 1
31 1
32 1
30 1
26 2
27 2
33 1
35 2
36 2
22 10
22 11
23 10
24 11
24 13
22 28
23 21
24 7
25 7
25 6
26 6
24 8
25 13
25 16
28 16
25 12
29 12
31 12
31 10
28 10
27 10
28 11
29 10
26 5
26 27
27 9
28 36
31 36
31 37
24 36
26 36
29 3
29 31
29 30
30 13
31 38
32 15
34 13
34 17
34 18
35 25
35 32
37 10
37 11
37 12
37 13
37 14
37 15
37 16
37 17
37 26
37 27
37 31
38 31
37 36
1 3
1 17
1 20
3 13
3 15
4 1
4 34
4 36
5 9
8 9
5 26
6 6
6 11
6 30
6 33
7 6
7 9
7 10
8 5
8 22
9 23
11 10
12 11
13 38
14 11
14 37
15 2
15 16
15 24
15 34
16 8
17 25
15 25
17 26
17 38
18 2
18 21
20 2
20 8
20 20
21 15
21 28
22 19
22 37
23 3
23 14
25 14
24 3
25 15
25 36
26 23
27 23
27 18
27 19
30 27
30 34
31 11
31 15
31 23
33 24
33 29
33 31
34 31
35 3
36 3
37 3
35 27
36 38
37 9
37 18
37 34
1 12
1 21
2 13
2 17
2 16
3 6
3 12
4 6
5 35
6 2
6 18
6 29
7 12
7 21
8 3
8 15
10 20
10 21
10 24
11 2
11 22
11 36
13 8
13 28
14 2
14 27
15 5
16 5
15 35
15 36
16 1
16 25
17 16
17 21
17 22
17 37
18 4
18 19
18 24
18 28
18 30
19 3
19 21
19 25
20 18
21 16
22 21
22 26
23 19
24 27
24 35
25 8
26 14
26 16
26 35
27 36
27 38
29 5
29 11
29 13
29 17
28 17
30 5
30 6
30 30
30 36
31 7
32 11
32 19
31 19
34 20
34 24
35 19
35 23
35 36
35 37
36 10
36 22
34 22
0 3
0 6
0 12
0 14
0 15
0 25
0 26
0 24
0 21
0 36
0 35
1 31
2 2
2 7
2 9
2 10
2 19
2 37
3 8
4 14
5 1
5 2
5 8
5 21
5 22
5 23
6 14
7 31
8 0
10 0
8 7
8 8
8 26
9 27
10 10
11 0
11 24
12 3
12 8
12 17
13 39
15 39
17 39
22 39
21 39
14 3
17 35
18 0
18 34
20 0
21 12
22 5
22 6
22 18
23 8
23 13
25 2
27 5
27 11
28 21
28 35
28 39
29 0
30 0
33 0
38 0
32 0
29 26
29 32
29 36
30 10
31 0
31 13
32 23
32 28
32 29
33 19
33 26
34 2
34 39
36 39
36 28
36 29
37 22
37 23
37 24
37 37
39 1
39 7
0 2
0 4
0 11
0 37
2 0
3 0
2 11
2 39
3 5
3 23
3 34
3 39
4 17
5 13
8 39
11 18
14 14
14 34
15 38
18 12
19 5
19 15
21 33
22 1
22 13
22 31
23 39
24 19
24 20
24 26
24 33
25 5
27 6
27 12
27 31
28 2
29 1
30 37
32 30
35 22
36 26
36 31
39 10
39 17
39 23
39 24
39 26
0 38
1 11
3 9
3 30
3 37
5 5
5 19
7 2
8 10
8 17
10 32
11 29
13 21
16 16
17 5
18 18
19 1
19 8
20 16
21 11
21 18
21 19
23 31
24 10
24 17
25 23
25 31
25 32
26 18
26 33
27 20
28 19
28 23
29 16
35 14
35 15
35 16
35 29
35 35
35 39
36 21
36 33
37 2
37 5
39 11
2 4
2 5
3 21
4 18
4 28
5 17
5 37
7 24
8 28
9 6
9 21
12 19
12 28
15 0
16 3
16 20
17 27
18 7
18 15
18 36
20 4
22 12
23 7
23 11
24 29
25 34
26 12
26 13
28 15
29 29
29 33
29 39
31 2
31 31
32 2
32 12
32 32
34 3
35 12
36 35
38 35
39 2
39 31
1 14
4 26
5 29
8 13
10 2
11 1
13 5
13 12
17 3
17 8
17 31
20 12
25 25
28 12
29 34
30 19
30 38
32 7
32 10
33 15
33 35
37 0
37 30
39 6
39 5
39 37
39 38
0 18
0 27
0 34
3 18
3 20
3 32
4 4
7 0
8 36
9 18
9 29
11 12
13 30
14 1
14 6
15 4
15 17
15 27
16 11
17 10
19 0
20 23
21 0
22 0
23 23
23 27
28 8
29 6
30 28
33 37
34 30
36 7
0 1
2 24
3 2
4 0
4 39
5 11
8 24
9 34
11 27
11 39
12 6
12 21
12 30
14 9
21 10
21 22
24 12
26 7
26 38
27 25
30 15
31 30
32 37
35 0
35 20
36 25
37 28
39 8
39 19
39 22
1 0
1 24
5 7
6 7
7 34
9 9
13 36
14 29
18 32
20 29
21 3
21 36
22 23
22 35
25 28
27 17
27 26
27 32
28 0
29 8
30 12
33 39
34 27
39 16
39 18
39 25
39 29
0 5
0 10
3 11
4 16
4 24
5 24
6 28
8 14
10 3
11 16
12 4
12 37
13 10
14 39
15 15
16 23
16 37
17 1
19 31
20 35
22 14
24 22
24 28
30 23
31 22
32 14
33 6
33 16
34 26
3 25
4 9
4 12
7 7
10 12
14 20
16 7
16 27
20 7
21 25
23 33
26 0
27 0
29 28
32 36
34 36
37 6
37 21
39 34
6 12
7 27
10 4
10 8
10 17
10 39
11 9
12 27
14 25
16 18
16 34
18 17
20 24
21 7
22 34
24 39
25 17
27 14
29 20
31 35
32 8
33 13
33 28
39 21
1 29
2 26
6 26
9 31
17 12
18 39
23 18
23 36
25 9
26 20
30 18
34 38
39 14
1 16
1 27
2 21
4 31
8 33
13 22
22 7
22 16
24 14
26 10
37 39
0 16
10 30
13 15
13 19
14 17
17 20
20 33
23 4
24 6
25 11
29 22
32 5
34 21
35 9
35 11
36 0
4 3
5 10
6 0
8 20
17 17
18 26
19 6
21 27
22 20
23 0
24 1
27 39
37 25
39 9
0 0
0 39
4 20
9 35
12 0
15 32
24 16
26 26
30 7
34 0
0 20
0 28
0 33
13 33
21 30
37 8
39 27
39 39
0 23
0 32
6 9
8 12
9 2
13 1
16 19
17 4
19 11
23 15
23 30
26 30
29 25
30 24
31 9
31 39
36 20
39 12
0 30
12 25
25 19
27 16
39 33
14 26
20 39
10 19
12 15
16 36
27 7
28 26
33 22
35 17
3 36
9 0
11 31
19 39
7 38
17 32
30 21
34 28
9 25
22 32
27 28
0 7
1 19
7 15
19 28
2 15
5 32
6 37
9 39
10 28
17 0
0 13
9 1
11 20
15 12
21 21
6 39
22 29
39 32
0 22
13 24
14 23
30 3
1 39
11 5
18 10
24 24
33 12
24 38
14 32
25 0
33 9
23 2
34 11
5 38
29 14
32 26
37 33
6 24
18 33
20 9
39 0
37 4
1 9
20 14
35 24
12 39
16 39
31 28
15 22
2 35
9 16
19 26
37 19
25 39
34 34
37 1
14 7
20 13
28 37
22 9
38 39
39 30
36 16
38 3
7 39
39 4
38 29
