1 7
1 9
1 10
1 11
1 12
1 14
1 15
2 7
2 9
2 10
2 11
2 12
2 13
3 7
3 9
3 10
3 11
3 12
3 13
4 11
4 12
6 7
6 9
7 9
8 9
10 9
12 9
14 9
15 9
8 7
10 7
9 7
11 9
5 13
7 13
8 5
6 5
4 5
9 5
9 2
2 2
2 3
3 2
5 2
7 2
10 3
10 4
9 4
15 2
15 3
15 4
15 5
15 7
11 2
13 2
13 3
13 4
13 5
13 6
13 8
12 3
12 4
13 7
9 6
14 3
14 4
14 5
15 1
14 1
16 3
18 3
16 1
18 1
19 1
21 1
23 1
24 1
22 1
18 5
24 5
20 5
21 5
22 5
26 5
18 6
20 1
20 6
24 3
24 4
23 4
24 7
27 5
2 4
2 8
3 1
3 6
3 14
3 15
5 15
6 15
4 1
5 7
6 8
7 8
8 8
9 8
6 14
7 14
14 14
10 14
11 14
12 14
16 14
18 14
19 14
7 18
7 21
7 22
7 23
7 24
7 26
7 25
14 18
14 22
14 26
14 28
14 29
14 21
11 18
9 18
11 21
14 16
14 20
9 26
10 26
11 26
12 26
10 22
10 24
9 28
9 29
9 31
10 28
11 28
12 28
11 29
12 29
11 31
11 32
11 33
11 34
11 35
11 36
11 38
11 37
12 32
12 33
12 35
8 28
8 31
8 32
5 31
5 32
6 32
6 35
6 37
8 30
9 35
9 36
10 19
10 20
9 19
12 30
13 24
14 23
15 22
16 22
17 22
19 22
20 22
17 18
15 35
16 21
19 21
20 21
23 21
18 21
17 14
17 20
18 20
20 12
20 13
20 15
20 17
10 15
16 15
18 15
13 15
14 15
12 15
15 15
18 12
19 13
23 15
22 15
22 13
22 11
23 14
23 16
23 18
23 19
24 13
24 15
25 15
26 15
24 11
25 11
26 11
29 11
32 11
34 11
35 11
36 11
37 11
38 11
31 11
24 14
25 8
26 8
26 9
29 8
29 9
30 8
30 9
25 12
25 16
25 18
25 19
26 18
27 18
27 19
28 19
26 17
27 15
28 9
28 17
32 17
30 17
31 17
33 17
35 17
29 19
32 15
32 16
31 16
29 16
31 14
32 18
33 16
34 16
1 26
2 26
1 24
1 25
1 27
1 28
1 29
1 30
2 27
2 29
2 30
2 31
3 26
5 26
4 18
4 16
6 16
4 19
6 21
6 25
6 28
6 38
7 17
7 31
7 32
7 33
6 33
7 34
8 27
9 27
10 27
11 27
12 27
13 27
8 35
9 22
10 6
10 34
10 36
10 37
10 32
11 6
11 25
12 25
13 25
12 18
12 22
12 34
13 14
13 17
13 21
13 22
14 2
15 30
18 30
15 37
16 18
17 3
17 15
17 37
18 37
17 36
16 36
18 38
19 6
19 7
19 8
19 24
20 24
20 25
20 28
20 29
20 27
18 25
19 28
19 29
19 36
21 12
21 16
21 18
21 21
21 25
22 19
22 29
25 29
26 29
22 26
22 31
25 31
24 31
28 31
29 31
23 17
24 19
24 20
24 22
24 23
26 23
28 23
29 23
26 24
26 25
26 27
28 24
29 24
29 25
29 27
30 24
30 25
30 27
30 30
33 27
35 27
36 27
37 27
38 27
26 26
28 21
30 26
30 29
32 27
24 30
25 30
23 30
23 31
23 32
23 33
24 32
23 35
23 36
25 3
25 4
25 10
26 10
28 10
29 10
27 10
25 23
25 24
27 9
27 24
27 25
27 27
27 28
28 28
29 22
30 22
34 10
35 10
36 10
37 10
38 10
35 9
36 9
37 9
38 9
36 8
37 8
38 8
38 2
38 3
38 4
38 6
38 5
33 10
33 1
33 2
33 4
33 6
33 8
33 5
30 1
30 4
30 3
33 3
34 1
34 2
35 12
35 13
36 12
36 13
36 14
36 18
37 12
37 14
38 18
38 19
38 21
38 22
38 25
35 31
35 32
37 31
38 31
38 32
37 29
34 32
34 33
33 33
33 34
36 7
36 5
36 4
36 24
36 28
37 3
37 4
38 20
38 23
37 23
1 2
1 36
1 37
1 38
2 36
2 37
2 38
5 36
3 18
2 18
1 18
3 30
3 32
4 2
4 22
4 23
4 24
4 30
4 36
5 5
5 9
5 20
5 25
6 3
6 17
6 34
7 4
7 27
8 19
9 30
10 23
10 25
11 20
12 21
13 13
13 32
16 32
13 33
14 11
14 12
15 14
15 26
15 38
16 35
17 1
17 5
17 19
17 21
18 7
18 11
18 19
18 22
20 36
22 21
23 2
24 2
24 6
25 14
25 37
28 37
29 37
30 37
28 38
29 38
26 38
31 37
27 20
27 26
27 37
28 11
29 2
29 26
31 1
31 4
31 24
32 13
32 14
32 19
33 7
34 3
34 5
34 26
36 26
34 27
34 38
35 38
35 37
36 37
36 36
35 16
36 15
36 25
36 32
37 28
38 28
37 30
38 14
38 24
1 19
1 20
1 35
2 17
2 28
3 33
3 38
4 17
4 32
5 29
5 35
6 6
6 10
6 23
7 5
7 7
7 20
9 17
9 16
10 13
10 35
12 10
12 11
12 17
13 29
13 35
14 13
14 17
14 35
14 34
14 37
15 10
15 18
15 31
16 30
17 30
17 31
18 2
18 4
19 2
19 3
19 23
20 7
20 23
21 4
21 6
21 24
21 28
21 29
22 2
22 35
23 7
23 10
23 11
23 26
23 27
23 34
24 36
24 37
22 37
22 38
25 35
26 34
27 11
27 31
27 33
27 38
28 8
32 7
31 7
32 30
33 28
33 29
33 35
33 38
34 25
35 6
35 24
37 18
37 19
37 36
38 36
38 29
38 30
0 15
0 32
0 33
0 25
0 28
0 27
0 29
0 30
1 8
2 25
3 8
4 25
5 19
5 21
5 39
7 39
9 37
11 3
11 16
12 2
13 26
14 19
15 16
15 21
15 23
15 32
16 23
16 27
16 37
16 39
18 24
18 33
19 30
20 0
21 11
21 13
21 17
21 26
21 34
21 39
22 4
22 32
24 12
24 26
24 33
26 0
27 0
28 0
27 6
27 32
28 6
28 22
29 3
29 30
30 7
30 16
31 15
31 26
31 30
32 1
32 4
32 32
32 34
33 39
34 13
34 20
34 21
36 0
35 0
36 6
36 31
37 22
39 1
39 2
39 3
39 15
39 16
39 17
39 33
39 34
39 35
39 37
39 38
1 13
2 16
3 36
4 0
4 7
4 20
5 11
5 18
7 10
8 10
8 23
11 17
13 16
13 28
17 38
18 36
19 0
21 35
22 18
23 3
23 22
25 22
25 36
26 7
26 14
26 22
26 37
28 20
28 36
29 0
30 0
29 17
29 36
30 36
30 2
33 18
33 32
34 37
34 39
35 39
35 29
37 13
37 24
0 0
0 19
0 22
0 37
1 0
2 6
2 20
3 22
3 37
4 6
4 9
4 13
5 1
5 28
6 13
6 29
7 0
8 1
8 22
8 24
9 9
9 11
9 12
10 0
10 33
11 15
11 19
13 39
14 10
14 38
15 6
15 19
16 7
17 11
17 27
18 34
19 12
19 32
19 38
20 16
20 26
20 32
20 34
21 9
22 20
24 25
24 29
24 39
25 5
25 9
25 25
26 33
27 1
27 8
27 17
28 13
29 4
29 34
30 11
30 18
30 33
30 34
31 27
32 23
32 29
33 22
33 23
34 4
34 14
34 15
34 30
34 36
35 20
35 21
35 36
37 5
37 34
38 35
38 38
38 39
39 6
39 18
39 25
0 5
0 10
0 21
1 3
3 19
4 21
5 8
7 37
10 16
13 23
14 25
14 32
15 28
17 39
18 26
19 17
19 20
20 18
20 39
21 15
21 19
22 12
22 14
22 30
25 2
25 34
26 30
26 39
27 23
28 2
28 32
29 39
30 14
31 3
31 18
31 20
32 33
32 35
33 15
33 19
34 0
34 31
36 38
37 26
39 21
39 22
0 11
1 21
2 21
3 34
4 4
4 34
5 3
5 37
6 20
6 31
7 16
7 19
8 14
9 25
10 5
11 1
12 38
14 33
16 13
17 24
17 33
18 31
19 27
19 33
19 35
22 16
22 25
22 24
22 28
23 20
25 28
27 13
30 13
30 38
31 36
32 2
32 38
33 11
33 30
35 28
0 6
0 14
2 35
3 3
3 27
3 29
4 10
4 39
5 16
6 24
11 30
12 0
12 31
15 29
15 36
16 5
16 33
17 23
19 5
19 25
20 19
20 38
21 0
21 8
22 39
24 24
25 27
26 4
26 19
26 28
27 21
28 27
29 32
30 28
31 21
32 6
32 12
34 22
35 1
35 26
36 29
37 0
37 2
37 37
39 0
39 36
0 38
3 0
5 0
8 18
9 24
10 12
11 4
13 18
14 0
15 34
17 6
18 13
20 8
23 29
24 0
24 10
24 16
25 0
26 6
28 35
30 39
31 35
32 39
34 12
34 19
35 18
36 35
37 21
1 6
1 34
6 18
7 30
8 36
8 39
9 3
9 14
10 31
12 8
13 12
14 6
17 25
21 2
21 36
22 6
23 5
24 18
24 34
26 3
26 16
28 15
28 30
28 39
29 1
29 7
29 12
29 21
31 22
34 9
34 34
35 2
35 14
36 16
36 33
37 32
38 7
38 12
0 36
2 39
3 5
4 38
7 15
8 6
8 21
9 34
12 6
13 0
13 37
16 16
16 20
17 12
18 16
18 39
19 9
19 37
21 33
25 17
27 3
31 13
34 17
39 28
0 12
0 31
1 39
5 12
5 30
7 35
8 11
9 20
10 8
10 10
10 38
12 24
18 28
18 29
20 4
22 7
23 23
25 13
26 31
27 14
27 29
30 5
30 21
33 26
34 24
39 32
5 33
6 2
6 36
8 2
8 4
10 29
11 13
12 12
14 24
28 16
31 25
35 30
39 4
1 23
4 15
8 26
8 29
9 38
13 1
18 10
19 15
21 31
25 32
25 38
35 33
39 8
39 9
0 34
2 5
2 24
6 4
15 39
22 33
27 34
36 23
36 39
37 7
0 16
4 31
5 14
15 11
16 4
17 17
28 18
28 25
29 28
30 10
34 6
35 8
39 14
0 7
11 24
13 20
16 25
18 0
28 4
31 9
37 15
39 10
39 19
6 22
8 33
9 32
10 21
11 22
12 5
16 0
23 0
23 13
29 6
30 23
31 8
33 36
1 31
6 39
13 30
14 27
15 8
16 28
31 32
6 26
7 12
9 1
10 18
15 0
22 27
26 12
4 35
18 8
32 10
39 31
0 9
0 24
8 13
30 31
31 0
0 26
10 2
13 9
14 8
16 2
32 24
2 1
25 7
39 12
22 10
28 29
32 20
39 39
16 26
21 37
24 8
38 33
2 32
17 32
20 20
23 37
25 20
26 21
31 31
33 9
4 26
32 37
0 2
9 15
24 27
38 17
2 14
2 33
22 23
30 19
33 0
36 17
38 26
17 35
6 11
4 28
0 18
1 16
20 3
24 21
3 16
18 18
28 5
25 1
11 7
36 19
38 1
12 36
20 14
29 15
36 3
21 22
20 30
20 11
39 27
7 28
11 39
14 30
16 9
39 11
