1 1
1 2
1 3
1 7
2 2
2 3
2 7
2 5
2 6
2 8
2 10
2 9
3 7
4 7
6 7
7 7
8 7
9 7
10 7
4 3
4 5
3 6
4 10
7 10
8 10
4 12
4 14
4 16
4 17
4 18
4 19
5 7
7 9
8 9
9 9
1 16
1 17
2 16
2 14
2 15
3 15
3 16
3 17
5 18
7 6
10 9
1 6
1 18
1 33
2 22
2 25
2 26
4 26
7 26
4 29
4 32
2 32
2 30
3 30
3 31
4 33
6 29
6 27
7 27
7 28
6 28
5 28
5 27
8 27
12 27
13 27
7 21
7 22
7 23
5 23
6 21
6 22
6 23
8 22
10 22
11 22
8 20
10 20
10 17
11 17
11 15
11 16
12 16
12 14
12 21
12 23
12 25
11 21
11 23
11 24
12 19
12 18
13 28
11 28
14 21
14 28
15 28
14 29
15 30
15 34
15 35
15 36
15 37
14 36
14 37
15 32
16 34
16 36
16 37
17 37
19 37
20 37
22 37
25 37
24 37
19 34
18 34
21 37
23 37
19 35
20 35
20 33
22 33
17 30
17 33
17 38
19 38
20 38
18 38
21 38
25 31
25 32
25 34
25 35
26 31
26 32
26 33
27 31
27 32
27 33
27 34
28 31
30 31
31 31
32 31
35 31
37 31
36 31
28 34
33 31
27 26
27 27
28 26
28 23
28 28
28 29
31 29
29 23
29 22
29 34
30 22
32 22
30 21
30 24
30 30
31 30
29 30
29 29
30 37
32 37
32 33
32 38
33 33
35 33
33 37
34 37
35 37
34 33
33 38
34 38
35 38
36 38
38 38
37 38
34 32
31 32
34 34
35 32
36 32
38 32
38 30
31 37
31 38
31 36
32 36
32 35
33 21
33 18
33 32
34 35
35 18
35 10
35 11
35 12
35 14
35 16
24 10
25 10
26 10
27 10
30 10
31 10
32 10
33 10
29 10
31 11
32 11
33 11
32 12
32 14
29 14
24 7
24 11
24 12
24 13
24 14
24 15
24 16
24 17
24 19
24 21
24 22
24 23
24 18
24 20
25 11
25 12
25 13
25 14
25 15
25 16
26 11
26 12
26 13
26 15
26 16
27 11
27 12
28 13
28 15
21 14
21 16
22 14
22 16
22 17
22 19
22 20
22 21
21 21
22 13
22 15
21 22
17 22
19 22
17 23
17 24
17 25
19 23
19 24
19 25
20 23
16 24
18 23
18 24
18 25
19 27
23 12
23 13
23 15
23 17
23 18
23 19
23 20
23 16
23 14
25 8
27 8
30 8
31 8
33 8
30 4
30 6
25 9
26 9
27 15
27 16
28 4
28 3
29 3
29 4
29 5
31 3
33 3
34 3
35 3
36 3
37 3
29 13
30 9
31 9
32 9
33 9
34 9
32 13
33 1
34 1
35 1
32 1
32 2
33 2
34 2
38 29
2 24
3 2
3 3
3 36
3 38
4 38
7 36
7 34
4 1
4 4
4 9
4 11
4 13
5 13
4 31
5 36
6 36
7 1
7 2
7 3
7 4
7 8
8 8
7 24
7 33
8 11
8 12
8 13
8 14
8 35
8 37
8 38
9 22
10 27
10 29
11 11
12 1
12 3
13 1
13 3
13 5
14 1
15 1
13 2
14 2
13 7
15 5
17 5
18 5
19 5
20 5
21 5
22 5
23 5
15 6
15 8
15 10
18 6
19 6
20 6
21 6
19 7
20 7
20 8
21 8
20 9
14 10
15 9
18 3
18 4
19 4
19 1
19 2
21 1
21 2
22 1
22 2
23 1
25 1
24 1
20 1
21 9
12 4
12 24
13 4
13 16
13 36
13 37
14 27
15 7
15 17
15 18
15 19
15 20
15 24
16 5
16 11
17 32
18 9
18 14
18 16
18 37
19 14
19 26
20 12
20 22
21 3
21 28
23 28
21 35
22 10
19 10
22 29
24 6
26 38
27 28
28 1
28 2
28 19
28 18
28 35
28 36
29 31
30 17
31 7
31 22
31 28
33 14
33 29
34 29
34 21
34 36
35 15
36 15
38 15
36 13
37 15
37 22
37 23
37 26
37 25
37 27
38 22
38 23
38 20
37 32
38 6
38 8
38 9
38 33
38 34
38 35
38 36
1 22
1 25
1 26
1 29
1 30
1 32
2 36
1 36
1 37
2 38
3 10
3 25
3 26
3 35
3 37
4 15
4 37
5 5
5 4
5 11
5 32
6 16
6 30
6 31
7 38
8 17
8 32
8 31
9 17
9 20
9 27
9 32
9 33
9 37
10 1
10 5
10 18
11 1
11 3
11 6
11 27
12 8
13 14
13 21
13 23
13 26
14 5
14 6
14 9
14 12
14 13
14 19
14 17
14 20
14 22
15 2
15 15
16 12
16 18
17 18
16 30
18 33
19 11
19 15
19 16
19 20
20 14
20 27
20 28
20 36
21 33
22 18
23 34
24 34
25 2
25 7
25 33
26 26
25 26
25 25
27 18
28 8
28 25
28 27
28 30
29 8
29 17
29 37
31 24
32 23
32 32
33 19
33 23
34 11
34 18
35 13
35 19
35 30
35 36
36 18
36 19
36 22
37 6
36 6
37 8
37 10
37 13
37 16
37 21
37 24
38 7
38 14
38 21
0 12
0 23
0 24
0 34
0 35
0 33
1 4
1 5
1 21
2 1
2 4
2 31
3 23
5 0
5 12
5 39
6 39
6 0
6 1
7 35
9 13
9 14
9 19
9 30
10 19
11 29
12 32
12 33
12 35
13 32
13 33
14 35
15 29
16 6
16 35
17 6
19 36
20 2
20 18
20 19
21 32
22 28
23 24
23 29
24 27
26 2
26 17
26 30
27 0
29 0
30 0
32 0
27 3
26 3
27 23
27 30
27 39
30 5
30 7
30 35
31 15
31 16
31 21
32 3
32 17
32 21
33 20
33 26
33 36
34 14
35 7
36 4
36 27
38 16
39 1
39 7
39 9
39 14
39 17
39 29
0 21
1 15
2 17
3 8
3 22
3 21
4 39
5 19
5 24
5 29
6 6
6 8
6 19
7 37
8 21
9 34
10 16
11 30
14 18
14 30
17 31
18 31
18 7
18 8
18 22
18 39
19 3
20 0
20 21
21 7
21 27
21 29
22 0
22 36
25 24
27 5
28 17
28 33
29 24
31 14
32 19
32 24
33 0
34 0
35 0
34 26
36 7
36 20
38 13
39 8
39 28
0 22
0 25
0 39
1 12
2 19
3 5
3 14
3 29
3 32
5 16
5 26
5 33
5 35
6 5
6 9
8 3
9 6
9 8
9 15
10 0
11 10
11 18
11 35
11 39
12 2
12 15
12 39
13 12
13 31
13 34
14 0
14 11
14 23
16 25
16 26
16 33
17 3
17 4
17 9
17 12
18 2
18 13
20 16
21 12
21 19
22 3
22 26
23 23
23 36
23 39
24 9
24 29
24 35
24 38
25 22
26 0
26 20
27 9
27 19
28 7
28 24
30 27
31 0
31 17
31 25
32 5
32 34
33 28
34 4
35 4
35 24
35 25
38 0
38 1
39 4
39 33
39 35
0 2
0 9
0 8
0 11
0 13
0 18
1 34
2 29
3 12
4 24
4 25
4 30
5 17
8 25
8 34
9 0
9 25
9 29
10 11
10 23
10 30
10 36
10 37
11 20
12 11
13 25
16 17
16 23
18 20
20 4
20 30
21 20
21 30
22 35
23 7
23 11
23 27
26 27
27 29
28 5
28 39
30 16
30 18
30 23
30 33
30 36
31 1
31 2
31 35
32 8
32 18
32 26
33 12
33 34
33 39
35 39
34 25
34 27
35 20
36 11
36 12
38 26
39 0
39 2
39 37
0 1
2 21
3 39
4 2
4 6
4 8
4 28
4 36
5 10
6 2
6 10
6 13
6 26
6 34
9 2
9 12
10 38
11 8
12 31
12 36
14 34
15 14
15 27
15 31
17 11
18 1
18 29
18 30
19 31
21 17
24 39
27 4
27 21
27 38
29 9
31 12
31 19
34 7
36 16
36 23
36 26
37 30
39 39
0 26
6 18
6 20
9 24
13 10
14 24
14 31
15 0
19 39
22 24
22 30
24 28
26 14
26 34
26 36
26 39
27 13
27 22
29 2
31 33
34 31
35 2
35 34
37 4
39 13
39 20
39 23
39 27
39 30
0 17
0 30
2 33
5 22
5 38
7 17
7 25
7 39
8 39
8 30
10 3
10 21
10 28
12 20
13 0
13 6
14 8
16 2
16 3
16 8
16 10
17 29
17 34
18 26
18 35
20 24
21 26
22 8
25 38
26 23
28 32
29 28
34 12
34 16
36 14
38 5
38 10
39 16
39 22
0 3
2 13
3 20
3 34
6 24
6 32
7 16
7 32
8 6
8 28
9 1
11 9
12 17
12 34
13 29
14 14
14 38
16 13
16 21
16 22
17 39
19 19
23 2
23 3
24 8
25 21
25 36
26 5
26 24
28 10
29 26
30 20
30 29
32 30
34 39
35 21
36 8
36 28
37 20
38 24
0 36
1 38
5 14
5 21
8 19
9 35
10 24
11 12
12 5
15 4
16 38
17 26
19 33
20 17
21 4
21 15
22 34
25 4
25 19
28 0
28 11
30 11
30 12
30 25
31 4
32 29
35 6
36 33
38 19
39 6
39 12
39 15
0 37
1 0
1 10
1 19
11 5
12 0
14 3
14 39
15 16
15 33
17 36
19 8
21 13
22 12
23 10
25 30
26 8
27 7
29 6
33 22
36 1
38 37
0 20
4 23
7 18
8 23
8 36
9 4
11 14
15 13
18 18
23 0
29 21
33 4
36 10
36 39
37 18
39 18
0 29
2 23
2 39
3 18
11 25
12 22
14 16
15 21
19 21
20 10
20 25
23 33
24 31
30 34
31 27
31 39
33 7
36 34
1 14
2 27
4 27
7 20
11 31
20 34
20 39
21 0
22 32
30 38
31 6
38 39
0 16
2 0
5 3
7 15
12 28
19 0
25 3
30 14
0 7
0 27
8 26
9 39
12 26
18 19
21 23
24 26
28 12
29 38
7 11
9 5
16 1
20 32
21 10
28 14
37 28
7 5
15 11
24 32
25 0
25 6
27 25
30 32
32 39
35 17
13 8
27 35
28 16
32 15
33 17
33 24
36 37
10 15
17 21
24 30
30 3
30 13
36 36
14 25
17 14
19 12
29 15
39 32
0 32
1 8
7 29
10 32
17 16
22 38
26 1
28 20
16 28
22 6
8 15
18 0
38 28
4 34
28 22
35 22
35 29
7 0
9 10
34 8
39 38
19 28
24 4
15 38
25 17
4 0
12 13
12 37
39 10
2 11
28 37
34 10
22 22
23 21
35 9
36 0
16 27
26 18
38 3
11 7
24 5
26 37
4 20
18 10
38 31
24 24
