1 9
1 11
1 12
2 9
2 11
2 12
3 9
3 12
4 9
5 9
8 9
9 9
10 9
7 9
6 12
7 12
3 13
5 12
2 7
2 8
3 8
4 8
2 10
3 10
3 14
6 14
6 15
7 14
6 17
8 6
6 6
6 3
7 6
7 2
10 8
10 10
13 8
13 7
13 13
14 7
15 7
17 7
14 6
14 13
14 11
15 10
16 6
17 1
17 2
17 4
17 5
18 2
18 4
19 2
19 4
20 2
19 1
20 1
18 3
19 3
1 22
1 28
1 30
1 31
1 32
2 31
3 28
3 30
5 28
5 30
7 28
7 30
8 28
10 30
7 33
3 26
6 28
6 30
7 27
8 27
8 26
9 27
11 27
13 27
14 27
15 27
17 27
18 27
22 27
20 27
16 27
21 27
9 26
11 26
13 26
14 26
9 25
10 26
12 27
14 18
14 20
14 21
14 22
14 24
7 32
7 34
8 24
8 20
8 21
8 22
8 29
9 29
9 20
9 21
10 21
10 22
9 19
12 26
15 20
15 21
15 22
16 21
16 22
17 22
19 22
16 18
16 16
16 19
15 19
17 18
11 16
12 16
11 15
12 14
12 17
13 17
15 14
20 14
21 14
15 30
17 30
17 31
16 15
16 30
16 31
18 14
18 19
20 19
26 19
26 31
19 31
24 31
22 31
26 23
26 25
26 27
26 28
26 29
18 23
19 23
20 23
22 23
24 23
18 25
19 25
19 24
20 24
20 21
21 24
21 28
21 29
22 28
23 28
24 29
22 21
23 23
27 31
27 25
27 27
27 28
27 29
27 24
27 26
28 27
28 28
28 29
28 30
29 28
29 29
30 28
30 29
31 28
32 28
36 28
32 29
33 29
34 29
35 29
30 27
31 27
28 23
28 24
32 24
34 24
29 23
30 23
31 23
32 16
32 17
32 18
32 19
32 21
32 22
26 17
23 17
26 15
21 15
22 15
24 15
26 16
22 16
23 16
24 16
26 18
30 18
29 18
29 17
28 17
29 15
28 15
30 19
30 21
28 14
28 16
29 22
32 26
36 26
19 20
19 32
19 33
19 34
19 37
19 36
17 37
18 32
20 12
17 12
20 13
21 13
20 33
21 20
21 23
21 30
23 31
23 32
24 32
24 33
24 35
24 36
24 37
25 32
23 36
23 37
23 38
22 38
24 19
24 34
25 17
25 36
26 36
27 36
26 35
26 37
27 37
28 37
30 37
28 35
27 38
28 38
30 38
29 38
26 21
26 22
26 26
27 14
27 16
27 17
27 18
27 11
23 11
25 11
23 10
22 10
24 10
26 10
28 10
24 7
27 15
28 8
29 37
30 20
31 22
31 29
32 20
32 38
33 16
33 17
33 18
33 19
33 20
34 17
34 18
34 19
35 18
35 19
35 20
35 22
35 23
36 18
36 17
37 17
38 17
36 22
38 22
37 22
36 13
36 14
36 15
33 15
34 15
34 14
34 1
34 4
34 5
34 10
34 12
34 11
34 7
34 8
34 9
36 21
38 21
37 10
37 12
37 13
37 14
37 15
38 12
38 13
37 23
37 25
37 27
38 24
33 1
33 4
33 3
33 24
33 30
34 30
35 30
36 30
38 30
34 31
34 32
35 31
35 32
36 31
38 31
38 32
37 31
37 32
38 33
34 33
35 33
34 2
34 28
35 13
35 14
35 12
35 28
36 1
36 4
37 1
37 4
37 5
38 4
38 5
37 3
38 6
36 8
38 2
37 2
38 19
38 20
1 24
1 25
1 29
2 5
2 6
2 27
3 34
3 36
4 36
5 36
6 36
9 36
4 35
5 35
4 37
5 37
5 38
8 36
9 37
12 37
4 12
4 29
5 6
5 21
6 4
6 5
7 4
7 5
8 14
8 16
9 16
9 38
10 11
10 12
10 27
11 3
11 23
11 37
12 8
13 4
13 5
13 12
13 11
13 16
13 25
13 35
13 36
14 35
14 36
15 35
14 34
15 34
14 31
15 9
16 17
16 38
18 38
18 12
19 14
19 26
18 26
19 35
20 11
20 20
23 3
23 4
23 6
24 3
24 1
23 5
23 29
26 11
28 1
28 6
30 7
31 7
31 6
31 33
31 34
31 36
32 34
32 35
32 1
32 4
32 25
33 28
33 34
34 3
35 11
35 26
36 37
37 9
37 11
37 30
37 38
38 11
1 20
1 21
1 26
2 22
3 22
4 22
4 21
4 28
4 30
5 5
5 10
5 15
5 20
5 22
6 13
6 27
6 33
7 3
7 13
8 2
8 7
8 25
8 33
8 38
9 2
10 2
9 1
9 34
10 16
10 31
10 32
11 5
11 19
11 28
12 3
12 24
13 10
13 29
14 12
14 30
15 15
15 29
15 38
16 2
16 7
17 3
17 13
17 14
17 17
17 23
17 36
20 18
22 22
23 2
23 12
23 18
23 19
23 22
24 2
24 14
24 20
24 25
24 30
25 16
25 25
26 9
27 8
27 12
28 9
29 7
29 8
29 14
29 27
29 34
30 34
31 24
31 35
32 3
33 9
33 12
33 21
34 25
34 37
35 1
35 4
35 7
35 8
35 37
36 3
36 9
37 24
38 27
0 5
0 6
0 18
0 20
0 21
0 29
0 34
0 35
0 36
0 37
0 38
1 13
1 39
2 0
4 0
5 0
2 19
3 19
2 26
2 28
2 30
3 1
3 2
3 3
3 27
3 29
3 37
4 16
4 17
4 18
4 25
5 24
5 29
6 11
6 31
7 23
7 31
8 23
9 8
9 10
10 25
10 35
11 4
11 34
11 35
12 1
13 1
12 15
13 18
13 20
13 28
14 8
14 17
15 3
15 39
16 33
16 34
17 28
17 29
18 8
18 37
19 8
19 9
20 8
20 29
20 34
21 10
21 21
22 5
23 21
25 0
25 5
25 10
25 19
25 35
25 37
27 2
28 18
29 5
30 8
30 13
30 22
31 0
32 0
32 33
33 2
34 39
35 39
37 39
33 39
35 5
35 21
35 36
36 38
38 3
39 20
39 36
3 11
4 15
5 34
6 23
6 21
6 35
8 11
10 3
10 4
10 20
10 29
11 22
11 24
12 36
13 34
14 14
16 5
17 19
17 26
17 38
18 24
18 33
19 5
19 38
21 0
21 9
22 9
22 4
22 6
22 17
22 36
23 15
24 17
25 12
27 35
29 21
29 39
31 5
31 8
31 18
31 17
31 19
32 6
34 26
36 10
36 27
36 39
39 6
0 1
0 14
0 15
0 25
1 1
1 3
1 8
1 16
1 27
1 35
1 37
2 2
2 16
2 18
2 24
3 0
3 17
3 35
4 1
4 7
4 10
4 32
6 37
6 38
7 15
7 29
7 35
8 0
8 10
8 32
9 30
10 37
11 8
11 10
11 25
11 32
12 0
13 0
13 6
13 21
13 37
15 0
15 28
15 33
16 4
16 9
18 1
18 11
18 15
18 30
19 12
19 16
20 3
20 32
22 13
23 13
24 13
22 19
22 29
22 34
23 9
24 4
24 11
24 26
25 4
25 6
25 7
25 22
26 5
26 8
27 4
27 6
28 7
28 25
29 4
29 30
30 5
30 6
30 12
30 24
30 30
31 11
31 21
31 26
32 11
33 26
34 16
34 22
34 23
38 16
38 15
38 36
39 9
1 10
1 23
2 32
2 39
4 34
4 38
5 3
7 11
9 22
10 15
10 19
10 39
12 35
14 38
15 6
18 31
19 21
20 0
20 35
20 39
21 17
20 17
22 7
21 7
22 20
25 1
25 28
25 29
26 0
26 2
26 12
27 1
27 30
28 0
28 26
29 1
29 24
30 33
32 7
32 32
33 0
33 5
33 31
33 35
34 6
34 36
35 17
36 2
38 23
38 38
39 0
39 24
39 26
39 27
39 35
39 37
0 4
0 11
0 19
2 34
4 13
4 19
4 24
7 7
8 37
9 0
9 4
10 33
11 29
12 18
12 19
12 32
12 38
13 30
14 10
14 33
15 18
15 23
16 10
16 20
16 29
16 32
16 39
17 11
18 5
19 13
20 6
21 8
21 31
21 35
22 0
22 26
22 39
25 8
25 31
25 33
26 38
28 2
28 11
28 39
27 39
26 39
36 16
37 18
38 1
38 14
39 7
39 16
39 19
39 21
39 28
3 21
4 6
4 26
5 14
5 18
5 19
7 16
9 33
11 13
13 9
14 1
14 5
15 31
18 22
18 39
20 10
20 31
20 37
21 19
21 33
21 38
23 33
24 9
26 24
27 13
27 32
30 0
30 36
31 13
32 15
33 32
35 15
36 5
36 20
36 36
37 21
39 33
0 17
1 0
1 7
3 33
3 38
6 2
6 24
9 6
9 18
10 23
11 11
16 1
16 23
17 25
18 20
24 6
28 13
28 21
33 14
36 0
36 7
37 33
37 37
38 29
39 2
0 31
0 33
3 7
6 9
6 10
6 20
7 19
8 8
9 39
11 17
12 7
12 13
13 31
15 36
16 25
18 28
18 34
19 19
20 7
21 1
24 28
26 34
29 16
31 4
31 16
32 36
33 10
35 10
37 0
37 16
37 26
2 38
3 4
5 2
5 31
6 7
6 39
8 30
8 39
9 14
10 7
11 6
11 14
13 24
14 37
15 4
15 16
16 37
19 27
19 30
22 3
22 32
22 37
23 25
23 39
24 0
25 15
30 3
30 17
31 3
32 39
33 6
0 7
0 12
0 30
2 36
3 25
5 8
9 35
10 13
11 1
11 33
15 2
16 12
17 21
17 32
21 16
23 1
23 7
25 27
27 10
29 11
30 31
30 39
32 9
32 12
33 37
36 32
39 5
39 13
5 39
6 0
9 24
11 2
13 22
14 19
14 28
15 11
15 13
16 35
21 25
23 35
25 3
31 38
38 7
2 13
7 1
9 13
13 33
15 8
19 0
19 6
20 25
21 12
21 36
24 8
28 22
28 36
32 8
36 25
0 9
0 28
2 15
3 15
3 31
17 6
17 8
18 18
22 24
24 21
25 39
26 20
31 1
34 34
35 34
38 34
38 39
39 10
14 25
14 39
20 4
22 11
29 13
29 35
36 23
37 6
39 1
39 12
39 31
39 32
1 19
6 22
30 15
30 26
36 19
0 22
1 14
8 5
13 14
17 0
17 16
21 2
26 30
27 23
28 5
29 19
2 4
4 5
5 33
18 7
25 23
31 32
33 38
25 18
28 32
28 34
36 12
0 39
12 20
17 35
20 22
7 26
19 10
27 20
36 34
38 10
39 4
16 14
20 15
20 28
25 13
31 37
32 27
34 20
6 16
7 36
29 32
6 18
13 3
28 31
29 10
33 22
5 27
9 28
28 20
10 36
32 30
37 8
11 21
12 31
22 14
26 32
38 25
39 22
39 30
14 16
14 23
15 26
26 14
34 13
19 39
24 38
38 18
1 33
27 19
8 12
8 19
19 29
39 17
35 24
19 17
32 23
11 9
11 30
32 14
36 29
34 0
37 28
23 27
