1 1
1 2
1 3
2 1
2 2
2 3
3 2
4 2
5 2
6 2
8 2
9 2
7 2
4 1
5 1
6 1
8 1
9 1
10 1
4 3
5 3
7 1
5 4
5 5
5 7
6 4
6 5
6 7
6 8
6 6
8 4
8 5
9 4
9 5
10 4
12 4
12 5
16 5
17 5
20 5
21 5
23 5
25 5
26 5
28 5
29 5
30 5
24 5
27 5
19 5
11 4
11 5
15 5
22 5
7 5
7 6
7 8
7 9
7 11
7 10
12 7
12 12
12 13
12 14
12 15
12 16
12 17
16 7
17 7
14 7
14 12
14 13
14 14
14 15
14 16
14 19
14 20
14 21
14 22
14 23
14 24
14 26
14 29
14 28
14 27
14 30
14 25
20 15
18 15
19 15
20 19
20 20
20 21
18 19
16 19
16 20
16 22
16 23
16 24
16 26
16 27
16 29
16 31
16 32
16 33
16 28
16 30
17 19
20 18
18 18
17 18
22 15
25 15
22 19
22 20
22 24
22 26
22 22
22 23
22 25
25 19
28 20
28 24
28 26
28 32
28 28
28 35
24 20
24 24
24 26
25 24
25 26
26 24
26 26
26 20
24 28
25 28
26 28
26 29
26 32
26 35
26 34
26 36
26 37
26 31
28 22
24 22
26 22
28 23
24 23
25 23
28 25
24 25
25 25
26 25
28 31
29 20
29 24
31 20
29 22
29 23
29 25
32 20
18 24
19 24
19 26
19 29
19 32
18 29
20 29
23 29
22 29
22 32
24 32
18 23
19 28
19 30
22 18
22 17
23 19
23 21
22 21
23 27
24 27
25 27
26 27
27 27
23 24
24 15
24 35
23 35
24 34
22 34
17 34
18 34
20 34
22 36
24 36
24 37
17 36
17 37
18 36
18 37
19 37
20 37
21 37
4 36
5 36
6 36
7 36
8 36
9 36
10 36
15 36
12 36
13 36
14 36
11 36
16 37
17 38
18 38
19 38
20 38
23 34
23 36
25 17
28 17
26 23
28 7
28 8
28 10
28 11
28 12
28 13
28 14
28 15
16 8
17 8
20 8
21 8
22 8
23 8
25 8
26 8
24 8
16 9
16 10
17 9
17 10
17 11
20 9
20 10
20 11
20 12
20 13
21 9
21 10
22 9
19 9
19 10
19 11
19 12
19 13
26 7
26 10
26 12
26 14
26 16
28 30
30 23
35 23
35 25
32 25
35 32
31 32
32 32
33 32
32 17
34 25
35 27
35 28
35 29
35 30
35 34
36 32
37 32
5 29
6 29
8 29
10 29
11 29
12 29
6 15
6 16
6 20
6 26
6 22
6 23
6 24
6 19
8 15
8 16
8 20
8 26
8 22
8 23
8 24
8 19
8 18
8 27
10 26
11 26
12 26
8 12
8 13
8 25
10 25
11 25
10 27
11 27
6 31
8 31
10 31
11 31
12 31
9 31
6 32
6 33
6 34
8 32
8 33
8 34
10 32
10 33
10 34
11 32
9 32
9 33
9 34
5 32
5 33
5 34
4 34
9 15
9 16
9 20
9 26
9 24
9 25
9 19
9 18
10 15
10 16
10 20
10 19
10 18
9 12
9 13
10 12
10 13
9 30
10 30
11 30
12 30
10 9
11 18
13 31
1 16
2 16
3 16
3 20
3 19
2 19
3 18
2 18
1 18
4 20
4 19
4 26
1 26
2 26
4 23
1 23
1 24
1 32
2 11
2 14
3 14
3 26
4 11
4 13
5 11
5 13
5 14
4 8
3 8
3 7
2 7
4 17
1 17
2 17
4 28
2 28
7 20
7 25
7 26
7 27
7 28
7 22
7 23
7 19
7 24
7 32
7 33
7 34
10 11
11 11
11 14
9 14
10 14
11 10
13 38
15 38
15 8
15 16
15 10
15 11
17 15
17 23
17 25
18 25
19 25
20 25
17 33
18 33
17 30
18 8
18 9
18 10
18 11
19 19
19 31
20 24
21 7
22 7
21 19
21 20
21 22
21 24
21 17
21 16
21 18
21 21
21 29
21 32
23 23
23 25
23 26
23 33
22 33
24 38
25 35
26 33
27 24
27 21
27 22
28 9
29 7
29 8
29 9
29 10
29 11
29 12
29 13
29 14
30 8
30 10
30 12
30 13
30 14
31 13
31 14
32 8
33 8
34 8
35 8
36 8
33 10
34 10
35 10
36 10
37 10
38 10
32 7
33 7
34 7
35 7
31 7
30 32
31 27
31 29
32 27
33 27
33 29
32 28
33 28
33 6
34 6
34 5
35 5
33 26
32 26
33 34
33 35
32 35
34 11
36 11
36 13
37 11
38 11
37 13
38 13
37 14
38 14
34 26
34 30
34 28
34 31
36 26
36 27
36 28
36 29
37 26
38 26
37 27
37 28
38 27
38 28
38 29
34 29
37 12
38 12
1 7
1 27
2 27
3 27
2 25
1 25
2 32
3 10
3 32
3 34
4 10
5 20
5 22
5 23
5 21
6 21
8 21
5 30
6 37
7 37
8 37
9 37
10 37
7 38
8 38
9 38
9 3
11 13
12 10
12 20
12 22
13 8
13 13
13 14
13 15
13 21
13 22
13 23
13 34
14 8
15 21
15 22
15 23
15 27
15 28
16 4
16 17
17 6
18 6
21 6
22 6
23 6
25 6
24 6
19 20
20 26
20 32
23 1
17 1
18 1
19 1
21 1
20 1
18 2
23 20
25 3
26 3
27 3
28 3
29 3
30 3
31 3
32 3
33 3
26 2
31 2
32 2
31 4
26 4
27 4
28 4
29 4
26 1
26 30
27 11
27 12
27 13
27 17
27 25
27 26
27 35
27 36
29 36
28 21
29 18
31 18
29 19
29 38
30 18
30 19
31 1
31 38
33 9
34 9
35 9
36 9
37 9
33 17
33 23
33 21
33 36
36 21
37 21
36 19
36 22
36 30
36 33
37 15
38 21
38 33
38 35
38 36
1 37
1 38
2 38
3 38
4 9
5 26
7 15
7 16
7 21
8 8
9 8
9 9
9 17
10 17
9 21
10 10
11 28
12 6
12 34
13 2
13 3
14 38
16 38
19 36
20 36
20 16
23 15
23 38
24 17
25 9
25 12
25 18
25 36
26 9
27 23
27 32
30 17
30 20
30 37
31 10
32 1
32 12
32 33
36 4
38 4
37 5
1 36
2 24
3 1
3 3
3 9
3 23
4 12
5 6
5 12
5 16
10 3
11 7
11 12
12 35
13 1
13 37
14 6
14 17
14 35
17 24
17 26
17 35
18 30
18 35
19 6
19 27
20 4
20 7
21 25
22 14
22 13
23 2
23 14
24 3
25 31
27 7
27 28
27 31
29 6
30 22
30 30
30 33
31 12
32 21
32 24
33 16
33 22
34 24
34 34
34 35
35 19
35 24
35 26
36 3
36 12
36 18
35 18
36 20
37 4
37 20
37 25
38 19
38 25
38 34
0 5
0 4
0 13
0 33
0 34
1 6
1 15
2 15
2 6
2 12
2 31
1 31
3 17
3 39
5 39
2 39
6 27
6 30
7 35
8 3
8 9
9 22
10 28
14 1
14 2
14 39
22 39
15 4
15 20
15 33
17 2
17 20
18 26
20 0
24 0
25 0
27 0
28 0
29 0
30 0
33 0
34 0
36 0
37 0
35 0
32 0
22 0
35 1
26 21
28 18
28 39
29 33
29 37
30 38
32 10
32 23
32 39
33 39
35 39
36 39
37 39
38 39
34 39
34 38
33 30
33 31
34 15
34 21
34 27
35 22
35 31
35 33
36 5
36 7
37 22
37 33
38 1
38 9
39 2
39 3
39 7
39 8
39 18
39 22
39 30
39 34
39 37
39 38
39 36
0 6
0 24
1 12
3 15
3 25
3 31
4 18
4 21
6 38
11 15
11 16
12 28
13 7
13 25
15 3
15 26
16 2
16 39
19 39
20 39
18 0
18 17
19 0
19 2
19 18
22 2
23 7
23 13
25 16
25 34
26 11
27 34
28 19
29 32
30 9
31 30
34 4
35 15
36 23
39 12
39 14
39 35
0 31
3 28
4 22
6 18
9 35
12 3
12 23
13 12
13 30
14 0
14 3
15 9
15 29
16 21
17 17
17 22
18 5
21 0
21 33
23 4
23 11
24 33
25 37
26 13
27 10
30 2
30 4
30 11
31 19
32 31
34 1
34 18
35 6
36 37
37 38
38 17
0 3
0 25
0 37
1 0
1 10
1 19
1 33
2 35
1 35
4 25
6 11
12 21
14 33
16 3
18 32
19 3
20 6
23 22
24 11
27 39
31 17
32 6
32 16
32 34
33 11
33 33
35 14
37 1
37 19
37 35
37 36
39 13
39 17
39 23
1 14
2 37
3 11
4 24
4 27
5 19
5 35
10 5
10 38
13 0
15 0
15 14
17 14
18 14
18 28
19 33
20 28
21 34
22 37
23 32
25 20
25 22
25 32
28 33
29 21
29 30
29 31
31 8
31 37
34 23
34 37
35 2
35 16
37 29
38 3
0 12
0 20
0 18
0 38
1 4
2 23
4 33
4 38
6 17
7 7
8 17
11 17
12 0
12 9
12 25
13 5
13 16
13 18
14 10
15 35
18 20
19 14
19 16
21 2
21 11
22 1
22 16
24 19
27 14
28 38
30 25
32 9
33 15
36 2
36 31
38 6
39 1
0 2
0 1
0 17
1 9
1 28
2 0
3 13
4 4
4 14
4 35
4 37
7 4
7 12
9 0
9 23
11 20
14 9
15 12
15 24
18 3
21 36
21 39
23 18
24 13
27 29
28 34
30 7
31 6
31 26
31 33
31 35
33 12
0 22
3 30
4 39
5 24
5 37
6 14
6 35
8 6
8 35
10 0
11 23
12 27
15 7
22 31
29 28
31 21
32 29
32 38
35 11
39 31
0 30
4 0
5 0
4 7
7 39
8 30
14 11
15 15
16 6
17 31
18 16
23 3
24 21
27 2
29 39
31 23
31 28
32 18
34 19
35 13
38 5
0 14
0 35
2 29
3 21
7 31
8 0
8 14
9 39
11 33
15 13
16 18
18 39
19 8
19 21
20 30
21 4
23 37
23 39
24 1
29 17
31 15
31 25
32 36
39 11
39 19
2 4
3 6
7 18
10 8
11 24
13 19
13 33
15 19
15 39
17 4
18 12
20 17
23 0
25 4
31 0
31 39
32 13
35 4
36 25
38 37
39 6
0 7
1 22
1 29
4 32
12 11
21 15
25 7
29 35
31 31
32 4
36 17
37 31
39 4
0 8
0 27
5 10
6 3
6 25
9 29
13 20
18 7
21 23
24 12
29 2
35 21
38 15
38 30
39 28
39 27
39 29
39 33
4 16
6 0
10 39
13 24
21 38
22 35
33 25
1 11
2 8
2 10
12 38
14 18
17 27
17 39
23 30
24 31
30 27
30 29
36 34
0 23
5 17
5 28
17 32
25 14
27 20
28 27
33 5
36 14
1 39
9 11
11 19
11 34
15 17
18 22
24 39
27 37
32 14
33 2
39 26
0 19
9 6
10 35
11 9
13 39
16 15
16 16
24 29
5 31
11 37
20 14
21 12
25 2
30 15
39 21
0 32
2 34
12 2
14 5
16 11
25 29
31 22
0 0
5 8
26 0
33 37
34 32
7 29
13 29
15 32
16 25
20 3
23 28
28 6
37 16
39 9
5 15
17 29
21 26
2 13
14 34
22 12
23 17
4 30
6 28
15 31
17 0
19 23
6 39
19 34
25 39
2 21
8 39
10 24
11 39
28 16
39 15
13 4
13 26
22 10
4 29
6 9
15 37
16 1
25 10
7 13
12 32
28 2
11 22
17 12
26 6
30 36
4 5
10 7
23 9
34 12
39 39
27 8
8 28
10 21
0 16
9 27
34 17
35 35
2 20
10 2
28 29
12 8
26 17
0 26
11 1
22 27
26 15
29 15
37 7
30 24
39 10
37 8
16 36
26 19
20 22
37 23
6 13
12 18
38 32
34 3
26 38
8 11
39 25
29 26
3 36
33 20
28 36
38 0
16 34
14 31
31 5
