1 9
1 10
1 11
1 12
1 13
1 14
1 15
1 16
1 17
1 18
1 19
2 10
2 11
2 12
2 13
2 14
2 15
2 16
2 17
2 18
2 19
2 20
2 22
2 23
2 24
2 25
2 21
3 10
3 11
3 12
3 13
3 14
3 15
3 16
3 17
3 18
3 19
3 20
3 21
3 22
3 23
3 24
3 25
3 26
3 27
4 10
4 11
4 12
4 13
4 14
4 15
4 16
4 17
4 18
4 19
4 20
4 21
4 22
4 23
4 24
4 25
4 27
4 28
4 31
4 32
4 33
4 35
4 36
4 37
4 34
4 29
4 30
4 26
5 10
5 11
5 12
5 15
5 16
5 17
5 18
5 21
5 22
5 23
5 24
6 10
6 11
7 10
7 11
7 12
7 15
7 16
7 17
7 18
7 21
7 22
7 23
7 24
7 25
7 27
7 26
8 10
8 11
8 12
8 15
8 16
8 17
8 18
8 22
8 23
8 24
8 25
8 26
8 20
9 10
9 11
9 12
9 15
9 16
9 17
10 10
10 11
11 10
11 11
12 10
13 10
15 10
18 10
19 10
20 10
23 10
24 10
25 10
26 10
22 10
21 10
14 10
11 15
11 16
11 22
11 23
15 15
15 16
20 15
17 15
21 15
23 15
13 15
13 16
14 16
16 16
18 15
13 22
13 23
13 24
14 22
10 15
10 16
13 27
16 15
17 24
16 24
18 24
19 24
20 24
21 24
19 15
10 22
10 23
10 24
10 27
12 15
12 22
12 23
13 32
13 29
13 30
13 33
13 34
9 19
8 19
10 26
10 32
10 29
10 33
10 34
10 36
10 37
10 38
11 19
11 20
13 31
6 16
6 17
9 23
9 25
9 27
9 29
11 27
13 19
13 20
15 19
15 20
17 19
17 20
18 19
18 20
19 20
21 20
23 20
24 20
25 20
26 20
27 20
28 20
32 20
34 20
36 20
37 20
38 20
35 20
22 20
14 19
14 20
15 21
11 21
16 19
16 20
17 21
18 21
20 20
30 20
6 22
6 23
6 24
6 25
6 27
6 32
6 30
6 31
7 32
8 14
9 14
11 14
9 24
9 26
12 14
13 18
15 18
17 18
18 18
19 18
13 21
14 18
15 27
16 18
17 17
18 22
6 29
7 36
7 37
7 38
6 36
6 37
6 38
5 38
8 32
8 37
8 38
10 17
10 20
11 32
11 33
11 34
11 36
11 38
11 35
12 16
12 19
12 20
12 27
13 28
15 17
16 32
16 38
20 32
20 38
21 32
21 38
22 38
23 38
24 38
26 38
27 38
28 38
29 38
31 38
32 38
37 38
38 38
36 38
30 38
34 38
23 32
24 32
26 32
28 32
29 32
27 32
25 32
25 38
18 32
19 38
13 38
14 38
15 32
16 28
16 29
20 29
21 29
23 29
24 29
26 29
28 29
30 29
31 29
33 29
34 29
25 29
22 29
19 29
15 28
16 26
20 26
21 26
23 26
24 26
26 26
27 26
22 26
28 26
19 26
18 26
20 27
21 27
23 27
24 27
26 27
25 27
22 27
19 27
22 22
21 22
22 23
23 22
24 22
27 22
26 22
28 22
32 22
33 22
34 22
35 22
36 22
30 22
31 22
25 22
27 23
25 23
16 36
20 36
21 36
23 36
20 34
21 34
23 34
24 34
26 34
28 34
29 34
30 34
31 34
33 34
34 34
37 34
38 34
35 34
36 34
32 34
25 34
20 35
21 35
23 35
24 35
22 36
22 34
22 35
16 37
20 37
21 37
22 37
18 36
18 37
18 34
19 36
19 35
19 37
20 17
23 17
24 17
25 17
26 17
27 17
28 17
30 17
32 17
34 17
35 17
33 17
31 17
29 17
37 17
22 17
20 30
21 30
23 30
24 30
26 30
25 30
27 30
19 30
18 30
19 31
22 33
23 18
24 18
25 18
26 18
27 18
28 18
30 18
32 18
34 18
31 18
29 18
24 12
24 14
15 12
16 12
20 12
18 12
15 13
16 13
16 11
17 13
17 11
17 12
18 11
19 11
24 33
26 33
28 33
29 33
30 33
33 33
37 33
38 33
35 33
36 33
32 33
27 33
25 33
27 14
28 14
30 14
32 14
34 14
35 14
36 14
33 14
31 14
29 14
27 15
28 15
30 15
32 15
34 15
35 15
37 15
38 15
33 15
31 15
29 15
28 36
29 36
31 36
33 36
34 36
37 36
38 36
35 36
36 36
29 35
30 12
32 12
32 6
32 8
32 10
33 12
34 6
34 8
34 10
34 11
33 11
31 11
31 12
34 1
34 2
34 3
34 4
34 7
30 13
32 13
33 13
29 13
30 31
30 35
31 9
33 37
35 18
36 6
36 8
36 10
36 11
38 10
38 11
36 1
36 2
36 3
36 4
36 7
36 9
37 6
37 8
37 10
37 11
37 1
37 2
37 3
37 4
37 9
38 9
37 30
37 31
38 30
38 31
38 26
32 26
33 26
35 26
36 26
34 26
35 30
35 31
35 28
32 28
30 28
29 28
31 28
32 25
33 25
36 25
37 25
32 27
33 27
36 27
35 27
31 27
34 27
34 30
36 31
38 1
38 2
38 4
38 5
38 12
38 28
3 9
4 9
5 9
6 9
7 9
8 9
9 9
10 9
11 9
12 9
14 9
13 9
3 6
3 7
4 7
5 6
7 6
8 6
5 4
7 4
8 4
7 1
7 2
7 3
7 5
8 7
4 8
9 8
11 8
7 8
8 8
6 28
8 13
10 12
10 28
11 28
12 1
12 2
12 4
12 5
12 7
12 21
12 31
12 32
12 35
12 34
14 35
14 31
14 32
14 33
14 28
14 29
12 29
12 33
13 25
15 38
15 36
15 37
14 37
17 25
17 33
18 25
19 1
19 2
19 3
19 4
19 6
19 7
19 8
20 1
20 2
20 3
20 4
20 5
20 6
20 7
20 8
21 1
21 2
21 3
21 4
21 5
21 6
22 1
22 2
22 3
22 4
22 5
23 1
25 1
26 1
23 3
23 4
23 5
24 4
24 5
25 5
26 5
26 4
27 5
29 5
31 5
33 5
35 5
34 5
36 5
27 4
29 4
30 4
28 4
24 6
25 6
28 5
24 1
25 8
30 5
27 3
29 3
30 3
27 2
29 2
28 3
29 8
28 8
30 1
35 6
35 8
35 10
35 9
35 7
14 1
15 1
16 1
17 1
15 2
16 2
17 2
15 4
15 6
16 3
16 5
18 7
20 23
20 28
21 28
23 28
24 28
25 28
22 28
20 31
22 12
22 16
26 16
27 16
28 16
30 16
32 16
34 16
33 16
31 16
29 16
21 16
22 25
23 21
24 21
25 21
26 21
24 7
24 13
24 31
26 31
27 31
28 31
25 12
25 31
29 19
31 19
23 19
24 19
25 19
26 19
27 19
22 19
29 22
29 29
31 13
32 1
32 24
32 37
33 2
33 6
33 7
33 21
33 24
34 21
35 21
36 21
34 35
35 1
35 2
35 3
36 24
36 32
37 32
37 14
37 21
37 23
38 13
38 21
38 29
38 35
1 31
1 32
1 33
1 35
1 37
1 38
1 34
2 31
2 32
2 33
2 35
2 37
2 36
2 38
1 29
1 30
2 3
4 3
2 5
3 36
5 28
5 29
5 30
5 31
6 1
6 4
6 5
6 15
8 2
9 37
9 38
11 2
11 3
12 3
13 6
15 24
16 14
16 17
19 23
19 22
20 14
21 13
23 33
23 37
24 16
25 7
27 21
27 24
27 37
30 8
30 19
32 9
33 1
33 32
38 16
1 27
1 28
2 34
3 3
3 32
5 1
6 18
7 7
8 30
8 34
9 7
10 35
14 2
14 4
14 15
14 21
15 5
17 30
17 29
17 38
17 37
18 3
18 2
20 13
21 7
21 23
25 13
26 12
31 1
32 11
32 23
33 23
31 23
34 28
34 37
36 12
1 3
1 4
1 8
2 4
5 20
6 3
6 12
7 13
8 5
8 36
9 13
9 34
11 26
12 6
12 11
12 28
12 30
14 6
14 7
14 13
14 30
15 31
16 33
17 23
17 34
26 2
27 29
28 35
29 7
29 20
30 9
30 25
31 3
32 3
31 20
31 30
33 18
33 35
35 4
37 35
38 23
38 37
0 6
0 21
0 27
0 28
0 29
0 30
0 34
1 0
3 0
5 0
1 1
1 22
2 1
2 2
3 2
2 30
3 39
12 39
13 39
5 5
5 8
10 0
24 0
28 0
31 0
32 0
13 0
14 0
17 0
10 14
12 24
14 17
15 14
15 33
15 39
16 0
17 14
17 32
18 1
18 23
19 25
21 14
22 0
23 11
25 39
30 39
27 34
27 39
29 6
32 7
32 36
34 9
34 19
35 35
35 38
36 17
37 16
37 24
38 0
39 7
39 24
0 38
1 5
3 31
3 33
3 35
3 37
4 2
5 36
5 37
5 39
8 39
9 39
6 2
6 8
7 14
9 36
11 29
12 13
12 38
13 1
13 5
13 7
17 3
18 8
18 9
18 31
21 0
21 33
22 9
23 9
23 16
25 0
25 11
26 0
26 8
27 7
27 25
29 12
31 35
33 28
34 12
35 23
38 19
38 32
39 12
39 29
39 35
39 37
5 7
6 0
6 26
6 35
9 22
9 32
10 8
11 4
15 35
16 8
20 25
21 12
21 31
27 36
28 2
28 7
28 11
28 37
35 37
37 37
39 19
0 1
0 13
0 14
0 19
8 3
10 3
11 18
13 4
15 0
15 29
17 5
19 14
22 13
31 39
34 33
36 19
36 23
37 26
39 16
0 18
0 26
0 33
4 0
5 19
5 27
5 32
5 35
6 39
10 31
16 4
16 25
17 36
21 17
21 25
26 6
30 2
30 30
31 10
31 33
32 32
34 31
35 13
36 39
39 18
39 28
0 17
2 6
4 1
10 5
11 31
12 26
19 28
21 21
22 39
24 9
27 8
30 0
31 37
32 21
33 4
33 31
34 13
37 7
39 9
39 30
0 5
5 14
7 19
7 35
11 5
15 11
17 7
17 10
18 0
18 29
18 35
25 35
28 9
29 39
32 2
33 3
35 32
37 19
2 0
3 8
6 21
7 30
7 31
9 1
9 28
11 13
12 18
13 2
14 34
15 25
16 10
19 34
22 15
22 21
26 37
28 19
28 39
30 27
34 25
36 30
0 0
0 12
0 31
1 36
5 13
6 6
10 30
14 36
14 39
19 12
23 6
25 2
25 4
25 16
26 23
27 13
29 37
35 0
36 15
37 39
0 7
0 11
4 4
15 3
16 31
18 38
24 11
25 9
26 15
26 36
29 1
29 9
33 8
38 6
0 16
2 7
7 33
7 34
9 4
9 33
16 35
22 8
22 32
25 26
29 25
31 25
31 26
1 7
1 23
8 21
10 21
19 21
22 18
23 39
27 12
29 24
29 27
31 6
33 20
37 0
37 27
38 8
38 39
39 31
0 25
11 37
13 14
13 26
14 24
19 0
20 11
23 31
29 11
32 19
33 0
39 26
2 29
7 39
15 26
16 30
20 16
22 6
24 39
25 14
25 24
28 24
30 36
38 3
38 27
39 23
11 1
16 21
17 22
17 28
20 22
26 14
28 23
33 30
0 20
2 9
5 33
9 6
10 2
26 3
26 39
27 0
28 21
31 31
39 13
0 3
0 37
1 26
9 30
13 37
18 17
18 33
24 8
26 28
27 10
29 0
33 10
39 1
39 2
39 10
39 11
39 39
11 0
18 4
23 12
24 36
26 35
28 13
30 23
4 38
39 5
16 6
18 6
18 13
29 31
37 12
39 6
10 19
13 13
19 17
19 32
20 0
23 23
27 11
33 38
35 11
0 39
16 34
19 9
22 30
30 11
34 23
10 6
18 27
39 25
0 10
7 20
14 12
20 33
32 39
1 24
11 7
12 0
15 7
23 14
35 25
39 4
19 39
23 0
36 0
0 15
0 32
10 25
21 8
39 21
14 27
23 2
37 29
9 18
17 26
27 6
0 22
20 9
24 37
28 30
32 29
39 8
11 39
24 23
36 13
2 39
5 3
9 0
12 8
13 17
16 39
23 25
31 8
1 39
19 5
36 28
3 5
8 29
20 39
19 19
4 6
26 25
16 23
21 39
38 25
17 39
28 28
0 35
16 27
21 19
12 36
0 9
8 1
24 3
9 20
39 36
6 33
27 27
11 24
20 18
29 26
27 1
32 5
11 12
11 17
35 16
24 25
39 15
14 23
1 20
34 0
7 0
38 14
31 4
36 18
13 11
10 39
5 25
39 0
13 35
37 22
39 33
15 9
15 22
30 32
37 5
8 27
17 16
22 24
35 29
2 26
39 34
7 28
38 17
3 28
24 15
39 38
39 20
28 10
4 39
