1 1
1 3
2 3
3 3
2 2
2 4
2 7
1 7
1 8
1 10
1 11
4 4
4 7
5 7
6 7
7 7
9 7
6 4
7 4
8 4
8 7
6 1
6 5
7 5
9 5
10 5
12 5
14 5
15 5
16 5
17 5
18 5
5 5
8 1
12 1
14 1
11 1
13 1
10 1
12 2
15 1
5 6
5 8
5 11
5 12
5 13
5 14
5 16
5 17
6 8
6 11
6 13
6 14
6 16
6 15
7 8
9 11
9 13
9 14
9 15
9 18
9 19
9 21
9 20
14 11
14 14
14 15
17 11
11 11
12 11
13 14
13 15
12 15
15 14
15 11
15 15
16 15
8 14
11 14
11 15
14 13
16 11
9 16
12 19
13 16
13 18
13 20
13 25
13 27
13 29
13 30
13 31
13 32
13 28
13 26
13 24
14 7
14 9
17 7
17 9
18 7
18 9
18 10
19 7
19 9
20 9
21 9
22 7
19 10
21 10
22 10
12 9
16 16
16 18
16 20
16 27
16 30
16 22
16 23
17 30
18 30
19 30
20 30
20 20
18 20
19 20
20 23
20 24
20 25
20 28
20 27
22 20
22 23
22 25
17 28
18 28
18 25
18 8
18 31
19 31
20 31
15 31
18 33
19 8
20 8
21 8
19 32
19 34
19 37
20 14
20 15
20 18
21 14
22 14
22 15
21 12
22 12
21 13
22 13
21 23
21 24
21 25
22 16
22 22
23 12
23 13
23 15
23 17
24 12
27 12
23 20
24 25
24 22
26 22
2 16
2 17
2 18
1 17
1 18
1 19
1 22
1 21
1 24
1 25
1 27
1 28
1 15
1 26
4 13
4 26
4 24
5 10
6 6
6 9
6 10
6 24
6 23
5 23
6 29
6 30
7 30
8 30
9 30
10 30
11 30
8 29
9 29
10 29
8 27
10 27
10 25
10 22
10 23
10 24
7 25
7 31
8 31
9 31
10 31
11 31
8 32
8 33
8 35
8 36
9 32
9 33
9 35
9 36
9 37
9 38
10 32
11 33
11 35
11 36
11 37
12 35
12 36
14 35
14 36
15 35
15 36
16 35
16 36
15 37
16 37
16 38
17 37
8 34
9 28
9 34
10 36
10 37
10 38
11 38
13 35
13 36
14 32
14 30
16 34
17 34
17 38
18 38
20 38
21 38
20 37
21 37
22 37
23 37
20 36
22 36
23 36
23 32
23 29
23 33
23 34
22 33
17 29
18 29
19 29
21 29
21 32
23 28
24 29
24 33
24 34
24 31
26 34
27 29
27 33
27 31
28 29
29 29
32 29
28 31
29 31
32 33
27 35
27 38
28 32
32 35
32 38
32 37
31 38
33 38
33 37
33 32
33 34
1 37
2 37
4 37
5 37
6 37
7 37
2 36
5 36
6 36
6 35
5 34
3 36
7 14
7 15
8 8
8 11
8 26
10 6
15 6
16 6
18 6
13 6
10 26
11 5
11 10
11 27
11 34
13 8
13 12
14 12
13 17
14 24
14 28
15 4
16 4
17 4
18 4
19 4
22 4
21 4
23 4
24 4
26 4
25 4
16 3
17 3
19 3
22 3
21 3
23 3
24 3
25 3
27 3
29 3
28 3
19 1
21 1
22 2
21 2
24 2
20 2
20 3
20 1
22 5
23 5
25 1
27 1
27 5
27 6
27 7
27 8
27 9
27 10
26 6
26 7
26 8
30 1
30 6
30 7
29 7
29 8
29 10
31 6
31 7
31 8
31 10
32 6
32 7
33 6
32 9
15 23
16 2
16 19
18 26
19 17
17 17
19 24
19 35
20 16
20 26
20 35
23 11
22 11
23 16
23 23
23 30
24 15
24 30
24 35
25 17
25 18
25 25
26 21
26 24
27 28
28 28
28 27
27 37
28 8
28 9
28 10
28 11
28 6
28 7
28 30
29 30
29 1
29 21
30 21
31 21
33 21
34 21
37 21
38 21
36 21
30 11
30 13
30 14
30 15
30 16
30 18
30 19
30 17
30 24
31 24
33 24
30 25
31 25
33 25
34 25
31 14
31 15
31 17
31 18
31 19
32 18
35 18
36 18
32 21
34 23
34 27
36 23
37 23
28 16
29 15
29 20
29 26
30 29
30 33
30 38
31 28
31 33
32 5
33 5
33 3
33 4
34 5
34 3
34 4
35 3
35 4
37 3
37 4
38 3
38 4
32 24
33 26
33 30
33 31
34 20
35 16
36 16
35 19
36 3
36 4
36 17
36 27
36 30
36 35
37 17
37 22
38 22
37 30
37 28
37 29
37 31
37 32
38 1
38 2
38 28
38 29
38 31
38 32
38 33
1 9
1 20
2 6
2 23
3 13
4 20
5 27
6 12
8 2
8 13
9 9
9 12
10 7
11 19
12 3
12 17
12 21
13 5
14 8
14 31
15 10
15 27
16 9
16 24
17 6
17 12
17 21
17 25
19 16
19 19
21 19
20 17
21 20
23 6
23 25
23 35
24 27
24 28
25 22
25 34
26 9
26 19
26 20
26 26
26 31
27 2
27 23
27 36
28 21
28 24
29 38
30 4
30 12
30 22
30 23
30 31
31 9
31 23
31 35
32 14
32 25
33 12
34 13
38 13
34 14
34 26
35 10
35 15
36 13
37 9
37 12
37 11
37 24
38 5
38 17
1 38
2 1
2 5
2 38
3 7
3 16
3 23
3 25
3 28
3 35
3 33
3 32
1 32
2 32
4 19
4 25
4 33
4 34
4 36
5 2
5 22
5 21
5 29
6 28
7 1
7 11
7 19
7 26
8 15
8 21
8 28
9 25
10 10
10 28
12 34
13 22
14 6
14 23
15 18
15 19
15 24
15 30
18 17
19 18
19 23
19 33
19 36
23 22
24 9
24 17
24 18
25 8
25 16
25 14
25 21
25 24
25 33
26 1
26 14
26 18
26 28
26 33
26 38
27 32
28 2
29 32
29 36
30 34
30 35
32 17
32 28
32 36
33 18
34 16
34 19
34 34
34 37
35 20
35 23
35 27
36 9
36 10
36 32
36 33
37 8
38 9
38 14
38 23
0 5
0 9
0 13
0 14
0 11
0 12
0 8
0 20
0 21
0 19
0 31
0 33
2 26
2 28
2 29
3 4
3 39
4 6
4 12
4 16
4 38
5 9
6 3
7 0
7 39
8 39
12 39
13 39
8 17
8 18
9 17
10 11
10 14
10 19
11 6
11 23
11 24
12 25
13 2
13 13
13 21
14 10
14 18
14 20
15 20
17 22
18 21
19 25
20 4
20 7
20 10
22 6
22 21
22 38
23 0
24 39
25 29
26 5
26 10
26 11
26 23
26 27
28 15
28 37
29 19
29 27
29 35
31 16
33 14
33 22
35 34
35 35
35 36
35 39
36 39
36 0
36 7
36 29
37 1
37 2
37 38
37 37
38 37
37 36
38 25
39 7
39 8
39 14
39 15
39 16
39 18
39 19
39 20
39 24
39 26
39 25
39 28
39 22
2 10
2 11
2 12
3 2
3 17
3 18
3 34
4 14
4 18
4 21
6 27
6 38
7 29
7 32
7 35
7 36
8 19
9 1
9 10
10 15
10 35
11 2
11 25
12 10
12 33
13 0
11 0
14 2
15 13
15 34
16 26
17 8
18 24
20 13
22 1
22 34
22 35
24 13
24 26
25 30
26 3
27 14
28 1
29 9
29 16
29 37
31 0
31 22
31 26
34 22
34 39
36 22
37 39
38 12
38 30
39 1
39 2
0 10
0 24
0 27
1 31
1 34
3 24
3 26
3 37
4 0
5 24
6 31
7 13
8 3
8 5
9 2
11 3
11 22
12 4
12 6
12 12
12 14
12 18
15 12
15 26
17 20
17 31
18 13
19 15
20 19
21 22
21 36
22 24
24 11
25 31
28 38
29 4
29 6
29 13
30 30
31 2
31 32
32 27
32 34
33 36
34 8
34 31
35 17
36 6
36 28
36 38
39 33
39 32
39 38
0 0
1 0
0 1
0 18
0 32
1 2
2 22
2 39
4 28
5 38
7 6
7 27
9 24
10 18
10 39
12 27
15 3
16 17
16 28
17 27
18 32
18 37
20 0
21 7
21 11
24 1
24 36
27 16
27 21
27 24
27 30
28 23
29 25
29 28
30 5
32 0
32 12
33 9
33 23
35 7
35 11
36 31
37 10
39 17
0 6
1 4
1 6
2 30
3 20
3 21
4 2
6 2
7 16
7 17
7 24
11 29
11 32
13 9
15 7
15 22
16 7
16 21
18 39
19 21
20 22
21 18
21 39
23 2
23 10
25 39
28 20
28 39
29 14
31 5
32 3
32 4
32 30
33 11
33 13
33 17
34 2
34 10
34 12
34 32
35 30
36 12
36 34
38 27
39 6
39 34
39 37
0 30
3 10
4 3
5 15
5 20
6 20
6 22
7 21
10 16
12 16
13 19
15 16
15 32
15 38
16 25
17 23
17 39
18 1
19 2
20 21
21 26
23 14
23 31
25 2
26 35
26 36
27 13
27 15
28 35
29 18
31 27
32 32
35 0
35 21
37 0
37 27
38 0
38 15
39 23
39 27
2 15
2 35
4 23
13 23
14 29
17 10
17 16
18 3
18 19
20 39
24 32
29 22
31 37
32 19
36 19
36 24
37 13
37 20
0 34
1 16
4 39
7 3
8 22
14 38
15 0
17 33
18 14
21 0
25 7
25 13
27 34
29 33
30 2
32 15
33 2
33 35
33 39
35 9
36 15
37 5
37 16
37 33
0 7
0 22
1 23
1 39
5 26
9 6
10 0
10 3
11 12
12 0
12 8
13 7
21 5
22 29
25 38
29 11
33 16
34 18
39 13
39 31
0 4
2 19
7 9
12 20
24 0
24 5
25 19
33 20
37 7
37 35
39 9
6 19
8 0
12 31
14 25
14 34
19 28
21 28
22 8
22 32
24 24
25 15
28 17
30 0
38 6
5 35
6 34
7 23
9 8
12 30
15 9
16 33
17 18
18 11
25 12
27 22
27 27
28 33
29 24
32 8
32 39
35 2
35 14
36 26
37 25
38 39
39 0
0 17
1 12
5 1
9 27
10 33
12 29
14 37
28 5
30 8
32 2
35 5
5 4
5 33
12 22
14 3
19 14
20 29
22 19
24 21
25 6
28 26
31 1
33 27
35 37
2 0
4 8
6 39
7 33
9 4
14 4
28 18
31 20
34 38
3 14
3 31
4 5
16 39
17 2
18 34
21 15
23 39
28 13
31 39
35 13
35 25
8 25
14 33
16 29
24 10
25 0
26 25
0 3
2 8
2 13
11 9
18 27
20 34
22 26
39 3
1 14
10 13
14 0
18 23
26 17
27 11
4 11
12 37
24 8
24 23
27 17
30 26
34 24
34 28
6 25
13 11
17 13
26 29
38 34
0 37
5 30
20 32
21 33
28 12
33 7
36 36
19 6
31 11
39 12
4 27
21 31
23 18
30 10
30 20
31 29
31 31
14 27
1 36
22 9
23 38
26 12
32 10
34 6
10 4
4 29
5 31
19 38
31 13
37 18
39 4
6 0
22 0
0 15
25 37
14 16
27 39
33 33
19 0
27 0
11 39
21 30
23 27
24 37
17 15
17 35
14 39
10 21
23 7
11 7
22 17
17 36
6 17
9 39
16 1
8 37
20 12
24 20
16 14
39 21
1 29
5 18
27 4
9 22
16 31
19 5
19 11
30 3
33 29
39 29
13 33
