1 1
1 2
1 3
1 8
1 9
1 10
1 11
1 12
1 13
1 14
1 17
1 18
1 16
1 5
1 7
2 1
2 2
3 1
3 2
3 3
3 6
4 1
4 2
4 3
5 1
5 2
6 1
8 1
7 2
5 6
5 4
5 7
5 8
7 6
8 6
9 6
10 6
12 6
13 6
14 6
15 6
16 6
17 6
19 6
20 6
22 6
23 6
24 6
27 6
29 6
30 6
26 6
25 6
28 6
21 6
18 6
11 6
3 5
6 2
6 6
6 7
6 9
6 13
6 11
6 12
6 15
8 7
8 9
8 13
8 11
8 12
8 15
8 17
8 18
8 19
8 20
8 21
8 22
8 23
8 24
8 25
8 26
9 7
9 9
9 11
9 12
9 15
9 17
9 18
9 20
9 21
9 23
9 25
9 27
9 29
9 30
9 31
9 28
9 26
9 14
9 16
12 9
12 11
12 15
12 14
12 13
12 16
16 11
18 11
20 11
21 11
14 11
15 11
22 11
11 11
11 15
11 14
11 16
11 17
11 20
11 23
11 25
16 17
16 14
13 15
13 17
13 20
13 23
13 25
13 27
13 26
13 22
13 24
14 14
14 20
14 23
14 25
14 27
15 20
15 25
16 25
19 25
20 25
14 26
14 28
15 17
15 26
15 28
15 29
15 31
15 32
15 34
15 35
15 33
12 23
12 25
12 26
13 19
16 19
14 22
15 22
14 24
15 24
16 18
15 18
14 18
3 13
3 14
3 15
3 16
2 15
2 10
2 12
2 16
2 17
2 19
2 21
2 22
2 23
2 24
2 25
2 27
2 26
1 22
1 23
1 24
1 25
1 26
1 28
1 30
1 31
1 32
1 33
1 34
1 35
1 38
1 37
1 36
1 29
2 20
3 22
3 23
3 24
3 25
3 27
3 28
3 26
3 29
4 22
4 23
4 24
4 25
4 27
4 30
4 29
5 22
5 23
5 24
6 22
6 23
6 24
6 25
6 27
7 27
4 15
4 16
4 19
5 19
5 20
6 20
6 21
5 21
6 28
4 9
4 7
4 18
5 27
6 14
7 5
6 5
7 26
7 20
9 5
10 5
11 5
12 5
13 5
14 5
15 5
16 5
9 8
10 4
12 4
13 4
14 4
15 4
17 4
19 4
20 4
13 1
14 1
15 1
14 2
15 2
17 2
19 2
21 2
22 2
23 2
24 2
25 2
16 1
18 1
18 2
10 15
10 17
12 10
16 10
18 10
19 10
20 10
22 10
23 10
17 10
18 8
17 8
18 9
17 9
19 9
12 24
13 3
14 3
15 19
16 13
16 29
16 31
17 29
17 31
18 29
21 29
22 29
24 29
25 29
21 31
22 31
24 31
25 31
26 31
27 31
28 31
23 31
20 31
17 28
18 28
17 34
17 36
17 38
21 36
22 36
21 33
22 33
22 34
22 37
22 38
23 33
24 36
17 25
17 37
18 3
19 3
20 3
21 3
25 3
28 3
26 3
18 27
19 27
21 17
18 17
21 35
22 19
23 9
24 9
24 8
24 32
20 32
26 32
28 4
27 4
29 4
29 2
31 4
33 4
34 4
31 2
33 2
34 2
35 2
33 1
34 1
35 1
36 2
2 13
2 32
2 33
2 34
3 33
3 34
3 35
4 34
6 34
7 34
8 34
10 34
6 33
7 33
5 33
6 36
6 38
7 36
7 38
8 36
8 38
10 36
10 38
11 36
11 38
12 36
12 38
14 36
14 38
15 38
9 36
9 38
13 36
13 38
5 38
6 37
7 37
8 37
10 37
11 37
12 37
13 37
9 37
7 32
8 31
8 32
10 30
11 30
3 9
3 36
5 16
7 11
7 12
7 10
8 10
7 35
8 35
9 35
10 35
11 35
9 24
10 3
10 12
11 12
10 16
12 20
13 7
13 8
13 10
14 7
13 14
14 19
15 14
15 30
16 30
17 30
16 35
17 7
17 33
18 19
20 19
18 22
19 7
21 7
23 7
22 7
19 17
19 15
20 15
27 15
23 15
28 15
20 13
25 15
27 10
27 12
27 13
27 16
27 17
27 18
27 21
27 22
27 24
22 21
23 21
24 21
25 21
23 22
24 22
25 22
25 18
28 13
31 13
28 16
28 17
29 10
29 12
30 10
30 12
29 8
30 8
31 8
34 8
35 8
36 8
37 8
38 8
31 7
31 9
31 11
29 9
30 9
30 11
34 7
33 7
34 6
35 7
36 7
37 7
38 7
36 6
37 6
37 5
28 9
29 16
29 21
29 22
29 23
29 25
29 26
29 27
29 20
30 22
30 23
30 25
30 26
30 27
30 28
30 24
31 23
31 26
31 27
31 28
32 23
35 23
36 23
35 26
35 27
35 28
36 26
36 27
36 28
37 26
37 27
37 28
38 26
38 27
38 28
33 27
33 28
34 26
34 27
34 28
35 29
35 30
35 31
36 29
36 30
36 31
36 34
36 35
36 36
36 37
36 38
37 29
37 30
38 29
38 30
38 31
34 29
34 31
34 34
34 35
34 36
34 38
34 32
34 33
36 33
38 32
27 34
28 34
31 34
32 34
31 35
31 36
32 35
32 36
32 38
30 36
31 37
32 29
32 31
32 32
32 27
34 37
27 33
27 38
32 8
32 20
32 19
32 28
33 20
34 10
34 12
34 24
37 24
38 24
36 24
35 12
37 12
38 12
35 11
37 11
35 13
37 13
37 15
37 16
37 18
35 25
36 25
37 25
38 25
36 12
36 13
36 14
36 19
34 19
36 21
37 17
38 3
38 4
38 19
38 16
38 17
19 16
19 20
19 23
21 20
22 20
23 20
21 24
21 26
19 26
20 24
20 26
21 10
21 30
22 30
23 30
24 30
25 30
26 30
28 30
26 28
29 30
21 32
22 32
21 34
22 1
23 1
24 1
25 1
26 1
23 3
23 37
24 3
26 13
26 15
26 17
26 18
26 11
26 27
27 19
27 36
28 21
28 22
29 1
29 5
30 5
33 5
28 5
29 19
29 37
30 16
32 1
32 4
32 5
32 14
32 18
33 23
33 26
33 35
34 3
35 24
35 35
35 36
35 37
35 38
37 3
37 4
37 10
37 35
37 38
38 5
38 18
2 18
3 10
3 19
7 21
9 22
9 34
10 11
10 20
10 21
10 23
10 25
10 28
11 26
13 31
11 31
12 31
14 21
14 31
16 16
16 24
18 12
18 34
19 14
19 31
20 14
20 29
20 36
23 8
23 29
24 15
24 18
24 20
25 13
27 11
28 37
30 7
30 34
31 20
32 30
33 24
33 31
33 38
35 10
35 19
36 20
38 10
38 38
2 6
2 9
2 11
4 33
5 31
5 34
6 8
6 26
7 1
7 15
7 28
8 8
8 16
10 29
11 29
12 29
11 13
12 1
12 8
12 19
13 28
15 21
16 2
16 7
16 8
16 21
16 37
17 15
18 7
18 23
19 5
19 8
19 21
20 5
20 16
20 20
20 35
21 12
22 16
22 24
23 23
23 32
23 36
24 14
24 27
24 26
24 37
25 25
25 24
26 24
26 38
28 38
29 32
30 2
31 3
31 33
32 2
33 32
34 18
35 22
36 15
36 32
37 21
38 9
35 9
38 20
0 4
0 29
0 36
0 37
0 31
0 32
1 4
2 14
2 31
2 39
3 39
4 39
5 39
4 8
4 26
5 11
5 15
7 18
9 0
10 0
12 0
11 0
9 10
9 19
10 8
11 24
12 33
13 21
15 10
17 17
17 22
17 35
18 4
18 16
20 7
21 37
22 3
22 35
24 39
25 19
25 35
26 14
27 14
26 33
27 35
28 8
28 10
28 25
28 33
30 0
37 0
38 0
32 0
30 39
33 39
38 39
31 24
33 3
33 14
33 15
33 16
33 21
33 36
34 11
34 13
34 17
34 30
35 3
37 9
37 37
39 1
39 3
39 20
39 22
39 32
39 37
0 8
0 11
0 12
0 10
0 18
4 28
5 13
6 10
7 4
7 19
8 30
10 31
11 4
14 10
14 12
15 12
14 13
14 35
15 3
16 28
18 15
20 12
21 23
23 24
23 38
25 23
26 4
27 20
28 14
28 20
29 11
29 33
30 37
32 7
32 37
33 29
35 0
36 9
36 22
39 17
39 16
39 18
2 0
2 3
3 4
4 0
7 3
7 9
7 13
9 39
11 22
11 39
16 9
17 18
17 23
17 32
18 26
18 36
19 35
19 39
20 27
20 39
21 13
21 27
23 27
23 39
24 23
24 28
25 28
26 7
26 16
26 22
27 30
28 23
31 25
33 6
33 19
37 14
0 3
0 33
2 38
4 14
4 21
5 30
7 22
7 23
7 24
10 14
10 18
11 18
12 22
16 34
18 25
19 33
20 0
20 23
20 33
23 0
24 0
25 0
26 0
23 14
23 16
24 35
25 8
25 11
25 38
26 12
28 35
29 18
29 38
31 1
31 22
32 15
32 24
32 33
33 10
34 21
34 25
35 34
36 0
36 11
37 23
38 11
4 17
5 32
6 35
8 14
10 32
11 2
13 33
14 32
16 32
17 19
18 30
20 2
21 15
22 5
25 32
25 37
27 28
28 29
29 34
31 10
31 32
32 11
33 17
38 21
38 23
39 36
0 2
0 1
0 13
0 34
2 30
3 0
4 4
4 6
4 10
5 12
5 25
10 9
10 33
12 30
13 18
15 7
16 12
18 31
19 36
20 38
22 15
22 26
23 5
25 9
26 21
27 9
27 23
27 37
29 24
34 9
37 33
37 39
0 5
0 17
2 35
5 0
6 16
6 32
12 27
13 16
19 13
19 24
19 34
22 9
22 13
22 22
23 18
27 5
28 12
31 5
33 8
35 39
36 1
0 35
5 37
7 7
11 1
11 19
11 33
18 0
24 12
26 34
28 18
30 4
31 17
32 9
32 21
33 12
35 6
37 36
38 15
39 9
39 25
39 30
0 7
1 15
3 17
4 35
5 3
6 19
7 39
13 2
14 17
14 39
17 11
18 20
19 11
20 30
24 5
24 13
27 8
29 15
39 4
39 21
0 30
3 12
3 21
3 32
5 5
9 4
11 21
17 3
19 29
20 17
21 1
22 0
23 34
24 17
25 17
27 7
27 32
28 26
30 21
31 19
31 38
33 0
33 34
34 16
36 5
38 6
39 29
39 38
0 26
4 20
6 39
8 0
8 39
16 26
16 39
19 19
21 28
24 25
29 17
30 20
30 29
34 20
37 34
38 35
39 13
5 18
7 29
11 10
12 7
14 8
14 34
16 15
17 1
17 24
19 28
25 39
29 7
31 12
31 29
35 21
0 9
3 37
6 0
6 4
10 39
19 32
21 22
22 28
27 0
31 16
32 17
34 23
38 13
8 29
9 13
10 7
11 9
16 4
22 18
30 13
34 0
38 2
0 28
7 25
10 2
20 9
21 21
23 12
25 26
28 27
29 39
30 35
36 16
39 31
0 22
0 24
1 21
1 27
6 29
13 13
15 0
14 0
18 38
34 5
35 14
37 31
39 12
39 19
15 27
19 22
23 25
26 10
26 19
1 0
12 12
13 11
17 27
25 20
27 1
27 3
31 39
32 13
32 22
0 0
19 0
19 1
25 4
28 2
39 24
0 14
0 19
18 13
26 26
29 13
32 39
0 23
8 5
12 3
12 35
13 0
24 33
0 38
10 27
17 14
27 39
31 0
32 26
5 9
29 36
4 13
8 33
39 0
15 16
16 0
23 19
31 31
37 2
39 28
1 6
4 11
15 23
21 19
3 7
16 20
39 15
39 39
0 21
4 38
34 14
36 18
38 33
0 25
2 8
7 17
8 2
35 4
39 7
3 30
14 37
25 36
14 29
16 38
21 38
29 0
35 32
9 3
13 9
16 36
31 14
39 27
7 31
22 39
5 36
17 39
12 17
25 34
9 1
30 15
14 15
39 2
37 19
24 7
39 26
39 8
16 22
29 3
39 33
6 30
11 34
17 5
4 31
12 39
13 29
24 10
29 28
22 17
39 23
21 4
26 2
6 17
15 36
11 27
21 25
26 29
34 39
30 30
2 28
27 25
23 11
29 31
36 39
1 19
1 39
8 27
9 32
31 6
