1 1
1 2
1 5
1 6
1 8
1 4
2 2
2 5
2 8
2 7
2 9
2 11
2 13
2 12
3 2
4 2
6 2
10 2
11 2
14 2
15 2
16 2
17 2
12 2
4 8
6 8
11 8
14 8
13 8
8 8
9 8
10 8
4 9
4 11
4 13
6 9
6 13
11 9
14 9
13 9
15 9
17 9
18 9
20 9
21 9
22 9
23 9
24 9
26 9
27 9
25 9
8 9
9 9
19 9
6 14
6 15
6 16
10 9
4 10
11 10
14 10
13 10
15 10
17 10
8 10
9 10
6 10
9 16
9 12
9 19
9 21
9 22
9 23
9 24
9 26
9 27
9 28
9 25
16 10
9 2
10 10
10 11
13 11
12 9
16 11
17 12
3 1
4 1
5 1
3 8
3 9
3 10
5 9
5 11
5 13
5 14
5 16
1 14
1 16
1 21
1 19
1 20
3 14
3 16
1 12
1 13
1 18
2 21
3 21
4 21
5 21
6 21
2 20
4 20
5 20
2 26
2 28
2 29
2 30
2 31
2 32
2 33
2 34
2 35
2 37
2 36
2 38
2 25
3 26
3 28
3 29
3 31
3 32
3 33
3 34
4 28
5 28
6 28
7 28
5 26
6 26
5 29
5 31
5 32
5 33
5 35
5 37
5 38
5 36
6 29
6 31
6 32
7 29
7 31
7 32
7 33
7 35
8 29
8 31
8 32
8 33
9 32
10 32
11 32
12 32
10 29
12 31
10 31
14 29
15 29
15 31
16 31
9 33
10 33
11 33
12 33
13 33
13 29
7 36
8 34
10 27
10 28
10 34
11 34
12 34
13 34
10 38
11 38
12 38
11 36
11 37
12 37
13 38
3 27
4 27
5 27
6 27
7 27
4 17
4 32
4 33
4 34
4 35
4 37
4 38
4 36
5 12
6 4
6 6
11 6
14 6
15 6
17 6
16 6
13 6
8 6
9 6
11 4
14 4
15 4
17 4
16 4
13 4
20 4
21 4
14 5
15 5
16 5
13 5
15 7
17 7
14 7
18 7
19 4
6 30
7 30
6 38
8 16
8 15
8 23
9 13
9 18
11 16
11 19
12 5
12 10
12 36
13 19
14 19
16 19
17 19
13 22
16 22
17 22
18 22
19 22
15 22
12 22
13 21
16 21
17 21
19 21
27 21
25 21
26 21
29 21
30 21
32 21
33 21
34 21
36 21
38 21
37 21
23 21
15 21
15 20
12 20
10 20
10 19
13 20
16 9
16 23
16 24
16 25
16 26
17 23
17 24
17 25
17 27
18 23
20 23
20 25
21 25
12 25
14 25
15 24
21 12
23 12
19 12
21 11
23 11
24 11
20 11
21 14
21 15
21 17
21 18
21 19
21 20
23 14
23 15
23 17
23 18
24 14
24 15
24 17
24 18
24 19
27 14
33 14
38 14
35 14
36 14
29 14
30 14
31 14
37 14
24 16
27 16
27 19
33 16
30 16
31 16
34 16
35 16
24 13
24 20
25 14
27 12
33 12
38 12
35 12
36 12
31 12
33 11
33 17
33 18
33 19
31 17
31 18
31 20
34 17
34 18
34 19
35 17
35 18
35 20
38 17
38 18
37 18
38 19
35 11
36 11
37 11
37 12
35 10
36 10
38 10
36 6
36 7
38 7
37 10
37 6
37 7
37 8
31 10
22 10
24 10
25 10
21 10
22 11
23 10
28 10
29 10
36 8
36 17
38 9
19 14
19 15
19 16
25 16
25 19
26 20
27 11
27 22
27 23
27 25
27 26
27 27
27 30
27 31
27 32
27 33
27 34
16 32
17 32
19 32
23 32
25 32
21 26
25 26
24 26
25 25
25 24
25 27
23 27
22 27
23 30
22 30
20 30
24 27
21 24
22 24
22 29
25 33
25 34
25 35
25 36
23 35
23 36
23 37
21 35
21 36
22 36
22 37
23 38
24 33
24 34
24 35
24 36
26 22
26 23
26 24
26 25
26 27
26 26
28 18
28 21
28 22
29 22
29 23
29 25
29 26
29 27
29 30
29 31
29 32
29 33
29 34
29 35
29 29
30 23
30 25
30 27
30 30
30 32
30 33
30 34
30 35
30 36
30 38
30 37
30 29
33 30
33 33
34 30
35 30
35 33
37 33
38 33
32 30
33 29
34 29
32 29
36 29
30 28
33 28
33 24
33 26
34 24
34 23
34 25
34 27
30 24
31 35
31 33
35 36
36 24
38 24
36 33
37 36
38 36
38 25
38 27
38 26
28 35
28 30
28 31
28 32
28 33
31 24
32 10
32 12
32 11
32 13
30 13
31 13
32 17
32 18
32 19
32 33
34 15
34 26
34 31
34 32
33 31
35 15
38 15
35 24
36 9
37 25
37 27
37 28
37 37
37 38
38 37
38 38
38 8
38 13
36 13
38 31
38 35
1 25
1 29
1 30
1 31
1 32
1 33
1 34
1 35
1 36
2 16
3 22
4 22
4 12
4 18
5 2
6 5
7 8
7 7
8 7
9 7
10 7
7 9
7 14
7 15
7 17
7 16
7 18
10 1
11 1
10 12
10 36
11 22
11 26
11 35
12 35
14 35
14 15
14 17
12 15
14 20
14 21
15 1
16 1
17 1
20 1
21 1
22 1
18 1
19 1
21 2
22 2
22 5
21 5
15 16
15 25
15 30
16 30
16 20
17 18
17 26
17 33
18 3
18 8
19 8
18 17
18 13
18 32
19 25
20 3
21 3
20 15
20 16
20 17
21 30
23 24
23 28
26 10
26 13
26 14
26 31
26 33
26 34
26 35
27 1
27 4
27 5
27 17
28 4
28 5
28 6
29 4
29 5
29 6
30 5
30 6
29 1
30 1
31 1
30 2
30 3
31 2
31 5
32 2
32 3
33 3
28 15
29 15
30 15
28 26
29 3
31 29
31 28
33 23
34 7
34 11
34 37
35 6
35 5
35 35
36 3
36 15
37 4
37 9
37 13
37 17
38 16
38 32
1 7
2 3
2 4
2 23
2 24
3 5
3 38
5 25
6 12
6 20
6 35
7 3
7 23
8 5
8 3
8 25
9 11
9 31
10 16
10 30
10 37
12 8
12 30
13 25
13 31
14 27
15 35
16 3
17 37
17 38
18 38
18 28
19 38
20 36
21 13
22 22
22 31
22 38
24 30
26 16
27 7
30 8
30 9
32 4
32 36
33 36
33 2
33 7
33 32
34 10
35 4
36 37
37 34
38 34
38 1
38 23
1 15
1 26
2 19
3 15
3 30
4 19
5 4
5 6
5 15
6 37
7 2
8 19
10 3
10 22
13 15
13 18
14 28
14 31
15 36
16 16
18 33
19 3
19 31
20 31
21 29
21 33
22 14
22 15
22 17
22 18
22 26
23 2
23 5
23 29
24 3
24 7
24 32
25 4
25 37
26 1
26 4
27 2
27 6
28 1
28 16
28 37
29 28
29 38
31 38
34 38
35 31
35 32
36 34
36 36
37 5
37 35
38 2
0 15
0 23
1 24
2 6
3 20
4 26
4 29
5 22
5 30
7 4
8 0
8 17
11 18
11 31
12 6
12 23
13 14
13 28
14 14
14 39
15 39
16 39
13 39
15 15
17 39
18 18
18 21
19 0
24 0
19 13
19 20
19 23
21 23
21 27
21 34
21 39
23 0
23 6
24 6
24 5
27 15
28 0
28 17
28 25
28 27
29 16
31 19
31 30
31 39
32 39
33 39
32 8
33 8
32 24
33 25
34 1
34 39
35 0
35 19
35 23
36 22
37 26
37 32
38 22
39 5
39 16
39 20
39 22
39 23
39 26
39 19
0 12
0 24
0 25
1 3
2 22
3 3
3 37
3 39
6 39
4 7
4 4
7 10
7 34
8 4
8 14
8 24
9 0
9 1
10 23
12 4
12 11
12 14
14 3
14 18
14 26
14 30
16 37
18 16
18 19
20 8
22 8
20 32
21 32
20 34
22 35
23 13
27 28
28 3
28 23
29 12
30 31
32 9
32 20
32 28
33 13
34 0
34 3
34 36
36 23
36 27
36 28
36 31
37 24
39 1
39 32
39 35
39 38
0 36
0 30
0 39
1 17
3 7
3 13
3 23
4 5
5 34
7 38
8 30
9 34
10 0
11 14
11 29
12 17
13 35
15 3
15 13
16 38
18 0
18 4
18 24
19 33
20 2
20 14
22 0
23 22
23 31
25 7
25 23
26 39
27 13
27 29
28 19
28 34
29 2
30 7
31 3
34 20
35 3
35 7
35 27
39 13
39 34
0 0
0 6
0 34
5 10
12 24
11 24
12 29
17 3
18 29
19 28
20 5
20 12
21 16
26 8
27 24
27 37
30 12
32 26
33 4
33 15
33 27
35 25
35 29
35 34
37 1
39 0
39 2
39 37
0 1
5 0
6 3
6 7
6 11
7 37
8 27
9 15
10 35
13 27
14 36
16 14
16 15
17 36
18 27
21 0
22 12
22 28
25 18
25 20
25 31
27 39
29 13
34 6
34 8
35 13
36 0
36 25
37 19
39 25
39 27
0 5
0 13
0 20
3 11
4 31
5 8
5 19
7 0
9 14
10 18
11 3
11 5
11 15
11 17
12 1
13 7
13 17
15 19
15 23
16 0
17 5
17 8
18 15
18 25
18 37
20 21
20 39
21 6
22 39
24 28
25 30
27 10
28 12
31 11
31 15
31 36
33 0
33 20
34 9
36 38
38 0
38 4
7 6
8 11
8 26
9 38
10 6
12 19
13 37
15 17
15 28
17 34
23 8
24 24
27 38
28 7
29 20
30 22
39 4
39 6
39 9
3 0
6 22
9 17
11 20
14 1
15 37
20 20
20 29
24 25
25 1
26 5
26 19
26 30
28 14
29 7
32 16
32 38
37 31
38 20
0 17
0 22
7 19
7 26
10 21
11 7
11 28
14 0
14 16
15 0
16 33
17 17
17 20
19 34
20 38
23 16
24 4
24 39
25 15
28 38
29 0
29 19
30 17
30 18
30 26
31 6
32 14
32 22
37 15
4 3
8 22
9 20
10 24
11 27
15 26
16 7
17 30
20 24
21 8
23 34
24 37
25 17
29 24
34 2
34 28
39 31
0 32
1 0
13 2
13 23
14 22
19 17
25 22
27 3
27 8
27 20
28 36
30 4
31 0
31 34
33 37
38 11
0 33
0 35
1 11
2 1
4 23
6 23
6 25
13 3
16 18
17 0
17 16
18 12
21 37
22 3
22 6
22 21
22 32
30 0
32 31
34 5
34 12
39 30
2 10
2 27
3 17
4 6
6 33
8 2
8 39
11 13
14 38
16 12
20 18
28 29
31 23
35 39
38 30
39 15
0 19
3 25
4 0
4 16
7 20
11 25
19 7
19 11
20 0
20 6
20 26
23 26
25 2
25 11
31 25
36 18
39 7
17 11
24 12
27 18
35 37
0 21
0 27
10 13
16 35
26 12
33 22
34 22
0 8
0 11
0 37
14 13
14 24
14 34
15 11
18 39
20 35
31 9
35 9
35 21
36 20
38 39
0 14
0 26
0 31
7 21
8 28
10 4
12 16
13 12
19 36
22 23
29 18
30 20
39 24
8 12
10 26
22 25
25 28
32 1
37 39
0 16
11 0
23 33
25 0
31 21
31 27
1 22
5 24
11 39
14 11
25 13
26 36
32 7
39 18
39 39
0 2
7 13
11 11
18 14
24 2
26 32
39 36
12 39
23 39
24 8
32 35
39 17
32 5
34 14
12 26
13 0
25 38
2 18
5 17
12 21
38 3
39 10
1 28
4 39
31 32
9 5
26 28
16 27
23 1
34 33
6 1
17 13
0 29
38 28
20 22
30 10
36 16
37 3
15 32
3 35
19 30
33 10
36 5
1 37
4 14
20 27
17 28
22 4
36 30
37 29
2 14
8 35
21 21
23 19
33 34
8 21
10 39
18 6
20 10
18 10
19 19
27 0
6 17
38 6
39 12
39 28
24 21
7 39
39 33
5 39
1 9
13 32
15 8
14 33
39 14
17 31
16 29
29 36
18 2
30 39
2 39
9 29
27 35
39 21
28 9
