1 1
2 1
4 1
5 1
6 1
7 1
8 1
9 1
10 1
4 2
4 3
4 4
4 5
4 6
4 7
4 8
5 2
5 3
5 4
5 5
5 6
5 7
6 2
6 3
6 4
6 5
7 2
7 3
7 4
7 5
7 6
7 10
7 11
7 12
8 2
8 3
8 4
8 5
8 6
9 3
11 3
12 3
14 3
16 3
15 3
13 3
10 3
14 12
9 12
10 12
12 12
9 10
10 10
9 11
10 9
14 9
14 6
14 5
16 9
16 12
16 11
14 11
16 14
16 16
16 17
16 19
16 20
16 21
16 22
16 23
16 25
16 26
16 27
9 19
9 21
9 23
9 24
9 22
4 23
5 23
6 23
4 24
5 24
6 24
7 24
2 24
3 24
4 25
4 26
5 25
5 26
6 25
3 25
3 27
5 28
9 15
9 17
9 25
10 23
11 23
13 23
10 22
10 24
10 25
11 24
13 24
14 24
15 24
11 28
11 29
7 29
1 29
2 29
1 27
4 29
7 30
7 32
7 33
8 29
12 15
12 14
10 14
12 19
14 19
12 23
13 15
14 25
14 27
15 20
15 25
15 26
15 27
15 28
15 30
15 32
15 33
15 34
15 35
15 31
15 29
9 30
9 32
9 33
9 35
11 33
12 33
13 33
12 30
13 30
13 28
12 29
12 32
13 32
13 31
12 28
13 34
13 36
13 37
11 36
11 37
11 38
10 36
10 37
16 32
16 33
16 34
16 35
16 38
17 33
19 32
19 30
19 35
19 38
20 35
21 35
22 35
25 35
27 35
26 35
24 35
21 38
22 38
23 35
17 28
17 26
22 26
19 26
20 26
25 26
26 26
28 26
30 26
17 27
20 27
21 27
21 26
21 25
19 25
18 25
19 21
18 21
18 16
18 18
18 22
18 23
20 25
18 27
18 29
18 32
18 33
18 38
21 16
22 28
22 33
22 30
24 26
1 5
1 6
2 5
1 28
2 28
1 33
2 33
3 33
4 33
1 34
1 35
1 37
1 38
2 34
2 37
2 38
2 36
4 34
4 38
4 36
5 34
6 34
8 34
6 38
6 36
7 38
3 37
3 38
2 12
3 12
4 12
3 2
3 4
3 8
3 6
3 9
2 9
2 10
3 10
2 18
2 19
2 20
2 21
2 22
1 18
1 19
1 20
1 21
3 5
3 7
3 13
1 13
3 19
3 32
4 18
5 18
5 11
5 12
5 22
5 33
5 35
5 38
6 11
6 31
8 10
8 11
10 8
10 13
13 13
12 13
10 33
11 7
11 9
11 14
11 13
12 24
12 37
12 38
13 18
10 18
11 18
14 31
14 34
14 35
14 36
15 6
15 11
15 10
16 7
16 10
16 37
18 37
17 7
17 16
17 17
17 18
17 19
17 20
17 22
17 21
17 13
19 7
20 20
17 15
19 4
19 5
19 13
19 15
20 13
20 15
19 36
20 4
20 5
20 6
21 4
21 5
23 4
23 5
20 2
21 2
23 2
25 2
26 2
27 2
28 2
31 2
33 2
34 2
30 2
32 2
29 2
17 2
17 1
20 3
21 34
21 36
22 4
22 5
22 18
23 18
24 18
25 18
27 18
28 18
29 18
22 17
24 17
25 17
27 17
28 17
26 17
24 15
25 15
25 11
25 16
26 16
26 14
28 14
25 14
29 14
31 14
32 14
33 14
24 11
24 19
24 23
24 21
25 27
25 29
25 30
25 31
26 29
26 30
28 29
28 30
30 29
30 30
30 31
30 32
30 33
31 29
33 29
34 29
29 29
29 30
29 31
29 33
26 28
28 28
30 28
31 28
33 28
35 28
32 28
38 28
29 28
27 29
27 30
29 27
31 27
31 21
31 22
31 25
29 21
29 20
28 20
31 23
31 24
32 20
32 21
32 29
33 20
33 22
33 24
34 33
34 32
34 38
27 38
29 38
31 38
32 38
35 33
36 28
24 31
24 32
23 32
26 1
27 1
28 1
29 1
30 1
31 1
32 1
33 1
34 1
35 1
36 1
26 3
24 3
24 6
24 7
29 6
27 6
29 8
29 9
29 10
29 11
27 8
27 9
29 12
31 11
31 12
32 8
32 10
37 10
26 6
26 10
27 34
28 9
28 10
28 15
28 19
28 34
29 19
30 11
30 12
30 13
37 13
34 13
37 12
38 13
38 12
38 11
27 13
30 8
30 21
30 20
30 27
30 35
32 35
32 36
31 36
30 38
31 4
33 18
34 18
34 15
34 19
33 19
35 18
34 3
34 6
35 3
37 3
37 6
37 7
38 3
35 4
35 5
36 6
36 4
37 4
36 5
34 10
35 10
34 16
34 17
35 17
38 17
34 25
34 23
38 23
36 23
37 23
38 19
38 20
38 21
34 31
35 13
35 26
37 26
35 38
36 38
37 38
38 38
36 12
36 27
36 37
37 37
38 37
37 36
38 36
37 8
37 11
37 17
37 35
38 7
38 32
38 33
2 16
6 37
7 27
7 28
8 16
9 16
9 20
10 32
11 5
11 8
11 19
11 26
14 8
17 14
17 38
18 7
18 26
19 24
20 1
20 31
20 38
21 1
21 37
22 2
22 9
22 37
23 1
23 12
23 26
26 38
27 25
27 26
27 37
28 6
28 38
29 7
29 23
29 32
30 7
30 10
31 5
31 8
32 34
33 7
33 9
33 13
33 35
35 12
35 16
37 24
37 25
38 4
38 26
38 34
1 2
1 14
2 2
2 4
1 4
2 6
2 17
4 11
4 17
5 31
6 8
6 14
7 8
7 15
7 37
9 31
10 30
10 29
11 2
11 12
12 6
12 20
13 6
13 9
13 12
13 22
13 38
14 1
14 2
14 10
14 23
15 17
18 2
18 5
18 13
18 20
19 3
19 11
19 14
19 31
20 14
20 19
21 9
21 12
23 13
23 23
23 29
23 31
24 22
24 36
25 8
25 24
25 36
25 37
26 18
26 20
26 21
26 34
27 7
27 23
29 5
28 5
29 37
30 4
31 3
31 37
32 9
32 13
32 16
32 24
32 27
33 31
33 32
33 36
34 5
36 17
36 34
35 34
37 2
37 27
38 6
38 22
0 7
0 14
0 16
0 15
0 17
0 22
0 20
0 19
0 26
0 31
0 30
0 28
1 12
2 35
3 28
3 34
4 19
4 22
5 39
8 39
7 31
7 39
8 12
8 15
8 21
10 0
12 0
13 0
15 0
17 0
10 17
10 19
11 15
13 4
12 4
13 16
14 39
15 39
20 39
17 39
18 39
15 7
15 12
15 21
12 21
13 21
15 22
16 1
17 10
17 11
17 32
17 37
18 1
18 8
20 9
20 8
20 21
20 29
20 34
20 36
21 3
21 10
22 0
24 0
36 0
29 0
30 0
32 0
33 0
27 0
26 0
28 0
22 32
23 17
23 19
23 33
24 12
25 7
25 23
26 39
28 39
30 39
33 39
35 39
36 39
37 39
27 14
27 24
27 31
28 33
29 39
31 32
32 12
32 15
32 18
32 25
32 37
33 15
34 0
34 30
36 30
35 27
35 37
37 5
37 31
38 2
38 8
38 35
39 5
39 9
39 15
39 18
39 21
39 20
39 22
39 14
39 11
39 19
39 16
39 8
39 7
39 12
39 32
0 21
1 0
3 18
3 20
3 26
3 36
4 35
5 27
5 36
8 22
8 23
10 35
11 35
12 36
14 32
14 33
15 9
16 0
16 15
17 29
18 36
19 6
19 18
20 18
19 34
19 37
20 12
22 10
23 11
24 16
25 3
25 19
26 8
26 15
26 22
26 27
27 3
27 19
27 28
28 8
28 25
28 36
29 36
29 17
30 9
30 19
30 34
31 0
31 39
32 39
35 19
35 23
36 10
36 13
36 26
39 2
1 15
1 30
1 36
2 27
3 21
3 23
3 39
4 32
5 14
6 20
6 35
7 20
8 9
8 33
9 13
9 14
11 22
11 25
11 32
12 18
12 39
13 1
13 8
13 14
14 7
14 17
14 21
16 13
16 31
17 30
17 35
18 17
20 16
21 18
21 28
23 21
24 2
25 25
27 16
27 20
32 5
33 30
34 37
36 11
36 22
38 14
38 29
0 32
1 10
1 17
2 13
4 37
5 17
6 10
6 12
7 7
7 16
7 26
8 28
12 2
12 31
14 18
15 5
15 14
16 8
18 35
19 22
19 27
20 28
21 22
22 24
24 27
24 29
25 12
27 12
29 22
32 11
32 19
33 23
34 4
34 9
34 24
34 35
34 36
36 3
37 19
37 20
37 28
38 10
38 18
39 23
39 33
0 0
0 13
1 32
2 0
4 21
6 0
6 26
7 9
8 0
8 13
9 29
11 4
12 34
19 8
21 24
22 11
23 9
23 28
24 37
26 9
26 25
28 27
29 26
30 22
31 35
32 4
32 17
33 21
35 30
35 32
36 31
37 16
37 22
0 8
0 34
1 7
1 9
4 16
5 0
7 23
8 17
11 6
11 21
12 9
13 17
16 4
17 34
18 24
21 39
22 8
22 12
22 36
23 3
23 6
24 30
25 6
28 16
31 13
31 15
31 16
34 28
36 21
0 37
0 38
2 30
2 32
4 13
4 31
6 22
8 30
8 35
9 36
10 26
11 17
12 7
14 20
16 36
18 19
19 16
22 31
26 4
27 10
28 24
31 10
33 10
36 24
38 16
39 31
39 36
39 37
0 18
1 26
6 33
9 0
9 18
10 38
13 19
14 28
17 6
18 4
21 17
22 19
25 20
26 11
26 13
27 39
30 14
33 33
32 33
35 15
36 7
36 15
36 36
37 9
37 30
8 32
10 11
10 21
12 11
15 16
17 8
19 12
20 7
20 24
21 0
27 5
28 11
28 31
33 17
33 38
36 18
0 1
1 22
3 29
10 15
11 34
13 11
14 30
15 38
16 18
16 30
17 25
21 6
23 0
24 33
28 3
33 3
34 26
37 34
39 17
0 5
0 6
0 27
4 27
5 10
5 19
7 0
7 25
8 24
19 2
19 29
21 13
21 33
23 15
25 1
30 6
33 6
33 8
34 34
35 21
39 4
39 26
0 25
3 3
3 11
3 31
6 13
6 18
6 30
6 32
10 28
11 0
12 10
12 16
13 29
14 0
22 25
23 14
25 28
25 34
27 22
31 31
33 25
34 20
39 3
9 7
12 27
15 23
19 10
19 20
21 15
23 7
24 14
25 22
28 13
29 15
35 6
38 24
39 6
6 6
6 39
9 6
9 39
11 27
13 35
14 4
17 9
18 28
22 34
24 5
25 13
27 36
29 13
34 22
2 8
2 11
2 39
9 5
11 10
14 15
19 23
22 29
24 4
26 31
29 34
35 0
3 14
4 39
10 7
14 26
25 0
35 25
0 11
1 39
2 25
5 29
7 36
11 30
13 25
13 27
19 39
30 25
33 27
34 7
34 12
35 20
36 33
0 2
5 21
9 2
9 9
18 30
21 20
21 21
28 21
29 24
31 30
31 33
6 15
8 19
22 27
24 20
30 16
0 39
8 7
9 4
22 16
23 38
25 38
27 33
39 13
3 1
6 29
14 37
16 2
20 10
24 24
34 39
37 14
0 4
0 12
0 33
16 6
32 22
38 31
7 34
13 39
16 24
24 10
37 0
2 15
30 17
32 7
7 21
8 38
25 10
25 39
0 29
0 35
1 24
17 12
25 32
29 4
31 6
15 19
20 30
24 8
5 8
9 34
16 39
17 5
18 15
39 1
39 38
11 39
4 0
9 37
31 20
34 14
0 23
14 13
20 0
22 23
18 0
19 33
39 10
30 36
4 9
35 29
22 39
2 23
9 26
11 1
30 18
38 0
20 32
17 23
38 39
39 28
7 13
37 1
28 35
31 26
15 36
39 24
17 3
35 2
16 28
