1 2
1 3
1 4
1 6
1 7
1 5
2 3
3 3
4 3
3 4
3 6
4 2
5 6
2 7
4 7
2 10
2 11
2 12
2 14
2 15
2 16
2 18
2 19
2 22
2 23
2 25
2 27
2 28
2 30
2 32
2 34
2 36
2 37
2 33
2 29
2 35
2 26
2 24
2 31
2 21
2 20
2 17
2 13
1 15
1 19
1 20
1 21
1 22
1 23
1 24
1 33
1 37
3 11
3 12
3 14
3 15
3 17
3 18
5 15
7 15
7 12
6 12
7 10
7 11
7 13
3 26
3 27
3 28
3 30
3 31
4 31
5 31
6 31
7 31
5 30
6 30
6 28
8 30
10 30
12 30
13 30
14 30
10 28
9 28
11 30
4 32
4 34
4 35
4 36
4 37
5 32
5 35
5 36
6 32
7 32
6 36
9 36
10 36
11 36
12 36
14 36
15 36
16 36
17 36
18 36
13 36
10 23
10 24
10 25
10 26
9 24
9 25
9 22
12 25
3 29
3 35
3 36
3 37
4 23
5 8
5 33
6 26
6 27
7 16
6 16
8 10
10 10
10 13
8 9
8 16
9 16
11 16
8 17
8 36
9 9
9 21
9 29
9 34
9 37
9 38
10 37
10 17
10 35
11 10
11 14
11 18
11 24
11 25
11 26
11 27
14 14
14 29
14 33
16 33
15 29
15 28
15 32
15 37
17 37
16 28
19 28
20 28
22 28
23 28
16 27
18 28
18 38
19 26
20 26
20 24
20 25
19 29
19 31
20 29
20 31
20 32
23 29
24 29
20 30
23 33
23 34
24 33
24 31
24 32
25 33
26 33
25 31
25 32
26 32
25 34
25 36
21 29
21 33
21 35
22 34
23 27
23 37
26 35
28 35
31 35
32 35
33 35
35 35
36 35
28 38
31 38
30 38
34 38
27 38
30 36
33 36
34 36
35 36
36 36
37 36
35 37
34 37
37 37
38 36
38 37
38 38
31 31
31 32
30 31
30 32
31 33
36 34
37 31
37 33
3 5
3 13
3 16
4 14
4 15
4 18
5 18
5 2
5 29
6 2
6 5
6 29
7 1
7 4
9 1
10 1
11 1
12 1
13 1
14 1
15 1
18 1
19 1
17 1
16 1
10 2
10 3
11 2
11 3
11 4
11 6
11 7
12 2
14 2
15 2
12 4
12 7
18 7
15 7
16 7
19 7
21 7
12 5
17 7
18 4
18 8
16 8
13 8
14 8
17 8
20 7
21 8
21 10
21 11
21 12
21 13
21 14
21 15
22 8
24 8
22 10
22 11
22 12
22 13
22 14
24 10
24 11
25 10
23 10
23 11
23 12
23 14
23 15
27 12
28 12
24 15
26 10
13 11
12 11
14 7
15 15
17 15
18 15
17 13
18 13
19 13
18 14
19 14
19 12
17 6
18 6
17 16
17 17
17 18
18 17
18 18
16 16
16 19
16 21
24 19
19 19
21 19
22 19
24 17
25 19
26 19
25 17
25 16
12 19
13 21
14 21
13 20
14 20
15 20
15 21
15 22
15 23
18 3
18 5
19 2
22 2
22 3
22 5
22 6
24 5
24 6
25 5
25 6
25 7
26 6
28 6
29 6
30 6
31 6
32 6
33 6
34 6
35 6
37 6
38 6
36 6
27 6
28 7
29 7
31 7
33 7
34 7
35 7
36 7
29 9
29 11
31 9
36 11
36 9
36 12
37 11
37 9
37 8
35 8
37 12
37 13
38 11
38 9
38 12
22 9
23 9
24 9
26 9
32 11
33 11
34 11
37 10
38 10
38 14
38 17
38 19
38 20
38 21
38 22
38 24
38 25
38 26
38 27
38 23
38 16
38 18
20 11
20 12
20 14
21 20
20 20
22 4
25 18
26 18
25 20
25 23
25 24
25 25
26 23
26 25
26 21
26 22
29 23
30 23
32 23
33 23
34 23
35 23
29 21
30 21
32 21
29 20
32 19
33 25
34 25
36 25
31 25
33 27
34 27
34 28
30 27
31 27
29 27
29 28
28 28
30 26
28 26
32 28
34 26
35 27
35 26
24 24
26 2
26 4
28 2
28 3
26 12
27 2
27 3
27 1
27 13
28 13
27 28
29 10
29 17
31 5
32 5
33 5
34 5
32 1
34 4
31 20
31 24
32 24
33 24
32 4
32 10
33 22
34 22
34 29
35 29
35 30
35 3
35 13
35 15
36 8
36 30
37 20
7 25
8 18
8 19
8 24
8 25
9 13
10 12
10 16
11 11
13 2
13 4
13 14
13 25
14 34
15 31
15 38
16 10
16 13
17 5
18 9
19 3
20 8
20 13
20 19
21 2
22 1
23 36
24 16
25 22
26 38
27 7
27 25
27 26
27 33
28 8
28 21
28 37
29 2
29 8
29 19
29 29
29 30
30 7
30 13
31 13
31 8
31 36
31 37
33 18
34 14
37 32
37 34
38 15
38 30
1 1
1 27
1 28
1 30
3 22
3 23
4 21
6 35
7 19
7 22
8 1
8 3
8 22
8 28
8 32
8 34
9 6
9 10
9 23
9 26
9 33
10 6
10 38
11 5
11 15
11 37
12 6
12 10
13 5
13 31
14 3
15 11
15 27
16 26
17 21
17 22
17 28
18 31
19 25
19 27
19 30
19 38
20 38
21 38
22 38
20 21
20 27
22 18
22 23
22 29
23 3
23 5
23 6
24 30
24 36
24 37
25 1
25 9
25 30
25 37
27 16
28 16
27 35
28 34
29 3
29 22
29 35
29 36
30 9
30 18
30 22
30 24
30 37
31 1
31 10
31 21
32 12
32 31
32 32
34 32
32 36
32 38
33 14
33 17
33 32
36 3
38 3
36 10
37 3
37 2
37 17
37 24
37 38
38 31
0 1
0 9
0 8
0 26
0 29
0 35
1 10
1 14
1 16
1 32
1 34
1 36
2 4
2 9
4 6
4 8
4 28
4 33
6 11
7 14
7 20
7 28
8 0
8 11
8 15
8 29
8 38
9 17
10 29
10 34
11 23
11 35
11 39
12 39
12 12
12 27
13 0
13 9
15 13
15 16
16 9
16 18
16 34
17 34
18 34
16 39
18 23
21 0
23 0
20 0
21 21
21 23
21 25
21 32
21 39
22 39
22 21
22 33
22 35
23 31
23 32
23 35
24 18
24 25
26 24
27 23
27 22
29 31
29 38
29 39
27 39
30 3
30 5
31 0
32 2
32 16
33 0
33 10
33 26
34 15
34 35
36 1
38 1
36 17
36 18
36 31
36 39
37 21
39 2
39 15
39 16
39 18
39 21
39 20
39 19
39 26
39 35
39 38
0 20
0 21
0 24
0 19
0 23
0 33
1 11
2 2
3 10
4 12
5 12
6 0
6 13
6 15
6 19
7 30
7 33
7 34
9 35
10 0
10 27
12 21
12 26
13 32
14 12
14 19
14 22
14 35
15 8
18 24
19 0
19 8
19 15
19 21
20 15
21 31
22 20
22 26
22 27
23 16
23 24
23 30
24 23
27 9
28 1
28 4
28 11
30 30
31 18
31 19
31 23
32 22
32 27
32 34
33 1
33 2
33 19
34 3
35 4
35 31
36 19
37 1
37 19
38 13
39 17
0 7
0 22
0 39
2 8
3 0
3 2
3 34
4 9
5 9
5 39
6 10
7 27
8 37
9 3
11 32
12 20
12 35
13 17
13 19
13 29
14 0
15 3
15 10
15 35
16 17
16 35
17 25
17 30
18 16
18 21
19 18
19 20
20 2
21 24
21 26
23 19
23 25
24 4
26 17
26 20
27 21
30 1
30 15
30 35
30 39
32 7
33 16
34 16
34 33
35 12
35 14
36 0
36 24
36 26
38 0
38 4
0 3
4 22
4 27
5 34
6 8
7 0
8 4
9 8
11 22
12 3
14 4
14 9
14 24
15 6
16 6
16 37
17 27
17 38
21 28
21 30
21 34
25 12
26 31
27 4
27 37
29 18
31 4
31 28
31 34
32 20
32 29
33 4
33 12
33 21
33 31
33 38
35 2
36 15
36 20
36 37
38 33
39 5
39 10
39 32
39 31
0 13
0 14
0 27
0 34
4 17
6 4
7 3
9 0
10 18
11 0
11 33
13 22
16 15
16 20
17 9
17 39
18 37
19 11
20 10
20 35
21 3
21 18
26 3
26 13
29 26
31 26
33 37
34 8
35 16
35 25
37 25
38 39
39 1
39 7
39 27
0 0
0 2
1 18
1 38
3 38
4 1
4 11
4 24
4 30
5 13
6 17
6 38
9 2
9 27
9 30
11 13
11 17
12 18
12 34
14 16
15 19
18 22
18 32
19 4
19 10
20 4
20 39
26 7
26 14
27 14
26 34
27 18
27 31
27 32
28 20
28 25
28 24
29 5
29 24
30 11
30 33
31 16
32 14
32 25
34 10
34 19
35 22
36 29
39 0
4 26
12 0
12 14
13 12
13 23
14 11
14 26
14 32
15 14
16 3
17 31
18 0
18 12
18 26
23 8
23 13
24 27
25 2
27 0
27 30
33 34
34 18
37 22
39 34
0 15
3 7
4 20
5 5
5 14
6 33
7 17
7 35
8 6
8 8
8 13
10 20
10 33
10 39
9 39
12 29
13 7
13 39
16 11
17 24
17 33
18 19
19 6
19 34
24 1
25 21
25 26
28 14
28 29
28 39
30 2
31 3
32 3
34 0
34 24
35 11
35 28
35 34
36 33
39 24
39 25
39 37
0 10
5 7
5 23
5 28
6 22
6 37
11 28
12 31
14 5
15 26
15 33
16 25
17 14
18 2
20 5
23 26
24 39
25 29
26 1
30 20
31 14
35 20
0 25
3 9
4 4
6 18
7 24
10 9
10 11
12 13
14 17
14 37
16 29
18 29
18 39
19 17
23 2
24 34
25 11
25 35
26 39
28 23
30 0
31 39
34 2
34 13
35 39
0 4
0 16
0 28
1 0
1 12
3 25
7 5
8 20
10 31
12 37
15 39
19 24
21 5
22 17
23 38
24 0
26 5
26 36
30 28
32 39
33 30
34 39
37 5
37 39
39 9
39 14
10 4
13 33
14 25
15 5
16 32
17 4
19 32
25 4
26 16
28 5
28 27
28 36
32 13
37 30
39 12
5 3
5 16
6 1
6 20
7 36
15 24
16 22
24 7
24 12
24 20
27 11
31 11
32 18
35 5
0 6
0 37
5 0
8 12
8 39
10 7
10 14
14 28
17 12
39 3
6 6
7 2
17 0
26 26
30 25
32 0
33 8
33 28
39 30
6 25
14 15
20 16
21 9
35 9
35 38
39 39
5 37
14 13
21 6
24 14
28 0
31 30
36 27
0 32
12 16
13 10
21 36
35 1
35 17
36 13
0 36
3 32
5 10
5 25
7 9
9 20
12 8
12 24
16 2
24 3
27 10
1 8
8 31
10 22
17 19
32 9
1 25
15 0
23 23
25 8
26 28
29 13
34 30
22 0
37 14
39 11
17 11
26 29
28 9
29 32
39 22
23 17
28 33
35 32
9 15
29 12
0 18
11 21
23 21
38 8
11 19
20 33
22 15
2 6
4 38
25 38
27 19
0 30
12 28
24 28
25 15
29 16
18 10
39 36
3 19
34 21
25 27
9 32
20 23
21 16
22 7
23 39
37 35
11 8
37 7
36 23
15 30
20 1
38 28
19 36
39 6
2 38
