1 3
1 4
1 6
1 7
1 8
1 9
1 12
1 13
1 15
1 16
1 17
1 18
1 14
1 10
2 3
2 4
2 6
2 7
2 8
2 5
3 4
3 6
3 12
3 11
6 4
6 6
7 6
8 6
9 6
3 5
5 6
5 12
6 12
5 11
7 11
9 11
10 11
12 11
13 11
14 11
9 17
5 17
6 17
7 17
4 17
5 18
6 18
7 18
14 18
10 18
11 18
15 18
16 18
14 17
11 17
12 17
15 17
4 18
3 18
5 19
5 20
6 19
6 20
6 21
6 23
6 24
6 25
6 26
6 22
7 19
7 20
7 21
7 23
7 24
7 25
7 26
7 27
7 29
7 30
7 33
7 34
7 31
7 32
14 20
10 20
11 20
16 20
17 20
18 20
19 20
21 20
22 20
24 20
26 20
27 20
28 20
29 20
30 20
31 20
10 21
10 23
10 24
10 26
10 27
10 29
10 30
10 32
10 33
10 34
10 28
10 31
11 21
11 23
17 23
4 19
4 20
3 19
3 20
3 21
3 23
2 19
2 21
2 23
2 27
2 29
2 28
1 23
7 22
9 14
9 15
14 14
14 15
11 14
11 15
12 14
12 15
14 13
12 13
15 14
15 15
15 13
15 6
15 7
15 8
15 10
15 9
16 14
16 15
19 14
19 15
24 15
26 15
27 15
22 15
23 15
25 15
18 14
18 15
16 13
19 13
24 13
27 13
28 13
30 13
31 13
33 13
35 13
34 13
29 13
32 13
22 13
18 13
25 13
19 6
19 7
19 8
19 10
19 11
19 3
19 4
25 7
28 7
5 14
6 14
5 15
7 8
9 8
10 8
12 8
7 9
9 9
10 9
8 8
9 21
9 23
9 24
9 26
9 27
9 29
9 30
9 32
9 33
9 34
9 35
9 37
9 38
9 36
9 28
9 25
9 31
10 22
11 22
11 9
12 3
12 2
12 4
13 23
15 23
14 26
14 27
14 29
14 30
14 33
14 34
14 37
14 36
14 35
14 38
22 33
22 34
22 37
16 33
16 34
16 37
17 33
17 34
18 33
18 34
19 33
19 34
20 33
20 34
18 37
19 37
20 37
16 36
18 36
19 36
20 36
17 36
22 38
20 38
23 34
24 34
25 34
25 33
28 33
30 33
12 27
12 29
12 30
12 33
12 32
13 27
13 29
13 30
13 32
13 33
13 34
13 37
13 38
13 31
14 31
14 28
12 28
13 28
15 29
15 28
18 28
16 16
19 16
18 16
19 17
24 16
26 16
27 16
28 16
30 16
21 16
22 16
24 17
26 17
27 17
21 17
24 18
26 18
27 18
28 18
30 18
31 18
35 18
33 18
34 18
36 18
38 18
25 16
25 17
25 18
25 19
29 16
32 18
14 19
15 19
16 19
17 19
23 19
20 19
21 19
17 14
17 15
17 31
17 35
16 35
18 11
18 35
19 35
19 2
19 5
25 5
28 5
25 4
28 2
33 5
38 5
36 5
37 5
30 5
35 5
20 6
20 8
20 10
20 11
20 15
20 13
20 16
20 17
20 3
20 4
20 1
20 9
20 12
21 7
21 10
21 11
21 12
23 7
21 5
23 5
23 3
21 9
23 2
23 17
24 3
25 6
28 6
25 8
25 11
27 11
25 10
28 3
28 9
28 10
31 15
32 5
33 2
30 2
31 2
33 1
33 3
35 19
29 19
32 19
35 20
35 21
35 22
35 27
35 28
35 30
35 31
35 32
35 34
35 35
35 37
35 38
35 33
35 36
35 25
35 26
32 21
32 27
32 28
32 30
32 31
32 29
32 24
26 28
26 30
27 28
27 30
27 31
28 28
28 30
28 31
30 30
30 31
29 30
27 29
28 29
30 29
29 29
28 21
29 21
32 23
32 26
35 24
37 18
38 1
1 29
1 30
2 2
3 2
6 2
8 2
9 2
5 2
10 2
2 22
1 22
2 26
2 25
3 1
3 27
3 29
3 30
3 32
4 29
4 30
5 29
5 30
5 27
4 31
4 32
4 33
5 31
5 33
5 34
5 38
5 36
5 37
5 25
1 38
2 38
3 38
1 36
2 36
3 36
1 35
2 35
1 37
2 37
3 37
3 28
4 28
5 1
6 7
6 38
6 34
6 35
7 2
7 13
8 7
8 25
8 28
8 24
8 27
8 29
9 16
5 16
6 16
10 5
7 5
10 16
11 16
11 10
10 10
12 10
12 22
13 3
14 3
17 3
17 6
17 7
17 8
17 10
17 5
13 2
14 2
15 2
16 2
13 1
14 1
15 1
16 1
13 8
13 7
13 13
13 14
13 18
14 6
14 7
15 16
17 24
17 25
22 25
21 25
19 25
22 22
21 22
18 22
18 24
21 23
22 26
22 28
22 29
22 31
26 22
26 26
26 24
26 25
27 22
28 22
27 24
27 25
27 23
28 23
17 27
18 6
18 7
18 4
18 5
18 30
19 18
20 30
21 30
21 29
19 29
21 31
21 32
17 32
22 7
22 27
24 4
24 6
24 7
24 5
24 14
26 14
27 14
28 14
30 14
23 14
24 33
25 14
25 26
25 24
25 35
28 35
30 35
31 35
28 38
30 38
31 38
33 38
28 37
30 37
29 35
32 35
33 35
26 7
26 5
26 23
27 6
27 32
28 1
29 6
29 9
29 37
30 12
30 25
31 25
31 1
31 3
31 4
31 11
31 17
35 17
34 17
35 15
35 16
36 17
37 17
36 15
37 15
38 15
38 16
37 16
36 14
38 14
38 7
38 9
38 10
38 11
38 12
31 26
32 1
32 2
32 3
32 38
33 4
33 7
33 27
33 28
33 30
33 29
34 2
34 3
34 29
34 33
34 34
34 31
35 1
36 9
36 10
36 8
36 16
36 20
36 21
36 22
36 23
37 7
37 8
37 9
37 10
37 11
37 22
37 23
38 23
38 24
1 24
2 12
2 24
3 10
4 1
4 11
7 38
8 5
8 11
8 26
11 4
12 23
13 12
15 36
15 35
16 3
16 9
16 38
18 21
17 21
19 1
19 9
20 2
20 25
21 36
21 38
22 1
22 5
22 23
23 16
23 38
24 12
24 26
25 30
26 6
26 35
26 36
28 36
29 36
30 36
31 36
27 1
27 7
27 10
27 36
27 37
28 8
29 5
29 14
29 25
29 34
30 34
30 4
31 8
33 9
33 10
33 19
34 21
34 28
36 1
36 27
37 27
36 31
37 31
38 31
37 32
37 34
37 35
37 36
37 37
37 38
38 32
38 36
38 37
38 38
38 28
36 35
36 36
36 37
36 38
37 1
37 6
38 2
38 3
38 30
1 31
2 34
3 8
3 9
3 22
4 23
6 15
8 1
8 33
8 34
9 7
10 15
10 17
11 8
11 11
11 27
11 29
11 28
11 33
11 34
11 36
12 20
12 37
16 6
16 7
16 26
16 28
17 9
20 7
22 24
23 33
24 38
27 5
29 8
29 28
29 31
30 9
30 15
31 19
31 21
33 6
33 11
33 17
33 21
38 29
38 33
2 18
2 16
4 2
4 4
4 12
4 38
4 37
5 3
6 3
6 13
7 7
7 10
8 3
8 17
8 14
8 18
8 20
9 1
10 19
11 19
14 24
14 25
15 3
15 34
16 8
18 32
20 22
21 1
21 18
21 24
23 29
23 31
23 35
24 11
24 21
24 35
26 11
29 33
32 4
32 6
32 10
32 11
34 8
34 30
36 6
37 28
37 33
38 4
38 19
38 22
0 1
0 14
0 20
0 26
0 16
0 24
0 22
0 25
0 31
0 33
0 34
0 35
1 5
2 11
2 13
4 6
4 10
4 15
5 4
5 10
7 0
10 0
4 0
8 16
8 38
9 13
11 39
15 39
17 39
10 39
13 6
13 17
17 13
18 0
21 0
24 0
19 19
19 30
20 5
20 32
22 2
22 3
23 20
24 39
26 39
23 39
26 4
26 27
26 33
27 19
27 21
27 35
28 11
28 24
29 0
29 12
30 26
30 32
31 10
31 29
32 39
33 39
34 39
34 12
35 12
36 7
36 26
36 32
38 8
39 13
39 12
39 21
39 25
39 26
39 29
0 3
0 13
1 21
6 31
9 0
12 38
13 10
13 35
13 36
16 23
16 24
19 21
21 33
21 37
22 0
23 1
23 4
23 22
25 27
26 8
28 12
28 19
28 34
29 18
31 12
34 19
34 37
35 23
36 28
36 30
39 10
39 11
0 7
0 8
0 9
1 28
3 3
3 17
4 5
4 39
3 39
1 39
5 0
5 32
6 36
8 32
9 22
11 26
11 32
12 5
12 26
13 4
13 20
15 0
16 0
15 22
18 12
19 32
20 27
20 31
21 4
21 21
21 39
22 12
22 30
23 8
23 13
23 26
26 37
27 27
29 2
30 19
30 24
31 5
31 30
31 34
32 22
33 23
34 16
34 20
34 25
34 32
37 20
37 24
38 34
39 4
1 25
1 27
3 31
5 24
6 1
6 30
8 35
9 12
11 5
12 31
12 39
15 26
17 16
18 8
19 26
20 23
23 28
25 23
27 12
28 32
31 28
32 15
33 8
35 9
35 10
35 29
36 34
37 2
39 0
39 6
0 15
2 17
2 39
4 27
7 28
9 3
11 35
14 4
15 31
17 4
22 11
25 9
25 36
26 1
26 9
27 26
27 39
29 4
29 38
30 3
31 0
31 9
33 24
33 34
34 7
35 0
39 14
39 23
39 24
39 32
0 0
0 32
0 36
0 37
1 32
4 36
5 28
5 35
10 25
11 1
11 30
11 37
16 5
16 10
16 31
18 19
22 17
25 12
25 25
25 37
25 38
28 4
29 23
30 17
30 21
31 24
31 37
34 1
34 4
35 11
37 0
37 26
38 17
38 25
39 3
39 16
5 7
5 13
7 4
8 23
12 6
14 12
15 12
16 25
19 24
23 6
24 24
32 7
33 33
34 5
34 38
35 6
37 4
37 30
1 11
1 34
6 5
6 29
6 37
10 7
10 37
12 12
13 15
15 37
17 37
18 38
19 12
21 15
24 31
31 39
33 31
35 14
36 39
37 14
38 13
0 10
3 26
4 25
8 19
10 38
13 22
14 0
16 32
18 29
22 14
24 2
25 22
29 26
30 1
32 0
34 27
39 15
5 26
6 33
8 9
8 13
10 12
12 16
13 26
15 33
18 10
18 31
21 28
24 22
25 32
27 0
30 0
30 28
31 27
33 26
33 37
39 7
39 37
3 7
3 35
4 16
4 21
17 1
19 38
20 29
24 29
27 2
35 3
36 11
37 21
38 6
8 21
8 30
12 9
14 23
14 32
15 20
20 20
21 13
26 29
29 10
32 25
36 4
38 27
39 22
39 27
39 36
0 17
0 18
6 0
9 5
14 10
17 0
21 3
24 8
26 19
30 23
39 28
2 1
6 11
6 39
7 12
9 20
20 35
21 6
22 21
23 18
23 25
33 12
35 2
39 31
0 4
0 6
1 2
3 33
6 9
8 0
17 30
22 19
39 30
39 38
0 38
7 14
7 16
8 39
12 18
14 16
16 21
16 39
18 25
25 20
25 39
33 14
34 15
34 22
38 35
39 1
12 34
17 22
22 9
27 38
32 17
2 32
8 15
8 37
9 10
11 2
11 24
18 3
21 34
22 10
23 9
31 22
38 20
0 19
2 9
18 27
23 0
26 13
28 17
29 22
30 6
39 9
39 17
0 30
6 8
11 0
19 22
22 32
31 31
32 36
8 4
12 21
18 17
21 8
0 23
11 3
17 28
28 27
36 24
2 15
10 4
12 7
12 24
16 12
21 26
22 36
25 0
30 11
0 12
0 21
5 9
9 18
14 21
15 27
38 39
5 23
13 0
15 30
31 14
39 20
3 24
5 21
14 8
17 2
10 14
37 12
0 2
22 35
37 39
3 0
2 33
4 14
14 5
19 28
24 10
26 21
30 39
39 39
2 20
3 13
12 1
16 29
20 14
24 30
34 35
36 19
13 19
20 18
24 19
28 39
10 6
17 11
20 39
28 25
0 29
17 26
25 3
25 28
27 33
35 8
2 30
16 17
23 37
26 3
31 7
38 0
18 39
4 34
29 7
33 0
20 0
27 9
39 33
0 39
15 11
11 13
22 39
5 39
15 5
18 23
31 16
13 39
0 27
26 31
32 32
14 39
28 0
26 34
39 5
19 0
6 27
17 18
28 15
1 19
39 18
10 35
31 33
9 39
7 35
36 13
35 39
32 20
