1 7
1 8
1 10
1 9
1 15
1 16
1 18
1 19
2 15
3 15
4 15
5 15
3 16
3 18
3 19
3 20
5 16
6 16
6 19
6 20
6 21
5 20
5 21
4 21
4 19
5 22
7 20
12 20
13 20
2 11
2 19
2 20
3 14
4 14
5 14
8 14
4 20
5 23
5 24
7 17
7 18
12 18
13 18
15 18
18 18
19 18
20 18
22 18
21 18
17 18
10 18
11 18
12 17
13 17
13 16
14 17
6 17
8 13
9 13
9 1
9 2
9 3
9 6
9 8
9 9
9 10
2 2
3 2
4 2
7 2
3 3
4 3
7 3
6 3
3 4
2 4
5 3
5 4
6 4
6 10
6 7
5 7
5 6
6 11
7 10
3 1
6 6
6 8
7 12
8 1
8 9
9 20
10 1
10 2
10 3
10 6
10 8
10 9
10 10
10 12
10 11
10 5
10 7
10 4
11 1
11 3
11 6
11 8
11 9
11 10
11 12
11 11
11 14
11 5
11 7
12 6
12 8
12 9
12 10
12 11
13 6
13 9
13 10
13 11
14 6
15 6
16 6
15 9
15 10
15 11
16 9
16 10
16 11
19 11
20 11
14 10
17 11
18 11
13 1
13 3
15 3
13 4
16 1
17 1
16 12
16 13
16 14
12 4
12 5
14 5
17 5
14 4
12 7
13 7
15 7
15 5
19 12
19 15
14 9
17 15
19 16
10 19
11 19
12 19
11 4
12 1
12 22
13 22
13 23
13 25
13 26
14 22
14 23
20 23
22 23
23 23
24 23
27 23
32 23
33 23
29 23
34 23
31 23
16 23
17 23
21 23
20 21
22 21
23 21
24 21
27 21
26 21
30 21
25 21
20 22
22 22
23 22
24 22
25 22
26 22
20 24
20 25
20 26
22 24
17 24
18 24
18 25
18 27
21 22
21 24
21 25
21 26
21 33
21 34
23 16
23 17
23 19
21 17
22 17
24 20
25 17
25 19
30 17
27 17
31 17
32 17
34 17
33 17
26 20
26 18
29 17
29 21
30 9
30 13
30 14
27 13
27 14
24 14
24 16
27 10
27 11
24 11
25 11
25 10
25 8
28 14
30 11
30 12
30 18
31 21
34 9
34 13
34 11
34 12
34 14
34 15
31 15
33 9
33 13
33 11
33 12
34 2
34 3
34 4
34 5
34 6
34 7
33 2
33 3
33 5
33 6
33 7
28 6
31 6
31 2
31 3
29 3
29 5
30 2
30 3
30 5
28 9
28 10
26 9
26 10
26 11
26 12
30 4
31 5
32 7
35 9
38 9
35 2
35 3
35 4
35 5
35 6
35 1
35 11
35 14
35 15
35 16
36 2
36 4
36 5
37 5
38 5
37 6
36 1
36 15
37 9
38 1
9 23
11 23
13 21
13 24
14 1
14 11
15 22
16 2
16 18
16 22
18 9
19 25
19 26
19 27
19 31
19 32
19 34
19 29
19 30
14 32
17 32
14 30
9 30
10 30
11 30
12 30
9 28
11 28
7 28
7 25
7 26
3 25
4 25
4 29
4 30
4 32
4 35
4 36
4 37
4 38
9 29
10 29
11 29
12 29
6 29
6 32
6 35
6 36
6 37
6 34
9 32
10 32
10 35
10 37
10 38
8 32
8 35
8 37
8 34
9 34
11 37
12 37
15 35
6 31
7 36
7 32
7 34
7 33
9 33
10 33
8 28
8 29
8 24
9 31
10 31
11 31
13 31
12 38
13 35
13 37
1 35
1 38
1 33
1 34
2 32
2 33
5 30
5 31
5 35
5 36
7 37
8 33
9 38
11 36
14 35
15 33
16 33
18 33
17 28
19 23
19 24
20 2
21 2
20 3
20 14
22 14
20 20
22 2
22 8
23 8
23 7
24 7
24 15
27 15
27 25
28 16
31 16
28 21
28 25
28 26
28 29
28 32
28 34
28 35
28 36
28 37
28 38
28 31
32 26
30 26
30 29
30 28
31 26
31 28
31 30
32 27
31 27
29 27
29 28
29 29
29 30
29 31
30 27
33 28
33 27
34 26
34 27
35 26
35 27
38 26
22 29
23 29
24 29
25 29
26 29
23 35
23 37
23 38
22 35
22 37
22 38
23 36
24 37
24 38
25 37
25 38
25 35
24 36
26 34
26 33
26 37
26 38
20 35
20 38
21 38
23 28
24 28
25 28
24 30
26 31
27 33
27 34
29 35
29 36
29 37
30 36
30 37
31 36
31 37
32 37
34 37
31 38
33 37
33 38
30 19
30 22
31 22
32 22
34 22
35 22
36 22
38 22
35 21
31 8
32 8
32 31
32 33
32 34
35 7
36 26
37 2
37 15
37 22
38 15
38 25
38 28
38 29
37 29
1 2
1 4
1 17
1 27
1 37
2 5
2 6
2 7
2 12
2 22
2 26
2 38
3 17
3 33
3 38
4 27
7 27
8 27
8 26
8 31
9 37
10 23
10 36
12 16
13 2
13 5
13 29
14 18
14 24
15 8
15 17
16 3
16 8
17 14
17 29
18 12
19 13
21 8
23 15
23 31
23 32
24 31
24 32
25 20
27 1
28 8
29 10
29 26
31 1
31 4
32 2
32 3
32 6
32 13
32 32
33 22
34 10
35 24
35 35
35 36
36 35
36 34
37 34
37 38
38 38
36 9
37 1
38 4
38 6
38 34
2 13
2 14
2 31
2 34
3 32
7 35
9 18
10 16
10 24
11 13
12 25
12 31
12 35
14 7
14 13
15 30
15 34
16 34
16 38
16 36
16 37
17 37
18 37
18 2
18 7
18 8
18 15
18 23
18 32
19 2
20 1
20 12
20 31
20 32
21 5
21 14
21 13
21 31
21 28
22 9
23 27
24 1
25 1
24 6
25 15
25 18
26 23
26 25
26 26
27 24
27 35
28 15
28 24
29 9
30 1
31 33
33 18
36 18
34 21
35 32
35 31
36 31
37 4
37 23
37 24
37 25
37 37
38 10
38 14
38 27
0 1
0 3
0 9
0 12
0 13
0 17
0 18
0 7
0 8
0 36
0 37
0 34
1 0
5 0
6 0
12 0
8 0
1 23
1 36
2 1
2 25
2 27
2 39
5 39
3 30
4 1
4 16
5 5
6 5
6 26
6 27
7 11
8 20
9 24
10 20
11 20
12 21
12 36
14 21
14 39
15 39
17 39
18 39
19 39
16 29
17 2
17 9
17 12
17 13
17 20
18 19
18 20
19 0
19 3
19 10
20 7
20 10
22 28
22 30
23 20
23 30
24 0
24 3
24 13
25 27
26 1
26 4
27 37
27 38
28 0
29 0
32 0
28 7
29 4
29 13
29 14
30 35
31 35
32 18
32 24
33 14
33 20
34 28
35 10
35 39
36 39
38 39
37 30
37 36
38 17
38 33
38 37
39 16
39 18
39 19
39 20
39 21
39 23
39 27
39 25
39 28
39 29
39 30
39 24
39 17
0 11
0 15
0 19
0 33
1 26
3 24
3 26
4 28
1 28
2 28
4 34
5 34
7 13
7 29
8 10
8 17
9 7
11 17
11 38
13 39
14 36
15 12
16 28
16 30
17 6
18 0
21 3
21 4
19 4
21 30
22 36
23 3
24 12
25 4
25 5
26 32
27 12
27 36
28 13
28 17
28 33
29 16
30 38
32 9
32 15
33 26
34 36
35 12
35 25
36 36
0 10
0 24
1 22
3 28
4 0
3 0
4 8
4 7
4 13
5 2
5 19
5 32
5 37
7 9
9 4
9 19
10 26
13 30
13 34
14 3
14 14
15 23
15 26
15 36
15 38
18 31
18 36
19 28
20 36
22 5
22 13
22 25
23 33
24 8
24 35
25 16
25 36
26 2
27 7
30 20
30 25
31 25
32 12
33 4
33 10
33 34
34 30
34 32
36 19
36 33
37 10
37 12
37 13
37 20
38 19
38 21
39 0
39 11
39 12
39 37
39 38
0 16
0 29
1 6
1 14
2 18
2 30
3 9
3 10
3 36
3 39
4 4
4 33
5 11
7 21
9 5
9 11
9 22
9 39
15 19
16 20
16 27
16 32
17 0
17 33
18 26
20 4
20 6
21 32
22 20
22 34
23 34
25 12
25 30
25 34
26 5
26 19
27 2
27 4
28 30
29 6
30 16
33 24
33 31
34 39
35 33
35 34
36 21
37 17
38 0
0 23
0 38
2 16
4 9
4 26
5 29
6 2
6 33
7 7
7 14
7 16
8 15
8 25
11 24
11 35
14 16
15 32
16 5
18 34
19 33
23 0
23 9
24 39
25 0
25 3
25 23
28 19
28 28
31 18
33 1
33 29
33 33
34 20
34 25
36 16
36 38
37 26
37 33
38 8
38 13
39 36
0 27
0 28
2 35
3 35
6 30
7 38
10 15
10 17
11 33
12 28
13 19
15 2
19 17
19 22
20 19
22 0
23 1
23 4
23 6
24 27
27 20
27 32
29 25
30 0
30 33
31 7
32 5
32 38
36 29
37 7
37 28
37 35
38 11
38 24
39 3
39 33
1 32
3 11
4 6
6 14
6 38
7 0
8 12
8 36
10 34
12 27
17 4
17 31
20 15
21 1
21 10
22 7
22 19
24 5
27 16
27 26
28 1
29 38
30 6
30 15
30 23
30 30
30 32
32 16
36 11
36 14
3 13
4 22
4 31
6 28
8 8
10 0
12 3
13 38
20 17
23 24
24 17
26 13
30 10
33 8
36 3
36 6
37 31
37 39
1 11
1 39
2 10
2 21
2 23
3 23
7 4
8 2
11 25
13 8
15 4
16 26
17 27
17 30
18 4
18 28
19 19
21 16
21 29
24 19
25 25
26 35
27 0
28 20
29 22
29 34
31 39
32 11
34 8
34 35
35 8
36 0
38 30
39 7
39 34
1 30
3 5
3 29
3 37
5 17
8 3
11 22
19 37
20 0
21 6
21 12
22 16
23 11
24 33
25 33
26 30
27 29
31 14
31 29
34 16
35 13
0 14
0 20
2 0
5 13
7 1
7 31
8 30
9 35
10 28
11 2
11 27
12 23
13 12
14 28
14 33
15 15
16 0
22 10
24 24
25 39
29 18
31 13
32 28
33 39
0 32
1 20
5 8
7 5
7 22
8 6
8 18
14 25
15 1
17 25
21 27
26 17
27 18
28 27
31 0
4 18
5 25
7 24
11 0
12 15
17 16
25 26
26 8
28 23
31 9
39 1
4 24
6 9
16 17
16 24
16 39
20 8
21 21
22 39
25 14
32 25
35 30
6 15
6 18
6 22
7 19
9 15
9 27
12 33
12 39
25 7
26 14
31 31
32 20
32 35
26 28
29 32
34 18
36 27
39 4
39 39
0 4
0 31
3 21
5 10
12 12
13 32
19 21
23 2
27 9
28 11
32 36
0 0
0 35
1 25
22 26
25 9
36 8
38 2
39 5
39 15
0 2
0 39
6 25
8 16
24 10
24 25
32 30
35 20
37 18
39 6
2 3
8 38
9 14
11 32
17 22
39 14
0 6
16 7
28 3
33 15
34 38
2 8
9 0
20 27
20 39
27 39
29 2
15 13
18 21
21 37
27 22
23 14
14 31
23 26
23 39
27 6
35 28
18 5
19 38
28 5
14 29
18 17
13 27
19 14
35 0
39 26
10 39
13 15
16 15
39 9
13 13
6 12
9 12
17 3
35 18
39 22
18 1
14 37
17 10
33 0
34 1
16 35
35 17
30 8
35 37
6 39
14 20
18 6
0 21
21 35
32 21
21 11
4 39
10 13
13 0
8 23
11 15
23 18
28 39
19 35
19 9
39 31
35 23
