1 1
1 2
1 3
1 4
1 5
1 7
1 6
2 1
2 2
2 3
2 4
3 2
3 3
3 4
3 5
4 4
6 4
7 4
6 2
7 2
9 2
11 2
12 2
13 2
14 2
15 2
16 2
17 2
19 2
20 2
21 2
23 2
25 2
26 2
24 2
22 2
18 2
4 5
6 5
7 5
11 5
5 5
8 2
8 5
10 2
5 2
6 6
6 7
6 8
7 6
7 7
11 6
11 7
11 8
11 9
14 6
14 7
15 6
15 7
16 6
20 6
18 6
13 7
14 8
14 9
14 12
15 8
15 9
16 9
18 9
16 12
16 14
16 17
16 18
16 19
16 20
16 16
18 12
9 6
9 7
9 9
5 9
4 9
5 8
9 10
10 6
10 7
10 8
10 9
10 10
10 17
10 19
10 20
10 22
10 23
10 24
10 13
10 15
10 18
10 12
10 14
10 16
10 21
13 8
14 11
19 6
19 12
20 12
4 13
3 13
4 11
5 11
5 12
4 12
3 12
2 12
3 11
2 11
1 11
3 10
2 10
6 19
7 19
8 19
7 13
7 17
7 15
8 17
7 12
8 16
7 1
7 20
8 20
7 21
8 11
8 18
9 1
10 1
11 1
12 1
13 1
14 1
15 1
16 1
11 17
11 19
11 20
11 21
11 22
11 24
11 25
11 28
11 29
11 30
11 31
11 33
11 34
11 35
11 36
11 38
11 37
11 32
11 27
12 17
12 19
12 21
12 6
12 7
12 13
12 15
12 9
11 16
11 18
11 23
12 14
13 13
13 15
15 13
15 15
15 18
13 12
13 19
13 24
14 24
16 24
18 24
19 24
20 24
24 24
25 24
26 24
27 24
28 24
29 24
31 24
32 24
33 24
22 24
21 24
13 25
14 4
15 4
16 4
17 4
14 19
15 5
16 5
17 5
15 24
16 10
16 11
16 30
16 33
16 34
16 35
16 36
16 32
16 37
16 38
13 30
13 33
13 34
13 35
14 33
14 34
14 35
14 36
13 29
14 37
15 29
15 30
15 32
15 33
15 34
15 35
16 26
16 27
16 28
14 26
15 27
17 9
17 33
17 34
17 35
17 36
17 37
17 38
18 33
18 36
17 32
19 32
20 32
25 32
29 32
31 32
32 32
33 32
34 32
30 32
23 32
24 32
35 32
19 26
19 27
19 28
19 29
19 30
20 27
25 27
29 27
31 27
32 27
33 27
34 27
35 27
37 27
38 27
36 27
30 27
23 27
24 27
20 29
18 26
18 27
18 28
22 27
25 26
23 26
24 26
25 28
26 27
26 26
29 28
29 29
29 30
31 28
31 29
31 30
32 28
32 29
32 30
33 28
33 29
33 30
34 28
34 29
34 30
35 29
37 29
38 29
36 29
30 28
30 29
30 30
31 26
32 26
33 26
34 26
35 26
36 26
37 26
38 26
34 20
34 21
34 22
34 23
18 17
18 18
18 19
18 20
18 21
18 22
19 18
19 20
19 21
19 22
20 21
24 21
25 21
27 21
28 21
29 21
31 21
30 21
32 21
24 18
27 18
29 18
26 18
21 18
20 17
22 18
23 18
23 21
24 14
24 15
20 15
24 19
25 19
27 5
27 6
27 9
27 11
27 12
27 13
27 16
29 6
29 11
29 12
29 13
29 14
29 8
27 10
28 18
30 11
30 12
30 13
30 14
30 15
30 16
30 17
30 19
31 11
31 12
33 12
31 15
31 16
33 15
33 16
33 17
34 15
34 16
37 15
17 21
17 18
17 19
19 13
19 14
20 7
19 7
19 8
20 11
20 30
21 11
25 11
25 13
25 15
21 7
21 8
23 7
25 7
23 5
23 4
25 9
22 15
22 32
23 11
24 8
24 11
24 22
25 22
27 22
28 22
29 22
30 22
26 22
30 23
26 23
25 23
27 23
28 23
25 29
25 33
25 35
25 37
25 38
29 33
29 35
29 38
31 33
32 33
33 33
34 33
35 33
36 33
38 33
29 34
31 34
31 36
29 36
34 34
35 34
36 34
38 34
37 34
34 36
35 36
36 36
37 36
34 37
29 37
30 33
30 35
30 34
35 35
36 35
38 35
37 35
23 38
21 38
23 34
24 33
24 34
26 16
26 36
27 36
27 33
27 38
26 37
27 4
27 14
27 35
28 33
28 35
28 34
29 4
31 23
32 11
32 12
32 16
32 17
32 38
33 38
32 37
33 37
37 25
38 25
2 28
4 28
5 28
7 28
9 28
6 28
7 32
6 32
7 31
5 31
3 31
3 36
3 38
3 33
3 34
5 33
6 33
2 34
2 30
2 32
4 30
4 36
4 38
5 38
7 38
9 38
9 36
8 38
9 34
9 35
4 34
6 36
6 38
9 25
2 23
2 24
2 25
2 26
3 23
3 24
4 23
4 24
4 25
3 20
1 20
1 23
1 25
1 22
3 22
1 17
3 15
3 16
3 18
3 21
3 35
4 37
5 26
7 26
8 26
8 27
9 27
6 12
7 30
8 6
9 16
9 17
9 18
9 19
9 15
10 29
10 30
10 33
10 34
10 35
10 37
10 32
12 11
12 25
12 29
13 3
14 15
14 30
16 31
17 20
17 23
20 1
21 9
21 16
22 3
24 3
22 31
23 14
23 36
24 38
26 6
26 10
26 12
26 32
26 38
27 25
24 25
28 12
28 13
28 29
29 10
29 16
29 19
29 20
31 7
33 7
33 9
30 7
33 10
34 13
35 15
35 21
35 22
36 21
38 21
36 20
38 20
36 18
38 18
38 16
38 17
37 17
36 13
36 11
37 11
37 8
37 12
38 11
37 7
37 9
37 10
37 21
37 33
38 28
1 18
1 19
1 29
1 34
1 36
2 8
3 17
3 28
4 10
5 29
6 13
6 15
7 8
7 36
8 28
8 36
9 5
9 14
11 4
13 6
14 3
15 3
16 3
14 17
14 29
17 12
17 27
20 3
20 4
21 29
22 7
22 21
22 30
22 38
23 6
23 13
23 30
24 7
25 20
26 5
26 7
26 25
27 8
28 32
28 38
30 3
32 3
32 1
32 2
31 2
33 1
33 2
34 1
35 1
36 1
37 1
38 1
35 2
36 2
37 2
38 2
35 4
35 6
38 4
36 3
37 3
38 3
34 6
34 5
38 5
32 18
33 8
33 14
35 5
36 19
37 20
38 19
1 32
2 17
2 19
2 20
2 35
3 37
5 6
6 3
6 26
6 29
7 3
7 18
7 37
8 1
8 32
9 23
11 13
12 8
12 24
12 26
12 30
13 14
15 16
15 23
15 31
17 10
17 31
20 16
20 31
21 31
21 34
21 37
22 4
22 8
22 11
22 13
22 19
22 34
23 1
23 22
23 31
24 4
24 20
25 1
26 30
27 30
28 5
28 6
28 8
28 9
28 17
28 27
29 9
29 23
30 6
30 38
32 7
32 9
33 23
34 2
34 9
34 14
35 13
36 6
36 8
36 14
37 30
37 38
38 8
38 38
0 6
0 9
0 8
0 18
0 21
0 33
0 35
1 10
1 13
1 21
1 30
3 27
4 0
5 0
4 26
4 35
5 37
6 11
6 39
8 39
7 14
8 25
12 34
12 35
14 10
17 14
18 25
18 37
18 38
19 39
22 39
28 39
24 39
21 3
21 10
22 10
21 32
21 39
22 23
23 3
23 19
24 0
24 16
24 17
24 37
25 14
27 15
28 1
29 0
30 0
34 0
33 0
29 15
30 8
33 22
34 7
35 8
35 9
35 10
36 0
37 0
36 15
37 16
37 28
38 0
38 10
38 12
39 5
39 7
39 9
39 12
39 31
39 32
39 37
39 24
39 28
0 1
0 3
0 17
1 24
4 29
5 39
6 17
6 31
7 39
8 13
9 37
10 31
12 3
12 10
12 28
13 9
14 5
14 23
17 22
17 26
17 28
19 11
20 22
20 39
21 27
24 31
26 19
26 33
28 0
28 11
31 3
31 14
32 0
32 15
33 36
34 35
35 3
35 20
36 12
36 25
38 36
0 7
0 14
0 19
0 22
0 27
0 38
0 39
1 39
2 13
3 1
4 2
4 6
4 16
4 18
4 27
5 27
8 10
10 0
12 0
12 31
13 0
15 20
19 25
22 14
22 29
23 15
23 28
25 25
25 34
26 1
26 9
26 21
26 39
27 3
28 3
27 32
28 14
28 30
29 1
30 24
31 8
31 9
31 31
32 31
33 31
30 31
31 37
32 25
33 25
34 25
33 39
35 23
36 22
37 13
37 14
38 39
39 8
39 10
39 11
39 17
0 20
0 29
2 0
5 10
5 36
6 21
8 7
10 36
13 26
13 31
14 32
15 14
15 17
15 28
16 25
17 24
18 10
19 23
21 13
22 5
23 17
25 10
26 15
27 20
27 26
27 37
28 25
30 4
32 36
33 13
0 4
2 29
2 33
3 32
5 4
5 24
5 23
5 22
5 25
5 30
7 16
8 9
9 3
9 39
12 20
12 33
15 19
18 8
18 32
19 1
20 14
20 28
20 34
20 37
21 1
23 37
24 5
25 6
26 35
28 36
31 0
31 10
33 6
37 4
39 16
0 10
1 0
3 19
4 3
4 20
4 39
7 27
7 29
9 8
12 18
13 11
13 17
13 22
17 6
18 5
21 15
21 36
22 0
22 16
23 10
23 25
23 35
24 35
26 4
26 11
27 19
28 28
29 5
29 7
32 4
35 7
35 18
35 39
36 10
37 37
38 32
39 3
3 0
4 33
9 26
9 29
11 3
12 36
13 16
20 13
21 19
28 20
31 1
32 39
35 25
36 4
38 30
39 4
39 35
0 25
0 30
0 34
2 27
3 30
5 7
6 20
8 12
8 15
8 31
12 12
14 25
15 0
15 12
21 21
22 22
23 0
23 29
25 0
25 30
27 39
29 26
31 6
32 23
35 0
36 37
38 24
39 30
0 32
2 31
4 31
6 1
6 18
7 25
9 33
10 38
11 26
16 8
17 17
20 23
20 25
20 26
22 26
25 12
32 19
38 22
39 18
39 25
0 16
2 5
5 32
11 0
13 23
18 7
23 8
24 9
29 31
31 35
34 4
39 6
4 8
6 0
8 21
8 35
9 11
13 4
14 0
15 26
17 3
19 3
20 0
21 5
21 20
26 13
26 17
27 34
38 6
1 12
4 14
4 22
12 38
18 23
25 3
3 14
9 0
9 20
9 32
10 27
13 36
20 8
20 10
20 18
25 8
25 31
29 25
30 2
33 3
34 31
37 18
37 31
2 7
6 34
9 13
13 21
16 29
18 39
19 19
25 5
26 28
30 26
30 36
35 37
37 24
37 39
39 20
0 5
1 16
7 9
7 24
10 5
10 28
12 16
16 23
18 35
20 20
25 16
27 0
27 29
7 11
7 22
8 34
14 18
19 31
23 24
31 13
35 16
36 17
3 6
6 9
16 15
18 34
20 5
24 28
35 28
2 22
3 9
5 15
5 34
14 38
16 0
18 13
25 36
34 17
0 23
1 26
5 13
9 30
20 38
29 17
2 36
2 38
9 22
18 14
19 15
19 17
19 33
23 33
27 7
31 5
32 34
10 11
12 22
12 39
18 11
21 12
21 17
33 34
36 23
3 7
15 10
15 39
16 13
18 16
27 27
31 17
34 38
7 33
9 24
13 28
17 39
18 4
20 33
23 39
30 10
31 25
33 5
33 18
1 28
7 0
11 15
13 32
31 22
37 6
39 2
39 23
11 10
15 36
25 18
0 2
17 30
18 29
39 1
1 8
3 25
24 23
31 20
33 20
0 0
39 36
20 35
33 11
35 30
5 19
17 0
39 13
39 38
2 9
3 39
5 21
8 4
19 36
0 13
16 7
30 20
34 12
0 11
5 17
14 27
24 13
39 34
27 17
39 26
30 39
39 21
34 39
0 36
14 13
10 39
19 9
31 38
39 29
25 39
35 11
17 1
34 19
38 15
30 18
16 39
39 0
29 39
33 21
27 2
21 6
39 33
15 21
12 5
16 21
29 3
10 25
36 32
39 27
11 39
34 24
28 2
