1 17
2 17
3 17
2 12
2 14
2 18
3 18
3 19
4 18
4 12
4 14
4 16
3 16
3 15
6 14
7 14
5 19
6 18
7 18
7 15
8 15
8 16
9 15
9 16
10 16
11 16
12 16
11 15
12 15
13 15
16 15
15 15
11 10
11 11
11 12
11 13
12 10
12 11
12 12
12 5
12 4
12 13
13 10
13 11
14 10
14 11
14 12
15 10
15 12
8 5
10 5
10 10
10 12
10 17
10 22
10 24
11 17
13 17
16 17
17 17
18 17
19 17
20 17
21 17
10 21
10 19
10 20
11 22
11 24
13 22
11 23
12 23
13 8
14 8
15 8
16 8
17 8
14 3
15 7
16 7
17 7
16 6
13 9
14 9
15 9
16 9
12 9
14 2
16 13
17 13
19 13
20 13
17 14
19 14
20 15
18 7
19 18
21 18
24 18
26 18
27 18
26 15
22 15
23 15
26 8
26 9
28 15
21 16
22 16
24 16
25 16
23 12
21 12
24 12
24 20
26 20
27 20
30 20
31 20
33 20
36 20
37 20
35 20
26 21
29 20
32 20
34 20
25 9
25 7
25 17
25 21
25 22
25 25
21 25
23 25
21 29
21 30
21 32
23 29
23 30
23 32
23 34
23 36
23 38
23 35
23 27
23 37
24 29
25 29
26 29
25 30
27 30
29 30
33 30
32 30
27 25
27 26
27 27
27 28
24 26
26 28
24 28
26 26
28 30
29 36
28 36
29 32
29 34
28 34
29 37
29 38
28 37
30 36
30 38
31 27
33 27
31 22
31 23
31 24
30 22
6 30
8 30
9 30
10 30
13 30
15 30
16 30
17 30
18 30
19 30
13 32
15 32
16 32
17 32
18 32
17 38
17 35
13 33
13 34
15 33
17 34
17 37
18 38
19 32
8 28
9 28
10 28
9 25
7 28
7 27
9 27
7 29
8 29
9 29
10 29
8 32
8 33
8 34
8 36
8 37
8 38
8 35
7 33
7 34
7 36
7 38
9 26
9 31
9 37
9 38
12 30
12 33
14 33
14 34
15 29
17 29
14 29
16 31
17 31
18 31
17 36
18 36
19 35
19 38
20 38
21 37
21 38
22 22
22 24
23 24
22 30
22 32
22 33
22 31
22 37
24 25
25 36
26 6
26 10
26 11
26 17
28 13
29 13
30 13
29 14
29 33
30 10
30 19
31 19
32 19
33 19
31 18
33 18
33 16
36 18
37 18
38 18
36 16
35 16
36 17
37 17
38 17
38 11
38 13
38 14
38 15
30 35
33 35
33 32
29 35
31 13
31 34
31 35
33 17
35 32
36 32
36 25
36 28
36 27
36 29
36 30
37 11
37 13
37 19
38 19
37 21
37 32
38 12
1 26
1 27
1 29
1 31
2 26
2 27
2 29
3 26
2 25
3 25
4 25
1 28
1 30
2 10
2 13
2 15
2 28
2 36
3 1
3 2
3 4
4 1
5 1
5 2
5 4
5 6
5 7
5 8
5 11
5 13
5 10
4 7
4 8
4 5
6 7
7 1
1 7
2 7
3 3
3 35
4 15
5 3
5 5
5 9
5 12
5 31
6 23
6 33
6 36
6 38
7 4
7 26
7 35
8 19
9 6
9 10
11 18
11 30
13 38
14 4
14 17
14 35
14 36
14 37
14 38
15 17
15 25
16 26
17 1
17 27
18 2
19 2
19 3
19 5
20 3
20 5
20 6
20 9
21 5
22 5
23 5
22 3
23 3
24 3
22 6
23 1
23 2
24 2
25 2
28 2
27 2
20 4
21 4
22 4
23 4
20 8
25 3
28 1
28 4
28 5
28 7
29 5
30 5
29 6
31 1
32 1
34 1
35 1
31 5
33 1
33 5
34 3
34 4
18 13
19 19
20 16
17 16
18 16
20 22
19 22
20 35
21 19
21 20
21 21
21 31
22 11
23 13
23 18
23 23
23 31
23 33
25 12
26 2
26 36
27 15
27 24
27 36
27 37
28 6
28 33
29 16
29 22
29 25
29 27
30 1
30 9
30 29
31 17
31 28
31 29
31 38
32 5
32 27
32 34
32 35
33 36
34 8
34 9
35 8
36 13
36 24
37 22
37 36
37 38
38 3
38 4
38 31
38 35
38 33
1 36
2 4
1 4
1 3
2 11
1 11
2 16
2 38
3 12
4 28
4 31
4 35
5 20
5 21
5 22
6 1
6 3
6 11
7 7
7 12
7 37
8 20
8 25
9 20
9 32
11 6
12 26
13 5
13 23
13 31
14 6
14 14
14 27
14 25
14 24
14 28
15 1
15 4
15 19
16 1
17 33
18 5
18 14
18 26
19 16
19 23
20 24
21 8
22 23
22 27
23 19
24 7
24 19
24 38
25 38
26 19
27 5
27 8
27 11
27 13
27 19
27 31
28 3
28 12
28 11
28 27
29 10
30 21
30 23
30 24
30 28
31 8
32 2
32 6
32 7
32 31
33 33
34 2
34 32
34 33
34 35
34 36
35 2
35 7
35 14
35 15
35 25
35 28
35 33
36 26
36 38
37 8
37 7
37 12
37 25
38 25
37 28
37 31
37 37
38 1
38 2
38 29
38 30
38 34
38 38
0 19
0 23
0 24
0 33
0 35
0 38
0 37
1 37
1 0
1 18
1 34
2 0
4 0
2 32
4 32
3 7
3 27
3 29
3 34
4 2
4 6
4 13
4 24
5 37
6 8
6 22
8 7
8 31
9 0
10 0
8 0
9 5
9 33
10 6
10 23
11 0
11 1
11 2
12 8
12 31
13 2
13 3
14 7
15 24
15 26
16 25
17 6
17 21
18 1
18 3
18 18
18 37
19 6
19 10
19 27
21 0
22 1
22 12
22 36
23 14
24 27
24 34
24 35
25 18
25 28
26 7
26 13
27 39
28 14
28 20
29 1
30 11
31 11
32 11
30 30
32 14
32 15
32 24
32 23
32 26
33 0
33 4
33 10
33 29
34 16
34 28
35 3
36 6
36 8
36 39
37 35
39 22
39 23
39 24
39 26
39 30
39 37
0 26
1 2
2 2
2 35
2 37
3 9
3 30
3 31
5 16
6 16
5 18
6 13
11 5
12 14
13 39
16 24
17 2
17 28
19 28
20 28
18 21
21 3
21 6
21 26
21 27
24 10
24 17
25 8
25 23
26 30
28 25
28 38
29 4
30 27
32 0
32 18
33 3
33 9
34 18
35 9
36 10
36 19
37 3
39 4
0 5
0 10
0 13
0 34
0 36
1 21
1 23
2 6
2 21
2 22
3 0
3 22
3 24
3 39
4 21
4 37
6 4
6 10
7 13
7 22
8 6
8 9
8 14
9 2
9 3
9 17
10 35
11 27
11 36
12 20
12 22
12 36
13 14
14 19
14 23
14 30
15 31
15 36
16 0
16 14
16 29
18 11
18 20
18 25
19 4
23 16
24 11
24 21
24 39
25 1
25 10
25 33
26 0
29 9
30 4
30 12
30 37
31 7
32 16
33 31
33 39
34 23
34 26
34 37
35 0
35 17
35 18
35 24
35 29
36 5
36 9
36 11
37 10
38 24
39 0
39 1
39 7
39 36
0 25
3 8
6 24
6 29
6 28
7 8
7 21
7 30
9 39
10 4
10 11
10 18
10 27
12 38
12 39
13 12
13 21
13 37
14 5
14 26
16 12
16 21
16 33
17 20
18 10
18 39
19 9
19 34
20 14
21 9
22 10
22 25
22 29
24 1
24 9
24 30
25 15
26 12
28 21
28 26
29 12
29 31
31 2
32 8
34 0
34 12
35 13
36 31
37 2
38 28
39 5
39 9
39 14
39 29
39 38
0 11
0 20
2 1
2 34
3 32
4 9
4 27
6 6
7 9
7 16
8 2
11 25
12 6
12 7
12 19
12 24
12 25
13 7
14 13
14 22
14 32
16 27
16 37
17 0
17 5
17 18
16 18
18 28
18 35
19 39
20 0
20 18
22 2
22 7
23 6
24 15
25 20
26 22
27 4
27 21
28 22
30 34
31 10
31 21
31 33
33 8
33 11
34 7
34 14
35 38
35 39
36 21
36 33
36 36
37 4
37 34
39 3
39 10
39 25
0 29
1 12
1 25
3 36
4 4
5 32
5 36
6 34
7 23
9 8
10 38
10 39
11 21
11 28
12 34
15 3
18 23
18 29
19 31
19 36
20 29
20 33
21 11
22 14
22 18
22 21
23 7
24 13
25 0
25 24
25 31
25 34
26 27
26 37
27 9
29 7
30 3
30 6
30 32
32 37
33 24
33 28
34 10
35 37
37 6
0 0
0 22
4 19
4 26
5 38
5 39
6 2
8 24
9 22
10 15
10 31
10 37
11 34
15 20
16 35
19 15
20 37
21 28
23 11
28 35
29 19
30 18
31 26
33 12
35 6
35 21
39 13
39 19
39 31
39 39
0 18
3 14
4 34
6 19
6 31
7 0
9 36
13 18
15 13
16 5
16 39
17 24
20 12
21 24
23 28
25 6
26 32
27 32
28 16
32 22
33 21
38 5
39 11
39 35
0 17
2 39
10 13
11 14
15 28
23 9
23 26
24 24
24 36
26 25
27 17
27 34
28 28
28 39
30 14
31 0
32 3
32 38
33 34
35 11
36 0
37 14
37 16
38 0
0 2
1 9
1 14
2 30
5 23
5 25
5 35
6 15
7 32
11 33
12 0
15 6
15 11
19 7
19 26
21 36
24 4
30 17
32 32
34 13
34 19
35 4
35 31
37 39
2 24
3 20
9 12
11 29
21 15
22 38
24 22
25 26
26 38
26 39
27 1
28 0
28 32
39 17
4 17
4 23
5 33
7 11
11 19
12 17
19 24
28 23
30 25
34 25
37 23
38 36
39 21
0 4
3 5
7 5
8 10
8 27
13 1
13 29
20 2
22 0
22 34
26 14
29 29
33 26
38 21
0 32
6 27
8 1
8 17
9 7
11 3
19 1
19 20
21 35
27 23
29 17
35 35
36 15
38 32
0 27
7 25
10 9
13 35
16 38
17 3
17 11
21 22
22 8
30 39
31 25
34 27
38 8
38 27
2 19
15 34
16 4
16 16
20 7
20 32
24 32
26 16
32 13
36 34
0 39
1 32
2 9
4 29
9 24
17 26
18 22
20 25
33 15
33 37
38 16
39 27
0 7
1 16
4 11
8 4
8 18
12 32
14 15
15 18
17 9
17 12
18 8
21 13
23 0
23 22
28 10
29 15
8 21
11 9
23 20
29 39
31 30
9 34
21 33
12 27
18 33
29 2
36 23
38 10
7 39
27 29
28 8
30 8
31 36
39 18
19 12
20 10
24 5
5 0
9 14
14 39
26 23
10 25
16 10
17 39
36 1
14 1
26 3
13 16
14 21
31 16
34 5
28 18
8 39
12 3
17 15
5 30
26 5
22 17
20 30
23 39
5 14
38 20
34 30
