45 78
61 32
57 35
47 58
53 61
64 16
34 87
92 53
42 51
9 85
37 63
23 65
3 88
79 74
62 37
85 61
77 99
50 23
7 60
51 49
29 26
82 43
18 43
81 67
94 46
62 12
33 77
66 83
97 62
82 96
17 89
54 23
3 16
1 92
9 55
71 45
96 17
73 91
15 12
90 87
93 0
98 44
35 86
23 95
54 27
48 52
16 58
87 76
43 24
63 70
50 56
40 66
32 51
59 56
18 60
39 35
45 54
9 80
11 25
62 33
64 13
59 43
55 57
8 29
45 20
4 66
96 20
66 15
85 47
96 48
93 20
25 51
8 24
68 40
93 25
20 75
61 63
92 1
58 26
25 37
40 1
38 45
24 97
47 89
13 49
22 63
7 90
57 13
44 13
52 66
97 60
67 17
90 41
83 25
97 90
38 55
53 53
93 41
97 50
81 7
