7 74
56 25
63 38
73 70
33 73
50 26
79 2
43 49
88 78
7 28
58 63
85 88
20 12
37 61
83 11
49 59
50 50
71 59
69 88
79 81
74 31
53 83
35 73
38 90
22 60
26 42
39 71
1 78
29 7
34 57
33 78
89 97
19 90
69 43
87 75
5 44
29 30
14 70
56 77
63 70
25 44
35 76
13 97
81 90
28 13
50 69
95 93
99 26
16 36
94 44
83 19
0 23
20 47
39 69
73 6
87 95
6 48
67 15
18 44
52 83
77 97
59 46
76 48
92 95
60 97
93 80
14 64
73 88
71 93
25 80
57 66
75 46
22 20
54 48
73 49
9 52
97 70
38 45
35 13
22 98
20 57
2 97
88 26
71 88
4 35
80 24
97 91
45 32
82 66
41 60
66 28
87 44
50 6
52 61
63 44
10 51
0 66
0 77
53 72
41 97
