35 42
58 84
52 55
10 61
40 92
0 84
2 54
50 78
57 80
0 78
37 13
78 6
4 45
82 2
39 34
40 22
97 2
38 82
69 91
59 26
18 7
18 98
87 30
88 74
70 98
49 23
77 39
58 87
67 79
90 95
9 6
24 74
17 42
19 78
38 9
52 65
24 2
38 11
71 45
23 23
12 95
9 37
70 16
11 39
56 94
84 72
48 4
62 5
2 52
38 31
78 60
46 35
57 21
31 7
66 94
56 39
85 18
29 87
51 72
19 63
15 4
23 39
21 58
28 43
70 67
37 73
4 71
77 96
37 62
42 56
85 85
91 58
17 38
18 40
54 29
31 30
91 56
44 52
50 85
86 18
26 8
70 35
41 63
97 65
6 22
93 48
95 94
58 29
41 4
16 59
69 65
96 35
52 14
77 50
39 52
59 26
66 29
48 57
59 17
45 93
