9 74
70 22
61 59
56 55
94 1
28 94
29 45
68 95
77 3
6 86
74 95
85 89
14 57
78 40
2 17
68 17
57 13
98 21
33 31
81 34
92 91
29 77
88 96
18 0
3 18
32 90
4 50
29 22
80 30
33 72
81 4
92 3
1 5
26 88
76 21
58 41
37 70
20 17
37 75
55 83
8 78
23 58
81 24
55 70
95 95
93 7
73 57
99 5
85 5
67 59
84 11
98 69
3 82
21 39
37 81
25 84
28 67
32 83
7 18
62 33
57 63
88 55
8 24
53 49
16 20
30 67
9 51
93 72
75 21
86 86
99 1
29 98
89 5
45 54
76 35
68 21
99 59
24 27
91 31
38 33
77 52
49 84
69 60
42 4
3 85
88 45
19 17
80 84
0 45
13 28
71 16
59 30
12 84
66 62
78 60
16 51
78 26
75 6
55 10
58 85
