1 40
16 38
95 90
40 28
31 43
70 20
92 5
19 2
9 30
80 49
76 6
88 23
18 67
24 61
0 40
39 25
85 92
47 3
85 61
59 45
19 4
4 87
96 37
32 21
28 1
7 38
30 5
2 21
9 66
1 65
77 16
68 98
57 94
23 96
18 73
26 5
6 51
71 47
23 27
0 17
56 81
7 12
20 97
46 77
72 56
74 49
46 78
99 29
55 66
82 22
49 54
87 21
18 18
24 11
16 20
15 27
89 96
19 39
9 62
78 55
48 24
85 85
60 48
76 88
75 80
22 68
34 28
80 21
74 27
10 23
26 64
63 13
32 24
40 53
26 19
75 90
43 1
17 67
62 19
48 4
19 29
19 3
7 54
90 98
32 62
48 38
8 65
53 47
68 34
79 22
49 37
2 54
22 94
94 63
29 63
48 89
98 49
90 69
41 3
52 79
