84 75
39 23
11 4
41 40
13 96
8 7
39 43
83 55
8 67
97 45
32 70
12 60
18 67
20 29
88 31
41 46
93 67
34 42
43 16
79 39
66 87
70 53
36 28
17 90
38 75
85 74
69 72
10 78
67 6
95 73
79 47
48 57
54 41
22 62
85 64
60 59
21 13
72 58
17 38
74 86
34 2
51 36
26 41
65 12
45 69
69 75
54 58
33 34
57 53
31 53
97 92
79 2
46 33
5 8
93 59
58 4
34 95
9 29
50 13
27 54
12 55
13 23
24 57
30 83
85 16
58 41
39 89
37 52
17 85
50 72
82 66
12 65
4 10
69 63
11 44
84 83
62 67
60 70
41 54
5 80
92 70
34 97
54 78
99 69
23 20
74 32
9 9
55 98
60 89
76 23
14 85
71 18
36 59
68 71
88 75
45 73
90 4
65 47
33 49
39 74
