31 97
2 72
38 53
57 80
47 69
37 55
98 78
29 34
39 62
52 57
28 2
82 24
27 67
18 79
65 53
23 48
16 57
15 95
10 76
71 68
48 8
36 23
46 74
49 10
3 15
0 23
60 30
8 89
5 75
51 94
4 26
48 28
39 81
68 76
62 26
33 52
41 13
20 3
47 17
21 2
76 37
81 55
36 37
55 64
5 83
11 5
14 88
95 36
14 94
50 87
81 75
70 26
54 44
30 90
34 76
57 30
74 73
25 35
29 1
80 89
66 51
40 52
80 92
5 34
73 27
37 78
0 78
68 85
51 97
11 13
83 55
3 65
5 24
76 17
99 97
95 35
80 96
35 98
35 82
65 72
9 89
64 91
20 81
48 13
52 15
89 62
51 73
5 8
89 49
25 45
10 38
86 20
95 23
11 4
49 58
72 74
96 87
6 46
63 96
22 34
