36 36
27 30
90 65
30 42
59 66
64 54
56 1
50 12
44 11
35 17
10 56
42 14
70 98
73 10
50 56
17 32
77 25
47 59
28 23
99 19
14 89
19 22
44 36
1 35
23 14
38 77
54 2
52 1
58 28
5 80
45 15
39 0
90 84
57 67
33 86
6 98
61 33
80 6
45 39
24 79
24 13
56 49
85 45
74 39
35 93
8 89
63 33
68 68
74 34
10 76
87 83
21 3
67 69
90 43
0 57
86 29
26 75
77 31
88 98
53 76
4 23
49 65
25 10
87 23
97 74
20 21
94 40
14 69
9 34
66 21
80 27
0 37
9 56
0 59
36 59
67 5
71 94
74 14
81 39
75 38
9 94
38 90
3 13
95 41
54 29
59 18
66 51
40 24
55 77
13 5
12 32
86 92
14 49
84 59
95 50
19 51
4 79
75 48
19 79
82 82
