55 20
44 97
97 65
16 21
49 59
35 76
67 55
77 60
77 7
66 78
29 43
45 93
66 0
39 11
27 50
84 42
25 46
72 71
85 97
26 8
45 94
10 73
64 18
80 47
36 15
10 43
46 58
98 39
2 83
89 6
81 25
77 58
72 91
42 30
79 86
64 77
68 91
41 45
18 59
56 6
70 27
10 63
80 40
61 77
30 52
81 34
46 66
90 99
53 89
84 66
45 62
67 90
31 94
45 5
83 34
94 14
24 34
29 52
89 39
49 84
63 53
73 99
60 78
3 86
71 29
86 59
60 65
47 26
2 44
81 27
91 15
63 54
87 63
54 75
44 91
44 13
26 48
13 77
13 85
80 28
76 52
2 85
52 26
36 80
73 22
84 32
72 87
61 40
2 37
64 46
62 29
72 19
72 79
60 46
14 94
97 73
68 75
90 3
8 16
2 5
