31 38
98 3
67 88
66 6
86 8
36 94
70 74
79 70
63 37
23 32
10 3
35 77
29 53
22 21
19 9
5 33
28 51
96 25
33 90
85 57
86 38
30 70
19 5
20 11
84 95
41 83
93 64
41 76
93 22
22 4
44 98
46 75
44 65
86 44
19 48
93 36
70 55
2 50
24 25
37 19
61 37
1 15
50 11
79 92
97 2
63 9
25 75
42 76
43 22
88 85
92 15
99 79
50 25
22 75
38 5
68 63
11 11
61 36
56 70
88 21
95 98
59 23
30 72
33 23
20 27
48 85
21 58
38 87
36 43
28 28
67 68
70 80
85 0
80 19
46 70
69 4
4 70
27 29
70 36
65 43
43 98
19 49
26 14
27 84
41 96
82 73
56 35
51 61
93 76
23 11
73 26
73 17
37 81
77 69
39 78
58 44
80 84
16 22
42 9
49 2
