94 22
37 31
46 86
13 37
24 33
58 22
38 43
21 67
11 31
43 28
79 41
21 27
21 38
78 41
55 83
93 39
79 14
65 5
83 60
81 46
83 94
2 16
0 84
81 97
59 32
9 79
38 23
86 29
29 41
66 5
66 60
72 42
13 23
75 82
13 97
36 13
47 80
62 98
26 69
96 29
13 53
47 17
7 91
42 81
75 65
64 23
46 1
64 15
19 85
65 22
61 99
53 8
32 21
4 41
86 2
47 88
84 71
28 80
93 48
16 4
18 71
30 76
58 52
27 62
7 14
1 85
46 89
49 25
3 76
81 87
94 69
91 30
3 1
33 84
42 53
49 86
21 83
94 40
24 64
18 29
75 31
39 23
57 69
30 75
62 99
63 62
97 10
22 65
71 46
9 32
86 67
62 5
26 39
57 83
25 63
26 37
35 40
26 53
26 24
11 44
