35 93
65 27
9 88
76 82
45 65
32 38
7 11
44 98
10 86
75 66
75 80
56 83
37 50
24 78
85 66
2 78
65 72
41 86
62 66
31 96
70 37
10 62
97 71
43 88
38 51
23 46
76 93
92 12
75 76
26 79
58 24
70 16
28 28
23 0
50 81
99 30
26 54
78 47
23 86
37 1
36 81
39 21
73 68
82 34
52 48
77 92
84 60
55 2
23 39
74 2
51 9
9 91
73 40
18 2
30 78
46 12
53 6
57 96
43 5
8 80
68 95
70 78
72 13
28 62
9 86
92 52
23 97
36 33
10 70
73 90
97 50
57 1
39 37
19 39
57 38
7 82
25 39
43 72
74 33
77 49
86 51
91 42
93 89
79 66
58 67
60 53
14 59
46 91
69 98
67 28
51 32
30 23
35 25
6 3
91 11
30 17
16 17
21 43
82 57
76 56
