38 69
86 28
85 8
70 43
94 5
52 47
65 2
53 68
25 19
24 83
18 72
18 94
40 86
0 78
16 27
91 42
42 43
44 55
45 95
71 62
54 49
75 57
33 4
74 86
55 67
75 87
20 30
51 16
26 54
27 53
19 12
61 61
12 86
70 77
10 85
89 67
5 0
9 41
6 97
77 69
93 90
11 86
98 71
83 17
49 21
95 28
87 71
76 41
48 35
29 82
26 79
22 10
85 81
1 3
69 24
18 32
91 26
15 3
18 30
19 40
15 53
10 51
71 74
15 52
49 72
70 27
65 32
48 87
1 67
13 68
74 56
74 27
6 3
33 0
92 55
4 40
44 29
34 90
43 2
1 36
79 64
19 1
78 3
53 9
94 39
6 6
23 75
6 23
67 65
48 62
3 42
71 21
39 98
23 44
32 91
79 70
26 72
80 64
6 87
28 41
