14 36
84 6
65 88
23 69
1 9
33 17
51 60
66 54
75 6
50 79
88 45
0 38
70 28
96 53
80 99
58 52
71 25
98 43
30 72
52 71
85 79
31 3
87 50
69 95
81 12
53 20
54 79
43 62
20 73
88 52
70 27
83 31
32 40
52 58
4 15
13 5
3 77
96 73
11 68
90 13
17 73
46 7
82 83
59 66
90 63
79 30
81 29
62 24
53 19
16 66
92 37
1 60
26 74
10 56
93 39
66 7
77 0
47 3
5 89
80 17
35 83
4 86
95 48
89 46
21 3
86 46
51 53
95 45
18 51
7 62
51 29
91 63
20 66
34 75
61 55
0 44
97 22
9 3
35 67
13 66
28 83
85 40
47 82
69 42
15 25
15 1
65 31
18 21
29 71
38 32
99 97
81 87
93 77
38 56
83 4
27 49
18 33
98 90
28 16
97 83
