58 5
3 79
71 33
59 31
87 2
57 92
62 92
89 79
60 38
70 94
41 37
99 84
26 75
72 53
46 86
89 77
33 28
70 2
73 33
43 79
22 91
76 60
67 55
86 82
99 89
37 2
0 23
95 42
10 98
32 29
33 70
59 24
34 56
2 57
69 6
67 69
57 71
49 22
15 29
28 38
15 58
41 12
9 87
60 14
13 58
95 57
55 67
33 67
94 58
63 22
32 0
91 99
88 32
64 21
53 64
17 35
81 1
38 12
87 53
21 1
98 5
79 70
44 78
46 56
98 31
68 96
38 51
16 22
10 52
93 30
75 47
62 79
0 27
46 12
48 7
65 75
29 18
80 60
83 29
21 31
83 73
66 9
16 79
49 34
11 96
36 65
93 15
42 80
98 8
75 91
24 8
89 21
43 96
87 48
52 73
66 88
2 32
17 14
31 48
83 40
