4 43
56 84
55 86
96 58
15 30
88 18
67 13
8 32
33 8
49 92
0 71
81 31
20 68
58 21
38 57
10 13
42 99
62 93
97 21
19 15
57 97
52 91
15 0
99 10
71 73
9 29
83 69
50 68
10 37
57 18
88 52
90 28
72 63
21 11
55 39
95 51
76 57
58 87
98 63
26 18
8 10
96 46
41 17
9 39
88 14
12 61
47 86
78 95
57 56
0 80
10 89
95 32
24 89
10 76
85 24
55 30
67 87
94 72
1 60
82 41
64 77
97 4
30 29
93 42
34 58
58 65
93 11
30 84
74 5
37 14
70 34
0 55
72 63
70 97
35 98
7 93
59 4
95 51
82 31
18 55
57 19
26 91
42 82
18 27
11 48
90 43
0 42
77 46
64 37
36 74
75 82
39 74
53 49
25 65
29 3
19 22
54 42
19 80
12 99
41 0
