65 2
13 6
28 65
59 93
10 31
52 78
12 70
44 83
64 80
9 94
79 28
12 76
36 27
98 66
91 14
33 14
76 1
78 38
41 26
13 14
93 88
55 83
42 37
35 30
79 78
67 68
6 40
20 58
55 34
26 57
14 44
64 24
53 57
7 7
71 2
3 78
71 33
90 94
16 34
52 45
45 31
53 59
8 4
61 65
39 28
39 34
47 84
49 41
75 13
19 71
13 94
64 33
77 74
46 6
43 69
81 20
93 29
3 96
92 52
80 69
10 21
34 10
83 41
84 44
38 96
38 90
67 92
78 17
88 99
33 94
53 55
42 76
43 48
30 59
41 27
97 50
14 28
53 75
58 86
82 68
50 63
0 87
4 84
80 31
63 0
11 67
33 7
50 38
29 72
10 75
58 9
33 39
12 47
60 71
77 41
53 60
24 27
1 86
52 15
19 30
