24 72
70 13
17 49
14 8
72 96
23 8
1 62
91 22
97 30
95 53
44 33
37 71
52 10
15 25
29 13
56 62
16 81
18 85
16 77
41 77
89 34
52 81
11 44
87 44
73 6
95 16
1 94
95 65
56 58
16 11
76 94
95 47
61 9
58 54
24 19
24 3
57 64
56 87
87 51
31 94
63 67
98 42
32 58
59 16
32 22
7 89
70 92
71 53
3 98
4 5
57 21
44 12
98 54
8 87
55 43
72 24
82 79
22 43
80 77
88 45
22 12
37 58
15 98
13 34
72 57
59 63
82 58
21 94
63 69
37 27
49 68
74 94
26 73
58 40
91 7
33 64
98 1
88 70
35 96
3 11
60 77
5 20
95 84
55 7
33 23
93 51
98 46
98 97
79 49
89 50
96 3
97 38
13 92
96 16
96 49
69 21
42 3
64 20
48 90
64 87
