61 1
55 36
11 78
45 91
82 36
11 75
41 95
33 34
50 74
59 75
9 8
18 17
4 18
65 94
49 15
42 46
42 20
25 13
57 40
93 72
58 0
20 86
97 22
23 52
59 98
75 0
30 26
0 71
80 11
27 66
42 99
42 83
35 40
86 29
17 92
9 63
39 11
1 9
97 95
69 73
29 82
24 51
27 53
59 58
23 11
12 31
16 20
63 26
38 2
93 93
72 70
33 46
19 58
40 49
81 29
65 86
63 82
21 76
79 82
85 63
65 12
18 0
31 68
92 25
81 90
9 25
11 41
84 25
70 46
21 75
98 10
94 16
92 87
98 54
76 61
84 59
22 53
55 22
66 43
51 6
85 37
12 42
44 5
18 5
30 26
23 7
23 8
93 20
38 56
76 69
40 58
17 36
10 84
96 89
58 77
97 19
41 70
16 50
9 58
23 15
