65 48
76 2
12 63
5 66
16 50
88 95
36 90
99 81
37 97
40 91
32 92
92 3
30 16
90 27
67 13
58 13
82 42
26 17
86 38
14 5
92 95
5 96
60 36
2 7
71 37
27 8
46 24
8 26
63 19
22 26
32 32
97 50
70 85
29 21
79 55
49 80
77 79
12 9
3 7
18 31
3 17
29 44
32 27
16 10
86 38
71 77
55 39
98 69
93 7
46 88
56 73
78 1
1 32
94 52
94 24
14 64
7 47
78 88
30 70
32 83
56 15
41 40
51 12
6 36
45 76
79 9
62 53
99 84
48 33
45 33
94 96
58 86
39 74
55 65
27 51
33 46
41 64
17 38
4 92
3 89
92 71
62 99
87 88
61 41
95 74
85 28
47 1
44 2
81 82
58 2
15 81
26 71
12 91
56 65
41 76
31 34
59 57
0 2
14 12
14 27
