67 90
57 65
86 7
78 40
95 45
13 29
93 81
70 68
94 38
83 23
32 66
34 71
50 75
95 38
57 80
54 22
70 25
54 38
89 88
87 90
82 31
15 87
48 98
56 88
31 87
79 61
36 99
10 22
61 6
80 92
19 64
83 12
3 19
50 73
51 65
9 35
48 55
41 88
62 36
9 72
69 12
76 93
96 84
69 45
40 83
95 2
24 76
15 56
51 39
37 64
16 73
97 19
56 52
50 40
62 35
57 3
87 59
79 1
1 26
32 63
3 74
81 88
80 31
77 28
68 7
80 18
49 55
4 41
69 21
98 82
16 37
43 54
41 26
41 1
50 26
57 76
55 33
55 3
8 35
23 36
5 93
96 67
68 67
60 53
74 80
67 92
51 53
61 88
34 3
91 80
88 21
23 26
2 7
6 43
35 89
68 17
98 52
65 55
92 50
51 46
