47 80
44 46
16 6
53 2
86 39
40 46
83 60
91 91
5 67
48 70
47 7
3 44
1 0
81 17
13 58
27 86
71 73
77 10
92 29
3 94
25 32
34 82
59 77
46 23
61 23
88 89
20 20
50 98
2 72
29 95
89 78
31 46
15 2
97 10
71 14
68 65
15 77
38 66
60 12
39 23
23 58
48 62
86 85
99 17
67 84
68 83
48 11
77 12
10 84
32 83
11 62
26 15
64 54
36 57
75 9
37 96
78 41
98 0
95 63
93 20
98 39
85 85
88 60
63 99
81 44
87 90
34 83
3 28
66 93
88 45
61 36
20 59
75 56
67 74
70 80
88 28
3 9
48 82
97 57
33 79
30 48
50 41
5 41
73 62
70 15
95 73
5 32
13 10
99 80
45 89
88 41
68 34
88 7
19 52
93 6
77 20
58 4
91 40
93 42
51 61
