78 44
48 86
1 65
6 70
37 88
95 8
57 22
77 15
1 32
64 28
77 19
31 44
91 25
55 55
39 43
13 72
24 38
99 55
86 3
29 9
20 77
84 90
11 83
74 34
9 14
26 33
22 25
35 1
51 76
62 0
82 39
31 7
48 71
89 35
58 40
29 54
63 28
46 86
98 84
62 19
63 47
10 79
41 78
59 61
82 61
11 29
11 79
82 36
49 67
50 82
89 74
8 57
24 71
62 61
42 8
99 84
85 24
18 32
7 38
2 60
78 71
89 80
29 40
67 78
35 40
71 94
74 52
12 34
56 90
59 60
41 35
43 88
66 95
14 1
74 4
32 35
43 35
38 21
48 74
65 10
77 67
61 6
94 36
67 70
79 8
41 63
64 39
14 87
33 44
66 97
61 79
78 2
54 23
28 87
83 93
9 19
84 69
14 43
70 70
92 75
