70 56
34 97
18 29
81 91
83 21
1 26
37 14
9 21
50 82
18 94
51 13
75 52
94 25
43 54
29 71
21 66
64 49
86 10
84 40
39 5
99 64
98 95
85 25
18 39
68 85
48 54
40 94
53 78
79 79
19 76
2 69
99 97
60 98
60 84
80 37
82 51
4 14
94 99
96 13
98 29
49 11
93 18
76 24
95 72
74 49
83 19
37 21
86 44
93 4
45 23
20 91
56 61
17 14
12 77
17 62
49 35
80 77
50 34
41 5
45 93
69 99
98 10
45 95
43 87
31 4
6 18
50 20
15 83
81 27
25 65
73 79
27 45
14 53
97 40
24 99
55 47
72 25
67 94
83 89
18 99
85 8
82 42
85 68
18 98
8 55
56 43
21 98
0 32
22 72
18 47
74 72
4 99
4 11
72 84
38 18
30 0
97 65
70 70
93 67
75 90
