77 71
34 76
99 82
15 49
15 37
72 28
89 26
63 68
0 94
44 96
58 38
71 88
80 30
56 59
86 47
65 38
9 0
22 95
26 7
95 40
23 98
17 64
7 47
39 45
43 13
72 83
73 63
96 30
25 77
73 17
20 61
60 61
47 23
46 48
93 71
56 83
3 21
97 98
76 0
5 64
84 8
34 82
69 30
2 86
86 81
92 27
98 21
22 90
86 59
80 31
13 74
44 46
64 42
56 96
94 20
1 36
96 4
52 60
69 68
16 47
17 35
50 8
83 12
69 50
95 68
25 89
10 97
92 84
66 7
0 41
99 92
76 63
23 60
74 91
16 81
10 62
52 27
49 63
10 72
43 9
95 52
52 58
3 30
70 67
76 48
97 95
70 6
20 63
64 24
86 70
79 35
33 1
25 2
40 56
51 19
24 3
94 47
78 67
28 19
33 30
