81 77
87 97
48 11
17 10
65 66
92 64
11 89
62 82
73 90
12 98
88 89
52 51
63 69
69 82
7 9
32 67
34 5
10 85
30 47
84 92
32 60
75 69
41 92
13 54
67 79
96 97
45 61
51 15
62 82
63 78
56 38
27 81
60 27
54 78
43 68
34 10
79 4
42 79
14 28
48 99
29 19
79 48
14 95
92 21
97 11
47 40
32 47
67 40
49 68
43 80
30 29
96 83
82 23
26 11
63 8
39 14
98 40
96 16
32 48
16 93
1 87
74 53
0 17
96 24
40 62
42 61
86 2
37 5
40 62
84 35
38 53
69 70
81 26
17 72
73 31
83 59
30 86
71 38
37 86
54 18
39 80
65 65
81 86
28 56
26 85
18 48
69 25
2 14
83 11
74 15
35 41
75 92
96 22
88 6
3 44
1 25
88 97
70 49
34 81
12 94
