17 43
42 65
52 56
76 91
71 81
69 41
38 71
22 3
73 59
12 86
74 79
88 10
28 94
83 78
59 22
85 22
1 27
52 38
2 25
82 16
56 12
98 91
4 99
45 62
33 31
72 30
59 22
82 54
30 45
35 97
75 78
76 12
38 12
22 27
61 4
52 79
44 56
96 37
21 19
85 80
82 71
77 71
16 17
98 92
9 4
42 72
50 10
11 71
0 6
77 96
26 92
41 11
96 88
7 55
80 51
84 69
13 40
31 72
11 72
57 27
60 45
4 76
58 81
16 74
63 34
89 31
64 91
47 28
99 81
69 47
95 64
70 29
2 1
5 36
77 12
28 84
39 53
76 31
64 89
76 7
15 20
98 83
65 54
48 53
75 4
25 43
29 77
59 23
25 62
57 6
60 85
69 77
45 16
0 23
6 35
58 90
4 65
5 93
66 42
77 11
