48 59
54 78
96 74
30 74
65 21
42 94
51 98
21 40
48 34
1 14
56 66
89 21
7 24
44 52
53 87
31 52
14 24
50 6
36 7
50 85
75 92
70 53
6 0
95 53
31 54
3 4
16 84
70 35
52 22
79 28
80 39
12 90
47 77
25 29
2 42
85 9
7 48
86 29
52 72
14 49
32 52
49 36
75 29
94 24
63 69
11 74
60 60
75 56
0 38
60 21
15 49
83 34
13 45
7 42
58 39
87 17
84 45
24 19
25 94
99 99
0 29
42 81
42 52
54 38
26 10
13 88
2 22
24 85
32 32
53 40
78 62
0 18
85 72
1 24
10 80
20 77
21 88
82 62
46 5
28 49
85 12
64 28
45 73
32 88
43 85
60 81
55 25
71 58
96 34
31 62
39 54
41 3
25 58
96 2
79 81
69 94
12 94
84 30
13 61
57 34
