22 9
75 11
0 68
45 40
29 19
9 57
61 77
0 96
23 41
38 51
65 48
16 52
24 23
7 35
28 70
2 5
79 21
55 19
11 49
59 9
53 28
2 21
44 53
69 62
34 9
45 7
53 12
19 20
91 13
63 57
71 72
31 28
22 49
65 72
63 30
19 43
94 77
63 51
95 11
99 69
44 51
71 73
2 95
4 55
90 13
64 86
97 23
0 0
13 47
13 9
2 13
24 1
34 0
61 32
12 32
27 18
88 65
63 65
55 99
52 44
10 55
26 60
61 17
6 92
76 17
91 23
26 86
19 54
79 75
50 58
0 89
21 57
79 8
1 71
36 19
65 72
24 34
99 23
57 46
92 45
40 71
84 34
49 2
92 99
24 67
95 24
29 29
4 24
39 35
59 7
99 88
36 88
45 28
56 49
68 91
83 67
84 82
31 17
16 8
21 95
