12 75
76 66
70 23
65 73
41 26
1 48
15 89
36 13
87 16
97 69
30 69
4 97
27 10
59 9
11 91
59 6
20 38
3 5
66 63
14 35
76 62
14 30
96 37
7 19
51 27
9 83
64 75
63 69
42 41
99 85
64 96
95 1
32 41
6 40
62 39
46 41
41 63
47 27
88 32
39 98
63 6
63 90
34 67
11 73
91 91
13 11
26 12
80 50
34 8
50 68
93 35
8 22
21 80
10 52
42 16
25 38
16 64
35 6
35 79
66 4
75 4
16 37
57 45
58 93
72 58
67 31
74 17
6 53
95 70
98 72
40 69
99 16
38 48
81 88
71 16
73 82
72 40
96 48
32 45
94 45
38 28
33 43
15 59
41 45
75 83
56 7
45 6
45 94
3 51
45 20
7 94
25 13
53 18
97 21
88 60
65 41
80 73
93 53
38 7
21 64
