93 9
52 57
10 12
64 24
16 4
30 85
64 67
73 40
46 15
44 24
69 23
45 95
60 45
65 14
83 60
23 69
0 15
21 51
25 64
42 22
49 83
57 27
53 1
1 53
98 6
87 1
66 70
51 96
98 2
12 75
86 87
34 27
43 99
55 18
0 31
48 59
99 17
10 69
0 13
13 31
36 97
77 41
0 61
76 1
47 40
49 49
80 25
27 11
38 59
39 91
19 59
61 90
32 42
39 12
81 29
22 54
9 70
44 50
34 53
44 48
17 66
6 4
86 14
80 1
55 92
5 67
79 9
98 66
96 97
68 25
90 33
69 50
42 31
97 88
6 9
84 3
46 95
49 41
8 14
79 40
15 63
28 94
94 90
58 13
96 47
39 75
47 19
24 93
76 46
69 50
70 73
57 89
57 36
2 60
18 80
58 92
87 96
98 35
19 24
1 70
