82 56
33 3
8 1
88 76
36 22
8 92
26 23
3 71
73 34
68 33
69 64
50 98
46 93
31 84
63 42
44 18
89 71
6 6
8 13
21 77
32 8
85 92
36 52
59 17
52 91
86 36
91 85
57 54
50 87
48 61
82 11
28 4
95 47
59 1
64 53
19 35
68 23
43 91
46 46
46 52
79 67
27 14
64 89
4 66
71 72
63 97
79 85
92 83
45 26
61 44
99 63
62 28
31 55
27 49
12 73
25 69
39 19
58 47
65 79
86 45
6 7
25 74
8 43
3 10
82 15
41 28
12 8
47 91
56 65
29 67
22 13
55 90
34 87
80 24
38 36
29 0
53 62
91 13
21 56
80 89
56 92
38 63
56 59
10 10
31 44
92 16
10 93
77 98
94 35
57 29
57 14
40 93
41 60
47 8
27 98
56 40
68 26
75 51
12 95
58 14
