58 3
82 95
54 92
43 60
4 66
57 29
26 15
32 36
68 58
49 12
40 22
38 66
8 66
9 28
55 98
79 78
77 67
29 71
33 39
28 86
12 55
46 46
95 65
56 34
76 15
97 26
98 0
73 95
7 89
20 2
21 86
19 24
45 82
9 82
94 58
21 37
42 31
37 6
43 60
57 62
5 11
93 5
41 37
26 79
32 51
75 9
37 73
9 17
84 45
34 88
70 31
93 64
63 47
37 24
54 76
1 52
36 48
3 70
16 71
49 7
80 63
64 77
71 9
4 29
29 49
94 11
78 18
10 49
87 95
75 41
68 20
81 27
59 14
76 17
7 77
89 65
67 62
77 65
71 1
36 78
75 65
84 6
44 88
96 61
38 58
11 47
58 89
87 7
28 44
43 15
91 44
13 88
37 32
48 91
88 93
9 53
19 39
84 18
63 84
53 10
