73 60
38 10
51 64
41 74
4 81
45 78
0 83
31 38
88 61
2 68
38 88
69 7
99 11
8 59
24 17
83 93
11 37
2 7
7 24
56 38
75 51
6 35
67 56
34 64
42 90
38 54
90 56
32 95
40 24
29 33
8 53
42 56
83 36
36 70
59 82
5 71
69 14
72 57
85 54
87 63
42 33
81 2
47 18
12 20
95 97
2 89
19 28
42 54
72 97
29 18
39 4
82 94
35 58
80 6
72 45
68 4
22 55
23 32
5 87
83 65
33 31
22 0
98 42
26 71
33 71
71 17
35 30
21 12
35 74
80 93
54 59
57 78
89 67
93 37
75 92
94 23
4 96
52 1
46 57
52 76
3 15
53 32
74 80
8 44
72 50
97 26
29 99
95 12
6 91
23 84
95 61
77 64
62 80
13 9
77 92
47 86
41 15
81 76
87 96
31 61
