50 58
71 97
28 28
75 42
32 93
79 61
51 37
26 22
83 55
44 72
80 56
12 46
63 86
32 86
31 62
17 12
51 7
40 85
93 56
24 93
37 30
93 20
84 16
98 62
55 63
53 13
30 6
14 21
26 70
45 87
11 66
63 95
0 29
32 96
39 5
72 56
70 76
63 69
27 58
87 38
9 13
24 5
68 12
41 60
25 30
28 59
26 13
67 52
52 97
87 66
6 65
54 44
7 49
33 81
23 89
22 26
8 7
74 62
39 27
96 76
4 16
85 34
8 93
0 77
15 51
62 15
57 42
2 81
3 45
92 8
55 3
63 84
25 64
38 49
53 91
50 13
33 10
0 98
54 69
14 29
93 16
63 43
43 92
91 1
90 61
54 91
15 68
42 99
47 95
15 38
88 21
5 89
93 45
52 9
42 85
97 30
25 14
36 27
60 50
7 88
