22 88
36 92
62 79
14 38
28 0
59 32
35 68
96 86
15 43
50 94
39 53
53 97
8 83
27 40
83 11
44 99
52 50
78 50
46 95
8 52
98 77
71 37
1 90
46 34
49 92
83 97
45 48
81 85
78 35
22 39
54 51
50 63
8 54
38 18
33 20
89 98
21 12
98 77
4 67
52 39
73 79
90 12
80 48
79 59
88 65
75 78
25 1
52 24
26 31
83 41
93 42
21 77
38 68
69 86
29 42
8 45
21 26
28 82
86 86
73 19
0 53
18 93
68 77
21 85
83 36
15 72
94 36
24 74
99 62
77 54
36 61
34 11
92 97
19 96
61 59
88 55
26 75
84 30
89 63
4 19
47 28
92 26
95 70
75 39
8 50
76 70
59 92
27 90
90 1
32 87
24 19
57 80
51 51
43 51
78 68
35 81
75 95
57 70
21 93
87 87
