92 75
33 80
45 65
7 1
30 84
92 12
85 57
82 3
75 38
74 8
8 8
73 22
41 95
88 13
57 13
16 47
96 71
36 48
82 73
21 6
52 74
30 2
27 5
64 26
52 93
62 56
20 44
9 17
91 28
48 89
38 44
23 82
84 9
66 43
69 15
17 0
62 53
89 84
88 28
55 33
60 35
84 14
24 44
96 95
78 45
44 64
38 40
85 40
77 58
31 73
41 91
92 27
82 78
35 23
62 30
60 35
92 66
38 37
57 17
77 99
0 30
51 43
19 26
18 23
69 96
85 56
35 76
31 61
66 75
38 92
28 93
27 75
89 32
23 88
29 12
39 41
90 4
51 6
85 99
14 21
20 79
6 96
84 58
54 79
30 73
65 37
50 42
54 48
1 89
7 84
70 42
19 9
97 1
73 18
49 60
67 38
71 55
40 17
4 75
97 31
