18 18
56 85
31 96
7 4
27 39
36 48
47 5
67 26
43 93
76 68
58 61
54 25
47 0
44 60
26 14
15 64
9 12
15 23
28 78
25 10
25 11
75 11
42 97
79 17
93 0
69 86
98 44
16 58
71 15
42 5
22 29
11 34
11 89
30 13
57 69
39 93
67 3
94 38
54 69
1 58
72 57
85 95
73 98
36 35
44 79
51 53
86 46
72 21
35 61
0 40
77 5
22 32
87 24
20 67
64 3
16 83
40 88
69 70
12 45
28 52
62 59
56 8
24 17
65 19
60 1
33 55
30 41
5 41
59 1
18 63
50 27
19 52
57 10
96 70
3 47
52 63
52 35
86 9
9 5
30 86
57 30
57 97
63 36
40 64
8 7
7 89
51 68
95 1
8 89
47 22
78 78
10 19
34 19
58 71
70 36
56 65
18 71
84 84
44 37
52 45
