32 64
37 43
91 16
69 26
68 20
21 34
66 38
59 21
60 80
2 64
99 41
31 76
26 37
62 51
96 94
31 83
76 38
37 80
50 33
94 35
26 20
29 90
61 49
27 17
99 86
25 92
75 54
34 59
50 7
85 94
62 26
23 66
96 72
12 42
45 6
36 93
26 98
69 26
43 19
74 44
58 90
58 67
23 2
70 93
40 14
83 22
82 47
73 0
13 31
31 3
5 19
53 21
16 12
70 7
52 35
65 31
81 72
47 42
4 91
9 4
64 13
38 87
47 90
90 7
81 28
74 51
99 59
42 83
75 60
55 52
81 47
12 81
1 23
7 10
38 76
56 89
41 18
92 17
96 40
78 31
6 21
57 16
6 57
62 57
5 54
16 12
93 19
63 37
6 99
88 85
77 35
45 30
2 83
20 15
48 99
58 86
53 5
9 52
15 84
9 88
