22 6
48 40
79 17
13 97
27 62
34 81
31 34
73 11
53 77
68 78
37 42
28 81
28 30
46 46
30 7
18 81
73 13
85 22
60 79
61 30
76 85
82 33
52 16
5 13
64 40
81 89
55 36
80 92
5 63
69 36
24 3
88 97
25 13
77 27
36 90
35 2
91 52
17 93
85 17
60 25
44 32
16 22
44 94
38 4
66 88
91 91
98 8
29 70
92 43
82 98
74 10
55 91
13 84
19 65
11 21
24 18
6 3
54 88
90 49
39 73
39 85
39 83
43 49
34 45
16 27
56 25
40 51
25 22
19 90
40 3
42 42
38 39
47 92
19 93
91 43
21 80
70 29
3 39
40 54
37 20
80 7
80 35
6 93
14 43
27 81
68 75
93 46
63 89
85 10
41 19
44 47
43 40
85 55
58 50
15 4
29 55
10 6
54 23
28 89
16 71
