74 1
90 3
39 5
38 1
55 46
9 63
55 1
12 1
66 19
17 78
57 86
80 80
43 38
0 38
31 76
40 40
82 41
23 72
98 3
80 49
12 25
28 9
19 90
13 53
0 57
28 45
26 21
92 50
24 61
81 49
86 88
46 71
17 33
89 46
30 18
66 78
27 69
30 25
11 27
69 58
63 20
47 83
27 37
50 14
52 49
53 20
55 53
76 85
64 49
43 0
53 41
46 86
5 6
48 29
0 11
2 18
13 93
22 40
88 9
83 97
15 39
8 20
78 77
37 69
14 26
29 75
1 97
56 17
35 74
58 12
96 44
89 60
13 71
52 28
95 33
46 11
54 91
79 73
67 45
36 25
8 82
9 25
64 98
21 84
77 82
78 69
68 40
48 16
17 69
9 26
3 35
85 42
58 58
31 83
59 19
84 71
6 11
37 69
3 25
23 29
