64 22
53 85
10 21
7 62
4 64
41 23
12 16
49 52
93 88
5 69
27 95
8 2
46 14
21 2
50 3
95 34
16 49
22 75
16 80
30 90
36 88
31 93
63 17
5 66
2 54
28 33
74 24
38 79
30 8
26 36
24 43
74 53
70 92
81 41
42 50
41 47
94 83
67 6
42 22
30 13
32 58
65 90
82 7
10 23
34 80
21 44
10 99
85 79
70 28
2 21
51 89
21 26
34 13
2 78
46 57
99 10
49 0
27 9
75 39
82 52
47 97
68 6
99 90
92 35
74 71
68 18
37 22
7 9
85 20
28 0
31 55
1 28
40 20
5 73
69 98
7 72
51 28
52 68
57 33
78 19
77 82
98 47
63 33
56 90
57 23
38 39
97 88
30 64
98 89
91 4
52 10
92 81
88 20
0 58
56 73
3 55
13 28
95 24
73 55
65 14
