29 16
58 40
34 54
6 32
5 10
14 38
94 63
19 38
78 8
66 42
68 11
74 83
95 65
87 13
37 98
72 89
35 44
34 55
17 20
28 77
91 45
21 19
10 58
57 52
63 90
91 11
34 84
80 12
37 49
97 96
95 19
29 61
14 85
37 30
53 69
91 45
49 59
26 15
0 78
61 41
21 50
12 19
12 72
62 53
28 91
98 41
79 59
22 42
56 57
12 88
60 72
31 71
30 33
28 98
90 76
21 59
71 84
72 56
91 19
50 36
3 94
17 70
12 3
25 65
31 95
14 56
95 52
20 70
12 75
74 45
2 7
24 80
70 92
5 51
43 54
45 75
9 52
39 14
88 24
36 49
12 18
85 95
30 12
48 14
41 76
58 49
39 8
90 43
48 78
36 2
68 60
89 19
72 46
12 26
55 93
52 51
95 65
19 30
6 4
19 98
