48 98
20 46
88 65
1 92
85 66
42 31
79 63
21 82
2 2
44 63
34 8
14 49
15 81
95 31
94 26
11 27
1 26
22 33
36 76
91 26
29 35
76 62
73 52
65 20
26 37
77 13
37 77
87 13
48 5
12 39
64 17
4 4
4 93
75 88
78 33
47 37
94 65
48 59
1 19
3 36
53 94
94 77
81 51
3 24
41 11
29 28
97 39
98 3
76 35
74 91
65 84
79 90
3 8
14 99
36 29
82 1
64 83
38 85
39 48
69 7
13 39
24 83
7 8
5 40
97 44
20 50
34 50
62 45
50 71
28 18
5 55
53 42
60 32
67 79
54 31
16 83
72 28
77 11
65 73
37 49
10 40
64 23
37 0
66 57
23 10
98 39
91 56
99 91
89 5
62 56
68 65
26 32
12 47
19 70
53 77
53 34
51 23
99 46
67 97
61 27
