98 19
91 23
37 20
8 19
13 92
38 25
27 2
93 61
84 83
21 65
59 95
27 35
60 46
71 60
20 0
1 86
73 16
29 95
84 88
73 56
0 71
78 72
58 55
37 57
73 44
40 37
31 44
45 77
35 77
30 92
9 14
96 64
94 37
77 94
43 36
28 25
21 4
82 1
91 46
1 40
44 34
22 56
63 66
80 60
40 51
68 0
76 92
74 12
41 64
61 19
58 11
18 42
4 94
15 1
45 30
17 77
45 65
24 72
59 90
73 26
34 6
62 9
29 94
57 32
96 45
7 12
92 23
9 51
8 69
69 37
13 87
41 50
63 49
58 51
58 70
12 63
96 69
87 49
17 66
84 89
32 91
82 70
64 48
73 48
58 10
83 14
74 60
11 26
91 77
95 91
97 50
63 48
33 57
92 46
93 89
1 36
13 41
30 89
31 68
92 76
