67 6
19 60
26 92
87 32
41 55
56 42
78 70
6 93
73 8
87 5
12 29
88 9
17 2
28 55
98 65
66 14
39 7
22 94
71 17
77 40
61 83
0 74
81 12
86 97
81 4
16 9
49 48
50 1
16 9
88 16
69 46
44 67
75 94
18 71
30 34
63 99
98 70
61 20
33 12
17 84
13 48
12 17
99 2
34 65
39 79
3 55
41 36
76 74
49 68
37 40
32 6
21 73
65 78
96 35
4 54
5 23
15 25
51 16
52 75
25 92
46 95
9 79
57 44
99 37
9 63
10 49
82 89
6 89
99 51
15 73
27 98
17 44
40 54
90 94
78 25
80 8
37 35
30 70
90 63
47 2
30 8
84 52
14 70
60 99
10 54
64 12
94 88
97 39
48 36
45 45
19 67
60 90
84 71
32 98
55 78
60 49
20 62
33 20
41 36
50 64
