6 60
49 2
33 66
92 68
10 10
18 34
40 25
79 63
16 68
8 73
71 85
18 34
1 61
36 64
82 59
93 16
38 97
50 87
29 91
12 10
26 50
77 11
23 11
22 42
72 19
76 53
67 96
20 55
23 12
58 92
89 67
40 54
76 35
61 78
91 89
14 92
5 32
20 17
26 98
86 46
95 52
61 71
84 54
46 39
51 68
73 79
62 58
5 43
0 27
43 49
0 48
79 23
60 36
70 28
74 86
1 69
24 99
37 57
17 52
99 54
28 60
94 33
64 70
3 31
2 51
70 48
49 96
69 5
50 96
9 93
79 55
42 37
48 3
17 43
53 85
1 88
16 38
26 42
20 35
10 97
73 84
79 52
28 4
0 43
67 6
46 43
0 10
12 56
81 32
32 76
1 76
60 25
17 10
91 20
31 28
14 45
77 88
69 19
95 91
20 34
