98 48
25 22
2 13
81 69
10 49
25 48
59 51
68 44
98 35
77 46
76 66
93 94
6 74
51 59
97 25
30 22
20 41
92 26
38 71
57 91
27 22
90 86
73 80
31 73
56 21
95 28
89 30
24 59
98 88
35 11
38 66
72 37
29 64
22 86
73 83
83 94
28 22
71 64
86 89
71 66
84 29
53 40
27 36
97 0
78 68
64 70
85 78
52 40
15 77
28 82
33 0
43 13
69 31
38 39
12 65
83 15
12 85
15 64
97 19
15 85
78 42
67 24
86 85
8 24
32 28
47 98
31 50
47 58
9 86
56 21
65 58
61 65
37 76
4 32
9 14
41 83
69 95
24 83
1 35
45 90
35 69
33 0
73 22
52 14
29 43
16 82
38 14
75 95
19 2
1 36
73 60
11 87
53 36
9 71
87 75
39 26
77 11
16 67
42 6
38 52
