12 86
44 25
69 53
31 96
63 64
40 76
62 81
12 40
60 38
88 43
15 29
19 78
65 52
32 3
23 93
34 49
2 2
72 59
42 75
63 89
48 79
64 81
24 57
10 97
89 64
55 41
98 66
36 16
3 6
43 32
99 86
40 47
85 89
7 26
93 29
72 20
78 40
93 32
58 6
1 97
15 40
66 76
62 1
44 26
54 46
53 64
52 95
84 64
55 74
76 42
63 19
49 86
56 46
84 57
67 17
57 59
55 49
55 91
60 53
20 45
56 29
30 12
66 87
33 37
98 51
76 20
12 54
63 79
36 49
3 35
60 54
91 32
92 24
90 43
88 88
95 28
20 13
8 72
62 56
27 22
82 27
79 89
25 2
64 84
87 34
40 96
63 30
97 92
99 54
37 14
70 83
6 9
23 94
39 6
7 64
23 65
26 31
72 15
9 0
82 90
