88 98
95 54
19 48
42 57
35 65
76 52
1 27
54 81
12 51
58 92
54 44
99 71
3 72
45 17
3 93
57 95
82 74
98 38
9 77
25 49
25 64
61 94
20 63
72 65
63 16
91 24
49 49
6 12
20 39
98 23
53 7
88 55
96 84
66 3
74 63
18 63
3 83
74 80
17 68
54 90
34 7
23 7
33 22
2 51
72 4
29 70
74 60
37 46
7 39
22 31
68 39
36 2
26 33
71 90
53 75
13 95
99 50
89 9
88 77
80 17
57 65
38 43
12 7
65 23
66 84
29 18
62 96
60 44
69 73
73 25
44 15
25 55
5 1
46 97
73 85
43 15
93 83
82 60
57 64
24 23
91 51
84 7
69 97
73 63
82 38
61 39
55 30
82 7
76 12
3 47
97 52
95 53
30 21
55 37
73 54
70 26
62 44
19 88
10 92
10 68
