36 69
53 36
62 70
16 54
34 80
46 66
53 35
49 85
92 72
17 88
86 91
44 17
13 63
59 17
53 96
13 3
2 46
54 89
41 17
27 87
1 82
7 29
78 71
26 5
88 8
39 54
3 38
38 8
84 97
20 15
17 31
37 41
83 25
87 24
13 29
15 20
78 70
38 83
2 33
66 75
15 21
28 77
89 86
25 20
31 31
34 18
75 62
65 77
93 33
29 7
24 51
7 81
21 67
86 1
31 5
41 40
93 60
89 65
8 25
36 85
76 33
98 74
76 22
19 58
21 12
19 33
96 6
88 88
42 30
27 69
49 26
3 95
72 73
56 13
3 66
81 91
26 94
58 83
78 54
39 16
66 54
80 93
8 35
81 98
10 67
42 7
46 24
38 13
15 88
38 54
23 40
61 46
77 79
24 90
61 82
30 24
98 13
27 92
55 47
53 36
