51 76
97 72
11 61
64 62
30 70
75 64
30 93
64 25
18 8
93 65
54 94
11 41
31 87
30 71
49 64
0 91
30 75
79 75
53 57
73 35
50 43
35 81
68 73
84 28
12 44
40 50
66 32
45 81
2 0
29 5
27 46
35 43
96 23
65 46
16 51
73 68
91 55
28 86
78 67
68 58
96 17
0 29
29 14
35 4
53 67
65 22
69 58
41 2
13 14
66 86
3 28
21 18
76 63
12 45
7 41
68 92
14 9
56 55
68 72
62 66
54 56
63 96
18 99
9 80
74 54
70 13
81 89
33 58
16 43
8 85
82 74
9 17
26 84
95 19
63 42
33 66
76 81
75 87
5 55
59 2
96 41
49 94
40 89
57 1
13 56
57 0
13 42
91 82
79 65
79 91
85 10
95 83
68 60
91 30
71 53
62 63
78 1
91 19
17 20
87 84
