25 98
91 31
95 52
60 0
39 95
82 34
47 8
20 29
21 88
50 68
60 0
14 88
50 22
40 65
87 51
93 27
61 39
90 51
53 84
36 72
36 42
53 81
29 44
6 10
71 18
29 70
14 67
60 79
7 46
17 8
2 2
79 17
28 56
27 94
48 35
85 37
22 54
53 72
84 6
22 72
41 51
17 34
9 45
85 60
79 63
23 11
45 4
65 22
67 91
38 98
74 24
61 90
14 87
99 51
6 36
51 91
98 3
94 13
88 75
87 92
23 34
46 25
48 83
14 0
91 19
98 55
12 89
8 96
99 51
91 68
96 88
17 37
0 98
39 53
6 21
40 20
37 50
78 60
29 45
15 92
69 60
87 46
89 55
5 72
56 95
62 7
37 40
62 2
23 45
54 90
92 5
64 42
71 14
30 97
82 5
94 71
47 12
99 90
49 85
57 62
