25 88
13 58
58 55
60 3
28 74
49 95
16 10
40 83
70 28
79 17
48 63
4 9
39 37
15 83
49 90
53 46
6 25
74 66
62 27
0 52
63 43
69 74
53 55
91 62
88 73
15 56
85 51
89 83
26 5
1 24
80 58
27 88
78 1
73 63
28 34
34 25
53 70
21 75
47 82
85 38
83 64
92 83
4 1
85 6
22 60
88 23
99 34
47 56
35 67
21 12
40 19
8 77
95 65
12 86
84 82
64 95
93 75
95 22
14 29
69 11
22 7
27 79
10 39
69 58
15 70
38 56
9 73
6 90
86 61
95 66
20 8
72 76
99 74
32 3
50 9
12 59
17 89
3 41
96 23
9 46
24 6
92 34
23 69
82 88
82 37
84 71
95 21
72 24
73 99
10 73
13 93
62 61
46 38
2 64
47 6
45 58
47 36
98 22
78 19
52 33
