74 84
75 67
33 69
65 77
93 3
70 84
80 42
97 3
86 9
5 8
14 2
46 53
47 59
34 26
69 57
67 84
8 76
33 44
17 14
33 22
94 33
3 46
74 53
11 96
42 1
36 54
44 11
33 68
78 63
30 7
81 97
53 14
9 88
98 99
39 86
22 12
16 59
15 67
56 84
49 96
77 15
88 15
1 56
71 8
18 94
20 24
8 69
53 98
48 47
22 99
3 46
60 49
24 87
6 20
16 67
32 20
1 92
17 86
62 32
95 93
39 30
97 15
98 72
77 76
21 40
90 96
25 75
0 89
65 6
69 47
11 81
53 71
13 52
71 32
35 75
41 34
15 34
70 73
20 15
81 23
29 91
53 0
19 28
3 18
96 10
2 23
92 87
81 7
36 0
62 33
41 52
23 51
88 95
7 49
78 31
3 55
40 31
80 75
80 18
83 92
