31 21
77 28
32 59
90 29
67 75
80 94
55 67
4 51
61 79
81 17
5 95
81 45
40 0
52 79
60 78
69 31
83 87
76 34
62 23
27 89
58 30
11 69
38 44
41 14
70 28
54 14
19 17
16 37
95 47
94 31
7 16
61 24
35 3
82 70
96 38
42 19
92 56
84 11
40 39
47 3
73 72
25 9
84 82
67 52
47 39
91 5
17 30
57 33
76 11
32 23
5 94
38 41
28 53
95 41
67 19
73 79
2 51
90 81
56 35
89 52
40 62
4 48
21 84
31 93
11 63
90 24
77 88
45 89
59 68
13 25
60 11
32 77
77 27
5 51
85 78
26 57
26 78
33 95
40 94
12 98
46 68
13 17
79 90
52 44
20 67
89 22
0 50
34 77
4 44
76 57
81 29
2 36
30 56
42 80
64 45
64 96
54 93
3 6
41 61
90 21
