54 63
13 11
64 49
2 14
22 96
90 12
9 10
52 28
30 86
8 51
80 10
46 26
97 87
8 48
2 74
86 63
49 29
45 10
38 46
94 5
80 67
69 45
84 64
32 88
65 5
22 40
9 41
65 61
30 54
68 53
11 64
40 58
84 13
58 4
22 83
8 16
66 75
15 82
3 76
13 33
60 64
16 11
9 60
88 17
33 25
44 19
82 16
3 82
91 96
31 30
64 90
62 23
96 98
77 15
28 27
4 62
28 35
96 9
58 81
78 83
27 30
44 19
23 96
38 26
71 85
36 27
34 86
20 80
68 7
21 52
99 35
51 17
52 95
8 50
11 14
85 37
29 49
36 88
86 98
39 70
46 12
79 37
37 69
92 97
7 91
97 13
93 21
0 59
20 13
50 9
23 76
81 42
59 36
45 67
42 18
81 93
93 76
14 1
16 47
68 26
