38 1
59 89
70 34
58 88
80 99
40 42
43 82
60 72
12 56
67 59
54 13
37 72
73 82
17 20
21 84
59 74
83 75
5 99
48 64
19 27
24 88
8 32
98 60
40 94
60 77
84 88
29 21
93 22
14 6
20 50
71 46
68 0
0 20
84 54
80 17
74 86
64 28
30 12
14 20
33 4
32 18
1 7
90 63
53 72
89 67
92 6
47 74
28 82
9 14
41 47
87 33
86 6
92 36
80 83
13 54
58 97
87 59
78 10
93 37
37 12
55 2
80 20
74 84
37 50
65 55
91 45
80 94
22 0
71 29
58 73
87 74
19 33
70 17
17 23
14 59
77 14
13 99
73 86
77 79
52 12
88 72
95 57
52 9
57 97
5 5
64 14
86 30
29 70
79 65
15 30
89 58
65 54
81 63
92 85
87 10
43 97
1 99
91 16
78 28
38 59
