96 91
9 95
42 30
16 84
74 24
41 60
12 18
92 53
87 41
74 19
99 98
23 34
87 95
28 63
21 91
37 54
26 89
45 51
51 66
17 80
55 21
32 2
85 22
40 65
25 66
43 64
60 59
35 97
49 6
78 16
40 23
69 99
97 53
64 60
35 15
24 59
84 84
66 50
96 58
65 99
77 93
51 86
4 24
26 18
89 76
51 67
67 68
33 75
20 7
38 50
73 89
6 74
93 79
80 36
11 14
29 93
72 27
28 60
4 48
65 54
5 62
41 96
83 45
80 96
95 4
57 56
77 77
11 21
87 83
5 94
61 20
22 9
55 61
90 71
1 20
33 71
21 30
27 52
78 23
33 34
74 48
3 95
96 48
43 48
7 8
44 75
28 3
95 20
92 93
77 99
24 14
7 49
95 47
15 63
41 98
82 85
18 87
16 19
63 19
64 84
