17 79
48 71
83 64
47 20
55 91
41 51
46 2
69 18
8 3
39 36
62 87
6 28
98 1
72 2
51 72
19 69
8 77
50 17
15 6
22 82
99 72
6 8
80 12
59 49
69 12
94 33
24 18
30 17
53 84
83 99
72 52
86 46
7 22
18 70
93 14
93 63
24 21
7 85
85 49
4 25
54 21
88 15
7 74
92 1
57 54
60 61
36 84
93 78
75 8
81 93
80 33
75 44
67 19
73 66
51 61
8 86
1 86
95 32
34 13
82 28
30 62
75 96
7 61
41 41
51 64
35 77
67 75
40 89
79 46
44 20
39 35
47 29
99 70
38 37
45 95
10 27
2 63
38 54
70 28
65 58
38 68
50 75
4 11
75 87
69 54
5 19
35 95
68 71
26 3
88 61
90 18
96 32
6 13
53 11
6 28
69 73
47 38
85 44
98 59
52 0
