80 6
99 96
83 69
60 75
58 95
0 38
7 31
32 76
93 51
80 42
87 90
47 9
27 83
32 24
79 17
66 92
26 93
49 30
10 94
18 52
19 10
60 98
71 43
60 45
42 59
41 41
68 75
20 25
23 78
58 90
15 85
60 61
12 92
9 87
16 37
72 86
43 91
62 84
50 14
68 54
45 80
20 39
59 9
72 82
2 20
54 41
55 69
93 5
47 4
81 9
67 61
6 93
56 18
49 27
46 43
91 91
72 7
17 11
83 65
0 60
92 14
6 32
8 68
81 70
83 24
23 4
79 45
40 12
30 11
12 30
11 88
46 85
16 62
73 69
64 74
9 4
49 48
62 17
89 97
7 36
16 2
63 36
44 31
88 75
23 58
98 27
93 10
43 60
11 77
3 67
25 97
14 40
46 19
63 22
59 78
95 23
23 63
26 42
68 69
14 42
