77 12
29 50
26 27
51 85
74 76
1 64
23 5
31 29
86 7
54 78
81 18
2 24
93 86
98 85
24 38
21 16
19 16
92 92
4 2
99 58
58 52
61 96
77 4
99 5
9 55
75 34
76 54
90 26
5 23
14 70
25 10
7 6
11 82
55 53
81 59
74 32
8 57
37 79
21 66
52 99
65 67
21 23
92 55
29 95
82 33
22 6
30 20
46 89
4 12
98 17
30 88
36 14
72 95
73 73
85 97
66 24
2 6
12 73
5 97
47 63
95 14
54 52
29 70
85 28
76 13
87 85
10 59
69 31
83 63
22 21
98 83
32 13
34 39
83 60
29 71
85 95
22 78
72 77
30 80
21 68
13 68
51 37
81 31
92 64
15 3
31 97
47 83
61 26
89 23
47 21
0 56
24 50
89 23
32 76
19 93
10 20
78 30
27 93
32 84
28 57
