91 34
34 79
23 25
50 96
71 59
57 82
4 73
93 6
16 80
13 80
47 99
87 40
43 44
55 78
19 91
78 51
87 87
1 78
16 8
66 26
55 8
50 38
25 46
75 38
54 81
64 98
0 72
49 27
29 5
72 70
23 44
95 61
42 21
50 87
56 19
30 79
77 80
95 24
19 25
20 93
11 23
25 30
98 96
20 94
84 99
91 31
76 17
23 11
0 73
20 97
53 6
62 47
85 13
99 48
29 81
35 87
17 73
48 41
68 31
40 35
77 43
43 88
32 25
21 74
10 4
46 27
87 21
59 79
69 7
47 36
29 65
39 41
18 2
43 69
74 48
70 77
25 97
67 36
7 37
26 58
37 11
62 54
6 35
55 54
15 76
78 76
23 97
58 20
39 19
49 77
85 37
58 63
96 96
33 16
24 57
62 57
41 81
60 20
25 81
37 58
