76 82
74 62
96 1
21 62
89 93
61 38
93 90
78 93
68 97
13 14
94 67
3 37
52 73
60 38
4 51
14 44
38 44
84 76
18 47
21 71
10 10
44 1
28 88
43 35
27 3
98 79
34 32
56 40
53 72
31 28
95 26
85 21
58 21
49 70
65 0
33 18
89 98
25 58
66 35
66 26
69 0
25 18
2 12
25 34
6 15
20 2
11 94
82 98
46 4
40 58
67 58
18 78
92 62
99 43
14 64
91 56
70 12
39 81
79 64
48 46
32 90
99 16
30 53
6 15
56 22
26 71
17 88
69 12
30 20
45 77
33 68
5 99
7 60
84 14
40 18
11 79
85 9
94 10
82 63
75 65
91 97
73 9
64 80
29 72
93 18
73 68
65 95
8 49
36 93
15 24
68 81
76 47
11 4
29 52
78 82
39 84
94 53
23 40
10 23
66 37
