64 84
56 52
16 35
22 36
89 60
12 14
9 92
52 41
57 26
76 39
74 42
3 70
8 45
52 24
40 80
72 49
94 65
90 70
98 30
21 62
86 73
33 69
42 20
49 4
9 3
50 65
67 89
46 64
43 63
93 34
62 41
41 43
18 7
76 97
42 39
49 98
0 91
4 39
80 92
94 63
75 63
85 2
21 57
1 91
57 67
61 24
73 22
55 1
68 68
20 59
64 65
84 75
71 12
90 34
64 79
85 15
65 3
79 98
87 16
70 93
59 24
57 45
3 23
31 5
91 8
3 61
7 97
1 23
29 56
54 93
68 83
12 28
96 16
21 79
70 5
84 77
96 78
8 26
81 3
30 26
89 54
10 10
27 90
23 77
88 99
74 88
77 55
95 22
24 46
13 80
9 5
81 37
70 81
14 57
71 38
23 11
96 30
54 32
72 34
52 95
