78 64
59 1
69 0
53 98
67 74
3 26
64 50
23 83
66 51
43 80
67 24
73 34
25 34
1 37
61 23
30 86
22 86
2 81
86 43
57 92
72 1
45 3
59 69
36 16
52 38
32 39
76 35
19 96
78 81
95 97
13 35
39 85
88 8
67 35
63 8
29 66
59 25
93 26
4 3
4 78
10 43
84 56
35 93
18 99
26 47
75 5
17 99
53 2
63 34
32 25
86 28
25 14
57 86
51 67
18 17
85 81
66 45
55 84
58 65
42 27
32 33
24 33
90 35
11 8
96 70
27 41
41 46
75 76
76 96
43 62
56 92
69 14
81 28
38 3
26 3
49 81
19 57
89 39
69 92
65 13
33 48
86 25
91 74
81 9
85 63
62 43
79 46
87 23
4 64
24 93
75 9
33 5
94 78
44 56
17 14
72 40
53 58
45 94
43 89
75 33
