84 22
36 95
4 83
35 46
79 82
96 54
30 46
51 28
10 76
5 60
40 71
87 32
0 1
65 9
16 19
73 55
13 17
47 59
98 37
51 67
82 3
88 46
16 87
8 14
76 13
58 54
88 30
27 64
62 93
67 81
85 12
31 99
49 42
87 34
64 67
91 61
38 73
48 92
14 77
84 19
20 66
85 34
93 28
51 34
76 51
68 66
22 34
83 70
55 52
11 70
33 11
78 10
84 2
8 99
94 6
32 49
23 36
90 43
40 57
36 80
44 30
89 22
91 14
99 14
22 68
95 45
62 61
76 33
59 9
82 45
19 31
63 66
54 81
29 94
58 49
70 34
79 4
19 51
41 25
25 82
96 50
47 54
37 6
25 82
31 97
69 20
61 86
97 19
10 48
13 64
89 89
6 5
53 7
4 44
8 34
22 1
4 97
68 84
89 76
68 73
