2 39
25 46
52 72
16 37
35 55
73 81
63 9
85 67
1 63
89 44
29 84
3 30
11 52
88 84
20 14
75 86
86 83
65 68
22 6
41 42
61 38
10 76
55 93
78 9
36 78
39 2
37 47
59 74
56 95
77 2
29 96
97 58
45 43
33 45
60 99
40 94
52 55
32 42
87 29
17 98
5 69
60 41
53 73
60 91
94 85
99 97
29 7
75 97
26 97
31 20
0 78
65 49
19 57
57 76
80 6
86 85
82 28
70 48
93 20
56 45
23 90
44 7
74 13
94 65
61 52
96 89
88 71
9 34
57 75
32 2
83 68
80 23
76 34
74 8
13 14
47 36
34 31
76 46
80 39
60 45
86 62
97 39
66 42
50 95
66 63
18 46
54 93
45 76
82 3
12 16
90 95
26 73
10 77
28 56
98 38
17 76
58 4
25 15
30 17
33 6
