0 21
3 20
16 11
0 12
36 18
4 19
13 15
14 14
1 29
3 36
6 1
9 0
13 34
14 15
14 37
28 32
34 20
39 18
0 0
3 39
6 0
7 19
11 33
12 30
15 6
16 13
22 3
26 12
27 3
27 16
33 37
35 27
39 10
39 11
1 4
3 38
4 39
5 27
13 3
13 28
17 13
20 11
25 8
26 27
27 37
28 4
29 6
30 34
33 21
36 16
38 0
38 2
39 17
39 19
0 5
0 27
2 1
4 38
7 21
15 39
17 12
17 26
20 12
24 33
25 39
26 39
28 3
28 5
28 37
29 39
30 20
37 37
38 8
38 33
38 37
39 12
39 14
0 4
0 17
0 19
0 26
0 35
0 37
1 1
1 20
2 0
2 2
2 3
3 1
5 19
5 20
5 23
6 14
6 20
7 33
12 25
12 34
13 39
14 12
14 30
15 16
16 8
16 39
17 25
17 39
19 35
21 25
23 14
25 3
25 14
27 5
27 13
28 12
29 14
29 34
32 21
32 28
33 27
34 26
35 21
37 33
38 12
38 14
38 17
38 35
39 16
0 30
0 31
0 36
1 0
1 2
1 3
1 6
1 22
1 27
1 35
1 37
3 0
3 2
3 3
3 32
3 33
4 1
4 22
5 29
8 23
9 26
13 30
14 21
14 33
14 39
15 14
24 5
26 16
26 31
27 39
31 35
32 16
34 12
34 36
35 25
37 35
38 34
39 5
39 6
0 6
0 14
0 33
0 38
1 9
1 10
1 17
1 19
1 26
1 30
1 31
1 36
1 39
3 22
3 27
4 0
4 2
4 3
4 26
4 29
5 32
8 39
12 21
12 26
12 33
13 38
14 8
14 25
14 31
15 15
16 3
16 33
16 38
17 33
17 38
21 16
21 31
21 37
21 39
23 13
24 37
24 39
25 13
25 28
25 35
26 25
26 32
28 33
29 8
29 37
30 12
30 19
31 36
31 39
32 34
34 19
34 39
35 29
35 31
35 35
35 37
36 13
36 15
37 34
38 16
39 0
39 2
0 2
0 3
1 23
1 33
1 38
3 26
4 21
4 23
4 32
4 33
4 37
5 25
6 3
7 29
7 39
9 30
9 31
12 1
12 19
13 10
13 12
13 31
13 36
14 3
14 6
14 38
15 1
15 5
16 31
17 31
21 8
21 11
21 33
23 8
23 20
24 3
26 20
26 37
27 8
28 35
32 7
32 37
35 34
37 31
37 39
38 39
0 25
1 14
3 23
3 30
3 31
5 21
5 36
5 37
6 12
6 21
6 23
7 22
9 28
11 36
11 37
11 38
13 9
13 21
14 35
15 13
17 15
17 30
17 36
18 25
19 37
19 39
20 3
21 12
21 14
21 26
21 38
22 6
23 5
24 38
26 6
26 13
28 8
28 30
28 36
30 27
30 30
30 35
33 36
33 39
34 6
34 34
37 6
37 8
5 30
5 31
6 6
6 26
6 33
7 13
9 33
13 1
13 19
13 25
15 22
15 28
15 37
16 5
17 10
20 8
21 5
21 30
25 20
28 21
30 5
30 8
30 33
30 36
30 38
32 5
32 19
32 26
34 29
34 31
35 32
38 7
38 30
38 32
39 8
1 25
3 6
4 5
4 9
4 10
4 12
4 14
4 25
4 30
4 31
5 9
5 10
5 12
5 34
6 5
7 1
7 26
8 21
8 36
8 37
8 38
9 39
13 35
14 27
15 26
16 1
16 28
19 10
19 38
20 16
20 35
21 13
21 28
22 16
22 21
23 3
23 15
25 15
25 26
25 30
25 36
27 29
29 35
30 26
30 28
30 32
31 38
32 14
32 25
33 29
33 31
34 14
34 28
34 38
35 36
35 39
37 32
38 3
38 4
38 15
38 19
38 20
39 13
2 5
3 9
3 10
3 12
3 14
3 25
3 34
5 28
5 35
6 25
6 29
7 0
7 30
7 31
7 36
7 37
7 38
8 26
11 35
12 14
12 36
12 37
12 38
15 23
15 30
16 26
17 3
17 21
18 35
20 5
20 31
21 36
22 7
22 11
22 35
23 35
24 34
24 36
25 34
26 7
26 35
27 15
27 31
27 38
28 13
28 14
28 20
29 33
29 36
30 3
30 4
30 25
32 3
32 4
32 11
32 15
33 26
33 28
34 5
34 15
34 23
34 33
35 30
36 6
36 8
37 5
37 38
38 13
38 21
38 26
38 28
38 38
0 11
0 34
3 28
4 28
6 32
6 39
7 15
7 25
8 34
9 27
14 11
14 22
15 33
16 7
16 25
17 8
17 19
18 14
19 3
19 11
19 13
19 26
20 14
20 33
21 6
22 12
22 14
22 23
22 27
23 27
25 6
26 2
26 33
27 18
27 32
28 38
29 2
29 7
29 16
29 29
29 31
30 14
30 18
32 13
32 31
33 23
33 33
33 38
34 13
34 18
34 32
38 25
38 27
0 15
1 34
2 17
2 19
4 34
5 6
6 22
7 3
7 16
7 28
7 34
8 25
8 32
8 35
12 2
12 10
12 12
12 22
12 27
12 29
13 13
14 5
14 9
15 2
15 7
15 31
16 35
16 36
17 23
18 33
19 8
19 12
19 32
19 36
21 2
22 31
23 31
26 11
27 2
27 6
28 27
29 21
30 15
32 35
33 32
34 3
34 4
35 23
37 3
37 4
0 16
1 7
1 8
2 6
5 5
5 15
6 7
6 8
7 10
7 35
8 28
9 36
9 37
9 38
11 32
12 6
12 9
12 35
14 1
14 23
16 34
17 5
17 20
17 27
17 34
18 10
18 31
19 34
20 6
20 30
20 37
21 15
21 21
22 13
22 26
22 33
23 21
23 26
23 33
24 6
25 2
25 11
25 25
25 29
26 21
28 19
29 11
30 13
32 10
32 23
32 33
32 36
32 39
34 7
34 30
35 38
36 5
37 7
38 29
39 3
39 4
39 31
39 36
0 7
0 8
1 15
2 9
2 10
2 12
2 14
2 21
5 16
6 15
6 30
6 31
7 6
7 9
8 22
10 23
10 30
10 31
12 5
12 16
13 2
13 11
13 22
13 27
14 20
15 19
17 1
18 21
18 30
18 37
18 39
19 5
19 16
19 25
20 28
21 7
21 19
21 34
23 19
24 32
25 7
26 15
26 19
26 30
26 36
27 11
27 27
28 2
28 15
28 26
28 28
29 20
29 38
30 2
30 7
30 23
32 2
32 18
32 32
33 30
34 11
37 1
37 18
39 7
39 30
1 11
1 13
1 16
2 29
6 13
6 16
6 36
6 37
6 38
7 5
9 34
12 20
14 29
16 2
18 3
18 11
18 13
18 19
18 28
20 38
21 23
22 1
22 30
22 37
22 39
23 18
23 23
23 30
23 37
23 39
25 21
26 10
26 18
26 34
27 7
28 11
28 25
33 8
35 12
36 3
36 4
37 12
37 14
37 17
37 19
37 20
2 35
2 37
3 18
4 15
6 28
7 27
8 1
9 35
10 33
13 23
13 29
14 32
15 20
17 6
17 29
18 8
18 12
18 23
18 38
20 7
20 21
21 1
21 20
22 28
23 6
23 28
24 2
24 7
24 12
24 16
25 10
25 19
26 1
27 26
27 28
27 35
29 1
29 10
29 27
30 11
32 30
34 2
36 7
37 21
37 26
37 28
39 26
39 28
39 33
2 22
2 27
2 36
2 39
3 15
4 7
4 8
4 13
4 16
4 18
5 7
5 8
5 13
6 11
6 34
8 0
8 20
8 27
10 25
10 39
13 20
13 32
14 18
16 32
17 32
18 20
19 6
19 30
20 2
20 15
20 19
21 29
22 15
22 19
22 38
23 38
25 18
25 23
27 1
27 10
27 25
27 33
29 19
32 38
33 12
33 16
34 10
35 6
35 8
35 16
36 20
37 16
37 25
37 27
39 25
39 27
39 35
39 37
2 26
2 32
2 33
2 38
3 7
3 8
3 13
3 16
6 35
8 14
12 7
12 8
12 13
12 32
14 7
15 35
15 36
16 21
16 22
18 5
19 28
20 23
20 36
21 32
22 18
24 27
25 1
28 10
29 26
29 28
36 11
36 21
36 26
36 28
36 33
37 10
38 1
39 34
2 23
4 11
5 11
7 7
7 8
8 3
10 14
10 19
10 26
14 2
15 34
16 19
17 7
18 1
18 36
20 20
20 34
23 2
23 7
24 20
26 4
28 1
28 18
28 23
29 25
30 1
30 10
32 1
33 6
34 22
36 2
36 25
36 27
36 35
36 37
37 29
38 23
39 29
3 11
7 18
8 10
8 12
9 14
9 19
10 3
12 11
15 27
16 9
16 23
17 2
17 18
18 34
19 0
19 7
20 0
20 27
22 4
22 22
22 36
23 36
24 26
27 30
32 9
33 22
35 5
35 14
36 34
38 9
0 18
2 15
2 30
2 31
7 2
7 11
8 6
8 9
9 3
9 21
9 32
10 10
10 12
10 36
10 37
10 38
16 20
16 27
18 6
18 27
19 2
19 21
22 0
22 10
22 34
23 10
23 34
24 1
24 14
27 23
27 34
33 19
34 1
35 15
35 22
36 10
36 29
36 31
37 15
39 39
2 7
2 8
2 13
2 16
2 25
5 18
8 5
9 10
9 12
10 6
10 9
10 28
12 0
12 18
15 0
15 4
15 29
18 15
19 15
19 19
20 29
21 0
26 0
26 9
29 0
29 30
32 22
33 5
33 14
35 3
35 4
35 13
37 13
39 1
39 32
1 18
2 28
3 4
6 18
9 6
9 9
10 1
10 5
10 22
10 34
13 4
15 18
15 32
16 29
18 29
19 23
20 32
21 9
24 13
24 28
25 4
25 9
27 0
29 9
29 18
29 23
30 22
33 15
35 7
36 36
36 39
2 11
2 34
4 4
6 4
9 5
10 35
13 0
13 18
16 4
18 7
18 18
18 32
19 20
19 27
21 4
21 22
22 29
23 1
23 22
23 29
24 25
25 0
26 22
27 9
33 3
33 4
33 13
34 9
36 1
36 32
8 15
16 0
18 2
18 22
20 9
22 32
23 32
28 0
28 9
30 0
32 0
33 7
35 11
37 9
37 23
39 23
39 38
8 7
8 8
8 13
8 16
9 22
10 15
10 27
11 23
19 29
20 4
20 18
24 4
24 21
25 22
30 9
35 2
36 30
9 15
10 7
10 8
10 13
10 16
14 17
20 22
24 0
24 15
24 19
33 11
33 18
34 0
36 23
36 38
5 4
8 2
8 11
9 7
9 8
9 13
9 16
10 20
10 29
11 21
14 4
16 18
17 9
22 9
23 9
24 11
24 18
24 23
28 22
33 2
35 10
36 9
38 22
9 20
10 2
10 11
10 32
11 14
11 19
11 25
12 4
14 0
17 4
19 9
23 4
27 17
30 17
31 6
31 29
34 17
2 18
7 4
7 17
9 2
9 11
11 3
17 0
17 17
19 4
23 0
27 22
31 12
33 10
11 10
11 12
11 26
19 18
24 10
24 29
31 16
31 21
35 1
5 17
11 6
11 9
12 17
19 22
21 17
29 22
31 20
32 17
6 17
11 1
11 5
15 17
18 9
23 17
26 17
31 8
33 1
8 18
11 28
13 17
18 4
18 17
31 27
37 22
39 22
9 24
10 18
11 22
18 0
25 17
31 19
31 31
35 9
9 18
11 15
20 17
22 17
26 24
31 5
31 14
31 26
31 28
36 22
5 24
8 4
11 7
11 8
11 13
11 16
15 24
24 22
28 17
31 15
31 25
31 33
33 9
34 24
35 0
0 24
10 4
11 20
11 27
12 24
16 17
22 24
24 9
31 3
31 4
31 13
31 32
33 24
9 4
11 2
11 11
17 24
31 7
33 0
35 24
1 24
4 24
11 29
14 24
31 30
32 24
3 24
6 24
19 17
29 17
30 24
31 11
31 18
31 23
7 24
21 24
23 24
31 2
8 24
13 24
18 24
35 17
8 17
25 24
31 10
10 17
11 18
20 24
33 17
9 17
24 17
28 24
38 24
16 24
31 1
11 4
27 24
11 0
19 24
29 24
31 22
31 9
10 24
37 24
39 24
2 24
31 0
36 24
11 17
24 24
31 17
11 24
31 24
