13 39
35 0
0 27
13 26
16 39
17 36
20 31
33 13
7 38
12 14
14 12
14 13
14 27
17 21
39 35
0 0
0 2
1 8
3 35
4 16
18 35
18 39
26 31
30 39
35 34
39 0
1 9
3 14
8 22
9 38
12 38
13 25
15 38
15 39
16 35
17 33
21 15
21 34
23 20
29 38
36 34
36 39
37 38
39 1
39 39
1 38
2 36
3 9
10 21
10 26
13 23
14 22
14 38
15 14
15 21
15 22
15 24
15 25
15 36
16 12
18 15
18 20
19 39
20 6
20 14
21 8
23 6
23 32
31 18
34 12
35 35
35 38
35 39
36 2
36 37
37 37
3 36
4 36
5 36
6 37
14 24
14 25
14 36
15 30
16 3
16 33
17 4
18 19
19 35
20 8
20 30
21 4
21 32
27 25
30 27
32 39
34 35
36 1
36 35
0 3
1 3
1 4
2 38
3 31
6 39
8 39
12 3
14 32
15 15
15 26
17 3
18 31
18 38
19 32
20 5
20 34
20 35
21 29
22 21
22 29
22 35
23 7
24 39
25 39
30 11
31 12
31 22
32 38
34 38
36 15
37 20
37 39
39 17
0 24
2 17
2 29
2 30
2 34
2 37
3 10
3 38
4 19
4 38
5 31
5 38
6 27
7 37
9 39
10 23
12 35
14 23
15 19
15 33
16 26
17 23
17 25
17 32
18 4
18 6
18 11
18 25
21 7
21 11
21 13
21 30
21 38
22 30
23 3
23 38
25 10
25 13
28 22
29 35
31 19
35 7
35 20
37 0
37 2
37 5
39 19
39 21
39 27
1 1
2 22
3 0
3 37
4 10
4 37
5 37
6 22
7 39
12 22
14 19
15 4
18 3
19 26
19 30
19 38
20 7
21 5
21 20
21 21
22 25
22 34
24 32
26 38
30 8
32 30
32 33
33 19
33 25
37 1
38 19
38 21
39 14
39 18
0 22
0 36
0 37
0 39
2 25
4 0
4 12
4 15
4 21
4 39
5 1
5 2
5 39
6 30
8 24
11 22
12 15
12 30
14 31
14 35
16 11
16 32
17 24
18 5
19 33
20 11
20 13
20 38
21 3
21 19
21 39
22 15
23 11
23 33
23 39
26 6
29 34
30 33
31 13
33 16
33 22
35 18
36 8
36 13
36 19
36 31
38 18
38 22
39 7
39 30
39 36
0 7
0 10
0 11
0 35
2 19
2 31
3 3
3 4
3 11
4 8
4 30
6 1
6 2
8 4
8 16
8 25
9 36
12 25
13 36
16 23
17 7
17 13
18 9
20 25
21 12
21 33
22 4
22 19
22 22
22 24
22 32
23 29
25 6
25 12
26 3
26 10
26 11
27 23
27 28
27 31
27 38
28 13
28 15
29 25
29 32
33 20
33 23
34 7
35 36
36 7
36 11
36 16
38 34
39 5
0 1
0 16
0 19
0 29
0 30
0 34
3 13
4 3
4 4
4 11
6 21
6 23
9 4
10 24
11 16
12 21
12 31
14 4
15 32
16 8
16 14
16 21
16 22
17 12
17 26
17 30
18 10
18 26
18 30
19 14
19 17
20 17
21 36
22 38
23 15
23 25
23 36
24 35
25 3
26 8
27 5
28 30
29 20
29 30
30 20
31 16
32 36
34 36
35 13
35 27
36 12
36 22
36 32
36 36
37 14
37 18
37 33
37 36
38 33
38 35
38 38
39 8
39 15
0 8
0 12
0 15
2 21
2 23
3 17
3 26
3 32
4 26
6 32
8 14
8 36
10 25
11 21
11 27
12 8
12 19
12 23
15 11
16 9
16 24
16 27
16 31
17 14
18 32
19 4
19 6
19 36
20 12
21 22
21 24
21 27
21 28
22 8
22 13
22 27
22 28
25 7
26 12
26 35
26 39
27 29
28 18
28 23
30 18
30 28
30 35
31 11
31 21
32 12
32 15
33 35
33 39
35 11
35 21
35 30
36 27
37 8
37 13
37 22
37 30
38 24
38 30
38 37
39 11
39 24
39 28
0 9
0 14
0 21
0 23
3 22
4 13
5 32
6 24
8 3
8 10
9 35
10 36
10 38
11 19
11 23
12 9
16 10
16 15
18 18
19 3
19 8
19 20
19 21
19 27
20 10
20 20
20 21
20 33
20 36
22 5
22 6
22 39
23 22
23 24
24 33
24 34
24 36
27 7
28 10
28 11
28 21
28 31
28 38
29 24
29 27
30 24
31 8
31 10
32 31
32 34
33 14
33 30
33 33
33 38
35 12
35 15
35 24
35 28
36 3
37 11
37 27
39 12
39 20
0 31
0 38
3 33
6 9
6 16
6 25
6 33
8 12
8 27
9 3
9 19
9 30
11 26
12 10
12 33
13 32
13 35
15 8
15 17
15 31
16 19
17 15
18 16
18 34
19 5
19 15
19 19
20 19
21 16
22 3
22 23
23 13
25 14
26 33
26 34
26 36
27 35
27 39
28 8
29 7
29 17
30 13
30 15
30 29
30 31
30 34
30 36
32 18
33 7
34 8
34 10
35 3
35 5
35 6
36 10
36 24
36 28
37 12
37 15
38 20
38 23
38 39
39 23
3 1
3 2
3 19
3 27
4 27
4 31
5 33
6 8
6 34
8 1
8 2
8 20
8 35
8 37
9 8
11 36
11 38
12 34
13 30
14 17
15 9
17 34
20 26
22 7
22 12
22 33
22 36
23 10
27 4
28 12
28 17
28 26
29 19
30 19
32 7
32 24
32 27
32 32
33 17
33 21
35 23
37 24
37 28
38 25
38 28
39 16
39 25
0 25
2 0
2 8
2 12
2 15
2 32
4 1
4 2
4 18
5 34
7 9
7 19
7 26
8 11
8 15
8 30
9 1
9 2
9 26
9 31
10 20
10 35
11 4
12 24
14 3
14 29
15 10
15 16
16 5
16 6
17 11
17 27
18 27
19 7
19 11
19 13
21 23
22 10
23 27
23 28
26 5
26 19
27 19
27 26
27 33
27 34
27 36
28 3
28 5
28 6
29 22
30 3
30 5
30 6
30 22
30 32
31 3
31 5
31 6
32 29
33 26
35 10
35 25
36 17
36 20
36 23
37 3
37 6
38 7
39 10
39 31
2 9
2 14
3 21
3 23
4 23
6 14
6 29
7 8
9 16
10 30
10 39
11 15
11 24
12 7
12 29
13 31
14 8
14 16
14 18
14 34
16 29
16 34
19 22
19 24
20 22
20 24
21 18
23 12
23 23
25 5
26 15
26 20
27 13
27 15
27 20
28 35
28 39
31 17
31 24
31 27
31 39
32 19
33 11
34 3
34 5
34 6
35 16
35 31
36 4
36 6
36 25
37 10
37 23
38 0
38 2
38 5
38 14
1 5
1 6
2 3
2 4
2 33
4 20
6 10
7 4
8 13
8 31
9 21
9 22
9 32
10 16
11 35
14 9
15 20
17 8
19 29
22 18
25 9
26 25
27 32
29 13
29 15
30 9
30 26
31 14
31 30
31 33
31 38
32 11
32 22
33 8
33 10
33 31
33 34
33 36
35 4
37 16
37 25
38 1
38 8
38 13
2 18
3 7
3 24
4 24
6 12
7 14
8 7
8 17
9 14
9 23
10 4
10 31
11 3
11 12
11 30
11 39
12 17
14 10
14 20
14 28
15 7
15 34
17 9
19 9
21 9
22 14
28 14
28 33
28 34
28 36
30 16
32 8
32 10
32 20
32 23
34 18
35 32
37 31
38 11
38 31
38 36
39 3
39 6
39 29
0 18
0 32
2 10
3 25
4 7
4 25
6 20
6 28
7 10
7 22
8 32
9 7
9 33
10 14
11 8
11 17
12 5
12 6
12 28
13 11
15 29
16 28
17 10
19 10
20 27
22 16
23 18
26 4
26 22
26 24
27 10
27 11
28 4
28 28
29 28
30 4
31 4
32 25
33 32
35 29
37 4
38 12
38 15
0 13
2 20
4 32
6 11
6 15
7 3
7 12
7 27
8 18
9 12
9 34
10 32
11 2
11 9
11 11
11 31
12 18
13 12
13 13
13 14
13 33
15 2
16 17
16 18
17 29
18 29
19 23
19 28
20 2
20 23
22 17
23 14
25 4
25 30
26 9
27 2
27 8
28 32
29 10
29 11
29 23
30 23
31 35
32 16
33 3
33 5
33 6
33 29
34 4
34 27
35 14
36 21
36 29
37 32
38 32
0 20
0 33
1 26
3 5
3 6
8 5
8 6
8 33
9 29
10 3
10 12
11 10
11 18
13 4
13 34
14 7
15 5
15 6
16 2
17 17
17 18
19 18
20 18
23 2
23 16
23 26
27 12
28 29
29 8
29 21
29 29
30 21
31 25
32 3
32 5
32 6
34 1
34 30
34 33
37 29
38 29
1 16
1 24
1 27
1 35
2 1
2 2
2 11
2 28
4 5
4 6
4 33
6 13
7 1
7 2
7 11
7 15
7 21
7 23
7 30
8 34
9 5
9 6
9 11
9 15
9 24
10 8
10 33
11 13
11 32
12 1
12 20
13 29
15 28
16 16
16 37
17 2
23 17
25 19
25 31
26 27
26 28
29 12
30 14
31 9
31 31
31 34
31 36
34 15
34 19
34 24
34 28
35 17
38 10
38 26
39 4
39 26
1 12
1 15
1 17
1 29
1 30
1 34
3 18
4 34
6 17
8 29
9 25
10 2
10 9
10 11
10 15
10 34
11 20
12 37
13 21
15 1
17 16
17 28
17 37
18 28
19 16
20 1
20 16
21 2
25 20
25 29
25 32
26 23
27 1
28 9
29 37
31 28
32 21
34 9
34 22
35 26
36 9
37 17
38 16
1 14
1 22
2 13
4 29
6 7
7 13
7 24
7 31
9 13
9 28
10 10
10 29
11 7
11 33
13 19
14 5
14 6
16 1
16 20
18 2
18 37
23 1
25 25
26 2
26 18
26 21
27 18
27 21
28 2
29 3
29 5
29 6
30 2
30 17
31 2
31 32
32 14
33 4
34 20
34 23
36 26
0 5
0 6
3 20
5 9
5 16
5 26
6 18
7 25
9 17
10 0
10 13
11 34
13 28
15 37
17 1
21 37
23 9
23 37
25 2
26 14
27 14
29 26
31 29
32 4
32 37
34 25
34 37
35 9
37 26
38 3
38 6
39 9
1 19
1 31
2 7
5 8
7 7
7 32
8 28
10 17
11 29
12 0
13 3
14 37
19 37
21 1
22 9
25 22
25 24
25 35
26 16
27 16
29 14
32 17
34 16
34 31
37 9
3 28
4 28
5 4
5 22
6 0
6 5
6 6
7 17
9 18
10 7
10 28
11 5
11 6
13 8
15 0
18 1
20 0
20 37
24 37
26 1
26 17
27 0
27 17
28 1
30 1
31 1
32 26
33 9
1 21
1 23
5 14
5 19
5 27
7 33
10 18
13 9
13 15
14 2
16 0
22 2
23 0
24 8
25 1
25 33
25 34
25 36
26 26
26 37
29 4
30 37
32 9
34 32
2 5
2 6
5 10
7 5
7 6
7 18
7 34
9 20
11 28
13 10
17 0
19 2
22 37
24 11
24 30
25 27
25 28
31 26
33 2
34 21
34 29
38 4
5 12
5 21
5 23
7 29
10 5
10 6
21 0
25 23
27 9
27 37
32 2
34 14
1 25
7 20
13 17
13 37
14 1
18 0
22 1
24 15
24 19
25 18
25 21
26 0
28 0
29 9
30 0
31 0
1 13
1 32
5 11
5 15
5 24
8 0
13 7
19 1
24 6
24 20
24 29
25 0
33 1
33 37
34 17
38 9
5 25
7 28
9 0
10 37
13 16
13 18
24 3
24 25
25 16
28 37
29 2
32 1
34 26
1 33
5 13
11 1
24 7
24 13
25 17
1 18
5 17
11 37
13 5
13 6
13 20
14 0
22 0
24 10
24 22
24 24
25 26
5 7
19 0
29 1
33 0
1 20
5 18
24 12
31 37
32 0
5 29
11 0
24 27
24 28
1 28
5 5
5 6
5 20
13 2
24 5
24 23
7 0
24 18
24 21
29 0
5 28
24 14
13 1
24 16
24 4
24 17
25 37
24 26
13 0
24 9
24 2
24 1
24 0
