38 26
0 0
3 15
6 26
10 39
19 21
20 18
23 22
26 24
28 27
39 4
0 24
1 14
1 17
1 36
2 14
2 16
3 16
4 18
10 11
14 39
15 2
17 7
18 22
24 13
24 21
24 27
26 22
30 1
34 1
39 1
1 32
2 12
2 17
4 36
5 39
6 24
7 28
10 2
14 29
15 21
15 27
17 20
18 21
21 19
21 20
21 21
24 23
36 1
36 5
37 0
38 24
39 6
1 34
1 39
3 13
4 24
9 13
10 29
10 36
12 39
16 0
16 11
18 39
19 13
20 7
20 13
23 1
25 15
25 21
25 23
29 0
30 22
31 0
36 21
37 2
39 0
39 7
0 20
2 7
2 11
2 33
3 39
4 4
4 19
5 25
8 18
9 38
10 38
13 24
14 12
16 9
17 5
17 12
22 0
23 2
25 22
26 0
28 23
28 37
32 7
32 12
37 23
38 28
38 29
39 28
39 29
0 25
0 35
0 37
1 0
1 4
1 5
1 10
2 8
2 20
2 36
3 0
3 5
3 8
6 23
6 39
8 4
12 12
12 38
15 22
16 36
17 8
18 15
18 34
19 5
20 2
20 24
21 6
22 2
23 36
24 16
24 20
25 26
28 14
28 24
29 29
29 31
29 37
30 0
30 23
30 37
31 21
32 1
32 16
34 20
35 14
36 0
36 2
36 25
37 20
37 25
38 23
0 21
0 28
0 34
1 7
1 12
2 19
2 39
3 10
3 11
3 20
4 12
6 36
8 21
10 10
10 15
10 22
10 31
11 27
13 15
14 13
16 3
16 13
17 18
17 39
18 0
18 2
18 7
18 12
18 35
19 11
19 15
19 36
19 39
20 6
20 15
22 12
23 0
23 24
23 29
24 24
24 36
25 16
25 27
25 36
27 25
28 1
30 24
30 26
32 6
33 35
34 22
34 38
35 2
35 5
36 23
37 27
38 34
39 34
0 29
0 36
1 8
1 31
1 33
1 38
2 1
2 2
2 21
2 26
3 4
3 19
3 23
4 23
6 31
7 36
8 15
9 15
9 37
11 3
11 21
11 23
12 13
13 11
14 22
15 18
15 25
16 38
17 0
17 2
17 11
18 19
18 38
19 8
19 19
20 23
23 7
23 35
25 20
25 29
25 33
26 25
27 22
27 35
28 3
29 8
30 2
30 7
30 15
31 6
32 0
32 19
33 26
34 3
34 37
35 6
35 35
35 39
36 29
36 35
36 39
37 3
37 22
38 1
38 4
0 22
0 39
1 11
3 21
3 37
3 38
4 1
4 2
4 10
4 11
4 13
4 21
4 25
5 37
5 38
6 1
6 2
6 20
6 22
6 29
6 32
8 0
10 4
10 23
11 12
11 15
11 36
14 18
14 24
14 25
14 36
15 5
15 11
15 12
15 23
16 20
16 21
16 24
17 36
18 6
18 23
18 27
18 29
19 0
19 2
19 6
20 3
20 8
20 36
21 3
21 12
21 13
22 3
22 19
22 20
22 21
22 22
23 25
24 25
27 23
27 29
27 38
28 11
28 13
28 25
28 28
30 21
30 27
32 8
32 38
33 25
35 8
35 10
35 38
36 20
36 38
38 6
38 22
38 31
38 35
38 39
39 31
39 35
39 39
1 23
2 22
3 34
4 37
4 38
6 11
6 27
7 27
8 3
8 20
10 5
11 0
11 19
11 24
11 25
12 2
12 14
12 31
13 0
14 3
15 9
16 14
17 13
17 19
17 24
17 34
18 3
18 11
18 14
19 34
22 8
23 13
24 14
28 20
28 34
28 38
29 3
30 11
30 28
30 33
31 2
32 2
32 9
32 13
33 27
35 9
35 37
36 3
36 22
36 37
38 0
38 2
38 5
38 7
38 38
39 38
0 27
0 33
1 1
1 2
1 24
2 3
2 25
2 28
2 31
2 37
2 38
3 22
4 22
4 28
4 31
4 33
5 15
6 5
6 12
6 17
10 0
10 14
10 24
10 25
10 33
11 13
11 20
12 3
13 22
14 2
14 23
15 10
15 13
15 19
16 16
17 3
17 27
17 29
17 35
17 38
18 8
19 14
19 27
19 29
19 35
19 38
20 14
22 39
23 5
23 12
23 39
24 33
24 38
25 34
25 38
27 20
27 36
28 6
28 16
28 21
29 38
30 5
30 14
30 38
31 3
32 3
32 11
33 28
33 37
34 24
35 3
36 31
37 34
38 37
39 37
1 26
2 9
2 29
3 1
3 2
3 9
3 26
4 3
4 7
4 29
4 32
5 4
5 5
5 18
6 0
6 3
6 16
6 37
6 38
7 11
7 19
7 32
8 8
8 9
8 14
9 2
9 11
9 14
10 21
11 4
11 9
11 38
13 12
13 18
14 19
15 36
16 22
18 25
19 3
20 34
21 1
21 8
21 15
22 11
22 16
22 27
23 33
24 3
26 35
27 21
27 39
28 2
28 19
29 12
30 16
30 34
32 39
34 29
34 36
35 11
38 18
38 19
0 38
1 20
4 14
5 12
5 28
5 31
5 33
6 10
6 13
7 5
7 18
7 24
7 37
7 38
10 8
10 17
10 34
11 1
11 5
11 10
11 14
11 31
12 33
13 1
13 9
13 21
14 20
14 33
15 1
15 17
16 1
16 18
16 25
17 14
18 17
19 17
20 35
20 38
21 5
21 17
22 5
22 7
22 15
22 29
23 16
24 1
25 3
25 25
26 29
27 19
28 9
28 32
28 39
29 6
29 22
29 36
30 19
30 36
31 15
33 33
34 15
36 27
37 35
37 39
0 6
0 13
0 15
0 16
1 3
1 9
1 19
4 9
5 10
5 29
5 32
7 33
8 7
8 17
8 28
8 29
8 36
9 17
10 1
10 16
12 27
13 5
13 10
13 13
13 29
14 17
15 7
15 14
15 16
15 38
16 6
16 31
17 25
19 9
19 24
19 25
20 17
20 33
21 11
23 15
24 2
24 8
24 34
24 39
25 1
25 12
25 39
27 33
28 7
29 2
29 15
29 28
29 33
29 39
30 13
30 39
31 5
31 12
34 7
35 36
36 7
36 12
36 13
36 15
36 16
36 28
36 33
36 36
37 6
37 31
37 38
38 3
38 12
38 13
38 15
38 16
39 21
0 4
0 5
0 10
1 21
1 25
1 28
2 27
3 3
3 25
3 28
3 31
3 33
4 6
4 27
5 13
5 19
5 23
6 34
7 10
8 16
9 16
10 7
10 20
11 17
12 4
12 9
12 23
12 34
13 19
13 27
13 39
14 9
14 16
14 34
16 23
16 28
16 32
20 1
20 9
20 26
20 28
22 37
24 17
25 2
25 8
26 36
27 1
29 23
30 10
30 32
32 18
33 34
33 36
34 12
34 26
34 31
37 5
37 7
37 12
37 13
37 15
37 16
37 37
38 36
39 18
39 19
39 24
39 36
0 7
0 12
0 14
0 17
1 29
3 29
3 32
4 35
5 1
5 2
5 21
7 4
7 13
7 15
7 23
7 34
9 4
9 19
10 35
11 8
11 16
11 33
12 5
12 10
12 22
13 20
14 5
14 10
15 33
16 19
17 23
18 1
19 23
21 14
22 9
22 24
22 34
23 11
24 0
24 6
24 18
24 28
24 31
25 17
27 3
27 12
28 5
28 10
29 7
29 24
29 34
31 14
31 29
31 31
32 23
32 29
32 31
34 6
34 25
35 19
0 8
1 22
2 6
2 35
5 27
6 14
7 1
7 2
7 25
7 30
8 6
8 25
8 31
9 5
9 10
9 22
12 18
12 24
12 25
12 37
13 8
13 17
13 36
13 38
14 28
15 6
16 37
17 1
18 9
18 37
19 10
21 27
22 14
22 35
23 26
23 31
23 37
24 32
25 0
25 6
25 18
26 15
27 8
27 34
29 14
29 20
31 8
31 16
31 35
32 35
34 27
35 21
35 24
36 8
36 10
36 14
36 17
37 33
38 10
38 14
38 17
38 20
38 32
39 12
39 13
39 15
39 16
39 32
0 11
5 22
5 34
6 8
6 9
6 35
7 21
8 32
9 28
9 29
10 6
11 7
11 34
12 21
12 32
12 35
13 16
13 31
14 32
14 35
15 26
15 28
15 34
17 10
19 1
20 10
21 9
21 29
21 36
22 25
22 33
23 14
23 32
24 11
24 37
25 31
25 37
26 12
26 33
28 17
28 30
29 5
29 16
29 21
30 30
31 9
31 19
31 37
33 30
33 32
34 8
34 10
34 14
34 16
34 17
34 28
34 33
35 29
36 9
37 8
37 10
37 14
37 17
38 9
39 23
1 27
3 27
5 0
5 3
5 8
5 9
5 14
7 22
7 35
8 37
9 23
10 30
12 0
12 8
13 7
14 0
14 8
14 26
14 30
16 30
18 31
20 31
22 10
24 7
25 11
26 8
26 38
27 0
27 6
27 14
27 17
27 31
28 18
29 9
29 19
29 32
30 17
31 13
31 24
32 24
34 9
36 32
37 9
37 36
3 6
5 20
6 7
6 30
7 0
7 3
7 8
7 9
7 14
8 33
9 0
9 3
9 8
9 9
11 26
11 28
12 19
14 37
15 31
17 37
18 10
18 32
19 37
20 32
23 9
23 28
25 7
26 16
27 2
27 18
27 32
29 13
30 18
31 11
31 26
32 26
34 13
34 34
35 23
36 11
38 11
39 10
39 14
39 17
39 20
5 7
5 17
5 35
7 20
8 27
9 24
9 25
9 31
10 26
11 6
11 32
11 35
12 7
12 20
13 33
14 7
15 32
15 35
17 31
19 31
21 10
21 24
21 34
22 17
24 5
25 28
26 6
26 14
26 20
26 34
27 11
31 25
32 21
32 25
34 11
35 26
35 31
37 11
39 22
5 16
7 7
7 17
8 34
9 7
9 21
9 32
12 1
12 17
12 30
13 6
14 1
16 4
17 32
18 26
18 28
19 32
20 37
21 35
21 38
22 18
23 4
23 17
24 9
24 30
25 5
26 39
27 7
27 13
29 10
30 4
31 27
32 22
32 27
34 4
35 17
35 20
35 25
37 32
38 30
39 30
0 3
0 9
2 30
3 35
4 30
6 6
7 16
9 1
11 37
12 16
13 34
15 37
16 26
21 23
21 25
21 33
22 31
23 10
23 18
23 30
25 9
26 11
26 19
26 31
31 28
31 33
31 38
32 28
32 33
33 5
34 32
35 22
35 27
39 11
5 6
9 33
12 6
14 6
15 4
17 26
17 28
18 30
19 26
19 28
20 4
21 4
22 4
22 32
25 30
26 7
26 13
26 32
27 5
29 30
31 17
33 15
33 23
35 28
35 33
36 30
5 30
7 6
8 35
9 6
9 20
9 27
11 30
15 30
18 4
24 10
27 9
27 30
29 17
31 4
31 10
31 18
31 34
31 36
32 4
32 34
32 36
33 1
33 7
35 4
36 18
9 34
13 32
13 35
17 4
17 30
19 30
22 26
22 28
25 10
26 5
26 28
26 37
29 18
31 39
33 12
34 18
3 30
8 26
12 26
12 28
19 4
21 39
26 9
28 4
33 0
33 6
37 30
13 26
13 28
13 37
21 31
27 10
31 32
32 32
34 30
8 30
9 35
21 32
22 30
26 17
26 30
29 4
33 2
33 8
33 10
33 14
33 16
33 17
33 20
33 21
35 32
13 30
26 10
26 18
33 3
33 9
33 19
33 22
35 18
9 26
14 4
21 26
21 28
21 37
33 13
24 4
33 11
9 30
25 4
31 30
32 30
21 30
35 30
27 4
26 4
33 18
33 4
