13 8
31 16
0 32
0 34
24 17
30 17
32 15
35 9
1 34
2 20
3 20
5 9
6 8
9 37
22 7
22 38
23 10
23 16
26 15
29 4
32 33
32 39
2 2
2 19
2 22
3 19
3 22
12 1
16 1
16 3
21 8
21 9
22 3
23 0
25 31
27 10
27 29
30 15
31 29
33 32
37 10
38 32
38 35
0 18
0 37
1 13
2 16
3 3
4 7
5 0
6 12
7 21
9 18
10 17
11 1
11 17
12 9
13 35
15 26
17 12
22 0
23 2
23 8
24 0
24 30
25 32
26 33
28 39
29 0
29 31
29 38
31 18
31 32
36 36
36 39
38 37
0 16
1 12
1 18
2 1
2 35
3 0
3 1
3 9
4 8
4 18
5 2
6 7
6 16
7 18
7 23
9 13
10 3
10 7
10 8
12 17
13 4
14 9
15 7
15 8
17 9
19 1
19 7
21 39
22 1
25 0
25 2
25 38
26 2
26 3
26 11
26 16
27 32
27 33
29 3
30 0
31 21
33 22
34 8
35 6
38 18
38 39
39 4
1 16
1 19
1 21
1 23
1 29
1 37
3 6
3 8
3 13
3 17
4 3
4 12
4 16
5 7
5 29
9 35
10 12
11 13
12 4
12 7
14 1
14 3
14 39
17 4
18 3
19 8
20 21
22 25
22 39
23 4
23 38
24 32
25 7
26 10
26 18
26 38
27 4
27 8
27 13
27 38
28 0
28 2
28 3
28 21
29 32
29 39
31 36
33 17
33 21
34 36
35 4
35 35
36 32
36 33
38 15
1 31
2 27
2 37
3 12
5 25
6 1
6 6
6 19
6 22
8 5
9 27
10 6
11 9
12 14
13 39
15 4
15 19
16 7
16 8
16 9
19 19
19 39
20 16
20 39
21 3
22 11
23 3
24 21
25 4
25 33
25 36
25 39
26 6
26 25
28 15
28 35
29 35
31 38
31 39
33 4
33 16
33 28
33 31
33 39
35 0
36 38
38 16
39 0
0 31
1 22
2 17
2 32
3 5
4 36
4 38
5 5
5 6
5 37
6 0
6 38
7 9
7 12
7 13
8 1
9 20
9 31
9 34
11 3
12 12
15 13
15 14
16 32
17 13
17 30
19 4
19 13
20 25
21 1
21 4
22 6
22 9
22 10
23 14
26 36
26 39
27 17
27 36
27 39
28 6
28 18
29 10
30 8
34 38
36 31
38 38
0 17
0 20
0 27
0 36
1 0
1 24
1 28
2 11
2 24
2 31
3 10
3 14
4 0
4 1
4 10
5 10
5 28
6 2
6 3
6 10
6 14
6 17
6 35
7 5
7 20
8 37
9 14
9 19
9 25
9 30
9 39
10 0
10 20
11 7
11 8
12 36
13 0
14 4
14 13
14 14
15 0
15 12
15 32
16 26
17 0
20 13
22 13
23 15
23 36
24 27
24 33
24 36
25 8
26 8
26 13
26 30
27 0
27 2
27 3
28 9
28 13
28 16
28 25
30 10
32 35
33 36
35 33
35 39
36 24
37 1
37 5
39 3
0 21
0 23
1 3
1 17
1 38
2 29
4 2
4 5
4 14
4 17
4 39
5 13
5 20
5 21
6 23
6 27
6 39
7 1
7 7
7 19
8 2
8 3
8 6
10 19
10 39
11 35
13 2
13 6
13 13
13 14
14 12
14 17
14 25
14 31
14 36
15 2
15 23
15 27
16 13
16 14
16 19
16 25
16 39
17 2
17 6
17 27
18 1
18 4
18 10
19 26
20 0
20 31
21 37
22 23
23 6
23 12
23 39
24 11
27 21
28 29
30 2
31 14
31 30
33 12
34 0
34 12
35 2
35 3
35 36
37 25
38 21
38 24
38 28
38 34
1 2
1 7
1 25
1 36
2 7
2 25
2 38
5 18
5 22
6 32
6 34
7 0
8 23
8 27
8 35
10 21
10 38
11 12
11 34
12 0
12 6
13 12
13 36
14 18
14 23
14 27
14 30
15 17
15 21
15 39
18 32
19 2
19 14
19 17
20 7
20 32
22 17
22 31
24 1
24 7
25 6
26 27
26 35
27 9
27 30
27 35
28 31
29 1
29 7
29 11
29 17
29 30
30 14
31 12
32 14
32 34
33 8
33 25
33 30
33 38
34 2
34 3
36 22
36 28
37 4
37 6
37 21
38 30
0 10
0 11
0 22
1 6
1 9
1 39
2 6
2 9
2 13
2 36
3 4
4 30
5 4
5 16
5 35
6 25
6 31
7 2
7 3
7 6
7 14
10 16
10 32
11 0
11 16
12 2
12 10
12 37
12 38
14 16
14 21
14 34
15 6
15 18
16 0
17 25
17 36
18 39
19 6
19 15
19 18
19 31
19 37
19 38
20 8
20 9
20 14
20 23
20 30
20 37
20 38
22 14
22 18
22 32
24 4
24 10
24 23
25 1
26 1
27 6
27 12
27 14
27 16
27 18
28 37
29 9
29 15
29 21
30 1
30 11
30 23
30 33
31 6
31 25
31 35
32 6
32 37
33 0
33 10
33 35
34 7
34 10
34 15
34 17
34 32
35 7
35 38
36 29
36 34
37 30
37 35
37 37
0 3
0 24
1 1
1 8
2 8
2 12
2 28
2 39
4 27
6 4
6 36
7 10
8 17
8 25
8 32
8 34
9 5
9 9
9 16
10 27
11 2
11 20
11 25
11 32
12 16
14 37
14 38
15 10
15 16
16 2
16 15
17 10
19 32
20 3
20 15
22 15
22 27
22 30
23 21
26 23
28 1
28 7
28 11
28 32
28 33
29 12
29 27
30 9
30 36
31 4
32 4
33 2
33 3
33 13
34 1
34 13
34 16
34 24
37 27
37 32
37 33
37 39
38 22
0 2
0 7
0 29
1 5
2 5
4 4
5 23
5 26
5 32
5 34
6 28
8 4
8 21
8 30
8 38
9 1
9 7
9 8
11 19
11 23
13 37
13 38
14 6
14 10
15 31
16 6
16 17
16 36
17 19
17 35
18 6
18 36
19 10
19 30
20 1
20 4
20 17
21 2
23 25
23 35
24 8
24 13
24 35
25 9
25 34
26 9
29 16
29 18
29 37
30 29
30 31
30 38
31 23
31 34
33 23
33 27
33 34
34 33
34 37
37 0
37 18
37 22
37 36
38 8
38 9
38 11
38 12
38 29
39 14
39 17
39 20
0 6
0 9
0 13
0 25
2 15
4 23
4 24
5 31
5 38
7 37
8 9
8 12
8 13
8 18
8 28
8 36
10 15
10 25
10 31
11 10
11 15
11 21
13 10
14 0
15 36
16 10
16 18
16 23
16 27
17 37
17 38
18 0
19 12
20 18
25 37
26 12
27 23
28 12
28 14
30 7
31 8
31 27
32 8
32 18
32 22
33 1
33 11
34 11
34 28
35 34
36 25
37 2
37 3
37 15
37 17
37 29
37 31
38 1
38 5
39 8
39 9
39 11
39 12
0 1
0 8
0 12
0 15
2 10
3 15
3 30
3 35
4 29
5 14
5 17
5 36
6 15
7 4
8 8
8 39
9 2
9 3
9 6
9 15
9 26
10 11
10 30
11 31
12 15
12 34
13 16
13 32
14 2
16 16
16 21
16 35
17 34
18 2
18 11
18 26
18 35
19 27
20 12
20 35
22 12
23 27
23 34
24 6
24 14
24 34
26 37
27 1
27 26
27 37
30 32
31 10
32 10
32 21
32 29
33 9
34 29
34 31
37 13
37 16
37 38
38 10
39 31
39 33
39 36
0 5
0 28
1 15
3 27
4 11
4 15
4 25
4 32
4 34
5 11
5 19
5 39
6 11
7 27
7 35
11 30
11 36
15 35
16 37
16 38
17 15
17 23
18 25
18 37
18 38
22 35
23 37
24 37
31 37
33 14
33 37
34 14
36 23
38 4
38 6
38 25
39 10
39 24
39 28
1 4
1 26
2 4
2 26
3 37
4 31
9 10
12 11
12 32
15 37
15 38
16 34
17 17
17 21
18 34
19 35
20 6
20 34
23 23
25 15
25 17
25 25
28 30
29 26
32 0
32 28
33 7
35 37
36 27
37 7
37 26
39 6
39 18
39 30
39 35
39 37
3 24
4 28
6 26
7 15
7 32
7 34
8 14
8 20
13 15
13 20
13 25
13 31
15 11
15 34
17 11
17 18
18 19
20 10
22 34
24 9
25 21
30 19
30 35
31 2
31 3
31 11
32 2
32 3
32 11
32 17
32 31
33 26
34 19
34 25
37 34
38 13
38 19
38 23
39 15
39 32
3 29
7 30
7 31
7 38
8 10
8 19
8 26
9 0
9 4
9 29
11 26
11 37
11 38
13 23
13 27
13 30
14 11
17 16
18 30
19 11
19 34
20 2
23 18
24 12
24 26
26 19
28 27
29 14
29 23
31 9
31 26
32 9
34 30
34 34
35 21
36 8
37 14
37 23
38 0
38 27
39 13
39 16
39 22
0 4
3 25
3 32
3 34
7 11
7 28
7 36
9 22
11 11
12 20
12 25
12 31
13 11
13 21
15 29
16 11
17 29
19 22
22 19
25 13
25 16
25 18
30 20
30 30
30 34
31 1
31 19
32 1
34 20
34 23
36 9
38 2
38 3
39 29
0 26
1 33
3 31
3 38
7 39
10 26
12 19
12 23
12 27
12 30
14 29
14 33
18 15
18 23
18 27
24 29
25 27
26 20
26 26
27 28
28 19
29 28
31 7
32 7
32 25
33 19
34 27
35 24
36 1
36 5
39 38
2 33
3 28
3 36
5 15
8 16
9 33
11 5
12 21
15 28
17 28
18 17
18 21
19 20
22 20
24 19
25 14
30 5
30 22
30 27
31 20
32 30
34 5
35 12
36 10
36 12
36 26
3 39
4 26
10 22
14 28
15 22
18 18
21 26
22 22
24 28
25 23
26 5
28 20
30 37
32 23
33 20
35 18
35 22
35 28
36 4
36 6
36 18
38 7
39 25
8 29
13 5
14 22
17 5
18 16
20 20
20 29
21 11
21 16
21 21
22 5
24 20
28 5
28 22
28 26
29 5
32 27
35 15
35 17
35 29
35 31
36 15
36 17
38 26
39 7
39 34
6 33
7 26
8 15
9 11
12 5
13 26
16 29
17 33
19 24
20 22
22 29
24 22
26 28
27 19
35 13
35 16
36 13
36 16
39 23
7 24
10 29
15 5
19 5
19 29
20 28
21 5
21 13
21 25
21 31
23 5
23 26
25 12
26 22
34 26
36 0
39 27
3 26
8 11
8 33
11 22
11 29
12 26
16 28
16 33
18 33
20 33
21 32
22 28
25 5
27 20
29 19
30 24
30 26
33 5
35 11
35 25
36 2
36 3
36 11
37 19
5 33
9 24
10 28
14 5
15 24
15 33
16 5
16 22
18 5
19 28
21 27
21 30
22 24
22 33
23 19
23 29
27 5
27 22
28 28
35 30
10 33
11 28
14 24
17 20
19 33
21 14
29 20
31 24
32 26
35 14
35 23
36 14
37 20
7 29
11 33
13 29
17 22
20 24
21 15
21 23
23 20
23 28
24 24
29 22
35 27
36 7
4 33
6 24
21 17
23 22
26 24
30 28
32 19
39 19
39 26
8 24
11 24
12 29
13 28
18 29
20 5
21 18
21 35
24 5
25 26
7 33
13 22
13 33
16 24
21 12
27 24
31 5
32 5
32 20
10 24
12 28
18 20
18 28
21 34
25 19
25 29
28 24
3 33
12 22
12 33
17 24
18 22
29 24
35 26
23 24
25 20
25 28
25 22
35 19
36 19
13 24
32 24
35 20
36 20
12 24
18 24
21 19
21 29
25 24
21 20
21 28
21 22
21 33
21 24
