26 2
26 19
0 9
0 26
18 3
18 12
20 0
25 0
25 20
25 30
38 39
39 19
0 27
2 29
4 27
11 39
16 16
17 11
19 10
20 17
21 9
22 3
22 5
23 2
27 0
27 36
31 4
33 15
39 20
0 1
0 6
0 7
0 21
0 36
2 28
3 30
3 31
4 23
6 33
13 37
14 38
15 36
17 14
22 1
24 0
24 2
28 23
29 33
32 24
36 26
38 20
39 29
0 5
0 33
4 20
7 1
11 0
12 0
13 17
13 38
15 11
15 30
16 28
17 5
17 9
17 15
17 17
20 9
20 12
20 16
21 35
22 10
23 1
23 4
23 38
24 33
26 17
28 0
28 19
29 24
29 31
30 28
30 30
32 30
33 27
36 31
38 18
38 22
39 30
0 12
0 30
0 31
0 32
1 3
1 34
3 26
3 34
4 10
4 33
4 35
5 34
5 36
6 37
9 17
11 3
11 5
13 2
14 20
15 12
16 20
17 0
18 28
19 6
19 15
20 10
20 19
21 31
21 39
22 13
24 1
24 35
24 38
25 36
26 31
26 39
27 33
29 39
30 39
32 31
36 23
37 22
37 32
37 33
39 23
0 11
1 1
1 5
1 27
1 29
1 30
1 31
1 32
1 37
2 0
2 33
2 35
2 36
3 27
3 28
3 37
4 0
4 37
5 38
6 0
6 32
6 36
6 39
8 1
9 38
12 36
13 31
15 39
17 2
17 38
18 1
18 9
18 10
19 1
19 16
20 2
20 35
21 30
22 38
23 33
23 39
25 23
28 3
30 4
30 23
32 3
34 34
36 24
36 28
36 30
37 27
37 29
38 1
38 3
38 14
39 25
0 18
0 37
1 28
1 38
2 4
2 7
3 38
4 30
4 31
4 38
5 39
7 4
7 7
8 0
8 3
9 4
9 39
10 38
12 37
13 1
14 39
17 8
17 27
18 6
19 4
19 8
19 38
20 3
20 5
20 21
21 0
21 2
22 28
22 31
23 21
23 28
23 31
23 35
24 39
25 32
25 35
26 9
26 28
27 17
27 28
27 31
28 18
29 23
30 3
30 32
31 33
32 32
32 39
33 33
34 18
35 28
36 0
36 32
36 33
37 1
37 3
37 15
37 23
37 26
37 30
39 22
39 27
39 38
0 0
0 38
1 39
3 39
4 39
5 28
6 21
8 5
8 8
8 33
9 8
9 11
10 33
10 39
12 4
12 7
12 33
12 38
13 34
13 39
14 16
14 17
14 32
14 34
15 31
17 1
17 4
17 7
17 19
17 20
17 31
17 39
18 4
18 29
19 7
19 36
20 6
21 3
21 5
21 36
22 20
22 23
22 30
22 36
22 39
25 38
26 32
27 3
27 13
28 20
30 18
30 20
30 22
30 31
32 36
33 23
33 31
34 3
34 19
34 36
35 39
37 24
39 26
39 34
39 36
39 37
39 39
0 24
0 34
0 39
4 3
4 5
4 8
7 9
9 1
9 10
9 37
13 12
14 12
15 33
15 37
16 18
16 36
17 23
17 33
17 37
18 8
19 39
20 30
20 38
21 1
21 6
22 7
23 17
25 3
26 4
27 1
27 4
29 4
29 29
31 0
31 29
32 5
32 7
33 19
33 20
33 22
33 28
33 34
34 25
34 27
35 31
36 35
37 18
37 35
37 38
38 8
38 13
0 4
2 37
4 32
4 34
5 27
5 30
5 31
6 29
7 11
8 7
8 31
8 37
9 0
9 3
9 5
9 36
10 23
10 30
10 31
10 37
13 11
13 19
13 30
15 3
15 6
18 7
18 13
19 37
20 22
20 28
20 33
20 36
21 8
21 29
21 32
21 37
22 8
22 18
22 37
23 7
23 22
23 36
24 32
25 39
26 5
26 22
27 5
27 32
29 3
30 35
31 1
31 6
31 32
31 39
32 0
32 18
32 28
33 17
33 32
35 29
35 34
36 38
37 8
37 14
37 28
38 4
38 7
39 24
0 13
1 0
2 2
2 6
2 34
2 38
3 1
3 9
3 19
7 6
8 12
8 20
8 32
8 36
9 12
10 36
11 6
13 10
13 18
13 23
15 0
15 5
15 13
17 13
17 28
20 7
22 15
23 8
23 10
23 13
23 18
25 9
25 15
28 1
28 9
29 38
30 0
30 38
31 27
31 36
32 1
32 19
32 20
32 22
33 36
34 4
34 17
36 2
37 4
37 7
38 5
39 32
39 33
0 16
1 4
2 39
3 21
4 7
4 17
4 24
7 2
8 13
9 34
11 2
12 3
12 5
12 8
12 11
12 13
13 35
14 3
14 6
14 35
15 2
15 19
15 21
15 32
16 31
16 38
17 18
17 32
18 17
18 31
18 38
19 13
20 4
20 37
22 19
22 29
22 32
23 6
23 29
23 32
25 10
26 15
26 37
27 21
29 5
29 19
30 1
30 17
30 26
31 24
32 6
33 29
34 0
34 5
34 14
34 23
35 32
35 33
35 36
37 0
37 5
38 9
0 2
3 20
3 24
4 4
4 12
4 18
5 32
8 9
8 21
8 34
9 9
10 28
10 34
12 10
12 20
12 21
12 34
13 28
14 0
14 5
15 8
15 35
16 33
18 15
18 23
18 33
18 36
20 14
20 29
21 4
22 21
25 4
26 7
26 21
27 7
27 37
28 13
28 30
28 35
29 13
30 15
30 29
31 2
31 13
32 13
32 26
32 29
32 35
32 38
34 1
34 8
34 22
34 24
34 35
34 38
36 37
37 9
37 13
37 17
38 31
3 3
3 5
3 8
3 11
4 13
4 25
5 22
6 23
6 24
7 17
8 2
8 6
9 20
10 27
12 32
13 27
13 32
14 2
14 28
15 1
15 7
15 16
15 17
15 29
16 10
16 39
17 29
18 16
18 39
24 37
25 5
25 22
26 8
26 12
26 29
27 8
27 29
28 2
28 36
29 27
29 37
30 7
30 37
31 9
31 23
32 2
32 9
32 17
33 26
34 7
34 28
38 10
38 21
38 25
38 34
38 36
38 37
3 17
3 25
7 12
7 18
9 16
10 22
12 16
13 9
13 13
14 8
14 10
14 13
14 18
14 27
15 4
16 14
16 37
17 35
18 37
22 14
22 27
22 34
23 27
25 14
25 27
26 6
26 27
26 34
27 6
27 15
27 27
28 21
28 28
28 33
29 1
29 7
29 18
29 26
30 2
30 8
30 9
30 21
31 18
34 13
37 10
37 21
38 2
38 27
38 29
1 2
3 10
3 18
4 6
6 25
7 13
7 19
8 16
9 6
9 21
9 35
10 29
12 30
13 22
13 29
14 1
14 7
14 23
16 3
16 6
16 9
16 11
16 32
17 22
18 19
18 20
18 32
19 14
20 27
22 22
23 26
25 26
26 14
26 26
27 26
28 5
29 8
29 20
29 34
30 6
30 34
31 10
31 19
31 20
31 22
31 35
31 38
32 10
32 37
33 3
33 21
33 35
33 38
34 2
34 9
34 37
37 2
38 16
38 26
38 30
39 35
0 14
1 8
2 23
2 26
3 0
3 7
3 13
4 2
4 22
5 24
7 30
7 38
8 28
8 35
9 2
9 14
9 15
9 30
9 31
10 25
10 35
12 9
12 14
12 15
12 35
14 4
14 29
15 20
16 0
16 5
16 12
18 21
21 12
21 17
21 20
21 23
23 15
25 7
25 37
28 31
29 6
30 10
30 14
34 29
35 35
35 38
38 32
38 33
39 0
39 6
39 11
39 12
39 15
39 17
1 9
1 23
2 12
2 19
3 4
4 16
5 29
8 14
8 15
8 19
8 27
9 32
12 6
13 24
16 2
16 24
16 26
19 23
21 34
22 11
24 34
25 8
25 16
26 11
27 34
29 2
31 12
31 14
32 12
32 14
32 21
33 16
34 10
36 6
36 20
38 24
1 12
1 19
2 11
2 21
5 25
6 11
6 22
7 33
8 23
8 24
10 7
12 28
14 9
16 8
16 35
17 34
18 35
19 30
21 13
21 16
21 18
25 6
26 16
27 12
27 14
28 7
29 17
30 12
30 25
31 17
31 37
33 4
33 8
33 37
34 16
34 26
36 15
38 28
39 1
39 3
1 11
1 21
2 20
4 14
4 15
5 1
6 3
6 5
6 8
7 16
7 21
8 29
9 28
10 4
12 19
12 27
13 14
13 15
14 14
14 15
15 27
16 1
16 7
16 25
18 18
18 22
19 28
19 31
20 11
20 34
23 34
25 34
28 8
28 15
28 32
29 15
30 16
32 25
33 0
33 5
33 7
34 12
34 21
35 37
1 20
2 10
3 6
3 16
6 26
7 31
7 37
8 25
9 19
9 27
10 17
12 18
12 23
14 22
15 18
15 23
16 4
19 19
19 20
19 33
21 19
23 12
23 14
23 24
25 24
26 24
27 24
28 6
33 1
33 13
36 18
37 11
37 16
1 10
2 17
3 2
5 11
6 10
7 14
7 15
7 32
7 36
9 23
9 24
10 1
10 26
12 29
13 26
19 21
20 24
20 26
21 21
25 12
27 16
28 10
28 29
28 38
29 10
29 25
31 11
31 26
31 34
32 11
32 16
33 9
36 14
36 19
38 35
39 14
1 17
2 18
3 14
3 15
3 22
5 3
5 5
5 8
6 7
6 17
9 29
10 0
10 3
10 5
10 8
10 11
12 25
14 24
14 26
16 13
16 34
17 24
17 26
18 34
19 29
22 24
23 25
25 25
26 25
27 11
27 25
28 27
29 21
30 11
31 21
33 6
36 4
36 8
39 4
39 8
1 18
2 13
5 20
5 26
6 4
6 12
6 18
7 28
7 34
8 22
9 25
10 10
19 32
20 25
23 16
28 12
28 14
28 26
29 12
29 14
33 2
33 10
34 11
36 5
36 7
39 5
39 7
1 13
2 24
5 10
6 13
6 19
7 27
14 25
17 25
19 18
19 22
21 15
21 22
22 25
23 11
28 37
36 13
36 17
39 13
1 24
5 0
5 7
5 17
6 9
7 23
7 24
8 26
10 12
12 22
15 15
15 22
19 27
21 27
24 19
25 11
33 12
35 6
35 20
35 25
36 9
39 9
2 25
5 4
5 12
5 18
6 6
7 29
9 22
10 19
18 24
18 26
24 17
24 20
24 23
24 30
28 16
29 16
31 16
35 15
1 25
2 16
5 13
5 19
6 2
7 25
7 35
10 9
10 13
10 18
11 20
11 21
12 24
12 26
15 24
15 26
24 9
24 28
28 11
28 34
29 11
35 3
36 10
39 2
39 10
1 16
5 9
6 16
9 26
10 6
11 17
11 33
18 25
21 14
24 10
24 13
24 18
31 25
35 18
35 23
36 21
2 14
2 15
2 22
5 6
10 2
15 25
24 4
33 11
35 14
35 19
35 22
35 24
36 12
1 14
1 15
1 22
5 2
6 14
6 15
7 22
10 16
11 8
11 11
11 30
11 31
19 34
24 5
28 25
35 4
35 8
5 16
11 10
19 24
19 26
21 24
21 26
24 21
35 0
35 5
35 7
7 26
10 14
10 15
21 11
24 29
35 1
35 13
35 17
36 16
39 16
5 14
5 15
11 12
11 28
11 34
19 25
21 25
24 7
35 9
36 11
11 19
11 27
11 32
24 8
24 15
24 22
11 9
11 13
11 18
11 23
24 6
24 27
35 2
35 10
11 29
24 26
35 21
11 25
11 35
35 12
11 16
24 12
24 14
11 14
11 15
11 22
35 16
24 16
24 24
35 11
11 24
11 26
24 11
24 25
