38 37
39 39
30 0
34 0
36 0
8 2
13 37
35 24
37 38
38 0
38 38
39 3
39 38
1 24
4 10
10 0
11 2
12 0
25 0
37 35
38 1
39 0
5 9
7 37
23 1
23 7
39 1
0 21
3 36
3 39
4 37
12 32
13 34
14 8
16 32
17 37
20 1
21 5
22 9
23 8
30 8
35 32
35 35
37 1
1 26
6 3
6 26
10 3
11 0
12 31
16 0
21 0
22 5
22 8
24 1
36 6
3 26
3 32
3 37
5 2
6 0
6 31
7 0
7 30
11 3
12 3
16 4
20 12
22 1
23 32
29 1
36 37
36 39
0 4
1 7
2 9
2 23
3 28
3 33
5 7
6 33
7 28
8 0
9 2
9 37
12 35
16 34
20 8
20 9
21 34
24 0
25 7
27 1
31 0
31 1
37 27
37 39
38 9
0 2
1 27
2 7
2 14
2 24
2 35
3 4
5 0
5 3
7 7
10 4
15 0
16 38
18 32
18 38
20 0
23 34
24 37
25 8
25 32
27 0
28 19
28 38
33 37
38 12
39 36
0 9
1 30
2 16
2 17
2 36
2 39
3 2
3 8
3 27
3 31
6 35
7 17
7 27
8 30
8 32
9 16
9 32
11 4
12 4
12 5
14 4
14 5
17 34
18 1
18 4
18 8
25 13
27 9
33 39
35 1
36 33
39 32
39 33
0 3
0 10
0 19
1 4
1 25
1 35
4 4
5 21
6 28
7 3
7 4
7 25
7 31
9 3
16 5
16 9
16 12
17 20
19 37
26 28
28 7
28 8
35 6
35 15
35 37
36 24
39 35
1 2
1 10
1 19
1 36
1 39
2 4
2 26
2 32
2 37
3 0
3 3
3 10
3 25
4 2
4 7
4 38
5 30
6 38
7 35
8 38
9 7
9 9
10 5
12 38
16 21
17 16
18 31
18 34
19 38
22 0
22 13
27 15
27 23
27 37
28 15
29 6
31 9
33 38
35 0
35 39
36 8
36 32
39 27
0 14
0 28
2 2
2 21
2 28
2 33
3 34
5 5
6 27
6 34
12 7
14 7
17 9
17 12
17 15
18 13
18 20
19 32
21 37
23 30
25 6
26 37
27 6
27 13
27 29
30 6
31 15
33 28
34 27
36 12
36 15
36 23
36 27
38 8
0 5
0 16
0 17
0 30
1 0
1 3
1 14
1 32
1 37
3 14
3 38
4 0
4 3
5 8
6 10
7 5
7 16
8 31
8 35
9 4
9 35
10 37
16 7
16 27
17 1
17 4
17 8
17 38
18 0
18 5
21 7
21 38
22 19
23 37
24 31
25 15
26 30
27 38
28 1
28 9
30 7
31 6
33 1
33 23
33 29
33 34
34 35
35 9
35 19
35 28
35 38
36 7
0 22
0 35
1 16
1 17
1 33
2 0
2 3
2 27
2 31
3 5
3 16
3 17
4 12
5 25
6 1
6 9
6 25
7 1
7 8
7 34
9 30
10 1
12 1
14 1
17 31
20 7
20 19
22 16
23 38
25 12
25 23
26 31
26 38
27 30
28 0
28 32
31 7
33 19
34 32
35 25
35 29
37 34
38 5
38 7
0 36
0 39
1 21
3 21
5 12
5 15
5 28
5 32
5 37
6 17
7 38
8 1
10 30
10 32
13 8
13 17
14 13
16 30
19 31
20 16
20 32
22 15
23 27
26 1
26 7
26 9
27 31
33 9
33 30
36 19
37 28
38 13
0 26
1 5
1 31
2 25
4 5
5 1
5 33
7 22
7 23
8 34
9 5
9 12
9 15
9 34
10 31
13 0
15 1
16 25
18 7
18 30
20 15
20 34
22 32
25 19
25 37
26 0
26 8
26 23
33 31
34 5
35 8
35 30
37 9
37 22
37 29
38 4
39 6
39 15
0 32
0 37
1 8
2 5
2 34
4 8
4 13
5 27
9 8
9 38
10 17
11 1
13 3
13 31
16 16
17 0
17 5
17 27
23 28
27 12
27 34
28 18
31 13
34 15
35 13
35 31
35 34
37 5
37 12
37 15
37 23
38 24
0 1
0 33
2 8
2 12
2 15
2 38
5 13
5 19
5 31
5 35
6 7
9 27
13 9
16 15
19 13
20 31
22 34
23 4
23 13
23 23
24 5
24 35
25 38
26 13
26 19
26 34
27 27
28 6
29 5
31 12
31 18
32 0
32 1
33 8
34 4
34 9
35 7
35 18
37 25
37 30
38 32
38 33
39 9
39 22
0 27
1 34
3 1
4 30
5 20
6 16
9 13
9 25
10 9
10 27
10 35
13 39
17 30
18 19
19 12
20 21
24 39
25 5
27 5
27 16
27 25
28 16
30 5
33 6
33 18
34 23
34 37
36 5
36 13
37 4
37 31
38 22
38 35
39 12
39 23
39 28
0 8
0 31
1 38
5 22
5 23
6 22
6 23
6 39
7 12
7 15
7 19
8 10
8 39
10 16
12 39
13 4
13 5
13 27
16 23
16 28
16 35
16 39
17 7
17 25
18 16
18 39
19 1
19 4
19 8
19 9
19 30
19 35
21 4
22 31
23 19
24 4
24 9
26 6
29 4
31 5
31 16
32 9
33 7
34 19
34 39
35 16
36 18
36 28
37 19
38 23
38 27
39 29
0 25
1 1
2 13
2 20
4 1
5 34
7 20
9 1
12 17
14 32
14 37
16 19
18 15
18 28
19 25
20 37
22 4
22 23
23 16
25 4
25 27
27 4
27 21
27 35
28 12
28 28
30 4
31 32
32 15
32 32
33 13
33 16
34 8
36 4
36 29
37 8
0 12
0 15
2 1
2 22
4 16
4 17
4 26
5 38
8 17
10 34
13 30
17 21
17 35
18 25
20 38
21 12
21 35
23 15
25 25
25 30
25 34
26 35
28 21
28 29
31 4
31 23
32 23
33 12
33 25
34 38
36 16
39 19
39 30
39 34
0 34
1 12
1 15
3 12
3 15
3 19
4 21
4 28
4 32
6 5
7 13
9 19
9 21
10 38
12 9
13 7
13 25
15 3
19 21
19 27
19 39
20 3
20 30
21 9
22 37
23 3
23 6
23 12
23 35
24 7
25 31
26 12
26 16
26 27
27 22
28 27
32 8
34 3
34 7
34 28
35 21
36 25
36 30
36 34
37 7
38 19
39 8
39 31
0 38
1 20
3 20
4 33
6 8
7 39
9 20
10 6
12 16
14 31
14 34
16 13
17 23
17 28
18 21
18 35
19 0
19 5
20 22
20 25
22 20
22 38
24 8
24 33
25 21
26 25
27 20
28 22
28 25
28 30
28 34
31 37
32 6
32 37
33 21
34 13
34 29
35 5
36 31
37 3
37 13
0 13
1 22
3 22
4 27
5 6
8 7
8 9
9 22
9 23
9 28
10 8
12 6
13 19
13 21
13 33
14 2
14 6
16 3
17 39
19 19
19 23
19 28
20 20
21 3
21 31
21 39
22 30
24 3
26 39
28 5
28 20
28 31
29 3
31 39
32 7
32 39
33 33
34 12
34 18
35 22
36 21
37 18
39 7
0 6
1 13
3 13
4 31
4 35
6 12
6 15
6 19
7 6
8 16
9 39
10 28
12 27
12 33
13 12
13 15
13 20
16 6
17 17
18 23
19 16
20 27
21 6
21 13
21 23
22 3
22 25
23 39
24 13
24 23
25 3
25 22
25 35
26 21
27 3
30 3
32 13
33 5
33 22
34 25
34 30
34 34
35 4
35 20
36 3
38 2
39 13
3 6
3 29
4 25
6 20
7 29
8 4
10 12
10 15
10 19
10 21
13 22
13 23
13 28
14 27
15 2
17 22
19 7
19 15
20 2
20 6
22 6
23 2
23 29
25 20
26 5
28 4
31 3
31 38
32 12
32 18
32 38
33 20
34 2
34 16
34 31
37 16
39 2
39 18
10 20
13 1
14 10
14 38
16 33
17 18
18 3
18 10
19 22
20 28
21 19
22 27
23 21
24 19
26 22
28 35
31 28
32 28
33 4
36 20
37 2
38 18
38 28
1 6
4 6
4 34
6 13
8 25
9 6
10 22
10 23
12 25
13 13
14 30
16 2
18 6
18 22
21 2
21 16
22 17
24 2
24 16
25 39
26 4
26 20
27 33
29 2
30 19
31 29
32 16
32 29
38 29
39 16
2 6
6 29
7 24
8 5
8 29
10 13
14 25
16 29
17 33
20 17
21 15
21 30
21 33
22 2
22 10
22 28
23 22
24 15
25 2
26 33
27 2
27 17
28 17
29 19
30 2
31 27
32 27
34 21
36 2
37 21
38 16
2 18
4 15
4 19
5 18
5 39
8 8
8 33
9 33
12 12
12 15
12 19
12 21
12 36
13 36
18 29
20 35
21 25
22 18
23 20
23 33
24 12
29 9
30 32
31 2
31 17
31 25
31 30
31 34
32 5
32 25
32 30
32 34
35 3
35 17
35 26
36 36
38 25
38 30
38 34
39 5
2 29
4 20
10 39
12 20
14 19
14 21
16 17
17 3
18 2
18 33
20 18
24 36
25 10
25 17
28 3
29 32
30 15
30 23
31 31
32 31
33 17
34 22
37 36
38 31
39 21
1 29
4 22
4 23
6 36
7 18
8 12
8 15
8 19
8 21
11 37
12 22
12 23
12 28
14 14
14 20
17 6
20 10
21 21
21 27
22 22
22 35
23 26
24 27
25 29
29 15
29 23
31 21
32 4
32 21
33 3
33 36
34 20
36 17
37 20
38 21
5 24
6 24
8 20
11 17
12 13
14 22
14 23
14 28
15 8
15 9
15 12
15 32
15 37
16 18
16 24
16 36
17 29
19 36
20 39
24 25
25 18
25 33
26 3
26 17
27 24
30 37
38 10
0 18
5 29
7 36
8 22
8 23
9 29
11 30
11 32
18 17
19 29
21 28
24 28
27 10
27 36
29 37
30 39
31 22
31 35
32 22
32 35
35 2
35 36
37 26
39 20
1 18
3 18
5 14
6 6
8 13
9 18
10 29
11 9
11 31
13 6
16 26
17 2
17 14
17 36
19 33
21 36
22 39
23 17
24 21
26 18
26 36
27 26
28 2
28 33
29 39
31 10
31 20
32 20
38 20
0 29
8 36
9 14
9 36
10 33
11 16
13 29
14 35
15 31
15 34
16 10
18 18
23 36
25 14
25 24
30 13
30 38
33 2
33 24
13 18
14 11
17 24
18 11
18 36
20 29
21 22
23 18
24 22
26 2
29 13
29 38
30 12
30 18
30 28
32 3
34 17
34 33
35 10
36 10
37 17
6 18
9 24
11 27
11 35
13 2
15 5
17 10
19 3
19 24
20 33
21 20
22 14
24 20
25 26
26 24
28 10
28 24
29 12
29 18
29 28
30 29
33 26
38 14
39 26
4 11
10 18
14 39
15 27
17 26
18 24
19 6
20 14
22 11
22 29
25 36
27 14
28 14
29 29
30 16
30 27
32 17
33 10
36 26
39 17
5 11
7 14
9 26
11 7
13 24
15 16
15 38
19 17
19 26
22 33
23 10
23 24
26 10
26 26
28 26
29 16
29 27
30 25
30 30
30 34
31 14
35 14
38 17
5 36
9 11
10 26
11 8
11 25
11 34
13 10
15 7
15 15
15 30
16 14
18 26
20 24
25 11
28 36
29 25
29 30
29 34
30 31
32 2
4 29
8 6
10 10
10 24
10 36
11 38
12 29
13 26
15 25
19 2
19 18
20 11
29 31
30 21
31 33
32 33
34 10
34 26
36 14
37 10
2 11
4 18
11 12
11 15
11 19
11 21
12 18
14 29
20 26
21 17
22 24
24 17
29 21
34 36
38 11
11 20
14 18
14 33
15 19
15 21
18 14
20 36
21 29
24 29
27 11
30 22
30 35
32 10
33 14
39 10
7 11
8 18
11 22
11 23
11 28
15 20
19 10
21 18
22 26
23 14
24 18
26 14
29 22
29 35
30 20
31 11
31 24
32 24
4 24
6 14
11 13
12 10
12 24
13 14
15 22
15 23
15 28
16 11
22 36
29 20
0 11
10 14
14 24
15 13
31 26
32 26
34 14
35 11
36 11
37 14
38 26
1 11
3 11
8 24
12 26
17 11
21 10
21 24
24 10
24 24
28 11
31 36
32 36
14 26
15 35
32 14
33 11
39 14
8 26
14 36
19 14
21 26
23 11
24 26
26 11
30 17
6 11
11 39
12 14
13 11
29 17
10 11
15 39
30 33
34 11
37 11
8 14
11 6
21 14
24 14
29 33
15 6
32 11
39 11
11 29
15 17
19 11
30 10
30 24
11 18
11 33
12 11
15 29
29 10
29 24
15 18
15 33
30 26
8 11
21 11
24 11
29 26
30 36
11 10
11 24
29 36
15 10
15 24
30 14
11 26
29 14
11 36
15 26
15 36
11 14
15 14
30 11
29 11
11 11
15 11
