9 35
22 3
0 37
14 15
30 39
38 6
1 36
1 37
9 15
21 0
25 21
36 32
37 0
37 38
38 3
39 38
0 30
0 32
1 26
2 39
6 7
10 4
18 5
19 3
30 37
32 38
36 37
36 39
38 0
38 28
0 4
0 26
0 39
1 7
1 8
1 32
3 39
4 30
14 38
15 0
19 0
25 22
26 39
36 34
39 30
1 3
1 39
2 11
3 17
8 36
20 11
32 39
34 38
37 37
37 39
39 37
39 39
0 21
0 34
1 25
2 14
2 19
4 14
5 27
7 17
7 36
8 18
9 17
10 30
11 32
13 32
19 6
23 15
24 39
27 30
32 32
32 36
34 33
35 38
38 36
39 31
39 33
39 35
0 25
0 33
1 5
1 27
1 34
3 7
3 37
4 19
4 27
5 11
7 6
7 35
9 37
11 6
17 15
17 17
18 6
30 32
32 30
32 37
33 33
34 3
34 6
35 3
35 6
35 33
37 31
37 33
37 35
0 3
0 10
0 27
1 33
2 13
2 36
3 11
4 3
4 13
4 36
4 39
5 7
6 4
6 19
7 4
7 14
7 15
8 32
8 37
9 14
10 37
11 16
17 14
20 3
21 4
21 31
34 36
38 7
38 31
38 33
38 35
38 38
39 32
0 5
0 16
0 17
2 7
2 8
2 15
2 25
2 30
3 3
3 14
4 5
4 15
4 25
4 35
5 19
5 32
5 36
6 23
7 37
10 5
11 35
12 5
13 5
13 35
14 35
20 0
24 18
27 31
27 37
27 39
31 38
33 1
33 10
33 36
34 37
34 39
35 32
35 36
37 1
37 28
37 32
0 8
0 23
2 21
2 32
3 5
4 4
4 21
4 34
5 28
5 35
8 30
10 27
10 29
11 30
17 0
17 5
17 13
17 30
18 4
18 35
21 35
23 35
23 39
25 13
26 21
26 38
29 0
29 38
33 7
33 32
34 34
35 37
35 39
38 1
38 12
38 29
38 32
39 34
0 11
1 6
1 16
1 17
1 19
1 28
2 3
2 18
2 38
3 4
3 13
3 18
4 18
4 28
4 33
4 37
5 29
5 34
6 6
6 17
7 16
7 25
8 17
9 5
9 16
11 28
11 38
15 4
15 35
18 11
18 15
19 4
23 9
23 13
27 18
30 9
30 12
31 39
32 31
33 30
33 34
35 34
37 30
37 34
38 16
38 37
38 39
0 14
0 28
0 38
1 29
2 5
2 27
2 35
3 15
3 38
4 16
4 29
5 5
5 17
5 21
5 33
5 37
6 13
6 18
8 13
9 3
9 38
11 3
12 4
13 4
13 39
15 30
15 39
17 38
18 14
19 11
19 15
20 9
23 0
23 11
23 22
24 38
25 18
30 3
30 31
30 35
31 36
32 20
32 26
32 29
32 35
33 0
33 4
37 4
38 10
38 18
38 21
38 34
0 6
0 29
1 11
1 38
2 4
2 34
3 26
4 6
4 8
5 0
5 4
5 13
5 18
6 3
6 14
6 15
6 32
6 36
7 3
7 8
8 27
8 28
8 38
9 11
10 38
11 5
11 39
15 3
19 14
20 6
23 16
24 22
25 9
28 32
28 37
29 39
30 1
30 8
31 32
31 37
34 7
35 7
0 13
0 18
1 0
1 14
2 23
2 33
3 6
4 23
5 15
6 35
7 38
8 29
9 0
9 6
9 39
10 3
10 15
11 0
11 14
12 3
13 3
16 0
16 5
17 6
17 37
18 13
19 8
23 10
24 37
26 3
26 13
27 35
30 6
30 18
30 26
31 21
31 30
32 17
33 9
34 1
34 35
35 1
36 8
36 28
0 15
1 21
3 16
3 30
4 10
6 0
6 8
6 30
6 34
7 0
7 10
7 32
8 23
8 39
9 32
10 39
11 11
14 17
14 28
17 32
17 39
19 13
24 16
26 30
27 38
28 30
29 32
29 37
31 3
31 7
32 22
32 25
33 11
33 31
33 35
35 35
36 3
36 6
38 26
39 29
1 13
1 18
2 6
2 28
3 9
3 32
4 38
5 6
5 23
6 16
6 33
6 37
7 39
8 16
8 19
10 0
10 25
10 31
11 13
12 0
13 0
14 5
14 6
18 30
18 32
18 38
20 4
21 32
21 38
23 6
23 17
23 30
23 32
23 38
25 3
25 10
25 39
26 6
26 18
27 22
27 25
30 0
30 29
31 1
33 8
33 29
36 18
36 21
36 30
37 29
38 13
0 0
1 15
1 31
2 29
3 25
4 0
5 16
5 38
6 10
7 30
9 30
11 27
13 37
14 37
15 32
17 4
17 19
21 9
21 13
24 9
24 13
24 30
26 10
27 3
27 10
27 16
27 20
29 30
30 4
30 22
30 25
31 6
32 12
34 0
35 0
37 17
38 9
3 0
3 21
3 27
3 35
4 9
4 31
6 28
7 9
7 33
8 4
8 5
9 8
10 17
11 19
14 11
14 30
14 39
16 6
17 28
17 29
18 16
18 37
19 18
21 5
21 11
21 15
21 28
21 29
21 37
23 37
24 11
24 17
25 6
25 16
25 30
26 0
26 31
26 35
27 15
27 28
28 31
28 35
30 13
31 12
31 31
31 35
32 19
33 5
33 16
33 18
33 21
34 4
35 4
36 12
37 5
37 8
38 11
38 22
38 25
1 23
3 34
6 29
8 14
14 4
14 13
15 16
15 37
16 14
17 3
17 18
18 39
19 16
21 14
21 25
25 15
26 4
26 32
27 6
27 14
28 29
30 28
31 0
31 9
31 29
36 16
36 26
38 5
38 15
38 20
1 9
2 0
3 33
5 8
6 9
6 22
6 26
7 23
7 27
7 28
8 11
8 31
9 10
9 23
9 27
9 28
10 14
10 33
10 36
11 8
11 18
11 31
13 31
15 29
16 11
17 31
17 36
18 10
18 19
19 31
21 10
23 8
24 3
24 10
24 31
24 36
25 0
25 14
26 8
27 17
29 31
29 35
30 11
30 16
30 20
31 4
32 10
36 10
38 14
0 22
5 31
6 38
7 29
8 6
8 34
9 19
9 29
10 11
14 3
14 27
16 4
16 13
17 8
19 7
19 10
20 8
24 19
24 32
25 4
25 17
25 31
25 35
27 0
27 9
29 29
30 15
31 8
31 18
32 3
32 7
32 27
33 26
36 7
36 29
3 23
3 28
5 10
8 21
9 34
10 13
10 34
11 10
14 19
15 15
15 17
15 31
17 25
18 7
18 18
19 17
19 35
21 27
24 6
25 8
25 32
25 38
26 11
26 16
26 20
26 28
26 29
27 4
27 11
27 27
28 28
29 21
30 14
32 1
36 1
36 22
36 25
37 12
2 31
3 29
5 26
6 39
8 3
9 9
10 16
10 19
10 26
11 25
11 36
13 15
13 17
13 28
13 36
14 8
14 36
16 3
17 10
17 21
18 9
19 30
23 28
23 29
26 15
27 8
27 19
27 36
30 5
30 17
30 27
30 33
31 26
32 6
33 13
35 28
36 20
37 16
37 18
37 21
7 12
11 21
14 18
16 35
18 28
18 29
18 36
21 18
21 36
23 25
23 36
24 0
24 28
24 29
25 19
25 37
26 14
28 21
29 28
32 13
33 22
33 25
34 5
34 28
35 5
35 12
36 13
37 10
39 4
39 8
39 17
0 20
2 9
2 22
4 22
5 9
6 31
8 0
8 8
10 18
11 9
11 33
13 33
14 10
14 33
15 6
15 36
16 8
16 30
17 33
18 25
20 12
21 16
23 5
23 21
24 4
24 25
25 28
25 29
26 5
26 17
27 33
29 12
30 34
31 13
32 0
32 9
33 20
34 12
35 16
35 18
35 21
35 30
36 9
37 7
38 19
39 3
39 6
0 9
8 22
8 26
9 7
9 25
10 8
14 29
15 14
17 9
18 21
18 33
20 5
20 31
21 8
21 26
21 33
23 33
24 8
24 20
26 27
27 26
28 27
30 19
31 5
31 22
31 25
32 4
32 11
33 15
34 16
34 18
34 21
34 30
35 10
36 4
36 11
37 26
39 0
5 22
7 21
7 31
8 10
9 21
9 31
11 34
13 14
13 34
14 25
14 34
15 11
15 33
16 10
17 12
17 22
17 34
18 1
23 7
23 27
24 14
25 5
26 7
26 23
26 36
27 34
28 12
28 36
31 11
31 16
31 20
32 8
32 15
33 14
34 10
36 15
2 12
4 12
5 1
10 10
11 7
11 22
13 11
14 9
14 21
14 31
15 13
15 27
16 27
18 27
18 34
19 32
19 38
20 7
20 35
21 1
21 17
21 21
21 34
22 1
23 1
23 19
23 34
24 27
26 19
27 5
29 18
29 27
31 15
32 14
33 17
35 26
36 14
36 27
37 13
1 1
2 20
3 31
4 20
9 1
10 21
11 1
13 13
13 27
15 19
15 34
16 19
17 7
17 26
20 15
20 30
25 7
25 23
25 27
26 33
28 33
29 3
29 10
29 36
31 14
31 33
34 26
36 19
37 9
37 22
37 25
39 12
1 22
6 1
6 20
7 1
8 9
8 20
11 26
13 16
13 19
15 1
16 9
16 32
16 38
18 22
19 1
19 37
20 14
25 36
26 26
27 7
28 18
31 17
33 27
34 31
35 13
35 29
37 11
37 20
39 16
39 18
39 21
3 12
5 20
7 22
9 12
9 22
10 1
10 9
12 1
13 1
14 7
15 18
16 18
17 20
18 12
19 28
19 29
19 39
21 19
23 26
24 5
24 33
25 12
26 34
28 3
28 10
28 34
29 6
29 33
31 34
32 23
33 19
34 13
34 29
35 9
35 22
35 25
37 15
39 10
0 1
4 1
6 12
11 20
12 32
13 18
14 22
15 8
16 37
18 26
19 12
19 25
21 23
23 12
24 26
25 33
27 23
29 13
31 27
32 5
34 9
34 22
34 25
35 11
35 20
36 5
37 14
39 7
3 1
3 22
5 12
7 26
8 7
9 26
10 22
11 12
12 15
12 17
12 28
13 8
16 7
16 28
16 29
16 39
19 21
21 7
23 20
24 7
24 34
25 26
28 6
29 9
29 22
29 25
29 34
30 23
31 19
34 11
34 20
35 15
39 1
39 26
0 12
1 20
10 7
13 29
14 26
15 10
15 25
16 25
18 20
20 32
20 38
25 34
26 1
28 13
29 4
29 11
29 16
29 20
34 15
35 14
38 23
2 1
7 20
9 20
12 35
13 10
13 25
15 21
16 21
16 31
17 23
19 27
20 1
20 18
22 22
22 31
26 12
28 0
28 9
28 22
28 25
29 8
29 15
34 14
35 17
39 13
1 12
11 23
12 30
13 21
14 12
14 20
17 1
19 36
20 16
20 37
21 20
25 1
26 24
28 4
28 11
28 16
28 20
29 14
34 17
37 19
39 9
39 22
39 25
3 20
6 24
10 20
12 14
15 9
19 22
20 28
20 29
20 39
22 9
22 13
22 35
22 39
23 23
27 1
28 8
28 15
29 17
35 27
39 11
39 20
8 12
10 24
12 11
13 9
14 1
16 12
16 36
18 2
18 23
19 33
20 25
21 12
22 11
22 15
24 12
24 23
25 24
28 14
34 27
35 19
36 23
39 15
5 2
10 12
12 13
12 27
15 22
16 22
19 26
20 17
20 21
21 2
22 2
22 14
22 30
23 2
28 17
33 2
34 19
37 2
39 14
1 2
8 1
9 2
11 2
12 16
12 19
13 22
14 23
15 7
16 1
16 33
19 34
22 10
24 1
29 5
29 19
32 24
33 23
38 2
6 2
7 2
13 7
15 2
15 26
16 26
19 2
19 20
20 27
21 24
27 24
2 24
4 24
10 2
12 2
12 18
12 38
13 2
13 26
16 34
20 19
20 36
22 6
28 5
28 19
29 7
30 24
31 23
0 2
4 2
8 24
12 8
12 37
15 20
16 20
20 22
22 32
22 38
30 2
38 24
39 5
39 19
3 2
5 24
12 29
12 39
13 20
17 24
20 33
22 18
28 7
34 2
35 2
11 24
12 10
12 25
15 12
19 23
20 26
22 16
22 37
26 2
37 23
2 2
12 21
12 31
13 12
20 2
20 34
22 8
22 28
22 29
23 24
31 2
15 23
16 23
17 2
18 24
20 20
22 25
24 24
25 2
35 23
36 24
7 24
9 24
12 9
13 23
22 17
22 21
27 2
34 23
12 36
14 2
14 24
29 23
33 24
3 24
12 22
22 27
8 2
12 7
12 33
16 2
20 23
22 5
22 19
22 36
24 2
28 1
28 23
31 24
12 26
32 2
36 2
39 23
12 34
22 7
22 33
12 20
19 24
22 26
37 24
22 34
12 12
15 24
16 24
22 20
35 24
13 24
34 24
12 23
22 12
29 24
20 24
22 23
28 24
29 2
39 24
28 2
39 2
12 24
22 24
