0 1
9 3
32 39
27 38
31 37
39 39
2 18
2 19
3 12
7 4
28 39
39 23
39 35
2 23
2 25
3 26
4 9
4 19
8 39
27 39
29 39
33 37
36 39
37 36
39 37
0 4
0 17
0 20
1 11
1 13
7 39
12 3
13 39
17 13
26 37
28 3
32 36
33 36
34 37
37 37
0 18
0 19
1 2
1 12
1 17
1 20
3 16
4 13
4 23
4 39
22 32
24 39
25 20
26 3
26 38
29 2
34 36
34 39
35 5
35 25
36 21
37 39
39 28
39 29
0 9
0 16
1 18
1 19
1 22
1 26
7 2
9 26
9 39
11 1
15 15
16 17
18 19
19 39
22 29
24 5
24 16
25 32
26 4
28 2
28 37
29 21
35 16
35 27
0 37
1 16
1 23
1 25
2 1
3 17
6 2
6 3
8 35
9 1
9 19
13 1
16 35
22 33
24 4
25 1
26 2
26 33
32 29
33 3
35 22
39 33
0 11
0 13
1 8
3 24
4 15
4 17
6 35
7 1
9 16
9 35
10 19
13 36
16 29
18 39
21 12
24 24
25 29
26 28
27 29
31 1
32 28
35 2
35 20
0 8
0 12
0 29
0 34
0 39
3 15
3 37
6 1
6 36
7 36
12 1
18 24
21 7
24 1
24 12
24 19
25 33
26 20
27 33
28 33
29 1
30 19
35 1
35 4
35 35
38 13
0 22
0 26
0 35
1 3
1 4
1 31
2 24
3 30
4 24
5 12
8 33
9 7
9 24
9 36
11 39
14 24
19 35
21 20
23 1
24 13
26 16
26 29
27 32
28 1
28 32
29 35
29 38
31 38
32 35
32 38
33 2
33 13
35 13
35 19
35 37
36 20
36 22
36 38
38 19
38 35
38 36
0 23
0 25
0 31
0 36
1 7
1 15
1 37
3 9
3 27
3 29
3 34
3 39
4 2
4 3
4 4
5 2
5 3
5 4
5 13
7 5
9 5
9 29
16 34
18 5
18 33
22 1
22 28
23 3
23 5
26 1
29 18
29 19
31 5
33 1
33 38
34 27
35 36
35 39
36 35
38 3
38 6
38 7
38 9
38 18
38 23
38 37
39 38
0 7
3 8
3 35
4 7
5 7
5 17
7 6
8 23
9 6
9 22
11 35
12 29
14 33
18 3
18 13
18 16
18 35
21 16
22 3
24 18
29 5
29 32
30 0
31 3
33 4
34 29
34 32
34 38
36 19
37 38
38 12
38 21
38 25
38 28
38 29
1 27
1 34
1 39
2 31
3 33
3 36
4 1
4 34
5 1
8 26
10 22
11 28
11 33
12 39
13 2
14 26
14 36
16 26
18 15
18 26
21 15
24 2
24 7
24 35
25 22
26 7
26 15
26 27
26 35
28 7
29 27
29 29
31 0
32 21
33 12
34 28
34 33
35 12
35 32
36 25
36 28
36 29
38 5
39 24
1 24
1 35
2 9
2 11
2 13
2 37
3 2
3 3
3 4
3 20
4 18
4 35
5 15
5 20
8 34
9 18
11 27
11 36
14 35
16 20
19 20
21 39
22 36
23 2
23 15
24 9
26 9
26 13
28 9
29 0
29 28
29 36
32 20
32 22
35 0
35 33
36 27
38 32
1 5
1 30
1 33
1 36
2 8
2 12
2 16
3 7
4 30
4 33
4 36
9 9
9 34
10 13
10 18
12 2
12 4
12 35
14 22
16 28
18 2
18 4
18 12
18 17
18 28
19 1
21 1
21 5
21 19
21 29
21 32
22 2
22 4
24 28
25 5
25 35
27 35
28 0
28 35
30 5
33 10
35 10
35 24
36 32
37 23
38 2
38 16
38 33
39 26
0 30
1 6
2 34
2 39
3 1
3 28
4 5
4 27
4 29
5 5
5 16
8 27
8 29
9 28
10 35
12 33
17 1
18 34
19 36
21 3
22 27
23 12
24 31
25 4
25 26
26 0
26 10
26 18
26 19
28 10
29 15
30 2
30 3
32 19
33 0
36 33
37 21
37 25
37 28
37 29
38 1
0 6
0 27
2 3
2 4
2 35
4 6
4 20
5 6
8 8
8 22
8 24
9 20
10 12
10 15
10 26
10 33
12 36
15 1
15 12
18 22
18 31
19 7
19 24
21 33
23 13
24 22
24 36
25 16
26 36
28 20
29 13
31 4
31 7
32 5
36 15
37 27
38 4
38 20
38 22
0 24
1 28
2 7
2 30
2 33
2 36
5 18
8 3
8 4
10 20
10 36
14 34
16 13
17 5
18 36
19 29
19 32
20 7
21 18
21 35
22 20
22 24
23 7
28 16
29 7
30 17
30 33
30 37
31 9
31 12
32 3
32 17
32 31
33 18
35 26
35 38
37 15
37 32
39 31
2 15
2 27
2 29
3 5
5 23
11 34
15 5
16 37
17 3
17 7
19 13
19 16
21 2
21 4
21 22
23 9
25 36
26 22
27 36
28 27
28 36
29 9
29 12
30 15
32 24
35 17
36 3
36 6
36 7
36 9
37 18
37 33
38 38
3 6
5 26
5 34
5 39
8 12
8 31
8 32
8 37
9 31
9 32
10 7
10 16
10 29
14 20
14 27
15 3
15 7
16 1
16 12
16 15
16 27
17 18
18 27
19 15
19 33
20 13
20 16
20 24
20 39
21 28
22 6
22 16
22 34
22 37
24 27
25 12
25 15
28 28
29 17
29 34
30 13
30 39
31 10
31 16
31 18
32 34
33 6
37 3
37 6
37 7
37 9
39 10
39 15
39 34
4 28
5 35
6 37
7 37
8 13
8 28
10 5
12 13
12 19
12 24
13 37
14 13
15 19
15 39
19 19
19 26
20 15
20 29
20 32
22 15
24 17
25 13
26 24
28 15
28 21
29 10
29 24
30 4
30 7
30 32
31 33
32 2
32 13
32 15
33 27
36 5
37 20
37 22
38 0
39 19
0 28
2 5
2 21
5 30
5 33
5 36
8 2
8 17
8 20
10 6
11 3
12 34
16 5
17 2
17 4
17 29
18 9
19 12
19 37
23 39
24 26
25 7
25 31
27 31
28 13
28 31
30 9
30 12
30 27
30 29
32 1
32 26
33 29
33 32
36 16
37 5
38 24
39 18
1 0
2 6
3 21
3 32
5 21
5 27
5 29
9 37
10 0
10 4
10 34
12 12
12 15
14 1
14 12
14 15
15 2
15 4
15 29
16 3
16 7
16 21
16 23
16 31
16 32
17 24
18 0
19 5
19 28
20 0
20 12
20 19
20 33
22 12
22 19
23 20
23 24
24 34
24 37
25 9
25 18
26 34
30 28
32 4
32 7
33 16
33 28
33 33
34 7
34 9
34 15
34 26
34 31
36 2
36 13
36 24
37 16
39 3
39 6
39 7
39 9
39 21
0 0
2 0
2 28
4 10
4 38
5 24
8 1
8 15
9 0
9 10
11 0
12 17
12 28
14 17
14 31
14 32
16 38
17 9
18 6
18 37
19 3
19 18
20 5
20 26
20 35
21 10
21 36
22 13
26 26
26 31
28 18
28 19
29 26
29 31
30 10
30 21
31 32
32 9
32 12
33 21
34 18
35 31
36 1
37 2
37 13
1 10
1 32
4 31
4 32
7 0
7 19
8 38
10 9
10 28
11 13
11 19
11 24
11 31
11 32
12 27
13 0
14 5
15 9
15 24
19 22
20 3
21 27
22 38
23 29
23 32
24 0
24 6
25 10
25 21
25 34
26 6
26 17
27 34
28 6
28 22
28 34
30 22
31 27
31 29
33 20
33 22
36 4
37 1
38 26
38 31
39 5
0 32
4 21
6 0
6 38
7 38
8 7
8 16
9 21
10 27
12 7
12 16
12 22
13 38
14 3
14 7
14 16
14 37
15 33
16 2
16 4
17 33
20 18
20 28
22 9
22 18
23 0
25 23
27 5
27 12
30 35
31 28
32 10
34 34
36 12
36 26
36 31
37 4
37 24
39 16
6 8
7 12
8 5
10 21
11 12
11 15
11 37
12 0
15 36
17 17
17 19
17 26
17 35
19 2
19 4
19 38
21 17
22 0
22 22
23 33
28 24
30 38
31 15
31 21
32 0
33 19
34 3
35 34
37 12
39 2
39 13
0 38
2 32
5 28
6 19
7 13
7 23
8 6
8 18
9 38
10 23
11 17
12 18
12 31
12 32
14 18
15 17
15 26
15 35
16 9
19 27
20 2
20 4
20 22
21 6
21 25
21 31
23 19
24 38
27 3
31 20
31 22
33 8
34 5
35 8
36 10
38 17
38 34
39 1
39 20
0 10
7 17
7 26
10 31
10 32
14 2
14 4
14 21
17 28
18 21
18 38
19 9
24 21
25 25
27 4
27 20
31 6
31 35
34 16
36 0
36 34
37 10
37 26
37 31
39 4
3 38
4 0
4 25
5 0
5 10
6 12
9 25
11 7
11 16
11 22
12 37
13 29
14 23
15 22
15 28
18 23
18 30
20 9
20 36
21 34
21 37
23 6
23 28
23 35
24 23
24 30
27 2
27 16
28 26
29 6
30 24
30 36
31 19
32 23
33 24
34 2
34 13
34 21
37 0
39 12
6 13
6 23
7 15
7 30
7 33
8 9
8 21
10 37
11 5
12 9
12 20
14 9
14 38
17 6
17 22
17 34
18 10
19 31
20 27
21 0
21 21
23 18
27 27
34 1
34 20
34 22
1 38
3 10
5 31
5 32
6 17
6 26
7 27
7 29
11 6
11 18
11 38
15 6
15 18
15 34
21 23
22 30
23 10
23 22
25 17
26 23
29 23
32 30
34 4
37 34
39 30
3 0
6 7
7 16
7 22
7 24
9 30
11 4
13 13
13 19
13 24
17 10
17 36
24 8
26 8
27 15
27 21
28 8
28 17
30 6
30 26
30 31
31 24
33 26
33 31
34 12
34 19
39 0
5 37
6 15
6 30
6 33
10 10
13 33
15 10
17 0
17 20
17 27
20 31
23 36
25 6
27 1
27 13
2 10
2 38
6 27
6 29
7 18
7 34
11 9
11 20
12 38
13 12
13 15
14 25
15 0
15 20
15 27
16 6
16 25
18 25
20 17
21 38
22 17
23 27
24 25
27 7
32 6
32 25
34 10
36 17
4 11
6 16
6 22
6 24
9 11
9 14
10 38
13 17
13 26
16 30
19 6
20 34
20 37
21 8
21 11
25 30
27 9
27 18
27 19
27 30
28 30
30 34
31 26
31 31
33 17
33 34
34 0
34 24
37 17
6 5
7 28
8 25
13 5
14 30
15 14
16 10
17 14
17 31
17 32
18 8
19 21
20 6
23 26
23 31
24 11
26 25
27 22
29 25
31 8
34 30
38 8
38 11
4 14
6 6
6 18
7 9
7 20
11 30
13 7
13 16
13 22
14 6
15 31
15 32
16 0
19 10
19 23
23 8
26 30
27 10
28 23
29 8
29 30
33 11
35 11
35 30
3 14
5 38
17 8
17 37
19 0
20 10
22 10
22 21
24 14
26 11
27 0
27 24
28 11
31 17
31 34
38 14
38 30
39 17
6 28
8 10
10 8
12 10
12 21
13 18
13 34
14 10
15 8
15 37
20 21
22 23
23 17
23 34
23 37
33 14
35 14
36 30
6 9
6 20
7 31
7 32
8 0
10 25
12 23
12 30
13 4
14 0
20 23
20 38
21 30
30 8
30 23
33 23
5 11
10 30
13 28
25 8
27 26
34 17
13 9
13 20
13 27
16 8
17 21
18 11
19 25
26 14
28 25
31 11
32 8
37 30
5 14
5 25
6 31
6 32
11 10
11 21
15 21
17 23
17 38
19 8
19 30
23 11
23 21
29 11
31 23
34 6
11 23
15 23
15 38
17 11
18 14
20 8
21 14
22 8
22 25
23 23
23 38
27 17
36 8
10 11
12 8
12 25
13 31
13 32
14 8
15 11
20 25
23 14
29 14
30 25
33 25
37 8
7 10
7 21
20 30
27 6
30 11
30 30
33 30
34 23
10 14
25 11
2 14
16 11
17 25
30 14
31 25
32 11
39 8
6 10
6 21
11 8
11 25
13 6
15 25
17 30
19 11
23 25
25 14
27 23
31 30
15 30
16 14
20 11
22 11
23 30
28 14
32 14
36 11
8 11
12 11
13 10
13 21
14 11
19 14
34 8
37 11
7 25
13 23
20 14
22 14
36 14
8 14
12 14
14 14
37 14
27 8
27 25
39 11
6 25
11 11
31 14
39 14
11 14
13 8
13 25
34 11
7 11
13 30
34 14
7 14
27 11
6 11
27 14
6 14
13 11
13 14
