0 0
19 15
29 36
0 33
1 10
5 14
7 39
11 34
38 27
39 26
10 9
12 37
39 27
0 30
2 30
4 1
4 11
4 15
7 23
9 39
25 8
32 1
32 2
37 20
37 28
38 5
38 8
39 18
39 22
39 24
39 34
0 32
1 25
4 13
5 15
7 1
7 25
9 3
9 38
10 24
10 35
13 23
15 15
15 34
15 37
16 31
19 23
20 21
26 36
29 4
31 0
33 0
33 17
34 32
36 6
38 0
39 4
39 19
39 32
0 36
1 28
1 31
2 11
2 12
4 26
6 19
8 24
8 25
10 7
11 37
11 39
14 36
17 36
21 29
22 28
25 7
25 37
26 7
28 37
34 1
36 5
36 36
37 25
38 1
38 32
39 0
39 17
39 20
39 37
39 39
1 36
2 13
2 32
2 34
2 39
4 19
4 24
4 27
6 23
7 11
8 11
8 21
10 37
10 39
11 38
12 1
14 37
15 32
16 30
17 31
17 32
19 0
20 0
21 30
22 29
25 17
26 25
26 37
27 35
27 36
29 0
30 37
34 4
34 37
35 39
36 2
36 31
36 39
37 18
37 34
38 19
38 22
38 24
38 37
39 1
0 23
0 26
1 6
1 24
1 30
2 1
4 9
5 21
10 1
10 38
11 3
16 34
17 28
19 17
20 16
21 23
21 37
25 13
25 28
26 26
28 12
29 17
31 7
32 0
33 36
34 39
36 22
37 31
38 7
38 20
39 6
39 9
39 31
39 36
0 39
1 32
1 34
2 2
2 3
2 38
4 6
5 17
6 3
6 15
6 25
6 26
8 6
8 16
9 36
13 16
15 29
16 13
16 37
17 30
20 4
20 5
21 17
21 22
22 7
24 31
24 36
25 23
25 26
26 0
26 19
27 0
27 37
28 4
30 18
32 5
32 12
32 18
32 26
33 4
34 0
36 7
36 19
37 17
37 37
38 2
38 11
38 31
38 36
39 11
1 2
1 3
1 39
2 7
4 34
5 0
5 23
5 31
5 32
5 38
6 10
6 13
7 7
7 17
8 3
9 0
15 14
15 21
17 38
18 0
18 14
18 22
20 22
20 28
20 34
21 15
23 31
23 36
25 0
25 4
25 16
25 22
26 5
26 15
28 35
29 5
31 3
33 13
33 37
34 2
36 27
37 4
37 26
38 17
38 39
39 2
39 8
0 21
0 25
0 38
1 27
2 8
2 37
3 32
3 34
4 0
4 17
4 39
5 9
6 1
6 24
7 8
7 16
7 27
8 1
9 34
10 10
11 30
15 0
15 17
15 38
16 36
18 7
18 23
19 7
20 8
20 13
20 29
20 32
21 38
22 31
22 36
23 4
23 5
25 30
26 2
27 2
30 31
34 27
36 3
36 25
36 30
36 33
36 35
37 14
37 36
39 15
0 29
1 14
1 15
1 38
2 29
2 35
3 39
4 29
4 30
5 6
5 11
5 25
5 26
5 35
5 36
5 37
6 6
7 0
7 28
10 0
10 31
10 32
11 36
13 34
15 8
15 28
20 30
20 36
21 27
25 2
26 30
26 31
28 0
28 25
29 8
30 26
30 28
33 16
34 25
36 14
37 1
37 6
37 8
37 12
37 30
37 39
38 14
39 30
0 27
0 35
0 37
2 23
4 38
5 27
6 17
6 28
6 39
7 13
7 14
8 13
8 14
8 34
8 38
9 31
9 32
10 28
10 36
11 1
11 7
12 35
13 36
14 38
16 9
16 23
17 27
18 8
18 13
19 8
19 13
19 26
20 37
21 35
22 0
22 4
22 5
23 2
23 37
24 30
25 32
26 17
28 13
28 17
29 16
30 22
31 13
31 16
32 3
32 22
33 7
33 15
34 35
36 10
36 12
37 5
37 23
38 3
38 10
38 12
38 30
39 10
39 12
39 35
0 24
1 12
1 16
1 19
1 21
1 35
1 37
3 38
4 7
5 2
5 24
6 16
7 10
7 34
8 10
9 28
10 15
10 17
13 31
15 1
15 7
15 27
16 16
17 26
17 35
18 21
18 34
19 1
19 5
19 34
20 1
21 7
21 16
22 27
22 37
23 30
24 28
25 14
26 9
28 2
28 5
29 1
29 15
30 35
31 5
31 15
32 36
33 5
34 3
34 33
38 35
39 3
39 7
1 7
1 13
2 0
2 16
2 19
2 21
2 25
4 8
4 35
4 36
4 37
5 29
5 30
6 34
8 31
8 32
10 21
10 27
12 2
13 29
13 32
15 26
16 38
18 17
18 28
18 31
18 32
19 28
19 31
19 32
20 9
22 2
24 23
24 26
26 13
26 27
27 12
27 15
28 8
28 22
28 30
28 31
29 9
30 2
30 12
30 19
30 27
30 32
30 33
31 8
32 19
33 8
33 27
33 35
36 26
37 2
37 10
38 33
39 23
1 8
1 29
2 26
3 35
3 36
3 37
7 2
7 31
7 32
9 27
10 2
15 35
16 2
16 15
18 29
18 36
19 3
19 29
19 36
20 26
20 38
24 22
24 38
25 27
25 34
26 1
26 16
26 32
27 1
27 25
29 14
29 38
30 7
31 14
32 37
33 3
33 25
33 33
34 18
34 26
34 28
34 30
35 38
36 38
37 7
37 13
37 16
37 35
0 9
0 11
2 27
4 22
5 7
6 7
6 31
6 32
7 5
8 7
9 2
10 5
10 29
10 30
11 0
13 0
13 9
14 35
16 21
18 1
18 9
18 30
18 37
19 9
19 25
19 30
19 37
21 8
21 25
22 38
24 32
25 1
25 38
27 7
27 26
28 19
28 28
28 38
30 4
30 38
32 8
34 17
34 34
34 38
36 13
36 16
36 29
37 15
37 33
38 13
38 16
39 13
0 6
0 10
0 14
0 15
1 17
2 24
5 8
5 10
6 0
6 8
6 38
7 22
8 0
8 8
8 35
8 36
8 37
9 23
9 29
9 30
13 8
13 11
13 19
13 22
13 28
16 3
16 17
17 25
18 2
19 19
20 27
21 0
21 4
21 5
23 1
23 32
24 8
25 10
26 38
27 17
28 9
30 29
30 34
31 9
32 13
32 16
32 31
33 9
33 22
36 15
37 21
37 29
38 15
38 23
39 29
2 17
7 20
7 35
7 36
7 37
8 22
9 5
9 9
10 13
10 14
10 16
15 25
16 35
18 26
20 3
20 14
21 14
22 17
22 32
23 39
24 35
25 29
26 3
26 10
26 34
27 3
27 22
27 30
27 31
27 34
28 1
28 14
28 32
28 33
29 25
30 23
32 15
32 23
33 34
34 14
36 9
36 23
37 3
38 29
38 38
0 2
0 3
0 12
0 16
6 35
6 36
6 37
7 4
8 29
8 30
9 11
10 4
13 1
13 7
13 27
15 12
17 39
18 3
18 38
19 38
20 19
20 20
20 25
20 35
21 2
22 1
22 15
23 35
24 7
24 15
24 34
24 39
25 3
25 20
26 29
27 13
27 38
28 27
29 10
29 39
32 9
32 28
32 30
33 19
33 26
33 28
33 30
33 38
34 10
34 12
34 23
0 13
2 5
4 5
6 12
6 22
7 29
7 30
8 20
9 15
9 17
11 2
13 20
13 26
15 19
15 39
16 4
16 10
16 27
21 9
21 39
22 23
22 35
23 3
23 34
25 21
25 39
26 14
27 5
27 16
27 28
28 23
28 39
30 39
32 14
32 35
33 11
34 7
37 9
37 38
1 5
4 20
6 2
6 29
6 30
8 2
9 4
9 21
9 24
9 25
11 11
11 15
11 17
11 23
13 30
15 2
15 22
16 26
17 5
21 19
21 20
22 22
22 34
23 17
24 0
24 4
24 5
24 27
25 11
26 39
27 8
28 3
28 34
29 22
29 30
29 31
30 5
30 20
31 25
32 20
32 32
32 33
34 29
38 21
11 5
11 21
11 24
13 13
13 14
14 39
16 6
17 14
17 16
18 4
18 25
20 10
22 3
22 13
23 15
23 28
24 13
26 11
27 32
28 10
28 29
30 8
30 21
31 10
32 21
34 8
34 19
36 21
0 17
0 22
2 4
4 4
5 5
5 22
6 5
6 20
7 12
8 5
8 12
13 10
13 35
15 3
15 5
15 20
16 12
17 7
18 35
19 35
22 16
23 23
23 26
24 2
24 16
24 25
26 20
27 27
27 39
28 20
29 11
29 19
29 26
29 28
30 3
30 13
30 16
31 18
31 36
32 6
33 23
34 13
34 16
0 7
1 4
11 28
13 25
16 11
16 39
17 15
18 10
18 19
19 10
21 1
21 33
22 9
23 22
24 9
25 6
26 6
26 21
27 9
27 23
28 21
29 6
30 15
32 10
32 34
34 15
0 8
0 20
5 20
9 13
9 14
9 16
10 19
11 4
11 33
16 25
17 8
17 13
17 21
19 24
20 6
20 12
20 39
21 24
23 13
24 19
24 20
26 24
27 14
29 32
29 33
30 9
31 37
32 29
32 38
33 29
34 9
1 22
5 4
6 4
8 4
9 8
9 10
10 22
11 13
11 14
11 16
11 27
15 4
17 0
17 17
17 24
20 11
22 39
23 16
24 21
25 24
25 33
27 29
28 11
29 27
30 14
31 11
33 20
2 22
2 33
5 12
11 10
11 26
13 2
15 24
15 33
16 19
17 33
18 12
18 20
19 12
21 3
23 6
23 9
27 20
29 23
31 22
31 31
33 21
36 11
1 20
5 33
8 18
10 20
16 22
18 11
19 11
20 24
21 10
22 14
24 1
24 14
27 21
28 6
29 34
30 24
31 6
32 11
32 24
33 6
36 24
2 20
3 10
3 14
3 28
5 18
10 12
11 6
13 3
13 5
17 9
18 39
19 39
22 6
22 25
26 33
27 10
29 29
31 19
31 26
31 28
31 30
32 39
34 20
34 24
3 23
4 33
7 18
10 33
13 18
15 6
16 20
16 33
18 6
19 6
19 18
23 27
24 33
25 18
28 24
29 20
30 10
31 35
34 21
0 5
3 1
3 9
3 33
4 18
9 33
11 25
12 9
12 31
18 24
20 33
21 12
22 19
22 20
23 14
23 33
24 3
29 21
31 32
31 33
3 2
3 3
3 6
3 11
3 12
3 15
3 16
3 19
3 21
3 25
9 19
12 8
12 11
12 15
12 17
12 23
12 29
12 32
13 4
20 18
21 11
22 10
22 21
22 33
23 25
24 10
24 24
31 27
3 13
3 26
6 18
8 33
9 22
11 19
12 21
12 24
13 12
15 18
17 1
27 11
31 23
33 24
0 4
3 27
7 33
11 22
12 7
16 24
17 2
21 6
21 18
23 19
23 20
27 24
30 11
31 34
34 11
3 24
6 33
9 20
12 28
13 33
14 0
14 9
14 31
18 33
19 33
22 12
23 10
23 21
24 12
27 6
31 29
31 38
3 17
9 12
11 20
13 6
14 8
14 11
14 15
14 23
14 29
14 32
17 3
17 19
22 11
24 11
26 18
28 18
30 6
31 20
3 7
11 12
12 13
12 14
12 16
12 27
14 21
17 10
18 18
29 24
31 21
35 1
35 18
35 22
35 32
1 18
3 0
3 8
10 18
12 10
12 26
14 1
14 7
14 17
22 24
23 12
24 6
24 18
35 4
35 6
35 17
2 18
3 29
12 30
14 28
17 4
17 20
23 11
31 39
35 5
35 27
16 18
17 12
35 0
35 14
35 25
35 31
35 36
14 13
14 14
14 16
14 27
17 11
23 24
27 18
35 2
35 10
35 12
12 25
14 10
14 26
35 7
14 30
17 6
31 24
0 18
3 5
12 5
12 19
22 18
35 8
35 19
35 26
35 28
35 30
3 22
9 18
12 22
35 3
35 13
35 16
35 35
11 18
14 2
14 25
35 15
35 33
3 4
3 20
12 4
12 20
23 18
35 9
12 12
14 3
14 5
14 19
35 23
14 22
17 18
35 34
35 29
12 6
14 4
14 20
35 20
14 12
35 21
12 33
14 6
14 24
35 11
3 18
12 18
14 33
35 24
14 18
