5 38
20 13
12 29
19 12
21 39
22 38
29 27
33 39
38 39
39 39
8 18
14 0
39 33
2 38
10 29
14 12
27 4
32 32
36 33
37 16
37 30
37 32
39 18
39 34
2 17
2 37
8 17
9 38
19 39
21 1
23 1
32 33
39 19
0 13
1 16
5 20
7 17
10 25
18 35
27 26
30 0
31 34
36 38
39 0
39 9
39 16
0 11
0 16
1 36
1 39
10 15
11 25
16 13
16 15
18 29
19 2
19 10
25 1
37 34
37 39
38 32
38 33
39 10
0 0
1 17
2 18
5 18
9 20
19 15
22 31
23 38
24 39
29 31
30 22
30 33
31 4
37 38
38 34
0 20
1 38
2 12
10 35
16 22
20 0
20 10
20 14
21 12
25 17
26 0
27 0
30 6
30 34
34 4
37 31
39 30
0 1
0 32
1 28
1 37
2 15
2 21
2 22
2 25
3 0
5 24
9 25
10 20
11 14
21 0
22 35
23 0
26 38
31 0
32 38
35 34
35 39
36 16
36 18
37 19
39 6
39 28
0 10
0 36
0 39
1 18
5 11
5 23
7 15
10 0
10 17
13 13
14 30
16 29
17 23
19 0
23 10
26 39
27 34
28 38
29 38
35 32
35 38
36 0
36 28
37 0
37 12
37 27
38 6
39 4
0 6
0 12
1 11
1 15
2 1
2 14
6 39
10 12
10 16
10 22
10 39
13 2
16 14
17 20
17 38
18 20
18 30
19 38
22 2
23 35
25 0
28 31
28 39
29 39
31 6
31 38
32 17
32 20
32 24
35 18
35 33
36 30
37 20
38 4
38 31
39 27
0 15
0 21
0 22
0 25
0 38
1 1
5 39
7 14
8 16
9 33
11 2
11 18
14 10
14 23
16 0
16 17
18 2
18 12
19 14
20 2
22 10
24 1
25 10
28 1
29 32
31 39
33 1
35 20
36 6
37 6
37 17
37 22
37 24
39 8
0 37
1 14
1 21
1 22
1 25
1 35
2 6
2 13
2 29
2 35
5 2
5 10
7 16
9 24
9 27
9 30
10 23
10 30
11 15
11 28
11 35
12 35
14 11
14 18
16 35
18 13
18 15
19 17
19 31
22 15
22 27
25 20
30 1
32 27
32 30
33 34
35 22
35 24
35 31
36 4
36 27
37 4
38 8
39 12
39 22
39 24
39 35
0 14
0 18
1 6
1 33
2 10
2 24
2 27
2 33
3 11
5 0
5 12
7 13
9 23
9 39
11 20
12 28
14 15
14 27
14 35
15 12
17 39
18 38
20 16
22 17
22 22
23 39
26 4
30 31
30 38
32 35
33 16
33 27
33 30
33 32
34 1
36 12
36 20
36 35
39 17
39 31
1 10
2 23
2 30
5 15
8 12
10 1
14 1
14 20
14 28
15 0
16 2
16 19
18 27
22 1
22 28
22 30
28 30
28 35
29 35
30 15
30 28
30 39
32 4
33 33
35 29
36 8
36 22
36 24
37 8
37 26
0 2
1 12
3 6
11 22
11 24
11 38
12 38
15 13
16 38
17 29
18 0
19 1
19 29
22 32
25 12
28 2
28 32
29 28
30 29
31 35
32 22
33 2
33 18
35 0
35 26
36 15
36 31
37 35
39 1
39 26
0 24
0 27
0 29
0 35
1 29
2 19
3 10
5 5
5 14
5 19
5 29
5 35
6 2
9 12
9 19
9 32
10 28
10 32
11 17
14 14
14 22
14 38
16 27
17 33
18 24
18 32
23 12
23 15
24 0
25 2
26 10
26 36
27 2
27 31
27 38
29 29
30 2
30 11
30 17
31 1
32 0
32 36
33 10
33 31
36 36
37 14
38 1
38 35
0 23
0 33
1 24
1 27
2 2
3 12
5 16
5 27
5 33
6 0
8 19
9 28
11 16
14 3
14 9
14 17
15 2
16 16
16 28
17 12
17 22
18 14
18 22
19 18
21 11
22 14
23 17
23 22
23 32
25 18
27 39
28 36
29 36
30 8
32 10
32 26
33 6
34 2
35 6
35 10
36 17
36 26
37 13
37 29
38 15
0 30
1 2
1 23
1 30
2 0
2 32
3 15
5 1
5 13
5 30
7 2
8 22
8 38
10 10
10 19
11 13
11 39
12 39
13 10
14 16
16 24
16 39
17 13
17 15
18 17
19 16
22 12
22 20
23 26
25 16
26 26
27 10
28 28
30 18
30 32
30 35
31 36
32 6
33 23
33 26
35 4
35 35
36 1
37 1
37 36
38 10
38 18
38 28
0 5
0 8
1 19
7 0
7 10
9 15
9 31
9 36
10 11
10 13
10 31
10 36
11 0
11 10
12 26
13 11
14 6
14 39
16 10
17 36
19 8
19 36
21 8
22 0
25 26
25 35
26 22
28 3
28 29
30 14
30 16
33 3
33 8
35 17
37 11
38 19
38 36
39 2
39 14
3 2
3 14
3 39
5 8
6 5
6 8
7 11
7 22
7 38
10 26
11 11
11 32
12 32
15 14
16 11
16 32
17 2
17 30
18 11
19 19
19 30
22 33
23 36
25 3
25 19
26 12
26 31
27 3
27 22
27 30
28 24
28 33
30 3
30 9
30 13
30 23
31 2
32 8
33 12
35 8
36 14
38 2
38 16
38 27
39 13
2 5
2 8
2 31
5 3
8 2
8 14
8 25
10 5
10 8
11 26
13 5
13 8
14 26
14 32
18 1
18 8
18 33
19 32
20 8
20 39
25 31
25 38
27 32
27 35
30 19
30 36
31 20
31 24
32 12
34 3
35 12
35 36
36 13
38 20
1 5
1 8
3 13
5 28
5 32
6 1
7 5
7 8
7 20
8 0
8 10
11 5
11 8
12 12
13 25
15 10
15 30
17 27
18 26
18 36
19 9
19 27
20 31
21 9
23 20
23 33
24 2
24 8
25 8
25 14
25 39
26 15
26 20
27 12
30 25
33 15
33 35
36 2
37 2
38 22
38 24
39 11
0 19
3 17
3 38
5 9
6 9
7 25
8 11
8 13
9 2
9 14
11 19
11 31
11 33
12 14
12 31
12 33
13 1
13 29
14 4
14 24
15 11
15 23
16 31
16 33
17 14
17 28
18 18
20 22
21 3
22 18
23 8
25 13
27 20
27 25
28 10
29 4
31 27
31 30
32 15
35 15
36 11
39 3
39 29
0 3
2 9
3 5
3 8
3 20
3 21
3 22
3 25
3 37
7 1
8 29
8 35
9 0
9 10
9 16
9 26
10 9
11 1
11 36
12 2
12 36
13 9
13 30
14 19
14 31
14 33
15 18
16 1
16 8
16 26
16 36
17 17
17 24
17 34
18 3
18 16
19 6
19 24
19 28
20 9
20 35
21 6
21 15
21 31
22 16
22 24
23 13
23 30
26 30
27 15
27 28
27 36
28 6
28 26
29 24
31 3
31 10
32 1
32 28
33 17
35 1
35 19
38 3
0 31
1 9
1 31
2 26
5 31
6 3
6 17
6 22
7 9
8 5
8 8
8 24
8 27
8 33
9 11
9 13
11 9
12 23
13 23
14 36
16 9
17 10
18 25
20 3
20 29
21 17
21 22
22 8
24 9
25 9
25 11
25 30
26 32
27 5
27 29
28 22
32 29
33 28
33 36
36 9
36 29
37 9
38 12
38 26
2 3
3 18
5 36
7 29
7 35
8 23
8 30
10 3
10 34
12 18
13 3
13 18
15 20
15 29
15 35
17 11
17 31
18 6
18 19
19 33
20 6
21 35
22 19
23 9
23 11
23 27
24 3
25 32
26 27
27 17
27 33
29 0
30 5
31 22
32 19
33 29
34 5
36 3
37 3
37 23
1 3
3 9
5 4
6 6
6 20
7 3
7 24
7 27
7 33
8 1
9 5
9 8
9 34
11 3
12 15
13 15
15 1
15 8
16 3
16 25
21 29
23 3
23 18
24 6
24 15
25 6
25 27
26 2
26 8
26 14
26 16
26 18
28 12
29 10
31 31
33 14
35 23
39 23
0 26
3 29
3 35
6 25
7 23
7 30
8 9
8 39
10 6
12 20
13 6
13 20
13 35
15 9
15 22
19 4
19 5
20 20
20 38
21 4
21 5
22 9
22 11
22 34
23 6
23 16
23 24
23 28
24 17
24 22
26 13
26 24
26 28
27 18
28 20
29 6
31 12
31 26
32 2
32 14
33 13
35 2
35 14
39 5
1 26
1 34
2 34
3 3
3 24
3 27
3 33
5 26
6 12
6 18
7 6
9 1
11 6
15 17
15 38
16 6
17 18
18 34
19 23
21 14
22 3
22 23
23 29
24 26
24 35
25 24
25 28
25 36
26 29
27 8
27 14
27 16
28 15
29 22
31 5
32 13
32 23
33 19
35 13
36 23
38 5
38 17
0 4
3 23
3 30
6 15
7 39
8 3
8 28
8 32
9 9
12 22
13 22
15 3
17 1
17 8
17 16
17 26
18 4
18 5
19 21
19 26
20 4
20 5
20 30
21 20
22 6
23 19
23 34
25 29
26 9
26 11
26 19
26 33
27 13
31 15
33 9
33 11
33 21
37 25
6 4
6 29
6 35
11 34
12 17
12 34
13 17
13 38
16 21
16 34
17 9
20 32
24 4
24 5
24 31
25 5
25 33
26 3
27 19
28 17
29 12
32 9
32 11
34 16
35 9
35 11
35 25
36 5
37 5
39 25
39 37
2 4
6 14
6 24
6 27
6 33
7 28
7 32
8 6
9 3
9 21
10 4
12 0
12 10
12 16
13 4
13 16
14 34
15 6
15 39
20 27
21 30
22 37
23 4
23 5
24 12
26 6
27 9
27 11
29 20
30 21
31 17
32 3
34 34
34 39
35 3
38 14
0 34
1 4
5 34
6 16
6 23
6 30
7 4
8 31
11 4
12 11
12 13
15 27
16 4
16 5
17 3
17 25
19 25
20 18
21 32
22 25
23 23
24 20
26 23
28 18
29 15
32 25
34 18
34 27
34 30
34 32
34 38
36 25
38 13
38 29
3 28
3 32
6 13
7 19
8 36
9 6
9 37
10 21
10 37
13 39
15 28
15 32
17 37
19 34
19 37
20 24
20 28
21 27
22 4
22 5
25 23
26 37
27 23
28 8
28 14
28 16
29 1
31 18
32 37
33 25
34 10
34 20
34 33
36 37
3 4
7 31
12 5
12 8
13 27
15 24
17 6
21 18
24 30
25 21
28 13
28 37
29 17
29 37
31 14
31 16
31 28
34 22
34 24
38 11
3 19
7 36
8 4
13 28
13 32
15 4
15 5
15 19
20 19
20 33
21 16
21 24
21 28
24 32
26 5
28 19
31 13
31 29
31 37
33 5
34 31
37 37
3 31
4 11
6 28
6 32
8 26
12 1
12 24
13 24
14 7
15 31
15 33
18 37
20 36
23 25
24 27
26 25
28 9
28 11
29 18
31 19
32 5
34 8
35 5
38 23
38 37
3 36
4 17
9 4
12 9
12 19
13 19
15 36
21 19
21 33
23 37
24 18
25 25
29 2
29 8
29 14
29 16
31 9
31 11
34 12
34 26
37 21
4 6
4 20
4 21
4 22
4 25
4 37
6 19
7 26
11 21
11 37
12 37
13 31
13 33
16 37
17 4
17 5
20 23
21 36
24 14
24 16
24 24
24 28
24 36
25 34
28 23
29 13
30 37
35 21
35 37
4 10
6 31
12 3
13 36
14 21
14 37
20 26
24 13
24 29
29 19
30 7
31 23
34 15
3 26
4 12
4 18
6 36
8 34
15 26
17 21
18 21
21 23
22 21
24 19
24 33
29 9
29 11
32 21
36 21
38 25
4 15
12 6
19 7
21 7
21 26
24 11
27 37
29 3
34 17
34 35
4 29
4 35
7 34
13 26
20 25
28 5
28 25
29 23
31 7
33 37
38 7
0 7
4 2
4 14
4 24
4 27
4 33
6 26
15 25
18 7
20 7
20 34
24 23
31 25
3 34
4 0
4 16
4 23
4 30
5 7
6 7
15 34
21 25
23 21
24 7
25 7
26 21
34 14
34 28
34 36
36 7
37 7
2 7
4 13
10 7
12 4
13 7
21 34
23 7
27 21
34 13
34 29
1 7
7 7
11 7
13 34
16 7
25 37
29 5
29 25
34 19
4 5
4 8
6 34
8 21
22 7
24 25
34 9
34 11
3 7
4 28
4 32
8 37
24 34
38 21
4 1
7 21
8 7
15 7
26 7
33 7
34 23
4 9
4 19
7 37
20 21
28 21
32 7
35 7
4 31
9 7
15 21
20 37
27 7
31 21
4 3
4 36
15 37
17 7
21 21
12 21
13 21
21 37
34 25
6 21
13 37
29 21
4 26
6 37
24 21
24 37
28 7
4 4
4 34
12 7
29 7
34 21
34 37
34 7
4 7
