0 13
1 39
28 20
6 36
1 37
27 21
35 37
36 36
37 19
7 17
11 33
23 3
28 9
30 2
31 1
34 12
34 16
39 27
0 9
0 17
0 27
1 36
2 38
3 23
3 25
4 9
4 37
8 4
26 19
30 1
35 16
37 17
38 18
38 20
39 37
0 0
0 21
0 24
1 10
2 35
2 36
4 35
6 38
10 32
10 38
14 39
15 33
17 33
18 25
18 30
25 4
26 3
26 21
36 17
37 0
37 3
37 14
37 15
37 29
38 19
38 35
39 30
39 34
0 7
0 23
0 35
0 38
4 8
4 38
9 4
18 32
20 0
22 20
24 25
25 3
28 23
28 24
29 19
32 3
32 12
35 17
37 27
37 28
38 36
38 37
0 10
0 33
0 37
1 12
1 33
2 15
2 31
2 32
9 6
13 12
15 12
16 3
16 30
22 29
24 1
26 25
27 3
28 6
28 26
34 8
35 35
36 1
36 2
38 17
39 29
0 4
0 8
3 6
4 33
5 36
7 5
10 29
10 35
13 5
14 3
15 5
17 0
21 34
22 0
22 1
25 34
26 12
29 27
31 25
31 29
34 1
34 2
34 15
35 1
35 2
37 5
37 23
38 24
38 25
38 31
39 4
0 15
0 18
0 32
0 36
1 31
1 32
3 22
4 1
4 17
5 1
5 37
7 2
7 37
7 39
8 0
9 23
9 39
11 39
12 32
12 33
13 3
13 32
13 33
16 32
17 32
18 3
18 9
19 26
19 34
21 19
23 0
23 1
25 27
26 1
27 7
29 15
29 23
29 24
30 6
32 6
32 11
33 3
33 9
33 39
34 5
34 39
35 4
35 12
36 4
36 39
37 1
37 2
37 26
37 35
38 29
38 33
39 0
39 3
39 5
0 5
1 6
1 7
1 11
2 19
2 21
2 24
3 1
4 0
4 22
4 25
4 31
5 0
5 35
6 39
7 9
8 5
9 9
9 31
9 35
11 0
11 37
14 30
14 32
17 5
17 25
19 30
23 5
24 23
24 28
24 30
25 1
25 25
25 29
28 0
28 5
28 12
29 18
29 26
31 3
32 0
34 4
34 13
34 29
35 24
35 28
35 39
36 18
36 31
37 6
37 8
37 11
37 36
37 37
38 27
38 28
39 39
0 22
2 23
2 25
3 0
4 2
4 4
4 39
5 2
5 4
5 38
7 0
9 17
13 8
14 9
17 12
17 23
18 19
18 28
19 29
19 32
21 25
22 23
22 26
23 7
24 26
26 5
26 7
26 17
26 23
27 1
28 4
29 3
29 35
31 0
31 11
34 9
34 27
34 31
35 6
35 8
35 11
35 18
36 12
36 27
36 28
36 33
36 34
37 13
39 6
39 31
0 3
0 11
0 28
0 29
1 1
1 8
1 14
2 28
2 29
3 2
3 4
4 12
5 28
5 29
5 32
7 11
7 14
8 3
9 0
9 12
9 32
14 0
15 3
16 28
16 29
18 0
18 26
23 30
28 25
29 2
29 9
30 0
30 5
31 17
31 34
31 35
32 5
33 6
33 29
34 0
34 33
34 34
35 0
35 20
35 26
35 29
36 14
36 15
36 24
38 39
39 33
1 0
1 17
2 16
3 37
4 5
4 15
4 18
5 5
5 7
5 33
7 3
7 16
8 1
9 33
10 30
12 11
13 0
14 17
14 25
16 4
16 37
17 4
17 9
17 39
18 5
18 35
18 39
19 39
21 18
21 30
22 28
22 33
26 0
26 13
27 5
27 12
27 19
28 15
29 1
29 30
30 4
31 6
31 30
31 39
32 4
32 15
32 28
33 1
33 2
33 31
34 7
34 24
35 21
35 23
35 31
36 6
36 8
36 11
38 26
39 1
39 2
1 2
1 4
1 19
1 21
1 24
1 28
1 29
2 18
3 5
3 9
3 17
3 19
3 31
3 32
3 35
3 36
6 6
7 8
9 3
9 8
9 18
10 18
10 25
10 37
10 39
11 1
12 5
12 6
12 14
13 7
13 14
14 4
14 19
14 37
15 37
17 1
21 3
21 29
22 12
23 11
24 34
25 0
25 9
25 23
25 33
26 27
27 4
27 8
28 29
29 11
29 21
29 33
30 7
31 19
32 7
32 9
32 33
32 34
32 35
33 33
33 34
33 35
34 19
35 25
35 33
35 34
36 20
36 26
36 30
37 9
37 31
38 23
0 16
1 23
1 25
2 6
2 7
2 9
3 10
3 38
4 3
4 7
4 11
4 28
4 29
5 3
7 1
12 3
12 16
13 4
14 12
14 28
14 29
16 1
17 6
18 18
21 13
23 6
23 20
23 29
25 26
25 37
25 39
26 6
26 29
27 0
27 22
27 27
28 8
28 13
28 18
29 25
31 20
32 13
32 27
32 39
33 5
34 20
34 26
34 30
35 9
36 21
36 23
37 22
37 33
37 34
0 30
1 5
2 10
2 22
2 30
3 3
3 8
3 26
5 17
5 30
5 39
7 13
9 1
9 26
9 37
12 37
12 39
13 18
13 25
13 37
14 1
14 22
15 0
15 11
16 35
17 7
17 28
17 29
18 4
18 8
18 11
21 17
22 35
22 37
22 39
23 8
23 25
23 34
26 8
27 15
27 26
27 29
28 17
28 34
29 6
29 37
29 39
31 5
31 9
31 15
31 21
32 17
33 4
33 16
33 27
34 21
34 23
35 13
36 25
37 7
37 39
38 4
38 12
39 16
39 21
2 1
2 8
3 12
3 33
7 7
9 7
10 23
12 9
12 18
12 25
13 1
14 35
15 18
15 35
17 26
17 35
21 0
21 1
21 9
21 23
21 33
22 22
23 19
25 12
25 19
25 28
26 11
26 34
29 28
30 8
31 4
31 37
32 24
33 0
33 7
33 17
33 30
34 25
35 7
35 30
36 9
38 0
38 3
38 5
39 7
39 12
39 18
39 20
39 24
39 25
1 3
1 15
1 18
1 30
2 0
2 12
3 15
3 18
4 14
6 25
7 25
10 4
10 11
11 34
12 13
13 13
13 28
13 29
15 4
15 8
15 13
15 17
15 23
15 30
18 1
18 6
18 17
19 33
21 5
21 26
21 35
21 37
21 39
24 4
24 9
26 16
26 22
27 13
27 18
27 34
28 22
28 35
31 7
31 13
31 18
32 19
32 29
33 24
34 18
36 13
38 14
38 15
39 19
0 26
2 2
2 4
2 34
3 28
3 29
4 16
4 30
4 34
5 12
5 26
6 12
6 31
7 31
7 35
9 27
9 30
10 5
10 6
10 12
12 0
12 28
12 29
12 35
13 23
13 35
16 18
19 27
19 35
21 7
22 32
24 2
24 20
26 35
27 17
29 5
29 14
29 16
32 20
32 26
32 37
33 19
36 7
38 6
38 8
38 11
38 32
39 14
39 15
1 22
3 11
3 39
5 15
5 18
6 2
6 4
6 9
6 15
9 14
9 19
10 19
11 2
12 15
12 23
13 15
15 1
15 6
16 17
16 23
17 2
17 11
18 31
21 28
22 2
22 9
22 31
23 18
23 23
24 33
25 18
25 32
27 35
29 4
29 32
31 32
32 21
32 23
33 20
33 26
35 22
39 11
39 17
2 5
2 11
4 20
6 32
7 32
9 16
12 4
12 8
14 8
15 7
15 25
16 2
16 34
18 22
21 4
22 5
22 18
22 27
23 2
23 26
23 28
24 12
24 19
24 35
24 37
24 39
25 7
25 22
25 31
26 2
26 14
28 28
28 30
29 0
29 7
29 22
29 31
31 8
31 31
32 25
33 15
33 21
33 23
36 32
38 1
38 2
38 22
4 13
4 21
4 26
5 11
5 22
5 23
5 27
6 5
6 11
6 18
6 33
7 33
9 2
10 9
10 22
10 34
13 19
14 2
14 14
14 20
14 34
15 34
16 12
17 13
17 22
17 34
18 27
22 7
23 13
23 33
25 2
25 13
26 28
26 30
27 11
28 33
32 18
33 25
34 32
36 22
39 32
0 34
1 34
2 3
2 26
3 14
3 30
9 24
12 1
12 19
13 2
14 6
14 21
14 26
15 28
15 29
16 27
16 31
17 31
21 6
21 14
21 15
21 16
21 22
22 13
23 17
23 35
23 37
23 39
25 17
26 33
27 2
27 28
27 30
28 14
28 16
28 37
28 39
31 22
32 14
32 30
33 13
33 18
34 22
38 9
39 23
1 16
3 16
5 34
6 3
6 8
6 22
6 23
6 28
6 29
7 22
7 23
7 28
7 29
9 13
9 34
10 0
10 26
12 7
12 30
12 34
13 22
13 34
14 7
14 11
16 9
17 14
17 15
17 16
18 2
21 8
21 11
22 4
22 17
22 21
24 5
24 18
26 37
26 39
27 33
29 8
32 32
33 32
35 32
38 13
39 9
4 27
5 14
5 19
6 14
12 22
13 31
18 14
18 15
18 16
19 12
19 31
24 7
24 24
25 6
27 37
27 39
37 32
38 7
39 13
5 16
6 16
9 15
10 3
10 8
11 17
11 31
13 26
14 13
14 27
14 31
15 2
18 24
22 6
22 24
23 22
24 13
24 32
25 8
25 11
26 24
27 14
27 16
31 14
31 16
34 36
1 26
2 20
3 13
6 7
6 19
7 19
10 14
10 27
11 36
12 26
15 19
17 27
18 20
18 36
19 3
19 19
22 8
22 11
24 17
24 31
32 22
2 13
3 34
6 30
7 30
9 20
10 1
10 16
10 20
11 11
14 15
14 16
16 8
17 20
17 38
18 21
18 38
19 38
21 27
21 31
23 32
28 32
30 12
33 22
33 38
34 38
36 38
4 24
5 13
6 13
9 21
10 7
10 21
11 5
11 6
11 12
12 2
13 27
15 22
16 19
17 21
21 2
23 31
24 6
25 24
25 36
26 32
28 31
30 27
35 38
39 38
12 27
13 20
14 24
16 6
16 36
19 0
19 9
21 21
22 36
23 14
23 15
23 16
24 8
24 11
25 14
25 15
25 16
25 38
26 31
27 32
29 36
30 23
30 24
39 22
1 20
3 20
6 26
7 26
10 13
10 24
10 36
11 18
11 25
12 20
13 21
14 36
15 26
15 36
16 7
16 11
16 22
16 38
17 24
17 36
19 5
19 18
19 23
22 14
22 15
22 16
22 38
27 31
29 38
30 11
30 17
30 26
31 36
33 14
38 38
8 38
11 9
12 21
14 38
15 38
19 7
21 24
21 36
31 38
5 20
6 34
7 34
9 36
10 15
11 28
11 29
12 36
13 24
13 36
15 15
15 16
16 13
19 13
19 36
21 38
23 21
30 19
30 29
32 36
33 36
5 21
6 27
7 27
8 17
8 25
10 2
11 23
12 24
12 38
13 10
13 38
15 27
15 31
19 4
19 17
24 14
24 15
24 16
30 20
32 38
6 20
7 20
8 12
8 31
8 35
15 20
16 14
16 15
16 16
23 10
23 24
24 36
30 15
30 21
30 34
30 35
33 10
37 38
5 24
6 21
7 21
11 8
15 21
19 1
19 6
24 38
28 10
30 25
8 18
8 32
11 14
11 19
15 10
16 20
18 10
19 8
19 11
19 22
23 36
24 21
28 36
30 13
30 18
34 10
6 24
7 10
7 24
8 9
8 33
9 10
11 16
11 30
15 24
16 21
20 12
20 25
23 38
26 10
26 36
28 38
30 28
30 30
11 7
11 22
20 34
26 38
27 36
30 33
8 11
8 22
8 23
8 28
8 29
16 24
20 3
20 19
20 30
27 38
30 37
32 10
37 10
8 37
8 39
11 13
11 26
17 10
19 14
19 15
19 16
20 29
20 32
35 10
8 8
19 2
30 22
31 10
8 14
8 19
11 15
19 20
20 9
27 10
36 10
8 16
8 30
11 27
19 21
20 5
20 18
20 23
8 7
11 20
12 10
14 10
20 7
20 26
21 10
29 10
30 14
30 16
30 32
11 21
19 24
20 13
30 31
8 13
8 26
20 4
20 17
20 28
25 10
5 10
6 10
11 24
20 33
22 10
8 15
8 34
20 6
20 35
20 37
20 39
38 10
8 27
10 10
20 8
20 11
20 22
39 10
8 20
24 10
8 21
16 10
8 24
20 14
20 15
20 16
30 36
20 2
20 27
20 31
30 38
20 20
20 21
8 36
19 10
20 24
11 10
30 10
20 36
20 38
8 10
20 10
