1 6
5 28
9 11
23 18
26 25
9 4
10 27
15 38
26 28
27 26
34 0
35 36
36 14
37 24
39 1
0 25
0 36
0 39
2 7
3 28
4 6
4 27
7 32
9 38
10 17
17 9
18 35
22 35
25 26
25 29
28 18
29 11
30 12
33 2
33 37
36 37
36 38
38 16
38 25
38 26
38 38
0 21
1 4
1 9
1 35
2 8
2 10
2 22
3 24
4 25
4 29
4 31
5 39
6 4
7 20
7 38
8 33
9 26
11 11
11 14
13 27
14 23
17 1
17 23
22 11
22 29
23 29
27 18
29 19
30 20
36 35
37 28
38 0
0 0
0 3
0 22
0 32
1 8
1 39
3 10
3 25
4 13
5 4
6 3
6 31
7 2
7 7
7 17
7 22
8 8
8 10
9 13
9 23
10 12
13 12
17 22
18 37
20 36
21 7
22 28
22 37
23 28
27 19
28 9
30 11
33 18
34 36
36 32
37 18
38 20
38 22
39 0
39 37
0 29
0 31
0 35
1 10
1 13
1 32
1 38
2 20
2 28
2 29
2 31
4 3
4 11
4 16
4 20
4 22
4 32
5 6
5 7
5 20
6 5
7 3
7 5
7 6
7 10
7 14
7 18
7 27
7 31
7 39
8 22
8 29
9 8
9 18
10 8
10 28
11 4
11 7
11 22
11 28
15 10
17 30
17 37
19 35
19 38
20 17
20 30
20 38
21 26
21 30
21 37
23 6
23 8
23 37
24 26
24 33
25 17
27 23
28 12
28 20
32 13
32 34
33 5
34 11
34 31
37 1
37 16
39 36
39 38
1 2
1 14
1 28
1 29
1 31
2 5
3 18
4 38
4 39
5 5
5 22
5 33
6 21
7 11
8 27
9 6
10 6
10 38
11 12
12 22
12 37
13 0
15 8
17 14
18 4
18 6
18 8
18 11
18 38
19 33
20 11
20 33
21 8
21 33
22 6
22 8
22 36
23 12
24 19
24 28
25 19
25 36
28 31
28 34
28 36
29 13
30 0
30 10
30 19
30 32
33 14
33 32
34 34
35 15
36 12
37 9
37 10
37 11
37 13
37 31
37 34
0 4
2 3
2 13
2 23
2 26
2 33
3 33
4 9
4 17
4 23
4 36
5 2
5 9
5 26
5 32
6 33
6 38
8 2
8 4
8 31
9 14
10 23
11 0
11 10
13 9
15 4
17 8
17 38
18 12
18 21
20 12
20 23
20 25
20 28
21 1
21 36
21 38
22 19
22 31
23 33
23 36
24 9
24 12
24 17
24 31
24 34
26 10
26 35
27 29
28 0
28 13
28 23
29 0
30 36
31 9
31 11
31 15
32 1
32 12
32 35
34 5
34 10
34 13
35 9
35 14
35 19
35 20
37 0
37 2
37 19
38 19
39 35
0 23
0 26
2 4
2 14
2 16
2 39
3 5
3 7
3 9
3 12
3 32
4 2
5 13
5 23
6 0
6 8
6 27
8 3
8 13
8 17
8 24
8 28
8 37
9 0
9 7
9 29
9 33
10 7
10 22
13 17
13 29
13 38
15 22
16 37
17 15
17 33
18 0
18 25
18 31
19 4
19 6
19 36
21 14
23 9
24 1
24 5
24 6
24 10
24 20
24 25
25 20
25 31
25 35
26 37
29 36
30 14
30 16
30 17
31 18
31 37
32 9
33 3
33 9
33 11
34 1
34 4
34 16
34 17
34 35
35 7
35 11
37 6
37 32
37 35
38 29
38 31
38 34
38 36
0 2
1 24
2 35
2 38
3 3
3 6
3 14
3 16
3 23
3 35
3 38
4 26
4 34
5 0
5 11
5 16
5 24
5 36
6 39
8 5
8 6
8 9
8 18
8 21
10 37
11 24
11 29
12 30
12 36
13 6
15 6
15 17
17 11
18 15
18 17
18 30
18 34
19 28
21 0
21 9
21 19
21 23
21 25
22 1
22 9
22 15
23 1
23 10
23 23
23 25
23 31
23 34
24 21
25 21
26 33
27 21
27 35
28 28
28 37
29 7
30 7
30 35
31 3
31 10
31 19
33 1
33 6
33 16
33 17
33 34
34 3
34 12
35 29
36 1
36 7
37 4
37 21
39 5
39 7
39 8
39 33
0 37
1 18
1 21
1 25
1 37
2 2
2 17
2 36
3 4
3 20
3 26
3 30
3 36
4 0
4 12
5 14
5 30
6 7
6 10
6 13
6 22
6 36
7 0
7 9
7 24
7 26
7 34
7 37
9 9
9 24
9 31
10 9
10 30
11 26
11 37
12 27
13 7
13 10
13 26
14 30
15 13
17 5
17 12
17 28
17 34
17 36
20 7
20 31
21 5
21 10
21 31
22 10
22 13
22 23
22 25
23 20
24 0
25 33
26 32
27 24
27 36
28 5
28 10
28 32
29 5
29 16
29 35
30 3
30 28
30 33
30 37
31 1
31 13
32 5
32 10
33 10
33 13
33 23
33 31
34 23
35 2
35 13
35 28
36 33
37 3
37 12
37 17
38 32
38 35
39 9
39 10
39 11
0 7
0 11
0 16
1 12
1 22
3 17
4 37
5 17
6 11
6 30
7 12
8 14
8 25
8 34
9 21
9 28
11 21
11 31
13 8
14 26
16 31
17 0
17 18
19 26
19 29
20 4
20 6
20 18
21 17
22 0
22 5
22 20
23 0
23 21
24 2
24 4
24 7
25 14
25 15
25 24
26 5
26 6
26 17
26 18
26 31
26 34
27 33
28 3
28 7
28 16
28 21
28 29
29 3
29 14
29 15
29 31
29 34
29 37
30 1
31 4
32 33
33 20
33 35
34 6
34 8
34 20
35 5
35 32
36 0
36 2
0 9
0 18
2 0
3 2
6 14
6 23
7 30
7 35
10 2
10 36
11 25
11 33
11 39
12 21
12 39
13 25
13 37
14 39
16 33
16 39
17 20
17 26
17 29
18 13
19 1
19 34
20 8
20 13
20 34
21 34
22 2
22 21
23 2
23 14
23 15
24 38
25 11
25 34
25 37
26 3
26 13
26 19
27 32
28 1
28 14
28 15
28 24
29 1
29 8
29 23
30 4
30 8
30 21
30 29
31 2
32 38
33 12
33 29
34 33
34 38
35 4
35 12
35 21
35 31
36 5
38 5
38 7
38 8
38 21
0 8
0 13
0 30
1 20
2 12
2 30
4 30
5 37
6 24
6 26
7 15
7 25
8 0
8 35
9 20
9 25
9 39
10 24
11 20
11 36
12 18
12 28
12 35
13 2
13 21
13 31
14 25
14 37
15 30
15 39
16 36
17 2
17 24
19 39
20 39
21 3
21 12
21 20
24 14
24 15
26 38
27 34
27 37
28 4
28 25
29 4
30 2
30 24
30 26
31 6
31 7
31 16
31 17
31 38
33 38
35 3
35 16
35 17
36 4
36 23
38 9
38 10
38 11
38 13
39 4
0 10
0 14
1 17
1 30
2 37
3 0
3 37
4 15
5 12
5 34
6 37
8 30
10 15
10 21
10 32
10 34
11 2
11 15
12 20
12 31
13 18
13 33
14 24
14 31
15 21
16 34
18 2
18 5
18 28
18 39
19 0
20 24
23 13
23 38
25 12
26 4
26 7
26 20
27 11
28 2
28 8
28 38
29 2
29 28
30 25
31 14
32 4
32 6
32 7
33 24
33 26
34 24
34 26
36 3
36 18
36 24
36 29
37 33
38 2
39 3
1 15
1 23
2 34
3 34
6 9
6 34
8 12
9 15
10 3
11 34
12 33
13 5
13 20
13 36
14 28
14 33
15 2
15 5
15 18
17 13
17 39
18 18
19 10
19 14
20 1
20 9
21 39
22 32
24 13
24 24
26 2
26 21
27 9
27 12
29 32
30 38
33 25
33 33
34 25
35 6
35 26
36 28
0 17
1 1
1 26
5 35
6 1
6 12
6 25
9 1
9 34
10 20
10 25
10 35
12 13
12 24
13 3
13 34
14 36
15 20
17 3
17 32
18 20
18 26
18 29
19 2
19 5
19 21
21 15
21 24
22 3
23 3
23 24
24 30
27 30
29 29
29 38
31 8
33 21
34 21
34 30
35 25
35 39
36 6
37 39
38 4
38 33
39 6
2 15
5 1
6 35
9 30
10 1
10 39
11 3
11 35
12 4
12 11
12 14
12 26
12 29
14 29
14 34
15 31
16 35
18 3
20 0
21 18
22 24
23 32
24 39
25 5
25 6
25 30
25 38
26 8
26 14
26 15
27 13
29 24
29 26
31 23
31 34
32 8
32 15
32 39
33 8
34 39
35 33
36 19
36 20
38 3
38 12
38 39
39 14
39 15
39 17
39 18
39 23
39 24
39 27
39 28
3 15
4 1
5 15
6 19
7 1
9 35
12 9
13 1
15 3
15 28
15 33
19 15
19 17
19 32
20 32
21 13
21 32
25 1
25 3
25 9
26 39
27 38
29 25
31 28
31 31
31 39
32 18
33 39
35 8
36 39
39 20
39 22
39 25
39 26
39 29
0 1
0 12
2 19
4 19
5 19
8 15
11 1
12 0
12 25
13 35
15 36
18 24
19 3
19 11
19 23
20 2
20 5
22 16
23 39
25 10
27 5
27 6
28 39
31 32
31 35
32 19
32 23
36 8
38 6
39 13
39 16
2 1
6 15
10 16
11 16
11 32
12 6
12 12
13 39
14 35
15 1
15 26
15 29
15 34
16 32
17 19
19 12
20 16
20 22
24 22
25 0
25 4
25 7
25 22
26 30
27 3
27 22
28 30
30 22
30 39
31 29
32 20
32 28
32 31
35 22
36 17
36 26
37 30
39 39
7 19
8 1
9 16
9 19
9 32
11 19
12 7
12 10
14 11
14 14
14 15
19 9
25 2
25 16
27 1
27 10
29 39
30 30
31 24
31 26
33 30
36 25
39 19
3 1
12 8
12 19
13 32
15 25
18 32
20 3
21 22
23 16
23 22
25 39
27 4
27 7
27 14
27 15
28 22
31 25
32 29
36 21
38 30
0 15
12 32
13 16
13 19
14 4
14 9
14 32
15 24
15 35
17 16
20 27
22 22
24 16
25 8
25 27
26 27
27 2
27 27
27 39
31 21
31 33
32 16
32 17
32 24
32 26
35 30
37 27
3 19
10 19
14 0
14 17
15 16
15 19
18 16
18 19
19 18
22 27
23 27
32 25
33 22
34 22
8 16
8 19
14 6
14 12
19 13
19 20
19 27
27 8
29 30
32 21
12 2
12 5
14 7
14 10
15 32
17 27
19 24
21 16
24 27
26 22
39 21
1 19
14 8
16 7
21 27
26 16
28 27
29 22
12 15
16 9
16 14
16 23
30 27
36 30
12 3
14 21
16 4
16 22
31 30
33 27
34 27
14 18
16 15
16 17
18 27
35 27
36 22
12 1
14 2
14 5
14 13
14 20
16 6
16 11
31 22
32 30
16 10
16 12
19 22
29 27
39 30
16 8
16 28
19 16
19 19
32 22
12 16
14 3
15 27
16 21
16 26
16 29
36 27
14 1
16 18
31 27
16 2
16 5
16 13
16 20
16 25
16 24
32 27
14 16
14 19
16 3
16 16
16 19
16 27
