0 0
0 16
39 5
0 2
35 20
38 0
38 2
1 28
3 16
4 18
7 13
38 6
0 32
1 9
3 2
5 34
6 2
10 32
11 34
18 36
20 38
21 3
30 25
37 3
38 21
39 1
39 3
0 27
0 29
0 36
1 15
2 1
6 16
10 29
12 34
13 29
13 32
16 16
16 38
17 35
18 2
18 32
28 34
31 21
34 21
38 20
39 0
39 2
39 23
0 6
0 8
0 10
0 33
1 2
1 3
3 1
6 34
6 36
8 33
9 2
9 38
17 38
26 29
27 0
27 37
28 37
29 32
29 34
31 0
35 2
39 21
39 39
0 13
0 18
0 28
1 7
1 32
1 34
3 30
4 36
5 3
5 4
5 9
5 32
6 39
7 9
7 33
7 34
7 36
8 32
8 36
13 35
14 2
14 32
14 35
18 29
18 38
19 37
23 3
25 5
26 32
27 3
27 7
30 20
35 19
36 18
37 20
37 34
37 39
38 14
38 15
39 20
0 19
0 22
1 1
1 38
3 29
5 38
6 3
7 3
8 2
9 16
9 33
11 38
12 28
12 31
12 38
13 36
13 37
14 36
14 37
21 30
22 0
26 37
35 15
37 18
37 25
39 38
0 9
0 14
0 25
0 26
1 4
1 11
1 33
1 39
3 17
3 34
3 36
4 17
5 5
5 30
5 39
7 17
7 31
8 3
8 38
9 32
9 34
10 17
10 34
11 36
11 37
12 36
12 37
16 19
17 33
17 37
19 15
19 19
20 32
21 0
22 2
28 0
29 7
29 19
29 29
31 23
35 26
36 19
37 30
37 38
38 7
38 18
0 11
0 38
1 12
1 13
3 27
4 2
4 11
4 38
5 7
5 28
5 29
7 4
7 5
7 14
8 9
9 7
10 38
12 29
12 33
13 24
13 33
18 0
18 17
18 37
20 36
20 37
21 34
21 35
21 36
21 37
22 34
22 35
22 36
22 37
23 5
24 27
24 38
24 39
25 0
27 6
28 3
29 2
29 36
29 38
29 39
30 32
30 34
30 38
30 39
33 0
33 2
33 3
34 23
37 19
39 26
39 33
0 39
1 5
1 37
3 31
3 33
4 6
4 12
4 13
4 21
4 39
5 37
6 9
6 14
6 17
8 4
9 4
9 14
10 19
10 30
10 36
10 37
13 30
14 3
15 7
16 7
18 15
18 33
19 2
19 3
19 16
19 27
23 29
24 32
25 2
25 6
26 35
26 36
27 38
27 39
28 38
28 39
31 32
31 35
32 0
32 2
32 3
32 35
33 34
33 35
34 25
37 32
39 37
0 7
1 14
1 18
2 16
3 19
3 22
3 38
4 1
4 27
5 35
6 37
8 7
8 31
10 26
11 2
14 15
14 33
15 2
16 2
20 29
29 6
29 30
30 15
30 19
30 22
35 6
37 5
37 22
37 37
38 8
38 10
39 9
39 12
39 30
0 37
1 19
1 22
1 31
2 3
2 18
3 6
3 25
3 26
3 39
4 3
4 4
4 14
4 32
4 37
5 31
6 12
7 37
8 30
8 37
9 22
13 26
14 5
14 24
14 27
14 30
18 16
19 32
20 17
20 30
20 34
22 5
23 0
23 17
24 30
24 34
24 35
24 36
25 13
26 3
26 38
26 39
27 2
28 7
29 5
29 23
30 35
31 37
31 38
31 39
32 37
32 38
32 39
33 37
34 39
35 23
35 32
35 38
37 7
37 36
39 14
39 15
0 21
1 25
1 26
2 6
2 19
2 22
2 28
2 32
2 34
2 36
3 9
5 16
5 18
5 19
6 5
6 7
6 35
7 15
7 22
8 19
9 28
9 31
11 7
12 26
14 17
18 5
19 7
20 19
21 7
21 16
21 27
22 7
23 2
23 7
23 13
23 19
23 32
25 15
29 10
29 12
30 30
31 36
32 36
33 36
35 25
35 34
35 35
37 28
37 29
38 13
38 22
39 32
0 35
1 35
2 9
2 25
2 26
3 4
3 11
3 37
4 5
4 7
4 25
4 26
4 30
4 33
4 35
5 0
6 15
6 19
7 28
7 29
7 35
8 16
8 35
9 30
10 24
11 4
13 39
14 39
18 20
19 39
20 33
21 39
22 39
23 15
26 5
28 33
29 22
31 22
31 30
32 6
33 5
33 20
33 23
36 0
36 14
37 1
37 13
37 31
39 18
39 34
2 0
2 4
2 11
2 30
2 33
3 12
3 13
4 28
4 29
6 32
7 0
9 5
9 26
9 35
9 39
10 9
10 27
10 35
11 3
12 0
12 30
14 13
14 19
15 3
16 3
16 13
16 34
16 39
17 1
19 0
19 20
19 29
21 17
21 31
23 30
23 34
23 35
23 36
23 37
26 7
26 33
27 13
27 19
27 34
28 2
28 6
29 1
29 33
30 27
30 31
30 36
31 1
31 28
31 29
32 5
33 25
34 22
35 1
35 7
35 16
35 28
35 29
35 37
36 3
37 8
38 35
39 22
1 17
2 12
2 13
2 29
2 38
3 0
3 5
3 7
3 35
4 15
4 20
5 22
7 1
7 26
9 0
12 1
13 27
14 28
17 39
18 28
18 31
19 30
19 34
20 2
20 3
21 1
21 19
24 3
25 1
26 28
26 31
27 15
27 29
27 32
28 5
29 16
29 27
30 0
30 3
31 31
33 30
35 17
35 31
35 36
36 6
36 16
37 10
37 12
38 26
38 33
39 28
39 29
2 5
2 7
2 17
2 39
3 14
3 21
5 12
5 13
6 0
6 22
6 30
8 22
9 1
9 15
9 21
11 39
12 27
12 39
14 0
14 6
14 31
16 32
18 1
18 39
20 39
24 23
27 9
28 9
29 14
29 17
30 7
33 28
33 29
33 33
34 32
34 38
35 13
36 17
37 16
37 27
39 7
39 31
1 21
2 14
3 24
4 31
6 1
6 28
6 29
7 21
8 0
8 28
8 39
9 13
9 24
10 2
10 20
14 1
16 24
16 35
18 6
18 21
18 22
19 13
19 33
20 23
22 16
22 27
22 29
23 23
26 2
26 6
26 13
26 19
27 1
27 35
29 21
33 15
33 19
33 31
34 34
34 35
35 5
35 8
35 22
36 2
36 26
37 17
38 16
38 30
38 39
0 20
1 24
2 21
2 31
2 37
5 14
5 17
7 6
7 24
8 1
9 27
10 14
10 39
11 5
15 5
16 5
16 29
18 26
19 5
19 21
19 22
20 7
23 1
24 5
24 20
24 33
26 15
27 30
29 28
30 16
30 33
31 3
31 27
33 1
33 7
34 30
35 10
35 12
35 27
38 17
39 13
2 24
4 24
6 26
7 27
8 17
8 26
9 6
10 7
13 22
14 12
16 12
18 13
18 23
20 20
20 31
21 13
22 17
23 20
24 7
24 13
24 31
27 12
29 9
30 2
30 6
30 17
31 7
31 15
31 33
32 1
33 22
34 28
34 29
34 37
35 33
36 7
36 30
36 39
38 32
38 38
39 8
39 27
2 35
5 21
6 31
10 4
10 23
12 9
12 21
13 9
20 0
20 28
21 23
22 19
24 15
27 20
27 23
28 1
30 5
30 8
30 26
33 13
33 27
34 6
34 31
34 36
37 24
38 25
38 34
39 10
4 0
5 24
6 21
8 6
8 21
10 3
11 0
12 16
13 16
13 23
15 0
16 0
16 33
23 33
24 0
26 23
29 26
30 10
30 12
33 8
36 13
36 23
36 32
36 38
3 20
5 15
6 6
6 24
8 12
8 24
9 12
9 20
11 1
11 21
11 28
11 31
13 2
14 20
14 21
14 22
15 1
16 1
16 30
18 25
19 1
19 12
19 14
21 20
22 15
22 30
23 31
24 2
24 6
24 21
24 22
24 28
25 27
27 16
29 24
30 14
30 24
31 6
31 13
31 24
33 10
33 12
34 0
34 2
34 3
36 5
36 8
36 25
36 34
36 35
37 9
38 4
38 28
38 29
38 37
1 20
6 27
7 20
8 15
8 27
11 6
11 16
12 14
13 14
14 8
15 6
16 6
18 8
19 6
19 31
20 21
20 22
21 4
21 6
22 6
23 21
23 22
23 28
25 9
25 12
25 14
26 1
26 20
27 17
27 27
28 29
31 5
31 8
34 15
34 19
34 24
34 27
36 10
36 12
38 31
38 36
39 16
39 24
2 20
3 23
9 23
11 29
11 32
12 7
12 17
13 7
13 17
14 23
16 27
18 4
18 12
18 14
19 28
20 5
21 9
21 12
21 14
22 9
22 12
23 9
23 12
23 14
25 4
25 37
27 21
27 33
28 13
28 19
31 10
31 12
31 26
34 7
34 33
36 28
36 29
36 37
37 4
39 17
1 23
7 23
10 5
10 15
10 25
11 14
12 4
13 4
20 13
22 23
24 26
25 29
25 32
26 16
27 31
28 15
29 4
30 1
32 20
32 21
33 16
35 9
36 31
36 36
2 23
4 23
5 8
5 10
5 20
7 8
7 10
9 18
10 13
11 17
12 3
12 19
13 3
13 19
13 25
14 10
16 10
20 26
21 21
21 22
21 28
23 26
24 18
25 19
26 9
26 17
27 4
27 14
27 28
28 30
33 17
33 26
34 13
35 24
38 27
6 20
7 18
8 20
9 8
12 25
16 18
16 31
17 9
19 26
22 20
23 4
24 24
25 30
25 34
25 35
25 36
26 21
26 22
31 16
32 32
33 4
34 5
34 8
36 1
36 22
4 10
5 23
10 0
11 19
11 26
15 14
16 21
16 22
16 28
17 17
20 1
20 24
23 24
24 1
28 23
30 9
31 17
32 4
33 24
34 10
34 12
36 27
6 23
8 8
8 10
8 23
9 10
9 25
10 1
10 18
14 25
15 34
17 7
17 15
19 10
19 24
20 6
21 26
24 25
25 38
25 39
26 14
27 26
28 4
28 12
29 18
32 15
32 19
32 23
33 9
33 14
36 33
6 8
6 10
7 25
10 6
11 30
12 5
12 15
13 5
13 15
15 4
16 4
16 23
19 4
19 18
20 9
20 12
20 14
20 25
22 4
22 31
23 25
25 8
25 10
25 23
26 26
28 20
28 22
32 25
36 9
4 8
10 12
11 8
11 24
12 13
13 13
15 8
15 32
15 38
16 8
16 26
17 16
17 24
18 10
19 8
19 25
21 8
21 10
21 24
22 8
22 10
22 21
22 22
22 28
23 8
23 10
24 9
24 12
24 14
27 24
28 27
31 9
31 14
32 30
34 16
35 4
11 15
11 27
15 16
15 24
15 35
17 29
25 20
26 4
26 24
28 16
30 18
32 13
32 28
32 29
34 1
34 17
3 8
3 10
11 13
13 0
15 17
15 29
15 36
15 37
21 25
22 14
26 8
26 10
27 25
28 17
28 31
32 8
32 31
38 11
2 8
2 10
6 25
8 25
12 20
12 22
13 1
13 20
14 18
17 3
17 19
18 18
22 26
25 33
26 25
28 21
28 28
30 4
32 10
32 12
38 24
7 11
12 6
13 6
14 11
15 19
16 11
16 25
20 18
23 18
25 17
25 31
29 11
32 22
34 9
34 14
11 20
11 22
12 12
12 23
13 12
15 33
17 30
20 4
22 24
25 21
25 22
25 28
27 18
28 14
32 27
36 4
36 24
15 30
20 8
20 10
24 4
28 26
31 4
32 16
32 33
8 11
9 11
10 8
10 10
11 12
11 23
17 5
17 20
17 27
19 11
21 18
22 25
24 8
24 10
32 17
37 11
6 11
8 18
15 15
15 27
17 13
25 11
25 26
26 18
28 24
33 18
15 13
18 11
21 11
22 11
23 11
17 31
25 24
28 25
31 18
32 9
32 14
34 4
35 11
15 31
15 39
17 21
17 22
17 28
26 11
27 11
32 26
11 25
12 8
12 10
13 8
13 10
15 20
15 21
15 22
15 28
17 6
22 18
25 25
39 11
17 12
17 14
17 23
30 11
32 24
11 10
15 12
15 23
17 26
33 11
34 18
12 18
13 18
15 26
20 11
28 18
36 11
10 11
24 11
31 11
11 18
25 18
17 25
15 25
17 4
17 8
17 10
32 18
34 11
12 11
13 11
15 10
28 11
11 11
17 18
15 18
32 11
17 11
15 11
