13 32
30 0
2 37
4 37
21 0
28 0
5 36
6 0
13 17
13 33
4 3
12 17
38 3
0 4
0 10
1 3
4 35
29 27
30 22
33 6
0 28
3 0
6 18
19 10
24 28
26 0
33 3
34 39
35 3
36 4
38 39
0 3
1 0
3 36
4 0
7 10
10 36
12 15
12 36
14 34
19 3
25 36
28 13
35 38
38 33
3 35
4 31
6 20
7 0
8 15
8 20
11 33
14 33
17 33
19 25
23 22
29 22
30 26
31 2
31 7
32 3
34 4
38 27
39 0
0 0
0 35
0 36
0 38
3 30
4 21
9 28
12 4
13 23
23 12
23 28
26 1
27 0
29 32
32 7
32 12
36 0
36 2
36 6
36 9
37 0
37 2
0 8
0 23
0 37
2 4
4 8
9 31
11 36
14 7
16 28
17 36
19 22
21 10
24 26
25 29
28 36
29 24
30 29
32 26
33 0
33 2
35 0
35 2
36 7
38 0
38 2
38 21
0 18
0 20
0 21
0 27
2 3
2 16
2 19
3 2
3 31
4 18
5 30
5 33
6 2
7 12
7 17
8 30
8 36
10 0
11 3
14 4
18 3
19 19
19 38
21 28
23 0
24 22
24 24
26 13
30 1
30 3
31 1
31 9
32 24
34 3
35 39
38 10
39 1
0 31
1 2
2 12
2 15
4 2
7 4
7 16
11 19
12 10
12 21
13 21
15 24
16 0
16 36
17 31
19 34
20 19
21 33
21 36
22 34
24 29
24 33
26 3
27 1
27 12
28 10
29 30
30 12
30 33
32 0
32 2
32 9
32 20
34 6
34 10
36 1
37 1
38 5
38 30
38 36
2 0
4 16
4 23
4 33
5 23
5 32
6 10
6 17
8 4
9 33
11 0
11 23
12 23
13 16
13 30
14 10
15 34
19 5
19 15
25 33
29 36
32 19
33 1
33 5
34 7
35 1
35 36
38 1
38 9
38 12
38 13
38 22
38 29
0 2
2 28
2 30
2 39
3 38
4 12
4 15
4 24
5 24
5 34
5 38
6 19
8 17
8 19
8 21
8 22
8 31
8 38
9 4
11 31
12 3
12 16
12 31
14 36
15 33
19 12
20 10
23 1
23 31
23 38
24 30
24 32
24 38
25 14
25 19
26 16
28 3
29 28
30 6
30 28
30 31
30 38
35 27
38 7
0 7
0 16
2 8
3 39
4 7
4 27
4 32
4 38
5 27
5 39
7 3
8 14
8 16
8 25
8 39
9 32
9 38
11 15
13 38
16 31
17 30
17 32
17 39
19 0
19 7
19 9
19 33
20 39
21 5
23 29
25 1
25 26
25 27
25 32
25 38
27 3
27 19
30 5
30 9
30 35
32 1
32 13
34 0
34 2
34 32
38 16
38 20
38 24
0 15
1 35
1 36
1 38
2 17
2 31
3 33
4 28
4 34
4 39
5 28
6 4
7 2
7 14
8 3
8 28
9 34
9 39
11 28
12 0
12 12
12 28
13 7
13 24
13 39
14 3
14 15
15 28
20 34
21 22
21 31
21 38
22 28
23 25
25 22
25 24
26 6
26 10
28 33
30 21
31 22
32 18
32 32
35 22
35 32
36 8
38 19
0 9
0 33
1 28
1 30
1 37
2 14
2 23
4 9
6 8
6 12
6 15
8 2
8 33
9 3
9 29
10 34
11 18
12 34
13 4
13 27
13 29
13 35
14 12
14 16
14 28
16 6
16 38
18 5
19 14
19 24
20 25
21 29
22 33
23 3
23 5
23 15
23 16
23 21
23 30
23 32
23 35
23 39
24 34
24 39
25 31
26 7
26 9
26 15
28 6
28 8
30 25
30 34
30 39
31 32
32 5
34 30
34 36
35 26
36 5
38 28
38 35
0 25
1 10
1 18
1 20
1 21
2 2
2 24
3 32
4 17
6 37
7 7
7 9
8 11
9 2
10 38
11 10
12 9
12 20
12 38
13 18
13 20
13 25
14 0
14 22
14 23
16 30
16 32
19 27
19 36
20 21
20 28
21 2
21 6
23 27
25 3
25 5
25 34
25 39
26 14
27 6
28 5
28 7
28 38
29 12
30 4
30 13
31 6
31 8
31 10
32 14
32 21
32 30
32 36
34 1
34 16
34 22
34 29
35 24
35 30
35 35
38 31
0 32
1 31
2 27
3 34
4 5
4 14
4 19
4 22
5 22
8 7
8 32
9 0
9 15
10 39
11 21
11 22
11 32
12 18
12 39
14 38
16 27
16 39
17 35
18 0
19 18
19 31
20 2
20 5
20 33
21 7
21 9
21 19
21 30
21 32
21 39
24 12
26 4
27 5
27 7
27 13
27 30
28 19
28 22
28 30
28 35
29 21
29 33
31 5
31 30
31 36
32 8
32 10
32 25
32 29
34 8
34 26
34 33
35 6
35 9
35 12
35 13
35 29
38 14
38 18
38 34
0 5
0 17
0 29
0 34
2 7
5 3
6 30
6 36
8 34
9 7
9 20
9 23
11 24
11 34
12 24
12 30
14 14
14 39
15 36
16 2
19 4
19 20
19 29
20 18
21 27
22 36
23 6
23 20
24 21
27 26
27 27
27 36
28 11
28 26
28 27
30 19
31 13
31 26
31 29
32 4
32 33
34 5
34 11
34 20
34 24
35 7
35 34
38 8
0 14
0 19
0 22
1 24
2 33
4 6
5 10
7 37
8 9
9 35
10 1
11 2
11 27
11 38
12 5
12 27
13 10
14 19
15 31
16 22
16 35
18 7
18 9
19 8
20 1
20 15
20 20
21 15
21 16
21 35
22 31
23 7
23 9
23 14
25 6
25 10
25 16
27 24
28 4
28 24
28 34
28 39
29 9
29 25
29 38
30 14
30 16
31 20
31 24
31 33
32 15
34 19
35 16
0 11
0 39
1 16
1 27
2 9
3 1
4 25
5 18
5 25
6 1
6 7
6 14
6 23
7 5
8 26
9 9
10 35
11 7
11 12
11 14
11 16
11 25
11 39
12 25
12 35
13 3
14 31
16 1
16 29
19 30
19 32
20 6
20 12
20 36
21 4
22 29
24 1
24 25
25 7
25 9
26 2
27 4
27 16
29 20
29 35
30 8
30 10
31 4
31 19
32 38
34 14
34 28
34 35
38 15
1 1
1 8
1 12
1 15
2 22
2 32
3 10
3 20
3 29
4 1
6 24
6 31
7 11
7 30
7 36
8 5
11 1
12 6
12 8
12 11
14 5
14 35
16 10
19 2
20 7
20 9
20 31
21 24
23 18
24 20
26 8
26 19
26 30
27 10
29 31
30 18
31 14
31 16
31 38
32 28
32 35
34 31
35 20
35 28
38 25
1 33
2 5
2 11
2 34
3 4
3 21
4 29
5 4
5 16
5 20
5 29
6 9
6 27
7 6
8 29
9 5
11 9
11 29
12 2
12 29
13 0
14 11
14 21
15 7
15 30
15 32
16 19
18 4
20 29
22 30
22 32
22 38
23 4
26 11
26 26
26 27
26 36
27 9
27 18
28 2
29 13
29 34
29 39
30 15
31 28
31 35
32 31
34 18
34 34
35 19
35 31
0 1
0 26
5 8
5 12
5 15
6 28
7 20
7 23
8 6
8 35
9 17
11 35
13 12
13 26
14 6
14 24
14 30
15 4
15 27
15 38
19 1
19 17
19 39
20 14
21 8
21 14
21 21
22 0
22 12
22 27
24 3
24 5
25 4
25 21
26 22
26 24
27 2
27 15
29 3
30 23
31 18
31 31
32 34
34 15
35 14
1 32
2 6
2 25
3 18
4 11
6 5
6 33
7 24
7 31
8 8
9 6
9 12
9 14
9 16
9 19
9 21
9 22
11 5
12 1
14 2
14 8
14 27
16 15
18 6
19 26
20 4
20 17
20 24
20 30
20 32
21 11
22 10
23 11
23 23
26 17
27 14
27 21
27 29
27 33
28 16
28 29
31 11
31 15
31 34
31 39
32 17
32 23
34 21
35 8
35 10
35 25
1 17
1 34
7 1
7 27
9 8
9 24
13 9
14 25
15 22
16 12
16 16
16 21
16 26
18 2
18 8
19 13
19 35
20 27
21 18
22 39
23 2
23 8
24 15
24 16
25 18
25 25
29 1
29 14
29 16
31 21
32 11
35 5
35 18
1 7
1 14
1 19
1 22
2 29
3 16
3 23
5 2
6 6
6 22
6 32
7 28
8 1
8 13
11 6
13 14
14 1
15 29
16 9
16 24
19 23
21 20
21 26
22 1
22 22
24 6
24 10
25 2
25 8
25 20
27 32
27 38
28 18
29 6
29 8
29 10
29 23
34 25
35 15
38 11
1 25
1 39
2 1
3 8
3 12
3 15
3 24
4 26
5 17
5 26
6 11
6 34
7 13
7 33
9 1
9 25
10 30
11 8
11 11
11 26
12 13
12 26
13 5
14 18
14 29
15 10
15 35
18 1
18 38
20 8
22 35
23 17
24 7
24 9
24 23
25 11
27 20
27 28
27 35
28 15
28 28
29 5
29 7
29 18
31 25
1 9
2 13
3 27
5 7
5 14
5 19
6 38
14 13
14 20
15 3
15 19
16 14
17 3
18 34
20 11
26 29
26 33
27 31
28 21
28 31
29 15
30 11
36 38
38 23
1 29
6 25
6 39
7 19
7 21
7 22
7 32
9 18
13 6
17 25
18 25
20 35
22 3
22 5
22 19
23 13
24 14
27 11
27 34
27 39
33 27
36 21
36 33
1 5
4 13
5 9
7 34
9 37
13 2
13 8
13 11
13 37
15 0
15 15
16 18
17 28
17 37
18 28
23 37
24 4
24 37
26 32
26 38
27 25
28 25
29 4
30 37
33 12
36 12
36 13
36 27
2 26
3 17
6 29
7 38
9 11
10 15
15 12
15 16
15 21
15 26
16 20
17 22
18 22
18 33
21 17
22 15
22 16
24 18
25 17
25 37
26 28
26 35
28 20
30 17
35 23
0 13
1 6
3 7
3 14
3 19
3 22
5 5
6 35
7 25
7 39
10 4
10 20
10 23
13 1
14 26
15 9
16 8
16 11
16 37
21 23
21 37
22 6
25 23
26 21
26 31
27 17
34 17
35 11
36 16
36 22
36 32
36 39
38 37
1 11
6 13
10 31
10 37
11 13
12 37
17 10
20 13
20 26
21 13
22 7
22 9
24 2
24 8
26 34
26 39
29 2
31 17
33 9
34 23
35 37
36 26
1 26
3 9
5 6
7 29
9 26
10 10
14 37
15 14
17 5
17 19
18 19
18 36
24 11
26 25
28 37
29 11
31 23
36 20
36 24
36 30
36 36
37 4
39 4
39 6
39 17
39 26
39 32
39 38
3 25
5 11
7 35
10 3
10 28
15 5
18 31
20 23
22 14
22 21
26 20
33 16
33 22
33 32
33 39
35 17
36 19
36 29
37 10
37 38
39 3
3 5
6 26
11 37
13 13
15 18
16 17
17 0
17 15
18 15
18 29
22 4
28 17
33 13
33 26
36 14
37 21
37 33
39 10
5 1
9 13
10 17
15 6
15 20
16 23
17 12
17 16
17 21
18 12
18 16
18 21
22 18
24 17
27 23
28 23
29 17
29 37
33 20
33 24
33 30
33 36
34 37
37 6
37 9
37 12
37 13
37 27
39 21
39 33
3 6
10 7
10 12
10 14
10 16
10 19
10 21
10 22
10 32
15 2
15 8
15 11
16 13
17 7
17 9
17 24
18 24
18 30
18 32
19 37
22 20
32 37
33 19
33 29
36 18
37 7
39 9
39 12
39 13
39 27
1 13
3 11
7 26
10 24
17 27
18 27
22 2
22 8
24 13
31 37
33 14
33 33
36 15
36 28
36 35
37 16
37 22
37 32
37 39
39 7
10 9
10 27
15 1
15 37
17 14
18 14
22 11
22 37
33 8
33 10
36 31
37 26
39 16
39 22
39 39
5 13
10 25
17 4
18 39
26 23
33 18
33 38
36 34
37 20
37 24
37 30
37 36
3 26
10 5
15 17
17 18
18 18
20 37
33 15
33 28
33 35
36 25
37 19
37 29
39 20
39 24
39 30
39 36
10 18
10 29
17 6
17 20
18 20
18 35
22 17
33 21
33 31
37 14
39 19
39 29
10 6
15 13
17 2
17 8
17 11
18 11
22 23
27 37
33 34
37 8
39 14
3 13
10 8
10 11
22 13
33 25
36 11
37 5
37 18
39 8
17 1
37 15
37 28
37 35
39 5
39 18
17 26
18 26
37 31
39 15
39 28
39 35
10 26
17 17
18 17
26 37
33 11
36 17
37 34
39 31
17 23
18 23
36 23
37 25
39 34
17 13
18 13
39 25
10 13
33 17
33 23
37 11
39 11
37 17
18 37
36 37
37 23
39 23
33 37
37 37
39 37
