0 4
12 4
31 16
39 39
0 38
9 6
27 17
32 36
33 34
34 5
34 9
35 8
38 14
38 15
0 2
7 7
17 5
19 29
20 1
28 0
31 17
32 33
32 34
34 14
34 16
34 26
35 6
39 7
39 37
0 32
0 35
1 2
1 5
2 2
4 5
4 10
7 6
8 26
9 8
17 2
30 0
30 15
34 7
38 37
39 6
39 34
0 17
1 6
2 39
4 18
4 39
6 24
6 35
7 26
7 33
16 1
18 2
24 33
27 5
29 5
29 34
30 37
32 28
33 0
33 35
34 0
34 19
39 13
0 11
0 12
0 15
0 34
2 11
2 26
3 38
4 6
4 35
5 18
6 2
6 31
7 2
7 20
8 39
9 5
9 25
9 39
10 26
12 1
12 2
12 5
15 8
18 1
21 36
22 24
23 9
27 7
30 17
30 18
31 15
33 23
38 36
39 10
0 6
0 39
1 7
1 8
2 31
4 4
4 15
4 20
7 9
7 31
8 2
10 25
11 1
11 2
13 1
13 2
15 1
15 2
15 4
15 27
17 4
18 31
20 5
20 14
24 8
27 9
27 13
27 14
27 36
28 8
28 34
29 12
31 37
32 14
32 19
33 37
34 13
35 1
35 4
35 36
38 28
38 35
39 1
39 4
39 14
39 15
39 33
0 18
0 25
0 37
1 10
2 7
2 8
2 33
3 26
3 33
4 9
4 23
4 31
4 34
5 14
5 39
6 4
7 4
7 37
13 24
14 6
15 6
15 29
18 4
19 36
20 12
21 2
21 12
21 13
24 34
25 36
28 32
28 33
28 38
29 9
29 36
30 19
30 35
31 35
32 37
33 28
34 27
35 31
35 35
36 38
37 14
37 15
38 19
38 33
39 9
0 7
0 8
0 24
2 10
3 1
3 29
4 1
4 24
4 37
5 8
5 16
5 37
6 29
8 4
8 29
8 33
9 1
9 3
9 24
11 6
15 33
17 0
19 31
21 25
22 0
23 1
24 19
24 38
28 24
29 17
29 18
29 28
30 8
30 33
31 38
32 5
32 8
32 12
32 15
32 23
33 38
34 33
35 0
35 37
36 34
39 0
39 12
39 26
39 38
0 1
0 10
2 19
2 24
2 35
3 35
4 14
4 26
4 32
5 5
7 24
7 29
8 5
10 24
12 39
13 6
14 1
14 2
14 4
16 0
16 33
20 0
20 8
20 25
20 33
20 36
21 1
21 27
21 38
23 0
23 5
24 5
24 35
25 17
25 28
28 18
28 36
29 7
29 37
32 32
32 38
33 27
33 31
34 18
34 24
36 19
36 28
37 5
37 12
37 16
37 17
38 38
39 19
39 31
0 20
1 1
2 1
2 17
2 32
3 32
4 29
5 2
5 7
6 33
6 34
6 39
14 5
17 33
18 8
18 35
19 34
20 10
20 27
24 24
25 24
25 34
27 38
29 19
29 31
30 7
30 12
30 28
32 7
32 13
34 34
35 32
35 38
36 33
37 7
37 8
37 9
38 17
38 23
38 27
38 31
0 16
0 23
0 26
1 3
1 9
2 3
2 15
2 20
2 34
3 34
3 39
4 3
4 22
5 6
5 25
6 1
6 37
7 1
7 14
8 34
9 22
10 0
11 3
11 8
13 8
17 7
18 9
20 31
21 5
21 33
24 12
24 13
24 14
25 1
25 38
26 1
27 35
28 1
28 12
28 15
28 19
28 31
29 15
29 27
29 38
30 1
30 9
33 24
36 16
36 17
36 23
36 36
37 1
37 4
37 6
38 10
2 9
2 23
2 27
2 37
3 0
3 37
4 0
4 16
5 4
6 3
7 3
7 22
8 1
9 0
9 31
10 31
11 5
12 34
13 5
17 31
18 0
18 10
20 34
23 8
25 0
25 6
25 35
26 0
27 10
28 6
28 9
29 35
30 13
30 31
31 0
33 32
34 10
34 36
36 35
37 13
37 18
38 5
39 17
39 23
39 32
0 0
0 9
0 30
2 18
8 3
8 38
9 14
9 29
9 33
9 38
10 33
10 39
11 17
12 0
13 33
15 9
15 34
21 31
22 22
22 27
23 33
23 36
24 1
25 9
25 31
26 18
27 1
27 24
28 13
28 14
29 1
29 10
29 14
30 27
31 23
31 33
32 18
34 35
36 5
36 27
36 31
37 0
38 7
38 8
38 9
38 18
38 32
1 0
2 0
3 27
5 13
5 31
6 10
6 27
7 16
7 38
8 27
8 35
11 0
11 26
13 0
13 29
13 31
15 10
15 14
16 34
18 25
18 38
20 7
21 8
21 22
21 34
22 10
23 17
23 19
24 0
24 27
25 4
25 12
25 13
25 14
25 27
26 4
26 7
26 28
26 32
26 33
27 28
27 32
27 33
28 4
28 27
28 35
30 4
31 5
31 8
32 1
32 24
33 17
34 2
34 22
34 31
34 37
36 7
36 8
36 9
36 18
38 1
38 4
38 6
38 12
38 24
39 27
0 22
5 9
5 12
5 19
5 38
6 0
6 8
7 0
7 27
8 10
10 4
10 27
11 9
11 25
12 35
13 9
13 39
17 34
18 7
18 32
19 35
20 6
22 2
22 9
22 17
22 33
22 36
23 31
25 8
26 17
30 22
30 32
31 28
32 10
33 9
33 22
34 21
35 15
36 1
36 4
36 6
36 12
36 24
39 18
2 22
4 13
4 27
5 1
5 23
5 26
5 32
6 20
7 36
8 0
9 16
9 34
10 34
11 10
11 18
11 19
13 10
15 24
15 35
18 27
19 26
20 24
21 0
21 16
23 4
23 24
23 34
24 4
24 10
26 36
27 4
27 16
27 19
29 4
30 21
31 7
31 12
33 21
34 38
35 26
36 32
38 0
39 24
2 16
3 30
4 12
4 36
5 3
5 24
5 29
5 33
5 34
5 36
6 7
6 30
7 17
8 20
8 30
8 32
10 6
11 29
11 31
12 38
13 17
14 7
15 7
15 30
16 35
18 37
19 32
19 38
20 16
20 35
22 31
23 7
23 38
24 29
24 37
25 2
26 2
26 19
28 2
30 2
30 10
31 9
31 31
32 4
33 5
33 8
33 14
34 25
34 32
35 2
35 19
36 0
37 26
39 2
0 27
2 13
6 6
6 38
7 13
7 30
8 7
8 36
11 15
11 33
11 39
13 34
15 38
17 13
17 35
18 14
21 4
21 37
22 34
23 6
23 35
24 6
24 22
25 22
26 31
27 6
27 31
28 10
29 6
29 22
31 13
31 27
32 22
32 29
33 16
35 14
36 13
37 34
38 22
0 13
2 12
3 11
4 30
7 12
7 19
9 17
9 27
9 35
10 35
11 7
11 23
12 36
13 7
15 12
15 22
15 32
16 38
17 25
20 22
20 39
21 7
21 15
21 18
21 19
22 5
22 38
24 2
25 10
26 9
26 23
26 27
26 34
27 2
27 27
27 37
28 22
29 2
29 21
30 6
30 39
31 24
32 6
32 21
33 7
33 12
33 15
33 25
35 12
35 16
35 17
35 23
35 29
36 22
37 28
37 37
38 21
2 30
3 5
3 19
5 0
5 22
6 18
6 36
8 8
9 13
10 2
10 8
11 13
12 37
13 13
13 18
13 19
13 23
15 26
15 36
16 32
17 38
18 24
19 37
20 15
20 32
21 6
22 35
23 12
23 13
23 14
24 30
25 37
26 12
26 13
26 14
26 38
28 21
28 39
29 25
31 1
31 32
32 2
36 21
36 39
37 33
39 22
2 36
3 7
3 8
3 17
3 36
6 14
8 24
9 12
10 5
10 38
11 12
11 34
13 12
13 16
13 35
15 17
15 37
16 36
17 27
17 32
18 30
18 39
22 12
22 13
22 14
24 16
24 39
26 8
26 35
31 39
32 30
33 13
33 18
33 29
33 39
35 27
37 23
37 36
39 21
39 29
3 6
3 10
3 15
3 20
6 9
8 14
9 18
9 19
9 30
9 32
10 14
10 21
10 30
10 32
11 21
16 37
17 36
19 13
20 37
21 32
21 39
22 8
29 26
29 29
30 25
32 25
32 39
35 13
35 18
35 30
37 2
37 35
38 25
38 29
2 28
3 4
3 23
5 27
6 22
8 9
9 23
9 36
10 36
12 14
12 22
13 38
17 14
17 37
18 22
19 30
22 23
24 18
24 25
25 25
27 39
28 16
28 25
28 29
29 16
31 4
31 10
31 22
35 24
35 39
36 10
36 25
37 27
37 31
1 14
1 29
3 18
6 16
7 15
7 23
8 22
10 9
10 23
10 37
11 27
11 35
13 15
13 30
13 32
15 18
15 19
19 2
19 39
20 3
20 18
20 19
21 23
23 22
23 32
24 15
25 16
25 39
27 22
29 39
30 26
30 29
31 21
32 26
33 30
39 25
39 30
1 25
1 31
1 38
3 14
3 28
6 28
8 16
8 28
10 3
10 10
10 16
12 26
13 36
15 16
15 28
16 5
16 8
16 13
17 24
18 17
19 1
19 28
21 26
21 29
24 26
25 20
25 26
25 29
26 10
27 21
28 26
29 30
31 6
34 3
36 29
37 24
37 38
38 2
38 30
1 19
1 24
1 33
3 9
4 21
5 30
7 28
9 15
9 21
10 28
11 38
12 25
13 37
16 25
16 39
17 9
20 26
20 30
22 4
22 21
22 32
23 37
26 21
28 30
31 2
33 4
33 10
34 29
36 2
37 32
1 17
3 22
4 28
6 17
7 21
11 30
11 32
13 3
15 3
16 6
17 3
17 10
17 39
19 4
19 5
21 21
22 7
23 29
25 15
26 6
30 30
31 25
35 10
35 22
1 15
1 20
1 35
3 3
3 16
6 13
8 17
10 7
10 17
11 36
12 8
12 29
12 31
13 21
14 25
15 15
16 27
17 22
18 3
18 18
18 19
19 14
21 30
22 6
22 37
24 23
25 3
25 23
25 30
26 3
26 25
27 25
28 3
28 23
30 3
33 6
35 3
35 21
36 30
39 3
0 28
1 23
1 26
1 32
6 12
8 13
10 13
11 37
15 23
16 4
16 29
18 16
19 12
20 23
22 20
22 26
22 29
23 18
23 25
26 37
31 26
31 29
33 2
34 20
34 30
34 39
37 22
0 21
1 18
1 34
1 39
6 19
8 12
9 28
10 12
14 3
16 14
17 17
18 26
19 8
19 24
21 20
21 28
22 18
23 3
23 16
23 30
23 39
24 3
26 16
26 26
26 29
27 3
27 26
27 29
29 3
30 20
33 20
37 21
1 37
2 21
8 18
8 19
10 18
10 19
12 24
13 20
19 9
20 28
22 16
23 26
24 21
32 3
35 25
3 13
12 9
13 28
14 27
14 33
15 21
16 24
17 12
18 15
19 0
19 10
20 21
21 3
22 30
22 39
23 28
31 30
1 22
3 12
12 10
14 29
14 31
16 9
17 18
17 19
18 23
19 22
20 11
21 11
23 15
26 15
26 30
26 39
27 11
27 23
27 30
29 20
32 20
34 11
37 3
37 25
38 20
1 16
5 28
6 15
14 14
14 39
16 10
17 16
22 15
22 28
23 23
24 20
28 20
29 11
36 20
5 21
8 15
10 15
11 28
12 27
15 20
16 22
17 26
18 11
18 28
19 7
19 17
20 20
37 29
39 20
1 27
8 23
12 7
12 17
14 24
18 21
19 6
32 11
38 3
7 11
12 13
14 9
14 34
15 11
16 7
16 17
17 15
23 21
24 11
31 3
36 3
39 11
1 13
6 21
12 12
12 30
12 32
14 10
17 23
19 18
19 19
30 11
31 20
37 11
37 30
37 39
1 30
8 21
9 11
11 11
12 18
12 19
13 11
14 22
16 12
18 20
19 16
27 20
28 11
1 36
12 16
14 35
16 18
16 19
17 28
22 3
23 20
25 11
26 20
33 3
14 17
16 16
17 21
3 21
14 13
14 38
16 26
19 15
35 20
12 15
14 12
14 30
14 32
19 23
38 11
12 23
14 18
14 19
14 36
16 15
17 20
31 11
36 11
37 20
14 16
14 37
16 23
12 28
14 26
19 21
23 11
26 11
1 28
6 11
12 21
16 28
22 11
33 11
1 21
8 11
10 11
14 15
16 21
19 3
35 11
14 23
19 20
12 20
16 3
17 11
14 28
16 20
14 21
14 20
19 11
12 11
16 11
14 11
