3 39
5 28
8 1
8 8
18 29
27 22
0 35
3 35
8 32
12 20
12 32
13 31
14 32
14 39
18 25
28 36
35 11
37 27
39 29
0 17
0 34
0 39
1 11
2 17
2 23
3 9
4 27
4 36
5 2
6 13
9 33
10 1
10 34
12 17
13 6
13 19
13 39
14 33
14 37
15 1
19 26
21 12
22 13
22 24
23 16
24 4
24 7
24 38
29 12
32 23
36 31
38 4
39 35
39 36
39 37
39 39
0 3
0 16
0 18
1 0
1 7
1 38
2 19
2 33
2 36
5 30
5 38
9 7
9 9
9 36
10 19
10 37
11 32
11 36
12 7
12 35
13 1
13 23
13 34
14 3
14 7
15 11
15 31
15 35
16 38
17 24
19 30
19 31
21 38
22 1
22 38
23 12
24 9
24 17
25 6
25 21
25 30
25 36
28 12
32 3
32 7
34 37
35 8
36 10
36 35
36 38
37 30
37 39
38 20
38 39
39 12
39 20
39 32
39 33
0 0
0 22
0 23
0 28
0 32
0 38
1 14
1 16
1 18
1 19
2 2
2 25
2 28
2 35
4 5
4 7
4 38
5 25
7 0
7 39
8 6
9 10
9 15
9 20
10 6
10 8
10 17
10 25
10 33
11 31
11 33
11 37
12 1
12 3
13 22
13 33
14 13
15 22
15 37
18 24
19 19
19 23
19 37
21 1
23 1
23 8
23 9
23 21
23 22
23 23
24 18
24 34
25 7
25 18
25 24
26 26
27 9
28 21
28 33
28 38
29 14
29 38
30 26
31 3
31 11
31 23
33 22
33 27
34 33
35 13
35 37
36 30
37 5
37 8
37 38
38 38
39 16
0 24
0 29
1 2
2 20
2 29
2 38
4 0
4 10
4 12
5 33
5 35
6 0
6 9
7 2
7 13
8 3
8 14
8 17
8 19
8 35
8 36
8 39
9 3
9 22
9 39
10 13
10 22
10 35
11 16
11 23
12 38
13 25
13 28
14 29
16 3
17 27
18 10
19 27
20 12
20 27
21 34
22 3
22 18
23 3
23 29
23 33
26 3
26 19
27 38
28 1
28 7
29 1
29 11
30 36
30 37
31 6
31 26
31 29
32 26
34 36
36 14
36 21
36 34
36 36
37 7
37 10
37 35
38 26
39 27
0 2
1 13
1 20
2 15
2 32
3 3
3 14
5 0
5 34
6 29
6 31
7 6
7 10
7 17
7 19
8 23
8 24
8 34
8 38
9 31
9 38
10 7
10 10
10 31
10 39
11 19
11 29
11 35
12 10
12 24
13 4
13 18
13 30
13 35
13 38
15 7
15 13
15 20
15 30
15 38
16 6
19 3
19 22
19 33
20 11
20 29
20 32
20 38
21 4
21 18
22 11
23 31
24 12
24 13
24 37
25 26
25 37
27 3
27 17
27 27
27 30
27 33
27 37
28 11
28 26
29 7
29 22
30 3
30 10
32 6
32 27
33 2
34 12
35 36
35 38
36 12
37 32
37 33
38 3
38 19
38 22
38 31
39 2
39 5
39 19
39 26
0 25
1 8
2 1
3 6
3 8
3 37
4 1
4 8
4 30
5 24
5 31
6 1
6 7
6 10
7 3
8 28
8 30
9 14
9 28
9 30
10 15
10 28
10 30
10 38
11 4
11 15
11 17
11 26
11 27
13 26
14 4
15 6
15 18
15 24
15 27
16 8
17 28
18 11
19 6
20 37
21 8
21 31
21 32
22 19
23 28
23 34
24 3
24 19
25 2
25 19
26 1
26 27
26 34
27 11
28 5
28 19
29 21
30 5
30 13
30 30
30 34
31 10
32 29
33 21
34 11
34 26
35 6
35 29
35 32
36 13
36 19
36 23
36 25
37 2
37 34
37 36
38 29
39 4
39 6
39 22
1 1
1 4
1 37
2 31
3 17
4 19
4 33
5 1
5 18
5 37
6 4
6 38
7 7
9 16
9 18
11 3
11 6
11 8
11 38
12 13
14 8
14 27
15 25
16 4
17 26
18 35
19 12
19 13
19 28
19 39
20 4
20 28
21 6
21 10
22 8
22 9
23 19
23 25
23 37
23 39
24 30
25 8
25 31
25 39
26 36
27 1
27 5
27 13
27 25
28 15
29 5
30 8
30 29
30 31
30 39
31 36
31 37
31 39
32 1
32 36
32 37
32 39
33 7
33 8
33 14
33 31
33 33
33 34
33 39
34 7
34 8
34 39
35 31
36 6
37 3
38 1
38 32
38 33
0 1
0 5
0 6
0 9
0 10
0 12
0 37
1 15
2 10
2 26
3 2
3 5
3 12
3 13
4 4
4 22
4 26
4 29
4 32
4 34
4 37
6 33
6 35
6 36
8 16
9 23
9 24
10 23
10 24
13 10
13 15
14 15
14 19
14 23
14 25
15 4
15 28
18 7
18 34
19 7
19 11
19 15
19 32
21 26
21 39
22 6
22 15
22 30
22 39
23 15
24 2
24 10
24 26
25 12
25 13
25 27
27 8
27 31
28 2
28 6
28 30
28 39
29 2
29 25
29 39
30 6
31 2
31 8
33 1
34 2
34 5
34 19
34 22
36 7
38 23
38 25
38 30
38 34
0 14
1 27
1 30
2 6
2 9
2 37
3 0
4 17
4 23
5 26
6 8
6 34
6 39
7 15
7 16
8 11
8 27
8 29
9 27
9 29
10 14
10 18
10 27
10 29
11 7
11 11
11 14
12 14
12 25
14 22
14 28
14 30
15 16
15 17
15 26
16 9
16 12
16 15
16 36
17 35
18 8
18 33
18 37
18 38
19 8
20 1
20 6
20 25
21 3
21 7
21 25
22 33
23 10
24 15
24 39
25 11
25 28
26 25
26 33
26 38
27 39
28 8
28 10
28 29
28 32
29 6
29 19
30 25
31 14
31 19
31 31
31 33
31 34
32 31
32 33
32 34
33 5
33 10
34 3
34 10
34 13
34 27
35 2
35 5
35 20
35 27
35 30
35 34
37 1
39 9
39 23
39 25
0 7
0 11
1 24
1 33
1 34
2 7
2 11
4 11
4 20
4 31
8 4
8 12
8 18
9 4
11 12
12 28
12 30
13 13
14 9
14 12
14 26
14 36
15 8
16 19
16 20
16 23
16 29
17 31
17 34
18 2
18 13
19 36
20 10
20 18
20 23
20 24
21 15
21 23
21 24
22 7
22 17
24 29
25 32
26 2
26 37
27 10
28 16
28 27
29 8
29 30
29 33
30 2
30 14
30 19
31 25
32 4
33 6
33 24
35 3
35 9
35 33
35 39
36 2
36 5
36 9
36 28
38 11
39 3
39 15
0 13
0 26
2 5
2 12
2 13
3 1
3 15
3 16
3 24
5 6
5 14
6 20
7 11
7 18
8 26
9 0
9 11
11 0
12 26
12 27
12 29
14 0
14 20
16 0
16 18
17 33
17 37
17 38
18 0
18 15
19 0
19 2
20 3
20 7
20 9
20 14
20 39
21 16
21 17
21 27
21 36
22 27
22 34
24 27
25 25
26 6
26 9
26 17
27 2
27 15
27 28
27 32
29 24
29 29
29 31
29 34
30 9
31 4
31 28
32 12
32 13
32 24
33 28
34 1
34 21
34 23
34 25
35 22
36 3
36 15
36 17
36 18
37 28
38 6
38 8
39 17
1 25
1 28
3 22
3 27
5 9
6 11
6 22
6 37
7 4
7 12
9 12
10 2
11 18
13 2
13 14
13 36
14 18
15 2
15 12
15 36
16 31
16 34
18 9
18 19
18 20
18 22
18 32
19 9
20 19
20 22
21 0
21 22
21 29
22 29
24 28
24 31
25 15
26 7
26 31
27 20
28 18
29 27
30 24
30 32
31 9
32 11
33 15
33 32
34 15
35 1
36 24
37 9
38 7
38 10
38 14
38 16
39 1
1 29
1 32
3 4
3 18
3 23
3 30
4 15
4 16
5 13
6 17
6 19
6 25
9 2
10 0
10 11
12 2
12 9
12 11
13 0
13 8
14 2
15 0
15 9
16 24
16 27
16 33
17 30
18 18
19 16
19 17
20 36
22 10
22 14
23 14
23 36
25 10
26 4
26 12
26 13
26 20
27 35
28 4
28 25
30 4
31 24
32 28
33 16
33 17
33 18
34 16
34 17
34 18
36 1
38 12
0 8
2 8
3 20
3 25
3 28
5 5
5 7
5 10
5 12
10 12
12 0
12 12
15 14
16 2
16 16
16 17
16 25
17 32
18 39
21 28
22 28
22 31
22 32
24 14
24 25
24 35
26 11
27 4
27 16
27 18
28 35
29 4
29 9
30 28
31 15
31 32
32 32
33 20
34 4
35 19
35 21
35 23
35 25
37 14
37 16
37 20
37 22
38 13
38 24
1 31
3 29
3 32
4 18
11 9
12 5
13 16
14 16
14 17
16 28
16 30
18 5
21 14
21 35
22 20
23 5
24 0
24 20
24 32
25 0
25 16
25 20
25 35
26 32
28 20
29 16
29 17
29 18
30 0
30 15
31 0
31 16
31 17
31 18
32 10
32 14
32 19
33 4
33 9
34 9
34 35
35 4
37 12
39 24
2 4
6 23
6 24
7 22
7 32
13 9
13 11
16 26
16 32
17 39
18 16
18 17
18 36
20 16
20 17
23 0
23 20
26 8
27 14
28 24
28 28
29 32
30 16
30 17
30 18
30 35
32 0
32 21
36 4
37 13
38 0
38 28
1 26
3 31
5 8
5 15
5 16
6 15
6 16
6 27
7 25
11 2
13 5
13 12
19 14
20 2
20 35
23 35
25 14
26 15
28 0
29 0
33 0
33 35
34 24
34 28
35 28
37 19
37 21
37 23
37 25
7 28
7 30
7 33
7 35
7 36
8 5
9 5
10 5
14 5
16 14
17 36
20 0
22 36
26 10
29 20
29 28
31 20
35 15
37 0
3 26
5 4
5 21
6 18
6 26
7 34
8 21
11 21
16 5
19 5
26 0
30 20
31 35
32 35
35 16
35 17
35 18
38 15
5 11
7 5
7 23
7 24
12 21
15 5
18 14
21 5
26 16
26 35
27 0
32 15
34 0
35 24
38 9
38 17
2 21
7 27
7 29
7 31
13 21
15 21
17 1
19 21
20 20
21 20
22 5
29 35
32 9
32 16
32 17
32 18
35 0
37 15
39 0
1 21
7 37
11 5
17 3
17 10
20 5
22 35
26 14
36 0
37 17
37 18
7 26
9 21
10 21
17 6
17 13
37 24
17 11
17 15
32 20
17 4
17 19
17 20
17 22
16 21
17 7
17 18
4 21
14 21
17 8
18 21
20 21
21 21
17 16
17 17
17 9
3 21
6 21
17 12
17 2
17 0
17 14
7 21
17 5
17 21
