20 5
17 0
3 4
7 8
15 0
17 20
18 18
23 6
23 8
23 12
28 20
30 0
38 1
39 10
39 36
0 37
1 38
6 0
8 2
8 7
12 0
12 2
13 2
14 0
20 19
21 3
22 5
26 39
27 39
33 6
36 27
37 12
37 31
37 33
37 34
37 37
38 4
2 3
2 15
2 27
7 0
10 0
11 0
14 2
14 21
17 22
20 22
22 23
24 22
28 37
35 29
36 29
0 5
0 9
0 38
1 0
1 4
1 22
1 29
2 5
4 10
5 10
7 1
8 8
8 38
10 1
10 22
11 1
11 22
12 7
12 8
13 12
14 13
17 31
18 22
20 16
22 6
22 10
23 3
23 36
24 8
24 16
24 20
25 7
26 37
27 15
27 37
32 21
32 27
35 0
35 5
35 13
35 30
36 30
36 31
36 39
37 0
39 28
39 39
0 0
0 4
0 8
1 3
1 27
1 34
2 13
3 1
3 5
3 16
3 32
3 35
4 16
5 0
7 5
8 1
8 35
9 19
10 39
11 30
11 39
13 6
14 24
14 30
15 22
15 35
17 10
20 21
21 6
21 8
23 19
24 3
24 7
24 32
25 5
25 6
27 16
27 19
27 26
28 3
28 21
29 5
30 12
31 29
34 8
34 12
34 37
35 6
35 7
35 15
36 22
37 18
37 26
37 39
39 3
39 5
39 29
39 30
39 32
0 3
1 32
2 1
2 9
2 19
3 2
3 12
3 25
3 37
3 39
5 5
6 4
6 9
6 12
6 13
6 34
8 12
8 13
9 2
9 20
10 18
10 20
15 8
15 14
15 32
15 39
17 16
17 27
17 35
18 21
19 3
20 8
20 39
21 10
22 18
23 15
23 22
24 14
25 12
27 8
29 3
30 5
30 22
31 10
31 15
31 22
31 39
32 39
33 13
35 3
35 10
35 21
35 36
37 24
39 1
0 7
1 19
1 35
1 39
2 2
2 8
2 10
2 23
3 19
5 1
5 7
6 32
6 37
6 38
7 3
7 6
7 16
9 4
9 16
11 29
12 10
12 28
12 31
12 32
13 10
14 8
14 29
14 37
15 13
15 38
16 3
16 37
17 3
17 19
17 37
18 14
19 4
20 2
20 10
21 23
22 4
22 26
23 20
23 21
23 39
24 5
24 39
25 4
25 14
26 0
27 10
27 22
29 7
29 8
30 6
30 15
31 5
31 18
31 36
32 32
32 36
33 8
33 12
33 18
33 20
34 5
34 15
34 31
37 27
39 27
39 31
1 1
3 36
4 4
4 13
4 34
5 2
5 6
5 31
5 34
6 8
8 19
8 22
9 0
11 37
12 3
12 5
14 39
15 12
15 16
15 18
15 24
16 4
16 6
16 36
16 38
17 4
17 6
17 14
17 23
17 38
17 39
18 13
18 19
19 20
20 15
21 14
21 35
21 36
22 0
22 2
22 13
22 16
22 19
23 4
24 10
25 0
25 2
27 3
27 5
27 6
27 13
27 18
28 27
29 4
29 10
29 13
29 34
30 7
30 8
31 6
31 37
32 0
32 4
32 37
33 0
33 4
33 26
34 10
34 18
34 20
34 22
34 29
34 33
34 34
35 33
35 34
37 8
39 4
0 1
0 18
0 36
0 39
1 2
2 7
2 18
2 20
3 9
3 23
3 28
4 35
5 30
5 35
6 36
6 39
8 3
8 6
8 20
9 1
10 4
10 7
10 8
10 29
10 32
11 23
11 27
11 35
12 37
13 5
13 11
14 16
14 18
14 36
14 38
15 3
15 11
15 19
15 21
17 13
18 3
18 12
18 23
19 2
19 32
21 0
21 2
21 18
21 37
23 27
24 4
24 18
27 29
27 34
28 0
29 36
30 4
30 21
31 7
31 21
32 3
33 3
33 21
33 31
34 0
34 4
34 26
34 30
35 14
35 20
36 25
37 4
37 5
37 22
39 6
39 7
0 2
0 12
0 16
0 25
0 31
1 6
1 20
1 36
2 34
2 38
3 8
3 10
3 13
3 18
3 20
3 31
4 0
4 18
4 29
4 37
4 38
5 3
5 15
5 37
5 38
7 12
7 13
8 18
8 24
8 32
9 12
9 13
10 15
10 24
10 37
11 36
12 35
12 39
14 19
14 23
14 34
15 4
15 6
15 30
15 31
16 29
17 12
18 4
18 6
18 11
18 15
20 12
21 39
22 7
22 20
22 21
23 0
23 2
23 13
23 34
25 10
27 4
28 29
28 34
29 19
30 26
31 4
31 14
31 26
32 26
33 10
33 33
33 34
34 3
35 39
37 6
37 7
37 19
38 29
38 30
38 32
38 33
38 34
38 36
38 37
0 15
0 29
1 12
1 16
1 23
2 24
2 28
2 32
3 30
4 8
4 11
5 11
6 5
6 31
7 19
9 21
10 21
10 27
10 35
12 13
12 30
12 36
12 38
14 4
14 6
14 10
15 27
16 7
16 15
16 32
17 7
17 11
19 8
19 22
20 11
21 7
21 16
21 19
21 26
21 29
22 34
24 0
24 2
24 15
24 31
26 12
28 12
28 14
29 20
29 27
30 14
30 29
31 3
33 14
33 30
33 39
34 14
35 22
35 37
37 16
0 19
0 27
0 34
1 15
1 30
2 35
3 7
4 1
4 5
4 36
4 39
5 36
5 39
6 2
6 7
6 30
9 6
9 10
10 10
10 28
10 36
11 24
12 12
15 36
16 5
16 10
16 20
17 5
17 34
18 2
19 10
19 16
19 31
19 35
19 36
20 7
21 27
22 15
23 32
25 15
26 7
26 14
27 0
28 15
29 22
31 19
31 32
33 19
33 25
33 36
35 2
35 16
35 26
37 3
38 2
38 31
0 13
0 32
1 9
1 28
2 21
2 37
3 24
3 33
4 2
4 7
5 14
6 6
6 15
7 18
8 15
8 29
9 3
10 14
10 31
12 22
12 29
14 11
14 15
15 7
15 23
16 24
18 7
18 30
19 14
19 21
19 26
19 29
19 37
21 20
21 21
22 32
24 13
24 30
26 3
26 5
26 6
28 16
29 32
30 2
30 34
30 39
31 16
31 31
32 13
33 16
33 37
34 19
34 25
38 39
39 13
39 14
39 15
39 20
39 21
1 8
1 10
1 13
1 21
1 33
2 11
2 14
3 21
4 6
4 15
4 22
4 25
5 19
5 22
5 25
6 3
6 11
6 19
6 22
6 25
6 33
8 11
8 21
8 31
9 5
9 25
10 6
11 33
11 34
12 21
14 7
15 5
17 25
18 5
19 13
19 27
19 38
19 39
20 32
21 12
23 26
23 29
24 35
25 13
26 8
26 35
27 32
28 2
28 6
28 23
29 31
30 13
30 16
30 25
30 36
31 25
32 8
32 12
32 15
32 25
34 16
34 32
35 19
35 32
36 23
36 35
37 25
39 24
0 20
1 24
2 36
2 39
4 3
8 27
8 30
10 3
12 20
12 27
12 34
14 5
16 14
16 21
16 30
16 31
18 32
19 12
21 15
21 33
22 11
22 29
22 35
22 36
23 11
24 25
26 4
26 10
26 21
26 27
26 33
27 31
28 7
28 8
28 32
29 2
29 18
29 21
30 37
31 11
31 30
32 2
32 6
32 18
33 2
35 11
37 17
39 12
39 18
39 35
1 7
2 31
4 20
4 33
5 18
5 20
5 33
6 14
6 18
6 20
8 14
8 28
10 5
10 33
10 34
11 26
12 16
12 18
15 34
16 13
16 27
19 11
19 15
19 23
22 37
24 24
26 16
26 19
26 26
27 11
27 17
28 10
28 18
28 24
28 31
29 26
29 30
32 7
33 23
33 32
34 2
35 17
35 25
37 35
0 23
2 26
2 30
3 11
4 14
4 23
5 23
6 23
7 15
8 33
9 15
11 13
12 19
14 25
16 12
16 16
16 18
17 33
19 7
20 26
20 29
20 31
20 35
20 36
21 13
21 30
22 25
22 39
24 11
26 29
27 2
27 23
27 30
29 11
29 38
31 2
31 17
32 10
33 17
34 11
34 23
39 2
39 22
3 26
4 31
7 11
9 11
9 32
10 11
10 26
11 4
11 7
11 8
11 12
12 23
14 26
16 11
16 19
16 23
18 26
18 29
18 31
18 35
18 36
19 34
20 27
20 37
22 24
23 31
23 38
24 28
24 33
24 38
26 22
27 25
28 30
28 38
30 17
30 23
30 32
31 23
31 35
32 14
32 23
32 35
33 24
33 28
34 17
34 38
36 38
37 2
37 23
39 38
0 21
0 30
1 26
2 33
3 14
4 27
4 30
5 27
6 27
9 37
9 38
17 28
18 27
18 37
22 31
25 11
25 34
25 36
26 13
26 18
26 20
26 38
27 24
27 38
30 11
30 31
33 11
34 24
36 1
37 38
0 11
0 28
4 21
4 28
5 21
5 28
6 21
6 28
7 14
7 34
9 14
9 35
9 39
12 15
15 25
16 1
18 38
18 39
23 30
25 21
25 27
28 13
29 25
29 35
30 24
31 24
31 33
32 19
32 24
35 23
35 28
36 13
38 11
39 19
0 24
0 33
1 11
4 24
5 24
6 24
7 22
7 25
7 32
9 29
9 36
11 10
11 20
12 25
13 1
15 1
15 26
15 33
16 34
17 1
20 1
21 25
21 38
22 30
25 19
25 26
26 1
27 35
29 33
30 30
31 38
32 16
32 38
34 35
35 35
36 8
36 15
38 10
38 13
38 14
38 15
38 20
38 21
38 26
39 16
0 14
7 37
7 38
8 26
9 31
11 16
11 18
12 26
14 1
21 24
22 1
25 1
25 29
25 32
25 37
27 33
28 35
30 1
35 24
36 4
36 5
36 12
36 18
36 20
38 8
38 24
39 25
1 14
7 35
9 27
9 30
11 6
11 19
12 14
19 1
19 25
19 33
20 30
20 34
21 1
23 17
25 22
26 31
28 1
28 33
29 17
31 28
32 28
33 35
36 6
36 7
38 12
38 18
38 27
7 23
7 29
7 36
7 39
9 28
10 17
11 3
13 33
17 17
18 34
19 24
23 1
23 25
25 18
25 20
26 11
28 17
29 1
29 23
32 1
33 1
35 38
36 0
36 10
38 6
38 7
38 35
7 31
9 24
9 33
9 34
11 5
13 28
13 31
13 32
16 25
18 17
20 17
21 28
23 24
23 33
24 1
26 30
27 28
28 11
30 35
32 17
34 1
34 28
36 3
36 14
38 22
39 17
0 26
4 26
5 26
6 26
7 27
7 30
11 15
15 17
16 26
16 33
18 1
22 33
27 1
28 28
29 24
30 33
31 1
32 11
33 38
39 23
2 17
7 21
7 28
11 11
13 22
13 24
14 17
19 28
20 25
26 17
36 19
38 38
3 17
4 17
7 24
7 33
8 17
13 21
18 25
20 24
20 33
22 38
23 28
24 17
25 31
26 23
30 38
36 16
38 19
11 14
13 20
13 30
13 37
16 28
18 33
22 17
22 28
26 25
29 28
30 28
38 16
9 26
13 16
13 18
13 35
13 39
18 9
25 30
26 24
38 25
7 17
9 17
13 19
13 29
13 36
13 38
20 28
23 9
36 2
39 9
13 23
18 28
21 17
22 9
31 9
35 9
36 17
0 17
7 26
8 9
12 9
13 9
13 27
19 17
25 23
26 28
27 9
36 11
38 17
1 17
5 17
6 17
12 17
13 15
21 9
24 9
25 25
25 35
29 9
34 9
38 23
13 34
16 17
17 9
20 9
25 24
25 33
30 9
15 9
25 9
33 9
13 14
14 9
25 38
37 9
9 9
10 9
25 28
13 25
11 17
13 26
19 9
26 9
16 9
28 9
32 9
11 9
13 17
36 9
38 9
