0 0
39 39
32 15
35 1
6 39
9 8
13 38
15 1
19 38
36 0
38 38
39 27
39 31
6 19
14 36
16 38
17 38
18 0
19 0
20 38
31 35
36 37
36 39
38 13
1 15
1 39
2 8
2 11
2 20
12 36
13 34
14 5
20 0
25 4
32 38
34 16
34 37
36 38
38 15
39 29
39 30
39 37
0 2
1 13
1 18
1 19
3 15
3 21
4 20
4 23
5 6
6 7
8 12
9 12
10 21
13 8
23 4
26 0
31 38
33 37
36 14
1 27
2 0
2 13
3 12
4 17
4 22
5 9
5 13
5 21
7 6
7 15
8 13
10 12
10 36
14 30
15 2
15 6
16 2
16 28
16 34
17 20
17 27
19 2
20 1
20 5
21 0
26 2
26 26
27 0
31 18
32 0
32 18
34 36
34 38
35 4
36 28
36 31
38 36
39 36
1 17
2 18
2 19
2 24
3 1
3 8
5 19
6 20
7 8
10 28
13 27
14 21
16 36
17 16
20 7
23 26
23 27
26 28
26 34
27 1
28 23
30 20
33 35
33 36
33 38
34 34
36 9
36 15
36 16
36 17
36 20
36 22
36 26
0 11
1 24
2 6
2 23
3 2
3 7
3 9
3 18
3 19
3 24
5 10
5 12
5 14
6 15
6 18
7 17
8 11
9 11
10 17
10 19
12 20
14 12
15 7
19 36
21 1
21 2
21 28
23 7
24 0
24 1
24 2
26 20
27 11
31 26
33 14
34 30
36 35
38 35
39 35
0 7
0 9
1 12
1 14
1 23
2 1
2 17
2 22
3 5
3 23
5 5
5 7
6 2
6 27
7 2
7 13
7 22
7 24
9 5
9 34
10 11
13 1
13 6
13 20
13 31
14 6
16 8
16 12
19 34
23 0
23 1
23 2
25 0
25 1
25 2
26 22
27 4
30 23
32 1
33 15
36 10
36 34
38 34
39 34
0 6
0 13
0 16
0 20
0 21
1 7
1 9
1 22
2 2
2 12
2 14
3 10
3 17
3 22
7 7
7 9
7 35
7 36
8 6
9 1
10 5
11 12
11 34
12 15
12 31
14 24
14 31
16 31
17 5
29 38
30 34
31 17
31 19
31 22
32 17
32 19
33 11
39 18
39 19
39 23
0 15
0 28
0 37
1 6
2 5
2 10
2 28
3 14
5 17
5 20
5 22
6 13
7 11
7 14
7 18
8 8
9 10
10 1
10 6
10 15
10 18
11 5
11 20
12 21
12 24
12 28
13 2
13 7
14 7
14 28
17 8
17 22
17 28
19 11
21 27
21 36
23 34
24 38
27 38
28 38
31 27
32 9
33 4
36 2
0 8
0 27
1 1
1 35
1 36
1 38
4 16
5 0
5 18
6 0
6 9
7 0
7 10
7 20
7 21
9 2
10 10
10 27
11 1
11 6
11 19
11 36
12 8
13 24
14 0
14 15
16 0
16 20
16 21
28 28
29 36
31 30
33 0
33 16
33 18
33 21
33 23
34 23
35 2
35 29
38 0
38 1
38 3
38 4
38 5
39 17
0 5
0 18
0 19
0 24
1 2
1 8
3 39
6 11
6 12
6 14
6 33
6 37
6 38
8 5
9 37
9 38
10 2
11 11
11 15
12 37
13 10
13 15
13 28
13 37
14 17
16 16
17 2
17 30
17 32
19 24
20 11
20 37
21 37
24 36
26 16
26 17
26 38
27 36
28 22
28 36
29 4
30 35
31 21
31 37
34 4
34 11
34 32
35 5
37 37
37 39
38 9
38 26
39 20
39 22
0 12
0 23
1 5
2 39
4 11
5 24
6 10
6 31
6 32
6 34
7 27
8 1
8 7
8 9
11 2
11 7
11 21
11 24
14 18
14 19
15 0
16 7
19 15
20 10
21 30
24 24
26 5
27 5
28 27
28 30
29 37
30 19
32 2
32 5
34 18
35 11
35 14
35 31
36 21
36 24
37 27
37 29
37 30
37 31
37 36
37 38
39 11
39 14
0 3
0 10
0 17
0 22
1 33
2 16
3 35
3 36
4 6
4 28
5 28
10 37
10 38
11 18
11 31
12 5
12 16
12 17
14 10
14 22
16 24
17 17
19 21
19 30
24 37
26 31
26 36
27 16
27 17
27 37
28 37
29 1
29 9
29 15
30 22
31 11
31 24
31 32
32 34
33 1
33 9
33 26
34 20
34 22
34 26
35 36
36 12
36 32
38 10
38 18
38 19
38 23
38 27
38 29
38 30
38 32
0 35
0 36
1 10
1 31
1 32
1 34
2 35
2 36
3 16
6 3
7 3
7 16
8 2
10 16
11 10
11 27
12 1
12 6
12 22
13 0
13 32
16 10
17 7
17 18
17 19
18 37
19 9
23 11
23 21
24 16
28 21
28 24
29 26
30 28
32 12
33 17
33 19
33 28
34 10
34 28
35 15
35 16
35 17
35 18
35 35
37 35
38 12
39 1
39 3
39 4
39 5
39 13
4 1
4 39
5 16
6 30
7 33
9 0
10 30
12 11
12 30
12 32
13 22
14 11
14 32
16 32
18 12
18 27
18 36
19 20
22 34
23 10
23 38
25 32
26 10
26 15
26 29
26 37
27 23
28 32
29 18
29 20
30 16
31 0
32 10
32 23
34 9
35 10
35 20
35 22
35 26
35 34
37 34
38 17
39 9
3 3
3 33
4 2
4 8
4 13
5 3
6 16
7 31
7 32
7 34
10 0
11 16
12 2
12 7
13 3
13 16
13 17
14 3
16 11
17 10
17 35
18 5
18 34
20 9
21 32
22 28
23 16
23 20
23 30
24 26
24 27
25 24
25 34
29 5
29 12
30 11
30 21
30 24
30 27
30 30
31 4
32 35
32 36
33 5
33 27
33 30
34 19
34 27
35 7
35 28
36 7
37 28
38 20
38 22
39 15
0 33
1 30
2 33
3 31
3 32
3 34
4 5
4 7
4 9
4 35
4 36
5 35
5 36
6 23
9 3
9 22
9 24
9 28
10 9
10 23
11 0
11 22
13 18
13 19
14 35
15 4
18 8
19 22
19 32
23 22
23 36
24 11
24 21
24 28
26 3
26 7
27 7
27 10
27 15
27 26
29 23
30 36
31 31
32 7
38 28
39 10
0 31
0 32
0 34
2 3
2 31
2 32
2 34
4 12
4 14
6 29
7 37
7 38
9 17
9 19
10 3
10 29
12 10
12 29
12 35
13 9
14 29
16 3
16 22
17 11
17 23
18 16
18 24
19 3
19 17
21 35
22 24
24 10
24 15
26 12
27 28
28 11
28 18
29 2
30 0
31 1
31 9
31 29
32 26
33 2
34 5
35 19
35 27
35 30
39 21
39 24
3 37
3 38
4 10
4 27
5 27
6 4
6 26
7 4
7 30
8 0
11 3
11 37
11 38
16 4
16 17
17 29
18 2
19 4
19 18
19 19
21 3
21 12
21 31
22 4
22 12
22 26
22 27
23 9
23 17
23 37
24 3
24 20
24 30
26 9
28 31
29 10
30 4
30 32
30 37
32 3
32 28
33 32
38 2
0 38
1 29
2 37
2 38
3 30
4 33
5 33
9 20
9 21
10 35
11 30
11 32
13 29
13 35
14 9
16 18
16 19
17 14
18 21
18 28
19 6
19 31
20 3
21 5
21 29
22 5
23 3
23 15
23 18
23 19
23 32
24 6
24 22
24 35
25 3
25 16
25 17
25 20
25 26
25 27
27 12
27 19
27 20
27 27
27 30
27 35
28 29
28 35
29 28
33 24
34 2
34 21
34 24
35 8
36 8
0 30
1 3
2 26
2 30
3 4
4 31
4 32
4 34
5 4
5 31
5 32
5 34
8 3
9 15
9 18
11 9
12 0
13 4
14 4
16 9
16 35
19 14
19 29
20 4
21 7
22 7
22 38
23 8
24 12
25 28
26 8
27 3
27 8
27 22
28 4
29 7
30 1
30 9
31 5
32 8
32 27
32 30
33 7
33 12
35 32
37 32
1 26
3 26
7 29
8 35
8 36
9 4
9 27
10 26
14 23
14 26
17 26
18 7
18 30
20 28
20 34
21 24
22 30
24 9
25 38
26 35
28 0
29 14
29 17
29 19
29 27
29 30
32 22
35 21
35 24
38 7
2 4
3 29
4 37
4 38
5 37
5 38
8 22
8 24
8 28
10 4
11 29
12 3
12 14
12 23
12 26
17 9
17 13
19 35
22 1
22 2
22 36
23 31
24 18
24 19
25 11
25 30
27 32
28 1
28 9
29 22
30 17
30 31
31 2
32 13
33 31
34 7
37 11
38 21
38 24
39 2
0 29
2 29
4 0
4 30
5 30
7 23
7 26
8 17
8 19
9 31
9 32
10 14
11 4
12 39
13 23
13 26
14 39
18 10
18 22
18 39
19 13
20 6
20 24
21 21
21 39
22 21
23 29
24 8
25 10
25 15
25 18
25 19
25 22
25 36
26 14
27 21
27 24
30 5
30 29
30 39
31 10
32 32
33 29
34 12
35 6
36 6
12 9
14 14
16 39
17 3
17 39
19 39
20 27
22 37
23 6
26 6
27 6
28 16
28 17
28 19
29 3
29 8
29 13
29 32
32 6
32 21
32 24
32 39
33 3
33 8
35 12
37 0
37 1
37 3
37 4
37 5
37 13
37 14
37 18
37 19
37 23
1 4
4 3
8 4
8 20
8 21
9 16
9 39
11 14
11 23
11 26
11 35
12 13
13 14
13 39
16 14
17 4
18 11
18 17
18 32
19 23
19 26
20 21
20 39
21 16
21 20
22 16
22 20
22 32
23 35
24 31
25 7
25 37
27 14
28 5
29 21
29 24
30 2
31 7
31 39
37 9
38 8
39 7
4 29
5 29
8 18
9 30
10 33
16 23
16 26
18 15
18 18
18 19
23 23
24 14
24 29
24 33
25 12
26 13
27 31
29 39
30 10
30 15
31 12
34 3
34 8
34 39
37 15
37 16
37 17
39 12
8 27
10 39
12 4
14 13
15 27
15 37
17 33
20 16
20 20
20 30
21 22
24 39
25 9
27 29
27 39
28 2
28 39
32 31
33 39
37 10
37 20
37 22
8 33
11 13
13 13
15 30
15 34
16 13
17 6
18 31
21 11
21 17
22 11
22 17
22 31
23 14
27 13
28 10
28 15
29 6
29 31
30 7
32 29
33 6
34 33
8 31
8 32
8 34
9 29
15 12
15 20
15 21
15 36
15 38
18 29
20 22
21 10
21 15
21 18
21 19
22 10
22 15
22 18
22 19
22 29
24 13
24 23
25 8
25 31
26 39
29 29
30 12
31 3
31 8
33 13
38 6
39 8
4 4
4 26
5 26
13 33
15 16
18 9
20 17
25 29
28 7
31 33
34 6
36 33
38 33
39 33
8 16
8 37
8 38
12 33
14 33
16 33
18 35
20 15
20 18
20 19
20 32
22 35
23 13
28 12
8 30
15 24
15 31
18 3
18 23
18 26
21 33
22 23
25 14
25 35
26 33
28 33
30 3
30 8
31 14
34 13
9 23
9 26
11 39
15 15
15 28
18 4
19 33
21 9
22 9
23 39
25 6
25 23
31 6
35 13
37 2
39 6
20 31
28 3
28 8
37 21
37 24
8 29
18 14
20 29
21 8
22 3
22 8
25 13
30 14
31 13
11 33
15 10
18 6
21 23
23 33
30 6
30 33
33 33
37 7
15 22
20 35
26 25
28 14
37 12
6 25
15 11
15 17
18 13
20 23
20 26
21 14
22 14
23 25
28 6
30 13
35 33
36 25
37 33
8 23
8 26
15 18
15 19
15 32
21 6
22 6
22 39
31 25
2 25
20 14
25 39
27 33
28 13
28 25
37 8
1 25
3 25
10 25
14 25
17 25
21 13
22 13
32 33
12 25
15 29
18 33
22 33
29 33
30 25
7 25
13 25
15 9
20 13
25 33
37 6
39 25
11 25
15 35
19 25
0 25
8 39
15 23
15 26
16 25
33 25
34 25
15 14
20 33
35 25
24 25
38 25
4 25
5 25
27 25
15 13
32 25
18 25
22 25
29 25
9 25
15 39
25 25
15 33
21 25
20 25
8 25
37 25
15 25
