31 4
38 0
10 17
32 3
37 37
38 39
39 8
0 20
30 0
30 1
35 25
39 1
0 14
9 17
15 32
29 37
32 0
32 14
33 14
37 26
37 36
39 16
39 19
0 17
1 17
3 16
8 16
10 33
13 3
13 7
15 4
15 27
18 3
32 5
33 35
34 35
37 27
37 34
2 26
9 4
13 9
32 37
33 0
33 1
35 37
39 7
39 11
0 7
1 16
1 24
1 25
8 7
12 4
12 32
15 1
16 1
16 4
16 28
16 33
18 9
18 34
19 35
20 1
23 17
25 14
27 0
33 37
34 37
35 20
36 21
36 25
38 5
39 13
39 14
39 15
2 24
2 25
7 4
9 27
11 34
12 3
13 33
15 30
16 30
16 34
18 1
18 35
25 28
25 30
32 7
32 16
33 5
34 5
35 0
35 1
35 26
36 23
36 24
36 35
37 30
39 3
0 4
7 8
8 4
8 10
8 27
9 23
10 36
12 33
13 34
17 12
23 35
28 35
30 35
30 37
31 15
32 13
33 13
33 16
33 24
34 9
34 11
35 3
37 19
37 21
38 7
39 4
39 6
39 20
0 12
0 13
7 11
8 24
9 36
10 22
11 36
12 34
17 3
18 13
18 17
18 28
25 20
29 30
31 14
32 6
34 0
34 1
34 24
35 4
35 34
37 23
37 24
38 3
0 11
1 21
7 10
8 9
9 9
9 13
10 7
10 10
10 25
10 28
13 36
17 4
25 24
25 27
26 35
30 3
33 7
33 9
34 3
34 25
36 27
37 28
38 4
0 10
0 18
1 18
1 22
1 27
2 21
4 21
4 27
6 0
8 13
9 12
9 18
10 3
12 36
16 7
18 31
20 7
22 30
25 1
25 19
27 1
27 27
28 30
29 16
31 19
33 4
33 27
34 4
34 20
36 20
36 34
38 6
0 0
1 23
2 22
4 22
6 3
7 5
7 9
7 16
8 12
9 0
9 28
10 24
11 4
11 7
11 10
14 0
16 11
16 17
17 1
20 17
21 0
21 30
21 35
26 7
28 38
30 7
31 7
31 38
33 6
34 6
34 21
35 16
36 38
38 38
0 3
1 37
1 38
2 23
2 37
2 38
4 18
4 23
7 17
7 26
8 5
8 21
8 28
9 3
9 34
11 1
15 31
16 22
16 31
18 7
18 21
18 27
20 4
20 21
21 27
22 28
23 28
25 3
25 9
25 34
26 28
26 30
27 3
27 35
31 17
32 20
32 27
33 26
34 27
35 30
37 20
37 38
4 28
7 0
7 24
8 22
10 1
10 30
10 31
10 32
11 18
11 27
15 0
16 0
16 13
19 20
19 22
20 0
20 13
29 31
29 38
30 13
30 15
30 16
31 13
32 21
32 38
33 20
33 30
34 19
35 28
35 38
4 36
6 1
6 7
6 8
6 12
6 13
7 3
8 0
8 18
8 23
8 25
8 33
9 25
10 11
13 0
13 1
15 26
15 35
16 12
17 7
18 0
25 4
25 16
26 20
26 21
26 24
27 4
28 0
28 15
28 26
29 27
31 35
32 26
33 21
33 28
33 38
34 26
34 38
35 7
35 13
35 14
35 15
35 31
36 30
37 5
0 1
0 26
0 39
1 28
2 28
4 33
6 5
6 11
7 36
8 3
8 34
9 1
9 20
9 30
9 31
9 32
10 20
10 21
10 26
11 28
18 24
19 9
21 24
22 27
23 16
23 20
23 24
23 27
25 11
27 16
27 28
27 30
28 20
28 21
28 24
28 31
29 7
29 14
29 34
32 19
32 30
33 31
34 17
34 30
35 9
35 11
36 28
39 37
0 27
1 4
1 36
2 36
3 4
4 34
6 10
7 33
8 30
8 31
8 32
10 13
11 11
11 22
15 9
16 24
18 16
19 3
19 30
26 14
26 19
27 15
29 26
30 9
30 31
31 9
32 28
33 19
34 28
35 22
36 31
37 1
37 7
37 13
37 14
37 15
39 25
39 29
39 31
39 32
39 35
39 39
1 7
1 8
1 12
1 13
1 33
2 14
2 33
3 7
3 8
3 12
3 13
4 20
4 30
4 31
4 32
7 1
7 21
7 34
10 12
12 0
12 1
18 11
19 28
20 30
20 35
21 17
23 1
23 13
23 31
25 0
25 25
26 1
26 31
28 19
28 34
29 13
29 20
29 21
29 24
30 27
32 17
32 31
34 31
35 6
36 16
37 3
37 9
37 11
37 17
39 26
39 36
0 24
0 25
0 37
0 38
1 5
1 11
1 34
2 34
3 5
3 11
4 16
6 9
7 22
7 30
7 31
7 32
8 1
10 9
10 35
11 13
11 25
15 18
17 18
18 32
20 28
21 21
22 31
23 34
26 13
26 17
28 7
28 14
29 3
30 34
30 38
31 27
33 17
36 5
37 4
39 23
39 24
39 27
1 10
1 30
1 31
1 32
2 17
2 30
2 31
2 32
3 10
4 4
7 18
7 23
7 25
8 20
9 14
9 35
11 12
11 35
16 16
16 20
16 21
17 0
17 33
18 26
19 1
21 13
21 26
21 31
22 34
23 3
23 7
25 22
25 32
26 3
26 34
28 1
28 17
29 19
30 11
30 26
31 11
32 12
32 34
33 12
37 6
37 33
39 34
1 0
3 0
3 26
4 7
4 8
4 12
4 13
8 14
8 38
9 26
11 9
11 24
13 35
15 5
15 11
15 17
15 38
16 26
16 35
17 34
17 36
18 14
18 19
18 25
19 13
20 11
21 25
21 34
22 36
25 18
25 33
25 36
27 14
27 31
28 13
29 4
29 9
29 36
30 20
30 21
30 24
31 18
31 26
32 36
35 36
36 0
36 1
36 7
36 13
36 14
36 15
39 18
0 28
1 3
1 9
2 16
3 3
3 9
4 5
4 11
12 18
12 27
12 35
15 22
16 25
17 38
19 27
19 36
20 16
21 7
22 38
23 4
23 9
23 18
23 21
25 12
25 38
26 4
26 9
28 3
29 17
30 28
31 21
31 24
31 30
33 36
34 12
34 22
34 36
36 3
36 9
36 11
36 22
0 36
2 4
3 15
3 24
3 25
3 27
3 37
3 38
4 10
6 17
6 26
8 35
8 37
10 38
12 30
13 5
13 18
13 27
15 13
15 37
16 5
17 28
18 36
19 7
19 38
20 5
20 27
21 22
22 26
23 26
26 25
27 13
27 34
27 38
29 32
30 19
31 28
35 17
36 4
0 19
0 22
0 33
1 19
2 7
2 8
2 12
2 13
4 0
4 35
6 24
6 27
9 19
9 38
10 19
11 20
11 21
11 38
12 11
12 17
12 28
13 30
15 12
16 14
16 36
17 10
17 30
17 37
18 38
21 4
21 9
22 25
22 37
23 25
25 15
25 23
25 37
27 20
27 21
27 24
28 4
28 9
28 25
29 11
29 33
31 31
32 10
32 22
32 25
34 18
35 32
36 6
37 22
39 30
0 23
0 34
1 1
2 5
2 11
3 1
4 3
4 9
7 20
7 35
9 15
10 37
11 16
11 26
12 5
12 22
13 11
13 17
13 28
13 38
16 38
17 17
18 5
19 4
19 24
19 31
19 37
23 0
23 11
23 15
25 5
26 11
26 22
27 5
28 32
28 36
30 17
33 22
33 32
35 33
39 10
39 28
0 30
0 31
0 32
1 35
2 10
2 35
3 28
4 19
8 15
9 37
11 37
12 13
12 38
13 22
15 24
17 22
18 15
18 37
20 14
20 24
20 31
22 17
23 22
23 32
23 36
27 9
27 19
28 22
28 33
29 25
30 12
30 32
30 36
31 12
31 34
32 18
33 33
36 32
37 18
2 0
2 18
3 21
3 36
6 14
6 28
10 14
12 8
12 12
12 25
13 13
13 37
16 37
17 5
17 27
18 23
20 12
20 34
21 11
21 23
22 32
23 33
23 38
26 18
26 32
26 36
28 11
30 5
30 33
32 32
33 18
34 32
36 33
38 16
38 25
38 29
38 31
38 32
38 35
2 3
2 9
3 22
3 33
4 1
6 21
6 36
8 19
9 8
12 37
13 12
13 25
16 19
16 23
19 0
19 11
19 21
20 18
21 16
21 32
21 36
22 1
22 13
22 33
25 10
26 33
27 17
28 18
29 22
32 23
32 33
34 10
34 33
38 19
38 21
38 26
38 36
39 38
3 18
3 23
3 34
6 22
6 33
7 14
7 38
9 6
10 5
11 14
12 24
15 16
15 20
15 21
16 15
19 16
19 26
21 33
21 38
23 37
26 23
27 11
30 25
33 23
36 17
38 23
38 24
38 27
0 6
3 30
3 31
3 32
6 18
6 23
6 25
6 34
13 24
13 31
17 24
17 31
18 10
19 25
20 19
20 26
22 3
22 7
22 20
23 23
26 37
27 32
27 36
28 23
29 12
29 18
31 25
32 8
33 10
35 12
38 13
38 14
38 15
38 34
2 1
6 30
6 31
6 32
7 37
11 5
13 8
15 6
16 8
16 10
20 8
20 15
20 25
21 37
23 12
25 8
26 12
27 33
29 5
30 22
34 8
35 18
38 9
38 11
0 35
6 15
10 15
11 19
11 23
12 16
12 20
12 21
21 14
22 4
22 9
23 5
26 5
27 25
29 23
30 10
31 10
31 22
37 12
4 14
4 39
7 19
12 26
13 6
13 16
13 20
13 21
15 14
16 6
17 16
17 20
17 21
18 8
19 14
19 32
20 6
20 10
21 12
26 39
27 37
28 12
30 18
31 32
31 36
33 8
38 20
3 20
7 15
11 15
13 26
17 26
19 12
19 18
19 33
20 32
20 36
21 5
21 18
27 22
28 5
28 39
31 33
31 39
36 39
38 30
39 22
6 20
7 6
8 39
12 6
15 39
17 8
17 25
18 6
19 5
20 33
20 38
22 0
22 11
25 6
27 6
27 12
30 8
30 23
31 8
38 28
3 35
8 6
12 14
17 39
19 19
19 23
21 19
22 16
22 21
22 39
25 39
27 18
29 10
29 39
31 23
32 39
35 10
35 39
36 12
39 33
6 35
10 8
10 39
13 14
14 7
14 32
15 19
15 23
17 6
17 14
19 39
20 23
20 37
21 15
23 10
26 10
30 6
33 39
34 39
36 18
4 15
9 39
11 39
14 3
14 9
14 33
15 15
15 29
16 29
17 32
18 39
19 15
21 2
25 29
27 23
31 2
37 10
38 17
6 6
10 6
11 2
11 8
13 39
14 4
14 34
16 39
21 10
24 35
28 10
29 8
32 2
35 8
2 19
5 17
5 26
10 2
10 29
12 19
12 23
12 39
14 18
14 27
15 2
15 10
16 2
19 10
20 2
22 14
22 22
23 8
26 8
29 29
33 2
2 15
5 24
5 27
6 2
6 38
11 6
12 15
13 2
13 19
13 23
14 30
14 36
17 19
17 23
18 2
18 29
22 12
23 39
27 10
29 6
30 2
30 39
35 29
37 8
39 2
0 2
1 6
3 6
3 19
5 16
9 2
9 29
13 15
14 11
14 17
14 28
17 15
21 8
22 5
22 18
23 6
24 17
26 6
28 8
28 29
33 29
35 2
36 10
5 4
6 19
6 37
7 39
8 29
14 22
15 8
19 8
21 39
24 14
24 28
24 30
36 29
38 2
2 39
4 29
5 7
5 8
5 12
5 13
5 28
7 2
12 2
14 13
21 6
22 19
22 23
22 29
23 29
24 1
24 13
25 2
26 29
27 2
27 8
28 6
32 29
34 2
34 29
38 22
4 6
5 5
5 11
5 21
5 36
7 29
8 2
14 12
14 25
19 6
21 29
22 15
27 39
36 8
38 12
1 29
2 29
5 10
5 22
5 33
11 29
17 2
24 3
24 7
24 20
24 24
24 27
38 18
38 33
5 0
5 18
5 23
5 25
5 34
14 24
14 31
22 10
27 29
2 6
5 3
5 9
5 30
5 31
5 32
24 4
24 9
24 19
20 39
24 31
30 29
14 16
14 20
14 21
19 29
22 8
24 34
29 2
31 29
1 2
3 2
5 1
14 26
20 29
23 2
24 0
24 11
26 2
38 10
0 29
5 20
14 35
22 6
24 16
24 21
37 2
24 26
28 2
3 39
4 2
5 35
12 29
14 14
19 2
24 25
6 39
13 29
17 29
3 29
5 14
14 5
14 38
24 22
36 2
2 2
6 29
24 12
24 32
24 36
5 38
14 19
14 23
14 37
24 5
24 18
24 33
24 38
14 15
5 19
5 37
24 23
24 37
5 15
14 10
22 2
24 15
24 10
14 8
14 6
24 8
5 6
24 6
14 39
5 39
14 29
24 39
5 29
24 29
14 2
5 2
24 2
