29 36
0 34
18 26
0 22
10 39
14 39
28 37
30 11
38 13
0 32
8 39
17 27
19 18
33 20
37 36
0 20
2 2
2 15
9 20
22 1
27 21
29 11
35 9
36 20
38 11
0 24
1 36
3 23
4 0
6 26
10 34
14 31
20 5
21 5
23 38
25 32
38 0
0 3
0 26
0 31
0 39
3 34
3 39
8 20
10 0
14 36
18 38
20 20
21 31
21 38
22 20
23 20
28 21
29 20
31 33
38 9
2 14
2 24
3 17
5 23
6 0
6 39
12 35
17 31
17 36
17 38
18 24
20 0
21 0
22 21
23 0
23 7
23 21
23 32
25 38
26 23
27 33
28 19
29 21
31 35
32 19
34 36
37 16
37 19
37 21
37 22
38 7
38 8
0 2
0 29
0 35
1 0
1 39
2 1
3 35
4 1
6 20
11 39
12 31
14 32
17 25
18 19
23 29
23 33
25 35
30 7
30 9
31 10
32 11
33 19
33 25
36 0
36 11
38 2
38 34
38 35
38 38
1 3
1 26
1 33
2 22
3 20
3 26
3 29
5 17
5 21
6 13
6 29
8 17
11 34
12 4
14 35
15 39
17 17
18 32
20 9
21 24
21 29
24 0
26 33
27 30
27 35
29 32
32 9
33 36
34 35
35 6
35 10
36 34
37 15
37 20
37 37
38 36
39 6
0 4
0 9
0 28
1 32
6 1
6 23
8 21
8 36
9 17
9 19
10 35
10 36
11 20
12 13
12 21
15 0
20 24
21 18
21 21
21 35
27 38
29 38
30 38
31 20
31 37
33 33
35 21
36 37
39 29
39 30
39 31
0 13
0 17
0 37
1 2
1 29
1 35
2 20
3 28
3 31
3 37
6 9
12 0
12 32
15 36
15 38
18 21
18 35
19 0
19 9
19 19
20 21
20 27
22 0
23 25
23 36
26 30
26 35
27 32
28 31
28 38
30 0
31 38
32 13
33 29
33 30
33 35
34 22
35 4
36 2
36 7
36 8
36 38
37 9
37 33
38 33
39 9
39 34
39 35
39 38
0 1
0 15
2 11
2 23
3 18
3 21
5 13
5 14
6 18
6 21
6 32
6 34
8 19
8 26
8 31
8 37
10 17
10 18
11 32
13 1
15 9
15 24
15 27
15 32
16 29
17 20
17 24
20 32
21 33
22 7
22 30
23 10
24 4
27 25
28 27
29 4
29 33
32 6
34 21
34 37
36 23
36 33
37 2
37 7
37 8
37 27
37 32
38 10
38 32
39 2
39 7
39 8
39 36
1 4
1 8
1 13
1 17
1 28
1 31
1 37
2 4
2 8
2 33
2 36
4 39
8 4
8 24
10 1
10 26
10 31
11 26
15 26
18 31
18 33
21 9
21 25
23 15
23 27
25 36
26 25
26 32
28 4
28 28
31 13
31 19
31 25
32 15
34 38
35 20
36 13
36 16
36 27
36 32
38 4
38 17
38 24
38 25
0 11
1 15
1 22
2 18
2 21
2 32
3 19
4 31
4 32
4 34
5 0
5 18
6 19
6 35
6 36
7 31
8 32
9 4
10 10
10 19
10 24
10 38
11 24
11 35
11 36
12 23
12 29
12 38
15 20
15 35
16 27
19 1
19 4
20 4
20 16
20 19
20 25
20 35
21 4
21 36
22 4
22 9
27 27
27 36
28 15
28 23
31 6
31 7
32 0
32 4
32 10
33 23
33 28
33 31
33 37
35 13
35 16
35 19
36 6
36 24
38 19
38 21
38 22
39 33
0 8
0 14
0 38
1 1
2 9
2 29
3 38
5 4
5 8
6 15
6 27
9 0
10 33
12 25
14 28
14 33
16 26
17 18
18 0
18 23
18 29
26 27
27 28
29 7
29 9
29 16
29 23
31 15
33 38
35 1
36 15
37 6
37 29
37 30
38 37
39 12
39 15
39 32
1 11
1 20
2 19
2 39
4 35
4 36
5 19
5 26
6 10
6 37
7 32
7 34
8 13
8 15
8 38
12 17
12 18
12 37
16 36
16 38
17 19
17 21
17 28
19 16
20 31
20 33
21 28
22 35
23 4
23 24
25 1
26 29
26 36
28 7
28 9
28 24
29 29
29 30
30 3
30 5
31 0
31 4
31 29
31 30
33 7
33 8
33 24
34 25
34 27
34 32
35 3
35 15
36 4
36 10
36 29
36 30
37 23
38 20
39 13
39 17
39 24
39 25
0 18
1 14
1 38
2 28
2 31
2 34
3 2
5 1
5 9
6 16
6 25
8 29
9 15
12 19
13 11
14 37
15 18
16 32
18 37
21 15
21 23
22 32
24 1
27 24
27 31
29 0
29 24
33 11
35 34
37 4
37 10
38 16
38 27
39 4
39 10
39 19
39 21
39 22
0 27
2 16
3 0
3 11
4 37
5 28
5 31
5 32
5 34
7 35
7 36
8 9
8 16
9 34
10 11
10 21
10 29
11 9
11 21
11 29
12 1
12 33
15 19
15 21
16 31
17 9
17 34
17 37
18 1
18 4
18 10
19 26
19 27
20 10
20 17
20 23
20 29
20 36
22 15
22 31
22 33
23 37
24 5
26 24
28 0
28 34
29 13
29 18
29 27
30 1
31 27
32 18
32 21
32 22
32 32
33 9
37 28
37 31
38 3
39 37
1 18
1 21
2 35
3 4
3 8
3 13
3 14
3 27
6 33
7 29
9 9
9 16
9 26
9 31
10 15
11 4
11 13
11 33
12 27
15 1
15 4
15 15
15 30
15 33
16 35
18 16
19 32
23 16
26 31
29 17
29 28
29 31
31 23
31 28
31 31
32 3
32 17
33 18
34 29
34 30
35 5
35 36
36 28
36 31
39 20
0 25
2 10
5 35
5 36
6 5
6 7
6 11
6 30
6 38
7 37
9 24
11 38
15 13
17 23
17 30
18 15
19 10
19 17
22 25
22 29
22 36
23 34
25 37
28 16
28 26
31 34
33 13
33 17
34 7
34 8
35 33
38 1
39 16
39 27
1 19
1 27
2 37
3 1
3 9
3 16
3 25
4 33
5 15
5 29
8 33
9 32
10 5
10 7
10 16
11 0
12 10
12 28
13 5
13 7
15 11
15 16
18 13
19 24
19 35
19 38
20 13
21 37
23 13
23 26
27 4
27 11
31 3
31 16
31 24
32 1
32 36
33 6
33 26
34 11
35 25
35 27
35 32
35 35
36 3
37 18
38 5
0 10
2 25
4 38
5 10
5 37
8 27
9 1
10 23
11 23
11 37
13 3
14 30
15 23
15 37
17 0
18 11
18 28
20 11
20 39
21 10
22 27
22 39
23 5
23 18
26 19
26 39
27 26
28 10
28 13
29 3
30 32
32 5
32 33
33 15
34 9
34 23
34 28
34 31
37 3
37 39
39 3
0 5
1 25
5 16
6 3
7 33
8 10
9 35
9 36
10 3
10 27
11 27
12 15
16 17
19 13
19 31
19 33
21 16
21 26
22 10
23 17
25 34
26 4
26 11
26 26
26 37
27 39
28 3
28 18
29 39
30 20
30 39
31 1
32 25
32 35
33 0
33 4
33 10
36 1
38 23
38 28
1 10
7 27
7 38
8 25
8 28
9 10
9 29
16 33
18 39
19 3
19 11
20 3
21 3
21 34
22 3
22 16
26 20
27 7
27 9
27 34
28 17
28 39
29 1
30 21
31 5
31 18
31 39
33 34
34 13
34 16
34 19
34 24
35 29
35 30
35 37
36 5
36 18
36 39
37 1
39 1
2 27
2 38
3 30
4 24
5 33
7 14
9 37
10 25
10 28
11 17
11 18
11 25
11 28
12 11
12 16
12 30
13 34
15 25
15 28
15 34
16 9
17 1
17 4
17 39
18 34
19 25
19 29
19 36
20 28
20 37
21 13
23 39
27 15
28 1
29 5
30 33
31 17
34 6
35 18
35 38
36 17
37 5
37 26
39 5
0 16
1 5
1 7
2 5
2 7
3 10
5 27
5 38
7 28
12 5
12 7
14 10
16 20
18 5
18 7
18 30
19 7
21 11
22 13
23 3
25 28
26 7
26 9
26 34
27 0
28 5
29 26
29 34
30 8
30 19
30 25
30 35
31 26
32 29
32 30
32 37
34 15
34 39
35 17
36 26
39 23
1 30
4 17
7 4
8 11
10 8
13 8
13 24
13 31
13 39
14 0
15 5
15 7
16 28
16 37
17 10
21 17
22 11
22 28
22 37
25 19
25 23
25 39
26 15
27 22
32 38
34 0
34 4
34 10
35 23
35 28
35 31
1 16
4 26
4 30
5 5
5 7
5 22
5 25
7 20
8 30
9 11
9 23
9 33
11 1
12 3
12 22
13 26
14 24
18 3
20 34
21 39
22 17
22 22
23 22
25 11
25 30
26 0
30 15
32 27
33 3
33 39
38 18
4 11
4 20
7 0
7 24
8 5
8 7
8 22
9 27
9 38
10 30
11 30
13 20
13 36
14 9
14 26
15 3
16 18
17 15
18 22
19 23
20 30
25 20
28 22
30 29
30 30
32 23
32 28
32 31
34 26
35 24
38 39
4 4
4 8
4 13
4 14
4 23
4 28
5 3
7 13
7 23
7 30
9 5
9 7
11 10
13 32
14 20
16 19
16 21
16 34
17 13
20 8
22 26
22 34
23 8
25 2
25 21
27 10
29 22
33 1
38 26
2 30
6 6
6 22
8 3
9 25
9 28
13 2
16 30
17 11
21 22
24 2
24 6
24 31
25 7
25 9
26 22
27 3
27 16
30 27
32 24
33 5
38 14
39 18
3 5
3 7
4 9
4 18
4 21
5 30
6 2
7 1
7 9
7 17
7 18
7 21
9 3
10 2
10 6
11 15
12 8
13 6
13 17
13 18
13 35
16 1
16 4
18 8
19 8
19 28
19 37
20 22
24 28
25 15
26 10
30 2
30 23
30 28
30 31
31 8
34 3
37 14
39 39
9 14
13 19
13 21
13 29
14 17
14 18
15 8
17 5
17 7
19 2
20 2
20 6
21 2
21 6
22 2
24 19
24 23
24 38
25 25
25 29
26 3
26 16
27 1
27 13
29 8
29 14
39 26
0 6
3 3
4 19
7 19
11 11
11 16
14 19
14 21
16 10
16 23
17 22
21 8
24 11
24 30
24 35
27 5
27 18
28 8
30 16
30 24
34 1
35 26
8 8
9 30
10 14
15 14
17 3
19 34
22 8
23 2
23 6
24 20
25 27
26 1
26 13
27 17
32 2
34 5
34 18
9 8
10 22
11 5
11 7
11 22
14 1
14 4
15 22
16 15
18 14
19 30
20 14
23 14
24 21
24 32
26 5
26 18
32 14
32 26
32 34
34 17
1 6
2 6
4 10
7 10
12 2
12 6
13 23
13 33
16 13
18 2
18 6
19 6
24 9
24 33
25 10
26 17
28 14
30 18
31 2
37 12
4 27
11 3
13 12
13 27
13 38
14 23
15 2
15 6
16 11
16 16
19 14
24 15
25 16
25 24
29 2
29 6
30 12
30 17
31 14
35 39
36 14
4 15
5 2
5 6
7 15
10 12
12 14
13 15
17 8
19 39
24 25
24 29
24 36
28 2
28 6
30 26
30 34
35 14
4 25
7 25
8 2
8 6
13 25
13 28
13 37
14 15
16 5
16 7
21 14
22 6
25 13
29 12
32 39
4 16
6 12
7 11
7 16
9 2
9 6
13 16
14 13
14 25
22 14
24 27
25 5
25 18
9 22
11 8
14 11
14 16
15 12
16 3
25 17
27 8
3 6
4 5
4 7
7 5
7 7
18 12
19 22
20 12
23 12
24 10
25 26
32 12
5 12
13 30
14 5
14 7
17 2
17 6
24 16
24 24
26 8
28 12
33 2
2 12
4 3
7 3
17 14
19 12
31 12
33 14
36 12
39 14
12 12
14 3
16 8
24 13
24 37
35 12
0 12
11 2
11 6
21 12
24 18
27 2
27 6
30 22
8 12
11 14
16 22
22 12
24 17
27 14
34 2
1 12
7 8
9 12
24 26
24 34
25 8
26 2
26 6
34 14
14 8
26 14
3 12
4 22
7 22
13 22
16 2
16 6
25 22
30 14
14 22
16 14
17 12
33 12
24 39
4 6
7 2
7 6
25 6
11 12
13 14
14 2
14 6
24 8
25 14
27 12
14 14
34 12
24 22
26 12
16 12
24 14
4 12
7 12
25 12
14 12
24 12
