4 15
8 10
17 39
19 5
23 38
30 16
33 38
35 38
0 4
1 14
4 0
4 17
5 8
16 13
16 20
16 34
18 4
18 38
22 10
27 24
28 17
30 35
32 15
32 36
33 20
37 23
38 37
39 3
39 7
39 27
1 16
2 20
3 16
3 21
3 35
4 21
5 14
8 4
9 35
10 10
14 4
15 13
15 22
17 32
18 33
18 39
19 4
19 31
19 36
20 33
20 38
21 38
25 38
26 34
28 3
28 33
28 34
29 16
30 39
32 3
32 4
32 39
34 39
36 22
36 29
36 39
0 0
0 6
3 38
5 33
5 38
7 8
10 4
12 3
13 4
14 8
14 34
15 25
16 5
16 17
16 32
17 17
17 22
17 33
18 31
19 34
20 8
20 11
20 16
20 20
20 34
21 1
21 4
21 31
26 4
26 37
27 20
27 35
28 1
30 12
30 13
31 14
31 38
32 11
32 34
33 21
35 29
35 36
35 39
36 15
36 21
37 20
38 7
38 16
39 30
1 0
1 3
2 37
4 4
5 6
6 11
7 3
8 6
10 3
10 6
10 33
13 25
14 5
14 28
15 17
15 35
16 3
16 15
16 33
17 15
17 19
18 28
22 6
23 5
23 11
23 33
25 1
25 5
26 33
26 38
27 6
27 37
28 23
30 37
31 36
32 7
32 13
32 33
33 17
36 16
36 33
37 38
38 11
38 13
38 14
39 10
39 15
39 31
39 36
39 38
39 39
2 38
3 3
3 7
3 18
4 37
6 14
6 35
6 37
12 8
12 24
13 3
13 5
14 11
14 35
15 30
15 32
16 28
17 29
17 37
20 3
21 29
22 3
23 36
24 4
24 34
27 1
27 3
27 38
28 26
29 15
30 1
30 3
30 20
30 21
31 8
31 31
31 35
32 14
32 17
32 28
32 37
33 28
33 31
33 37
36 7
36 12
36 19
36 24
38 3
38 33
39 21
39 22
3 8
3 13
3 22
4 18
4 22
4 35
5 3
5 18
6 3
6 17
8 7
9 5
9 37
10 7
10 11
10 37
13 22
14 1
14 15
14 30
14 38
15 3
15 4
15 8
15 21
15 33
15 38
16 10
16 19
16 25
16 37
16 38
18 1
19 1
19 10
20 6
20 21
22 39
23 32
24 3
24 39
25 21
27 4
27 29
28 21
28 27
30 6
30 7
30 27
30 31
31 33
31 39
33 1
33 23
33 34
34 3
35 35
36 1
37 19
37 28
37 37
39 6
39 11
39 13
39 14
39 20
39 23
39 37
1 35
3 4
3 11
4 5
4 11
5 10
6 33
7 6
7 13
10 30
11 35
11 37
12 7
14 10
14 22
15 18
15 19
15 24
15 31
16 1
16 21
17 21
17 35
18 29
18 35
18 37
19 32
20 37
21 35
21 37
23 39
24 20
24 33
25 39
26 24
26 36
30 11
30 23
33 24
33 33
34 31
35 22
35 23
36 27
36 31
36 34
36 36
37 3
37 10
37 34
37 36
37 39
38 4
38 8
38 24
38 30
39 34
0 5
1 6
1 7
1 12
1 18
1 21
1 33
1 37
4 33
4 38
5 4
5 13
6 4
8 13
8 14
9 15
10 32
10 38
11 2
11 5
11 13
13 20
14 14
14 31
15 5
15 10
15 14
15 29
18 13
18 18
19 37
20 28
20 32
20 39
21 3
21 25
21 32
21 39
22 15
23 4
23 6
23 35
24 27
24 36
25 4
27 16
27 21
27 36
31 2
31 24
31 29
31 37
34 34
35 21
35 24
36 4
37 30
38 1
38 6
38 12
38 21
38 22
38 29
38 31
38 34
1 8
1 20
1 24
1 32
3 10
3 32
4 10
6 18
6 24
7 7
8 34
9 4
10 17
11 17
11 38
12 19
12 34
13 24
14 29
15 1
18 6
18 8
18 11
18 22
20 29
21 24
23 3
24 8
24 26
24 28
24 32
25 3
26 39
27 28
28 8
28 29
29 4
30 5
30 29
31 11
31 20
31 21
32 22
32 27
32 29
33 27
34 4
34 33
34 36
35 13
35 15
36 8
37 4
37 11
37 13
37 14
37 29
37 31
38 20
38 23
39 19
39 26
0 2
1 11
2 19
3 5
3 19
4 2
4 13
4 30
4 31
5 20
5 34
6 10
6 21
7 5
8 2
9 3
9 6
9 13
9 14
11 11
12 33
14 18
14 19
14 24
16 7
16 24
16 29
18 20
19 7
19 35
20 13
20 35
21 27
22 16
25 29
25 31
27 12
27 15
27 39
29 8
30 10
31 0
31 6
31 7
32 0
32 5
33 2
33 10
33 35
34 1
35 3
35 7
35 14
35 16
35 17
35 27
36 2
36 6
36 26
36 35
37 1
37 15
37 35
39 0
39 12
39 35
1 2
1 28
1 30
1 31
3 30
3 31
3 34
4 19
5 5
5 19
6 5
6 13
6 32
7 2
10 15
10 18
10 34
11 4
11 15
11 18
12 13
12 31
12 35
12 37
13 30
13 34
14 21
17 23
18 15
20 25
21 26
22 7
22 17
24 6
24 12
24 17
24 21
24 35
25 22
25 23
26 21
27 11
27 32
28 0
28 22
29 19
30 2
31 23
32 2
33 13
34 6
34 37
35 10
35 19
35 32
37 6
37 16
37 27
38 35
1 10
1 22
3 2
5 24
9 7
9 9
9 34
10 1
10 21
10 29
11 3
11 6
11 8
11 22
11 25
12 1
12 17
13 13
13 33
14 16
16 16
17 6
17 8
17 11
17 16
18 19
18 25
20 24
24 11
24 24
25 34
26 2
28 12
28 15
28 19
28 28
29 1
29 3
29 14
30 28
31 10
31 17
32 19
32 26
33 0
33 11
33 14
33 26
34 35
35 12
36 0
36 5
37 8
38 2
38 19
0 1
1 5
2 24
2 33
4 1
5 2
5 22
5 30
5 31
6 2
6 20
8 1
8 9
10 14
10 23
11 14
12 11
12 28
12 38
13 17
13 31
13 35
13 37
15 7
15 16
17 3
17 4
18 21
18 24
19 17
20 2
20 7
20 14
20 27
21 23
22 2
25 8
25 16
26 27
27 10
27 22
28 6
28 7
28 11
28 32
30 0
30 25
31 5
32 32
33 7
33 8
34 5
35 4
35 26
37 5
37 12
39 32
1 1
1 39
2 32
4 25
4 29
5 9
5 36
6 19
6 25
6 29
6 34
6 39
7 1
8 36
8 39
9 16
9 22
9 31
9 39
11 7
12 9
12 15
12 18
12 23
12 32
13 8
13 11
13 29
14 2
14 20
17 27
18 2
18 10
19 2
19 18
20 26
21 8
21 10
21 11
22 13
22 34
24 2
24 10
25 33
26 8
26 16
26 26
26 28
27 13
27 19
27 25
29 6
29 7
30 22
33 6
33 12
34 2
35 1
35 8
37 2
37 26
38 0
3 1
3 23
3 25
3 29
3 39
4 23
4 34
5 39
6 16
9 2
10 9
10 20
10 28
11 33
12 21
13 15
13 18
13 38
14 39
15 36
15 39
16 2
16 23
17 5
18 26
19 22
19 28
21 15
22 31
23 7
24 13
25 12
25 15
25 36
27 2
28 10
30 19
31 32
35 6
38 26
39 25
1 25
1 34
2 15
2 17
2 22
2 30
2 31
3 9
3 36
4 9
5 1
6 1
7 9
9 24
9 30
10 19
11 30
11 31
12 14
12 27
13 7
13 10
13 32
14 36
17 1
19 15
19 20
20 23
21 2
21 20
24 22
24 23
25 11
25 17
25 32
26 12
26 15
26 22
26 23
28 13
29 10
29 24
29 36
29 38
30 32
31 26
33 5
33 32
34 0
36 25
36 32
37 0
1 19
2 36
2 39
4 28
5 25
5 29
6 9
6 28
8 17
8 22
8 31
9 36
10 16
10 36
10 39
11 16
11 24
12 26
13 14
15 2
15 27
17 10
18 23
19 12
19 16
21 6
21 16
22 14
22 19
22 29
23 2
23 20
24 19
24 30
25 2
25 27
26 6
26 11
26 17
26 30
27 14
29 5
29 26
29 33
29 34
35 5
38 32
2 0
2 3
2 6
2 7
2 12
2 14
3 28
7 12
9 1
9 21
10 27
11 21
11 36
11 39
12 20
13 23
15 26
16 12
17 30
19 19
19 25
21 17
22 33
23 15
24 7
24 14
25 10
25 26
25 28
25 35
28 25
29 2
29 18
29 27
29 31
29 35
31 22
32 25
33 18
33 25
34 32
35 2
35 30
36 18
37 32
1 9
2 8
2 16
5 12
6 23
6 36
8 12
8 24
8 30
9 32
10 26
11 32
13 0
13 27
14 12
14 23
14 27
15 12
18 7
18 14
19 21
19 24
19 30
20 0
22 0
22 25
22 36
23 0
23 29
24 0
25 13
26 0
26 10
27 30
28 14
28 18
29 23
29 39
31 19
32 18
34 20
35 25
37 18
2 4
2 11
2 25
2 29
4 27
4 36
4 39
5 28
6 27
8 18
10 0
10 12
11 1
12 0
12 16
13 26
14 26
16 27
18 30
19 27
20 12
21 30
22 24
22 32
22 37
23 16
26 13
26 25
29 0
34 10
34 22
34 23
35 0
37 25
1 23
1 36
2 34
3 27
4 12
4 26
6 26
8 0
8 21
9 12
9 20
9 25
9 29
11 9
11 20
11 29
13 16
14 0
16 26
18 0
19 0
19 26
21 13
22 27
23 17
23 21
23 25
27 18
29 29
29 37
31 30
34 13
34 15
34 21
34 24
38 25
2 10
3 26
5 23
6 12
7 0
8 32
9 19
12 36
12 39
16 0
17 7
22 26
22 28
22 35
23 9
23 24
25 7
25 14
25 19
28 30
30 18
30 30
31 25
32 9
32 30
33 30
34 11
34 14
34 16
34 17
39 18
1 26
2 5
2 13
2 28
5 27
7 15
7 38
13 9
16 9
19 9
19 23
21 0
22 9
23 27
26 7
26 14
26 19
34 8
34 19
34 27
5 26
6 0
7 35
7 37
8 20
8 25
8 29
9 28
11 12
11 28
13 36
13 39
15 0
17 2
19 14
20 30
21 7
21 14
21 19
22 12
22 18
22 22
22 23
23 13
23 26
23 28
24 18
25 0
25 25
29 28
34 12
34 30
35 18
2 2
2 23
7 17
7 22
7 31
8 19
15 9
20 9
38 9
38 18
2 27
7 33
8 16
9 0
9 23
11 23
18 12
23 22
23 23
29 22
30 9
31 18
34 26
2 26
7 24
7 30
8 28
9 27
11 27
12 12
23 14
23 19
36 9
2 1
7 18
9 26
11 0
11 26
13 12
25 30
29 32
31 9
2 9
7 21
8 23
17 12
25 18
27 9
0 13
0 15
0 17
0 27
0 29
0 38
7 32
8 27
24 9
26 18
29 25
37 9
0 18
0 21
0 35
8 26
17 0
18 9
21 12
21 18
28 9
33 9
0 12
0 14
0 20
0 24
0 33
0 37
7 20
7 25
7 29
22 30
29 9
34 25
35 9
0 8
0 16
0 32
7 19
7 34
0 11
7 16
17 9
23 18
23 30
25 9
29 30
0 22
0 30
0 31
7 28
26 9
0 10
21 9
34 18
7 23
7 27
7 36
7 39
0 25
7 26
0 19
0 34
34 9
0 28
0 9
0 23
0 36
0 39
0 26
