0 32
14 27
1 29
2 28
6 16
19 14
24 0
30 8
32 7
2 30
24 28
26 30
28 26
3 0
6 10
10 10
19 13
23 0
25 26
27 29
39 8
0 1
0 2
4 4
5 6
6 9
10 8
10 33
13 24
20 12
24 4
24 26
25 23
25 27
26 31
27 28
27 35
32 31
38 2
38 3
39 4
0 0
0 9
0 14
3 10
4 2
6 15
7 17
8 33
12 7
19 8
22 12
22 23
22 27
22 28
22 29
24 27
27 17
27 27
35 38
36 39
39 2
39 3
39 18
0 6
4 6
4 9
4 21
5 0
7 14
10 5
10 6
13 21
13 33
14 23
14 24
15 2
20 13
23 7
24 31
27 23
28 20
28 29
30 37
31 37
32 36
37 1
37 8
39 7
39 20
1 26
1 27
2 1
2 2
2 3
2 9
3 3
3 20
4 8
5 2
5 3
5 14
6 18
6 36
9 4
10 37
12 3
12 4
12 8
12 23
15 38
16 38
18 15
24 3
28 28
28 31
29 1
30 20
35 37
36 36
37 39
0 5
0 11
0 36
1 22
2 0
2 5
3 5
3 6
3 11
4 27
4 32
4 33
4 37
5 10
6 13
7 0
7 4
7 10
8 8
9 3
10 2
10 36
12 6
12 33
13 18
14 3
14 4
14 35
15 0
15 34
16 12
16 27
17 1
18 27
19 11
20 0
22 11
23 8
25 5
25 20
26 34
27 3
27 9
28 35
29 7
29 31
30 1
30 2
31 32
32 3
36 38
37 34
38 1
38 32
0 4
0 8
1 6
1 15
1 36
2 4
2 10
2 14
2 36
3 4
3 8
4 14
5 9
6 19
7 2
7 3
7 7
7 9
7 19
8 11
9 5
9 6
9 9
10 11
11 27
11 35
13 35
14 32
14 37
16 7
16 23
17 0
20 11
22 7
23 1
24 9
24 32
25 4
25 35
27 1
29 3
30 29
30 35
31 35
32 2
32 30
33 3
33 6
37 6
37 7
37 36
38 34
39 1
0 13
1 1
1 2
1 3
1 33
2 20
2 31
2 33
3 13
3 15
3 16
5 7
5 15
6 0
6 4
6 6
6 12
7 5
7 15
7 39
8 12
8 21
8 39
9 1
10 0
11 37
12 2
12 16
12 21
12 24
12 28
13 28
13 37
14 22
14 31
14 36
14 38
16 15
18 35
18 38
20 7
22 18
24 21
24 34
25 13
25 30
27 7
28 30
28 36
29 35
30 14
30 31
31 29
32 34
33 2
36 35
36 37
37 38
38 36
39 14
0 37
1 0
1 5
1 10
1 14
2 8
2 22
3 17
4 1
4 39
5 11
6 2
6 3
6 37
8 0
8 4
8 28
8 35
9 10
11 36
12 12
12 17
12 22
12 35
13 32
13 36
14 2
15 5
16 13
16 14
16 18
17 34
18 28
19 3
19 4
21 8
22 26
23 29
24 12
24 24
25 7
26 20
27 8
28 18
29 30
30 4
30 34
30 36
31 18
31 34
31 36
32 33
33 8
34 31
38 38
39 13
39 16
0 12
1 4
1 8
1 21
1 37
2 11
2 37
3 12
3 18
3 21
4 7
4 15
4 16
6 5
6 22
8 2
8 3
8 31
9 18
10 1
11 18
11 21
12 0
12 37
15 28
15 35
16 9
16 28
18 18
19 1
19 17
21 0
22 3
22 4
22 15
22 24
23 2
24 2
24 13
24 36
25 3
25 8
25 15
25 31
26 16
26 23
26 26
26 28
26 36
27 18
29 34
29 36
29 38
30 18
31 16
32 0
32 4
32 32
32 38
33 0
34 34
34 35
34 36
34 37
36 1
36 3
36 6
36 7
37 35
37 37
38 31
0 20
0 28
1 16
2 16
4 11
4 17
4 26
4 31
4 35
5 1
5 13
7 13
7 38
8 5
8 6
8 18
8 38
9 7
9 16
11 7
11 10
11 16
11 22
11 32
12 15
12 32
12 36
14 0
14 16
16 2
16 3
16 4
16 22
17 7
17 8
17 23
18 7
18 8
18 36
19 16
20 3
20 4
21 32
21 35
22 1
22 32
22 35
23 5
23 25
23 31
25 1
25 24
26 27
27 2
27 37
27 38
28 24
28 32
29 0
29 4
29 23
29 25
30 5
30 15
30 30
31 17
33 4
33 9
33 34
33 35
33 36
33 37
34 33
36 2
37 0
37 4
37 33
38 9
38 35
38 37
0 7
0 26
0 27
0 29
0 35
0 39
1 11
1 17
2 13
2 17
3 7
3 19
4 18
4 23
4 24
4 38
6 35
6 39
7 11
8 16
8 22
9 17
10 34
10 38
11 3
11 4
11 17
12 1
12 9
12 11
12 13
12 14
15 32
15 36
16 1
16 32
18 22
18 26
18 31
18 33
19 9
20 1
20 18
21 7
21 31
21 34
22 9
22 34
24 8
24 15
24 37
24 38
25 18
26 37
26 38
27 14
27 33
29 13
29 32
30 0
30 12
30 17
31 7
31 8
31 30
32 5
32 9
33 33
34 32
38 33
0 22
1 18
1 35
1 39
2 18
2 21
2 35
2 39
4 13
5 12
6 27
6 32
7 1
7 12
7 36
8 17
8 34
11 8
11 28
14 1
14 5
15 31
16 0
16 21
16 26
16 31
17 18
17 28
18 37
19 2
19 5
20 9
20 23
23 12
25 11
25 32
26 5
26 33
27 0
27 24
28 25
28 37
28 38
29 5
29 20
32 23
33 5
33 32
37 5
38 0
38 8
38 20
38 29
39 5
39 15
1 13
1 23
1 24
2 7
2 12
4 19
6 7
7 33
9 15
9 20
11 5
11 6
11 15
11 26
11 31
12 26
14 8
17 11
17 12
18 11
18 21
20 15
20 32
20 35
20 38
21 11
21 27
21 28
21 36
22 2
22 5
22 14
22 21
22 36
23 13
23 18
23 32
23 35
24 6
25 14
25 34
26 4
26 9
27 21
28 21
30 11
30 32
30 38
31 15
31 38
32 24
32 26
32 27
32 28
33 14
33 30
36 4
0 16
0 38
1 7
1 19
2 19
3 28
3 30
4 12
4 29
4 34
6 1
6 21
6 38
7 20
7 27
7 32
8 7
9 11
9 13
9 14
9 32
11 2
11 13
11 14
11 38
13 7
14 12
14 18
15 6
16 5
16 17
17 3
17 4
17 22
17 26
17 32
17 35
17 38
18 3
18 4
20 2
20 5
20 31
20 34
21 3
21 4
21 13
23 23
23 34
24 22
24 33
25 2
26 13
26 18
27 15
27 16
27 25
28 13
30 21
30 24
30 26
30 27
30 28
31 9
31 23
32 14
32 18
33 13
33 16
33 20
33 29
38 23
39 30
39 39
0 17
0 34
1 12
1 38
2 38
6 34
8 1
8 19
9 12
11 34
13 3
13 4
13 34
15 16
17 31
18 1
18 17
18 24
20 22
20 26
21 1
21 18
21 37
22 17
22 37
22 38
23 15
24 14
25 17
25 22
25 36
26 7
27 12
28 9
30 6
31 3
31 24
31 26
31 27
31 28
32 13
32 16
33 17
33 38
36 5
38 6
38 7
38 18
38 24
38 26
38 27
38 28
39 32
0 18
0 21
1 34
2 23
2 24
2 34
3 36
6 28
8 26
9 27
11 0
11 11
12 29
12 38
13 8
13 20
13 29
14 15
17 13
17 14
17 21
18 0
18 16
20 36
21 23
22 16
23 6
23 36
25 16
26 3
26 8
28 33
31 1
31 2
32 17
32 21
33 23
36 0
39 34
3 27
3 32
3 33
6 26
6 31
8 23
8 24
8 29
9 33
10 27
12 30
12 34
13 6
13 12
13 30
14 11
14 13
14 14
14 29
15 23
15 24
17 36
20 21
21 15
24 17
25 37
25 38
26 1
27 11
27 22
28 7
28 22
29 6
29 18
29 33
32 25
33 24
33 26
33 27
33 28
38 14
39 36
0 19
6 23
6 24
7 28
8 30
9 22
10 18
10 21
11 1
13 2
14 30
17 5
17 17
17 24
18 2
18 5
19 6
19 27
20 37
21 2
21 5
21 33
22 33
23 37
23 38
24 16
26 24
28 3
28 8
30 22
30 25
31 13
31 21
33 12
33 15
38 13
38 16
38 21
39 38
3 37
5 20
7 26
7 31
7 35
9 37
10 16
10 22
11 9
13 15
13 25
13 39
15 12
15 18
15 33
16 20
16 33
17 9
17 16
17 37
18 9
20 17
20 24
21 9
21 22
21 26
21 39
22 6
22 30
23 14
23 21
26 21
27 6
28 1
29 14
29 17
31 4
31 25
32 12
32 15
38 17
38 25
39 31
0 23
0 24
5 22
7 23
7 24
9 36
10 17
12 20
13 0
13 11
13 13
13 14
14 9
14 17
15 39
16 6
16 39
18 20
20 6
20 16
22 20
24 11
25 6
25 33
26 14
26 25
29 39
32 22
32 39
33 11
33 21
37 30
39 29
39 35
39 37
5 36
11 29
14 25
15 15
15 22
15 26
18 29
19 23
19 28
20 33
21 14
21 21
23 17
23 24
23 33
26 2
27 39
31 5
32 11
33 25
38 5
39 33
3 26
3 31
3 35
3 39
4 25
9 28
10 15
11 20
11 30
13 1
13 5
15 11
15 13
15 14
15 29
16 29
17 33
18 30
21 30
23 16
24 39
26 39
28 4
28 14
29 12
29 15
29 16
29 21
31 0
31 12
31 22
36 30
38 12
38 15
38 22
39 23
3 23
3 24
5 27
5 32
5 33
7 34
8 20
9 26
9 31
9 35
9 39
10 13
10 14
10 28
13 9
14 39
15 21
15 30
16 30
17 20
18 39
19 32
19 35
19 38
21 17
21 24
23 10
26 0
26 12
26 22
28 2
28 39
37 18
37 31
39 10
39 24
39 26
39 27
39 28
1 25
5 17
9 23
9 24
10 26
10 31
11 39
16 10
17 6
18 6
19 22
19 26
19 31
19 34
20 20
20 29
21 6
21 16
24 19
25 10
28 5
29 11
30 39
31 11
31 39
33 22
37 20
37 29
38 11
3 38
5 18
5 21
5 37
6 29
10 23
10 24
11 25
12 25
14 20
15 9
15 17
17 29
18 25
20 30
23 30
26 11
28 0
28 12
28 15
28 16
30 10
36 18
36 31
37 14
3 34
6 30
9 38
12 39
16 25
17 30
19 10
19 21
19 36
22 10
22 39
23 20
23 22
29 22
31 6
33 39
36 20
36 29
37 13
37 16
37 23
2 25
5 19
5 28
7 29
9 34
13 19
20 10
26 6
28 11
36 14
36 33
37 17
37 24
37 26
37 27
37 28
39 25
5 26
5 31
5 35
5 39
7 30
8 25
17 25
19 24
19 37
21 20
25 39
28 19
31 19
34 8
36 13
36 16
36 23
36 32
5 23
5 24
6 25
20 25
20 39
23 39
27 10
27 19
28 6
30 19
36 17
36 24
36 26
36 27
36 28
3 29
15 20
16 19
17 39
34 9
37 12
37 15
37 21
39 22
0 25
5 38
7 25
9 29
10 20
12 19
18 19
19 33
22 19
25 19
34 1
34 3
34 6
34 7
34 18
37 25
5 34
9 30
10 29
24 10
33 10
34 2
34 20
34 29
36 12
36 15
36 21
37 11
10 30
11 19
19 20
21 25
32 10
34 14
36 25
3 25
17 10
17 19
18 10
19 29
21 10
26 19
32 19
34 13
34 16
34 23
35 8
35 30
36 11
37 22
9 25
14 10
15 25
19 30
20 19
33 19
34 4
34 17
34 24
34 26
34 27
34 28
5 29
10 25
14 19
29 10
31 10
35 9
36 22
38 10
5 30
23 19
26 10
29 19
34 5
35 1
35 3
35 6
35 7
35 18
35 31
13 10
19 25
34 0
34 12
34 15
34 21
35 2
35 20
35 29
35 34
35 35
19 39
21 19
28 10
34 25
35 14
35 33
5 25
15 10
34 11
35 13
35 16
35 23
35 32
15 19
35 4
35 17
35 24
35 26
35 27
35 28
10 19
34 22
35 5
19 19
35 0
35 12
35 15
35 21
37 10
35 25
37 19
35 11
36 10
36 19
35 22
34 10
34 19
35 10
35 19
