0 0
33 19
1 1
16 6
20 25
22 3
24 20
25 18
39 8
1 7
6 37
8 36
9 1
12 28
17 25
20 3
20 16
28 13
39 33
39 35
0 19
0 38
1 2
5 37
8 38
11 38
16 16
19 23
20 23
24 39
27 22
28 14
32 20
32 37
33 22
35 5
36 20
38 31
1 4
1 39
2 0
2 2
4 38
5 2
5 38
6 25
7 1
13 35
19 1
21 5
21 12
23 39
28 22
32 15
33 9
37 22
38 1
39 29
39 31
0 30
4 0
4 1
4 5
4 39
7 4
7 36
7 37
7 38
8 2
10 9
11 23
13 1
13 4
16 3
17 28
17 36
20 22
21 15
21 19
21 20
22 6
22 8
22 21
25 32
29 25
31 1
31 9
31 13
31 34
32 18
33 1
34 2
37 18
38 3
38 7
38 32
38 36
38 39
39 21
0 31
0 32
0 37
1 28
2 4
2 9
5 32
6 26
8 7
10 37
13 37
15 1
15 14
15 15
16 12
17 1
18 1
20 12
21 6
21 8
22 1
22 14
22 18
23 1
24 9
24 22
24 23
24 24
25 15
26 10
28 0
28 19
28 23
29 30
30 27
33 14
34 20
34 22
35 2
36 2
36 32
37 4
37 9
37 15
37 19
37 25
37 26
37 37
38 8
39 0
39 2
39 4
39 11
39 13
39 20
39 24
39 26
39 32
39 37
0 36
0 39
1 29
1 31
1 32
4 7
5 0
5 1
5 26
5 28
6 23
6 32
7 30
8 4
9 21
10 1
11 25
11 26
12 29
12 36
13 7
13 9
13 16
14 16
15 3
16 14
16 15
16 23
19 5
19 15
19 19
19 20
21 13
21 18
21 21
22 0
22 22
22 23
22 24
23 0
23 37
24 12
24 14
24 31
25 25
28 18
28 25
29 23
30 11
33 7
33 15
34 0
34 3
34 16
34 35
35 1
35 7
35 11
35 13
35 14
36 1
36 16
36 34
37 11
37 13
37 23
37 31
37 35
38 5
38 9
38 14
38 18
38 20
38 35
39 14
39 19
39 22
0 18
0 25
4 4
4 18
4 19
5 29
7 9
7 24
7 29
8 19
11 16
11 37
12 1
12 23
12 38
13 15
14 6
14 15
14 25
14 26
15 7
16 19
17 3
17 24
18 3
18 17
19 6
19 16
19 24
20 7
20 17
21 25
24 7
24 13
25 12
25 37
28 30
29 12
31 0
31 6
31 32
32 2
32 3
32 10
32 12
33 0
33 12
34 26
35 3
35 6
35 37
36 3
36 37
37 5
38 12
38 15
38 19
38 24
38 29
39 5
39 15
0 16
0 22
0 24
1 37
2 37
2 38
3 37
3 38
5 35
6 2
7 25
7 31
10 35
12 4
12 25
12 26
14 36
15 9
16 9
16 21
18 6
20 13
21 22
21 28
21 36
21 37
22 9
22 11
22 15
24 26
25 10
25 13
26 9
26 11
26 31
29 7
29 13
29 31
29 34
30 10
30 30
30 32
30 37
33 16
34 9
34 23
35 18
35 19
37 2
37 32
38 22
0 3
0 5
0 8
0 9
0 29
1 36
2 36
2 39
3 36
3 39
4 9
6 4
6 8
6 30
6 35
7 8
9 3
9 23
10 4
10 28
11 30
13 17
14 17
14 24
15 5
16 29
16 30
18 12
20 9
20 14
24 1
24 15
25 1
25 16
26 14
26 19
26 20
27 16
27 39
28 34
29 14
29 24
30 1
34 30
35 0
36 0
36 9
36 25
36 26
37 1
37 16
37 27
37 30
37 34
38 6
38 25
38 26
38 34
38 37
39 1
39 23
39 27
0 7
0 13
0 15
0 21
0 23
0 27
1 35
2 6
2 35
3 30
3 35
5 31
6 7
7 27
8 22
8 24
8 26
9 7
10 8
11 17
11 19
11 29
12 24
12 35
13 5
14 1
14 22
16 2
16 5
18 18
19 13
21 24
22 7
22 17
23 34
24 0
24 2
24 3
24 32
25 0
25 2
25 3
25 23
25 24
26 1
26 18
26 26
26 34
28 7
28 32
29 1
29 19
29 21
29 26
29 37
30 8
30 22
31 11
31 31
31 39
33 5
33 10
33 39
34 11
34 13
34 14
34 24
34 31
34 34
34 37
35 20
35 22
35 32
36 11
36 13
36 14
37 3
37 6
39 3
39 6
1 6
2 3
2 10
6 0
6 1
6 17
6 31
8 0
8 25
8 28
11 0
11 22
11 31
12 20
13 2
13 13
14 3
14 4
14 7
14 11
14 20
14 35
16 0
17 31
18 13
19 2
19 9
19 14
20 0
20 2
21 7
21 11
21 17
24 17
25 9
25 11
26 0
26 2
26 3
26 6
26 22
26 32
27 12
27 21
28 10
28 16
28 37
29 15
29 18
30 2
30 3
30 6
30 14
30 20
30 31
31 5
31 22
31 38
32 1
32 7
32 21
32 25
33 21
33 38
34 7
34 27
35 10
35 12
35 25
35 30
35 34
36 7
36 21
36 23
36 30
37 10
37 12
37 38
38 16
38 23
39 16
39 38
1 27
3 25
3 26
3 28
5 3
6 27
7 3
7 5
7 34
8 20
9 0
9 17
9 19
10 30
11 27
12 37
13 8
13 10
13 18
13 21
13 30
14 10
14 18
15 2
15 11
16 11
16 24
16 28
16 35
16 38
17 34
17 38
18 9
18 14
21 10
22 16
22 32
22 33
24 38
26 13
26 37
27 24
28 21
28 26
29 2
29 3
29 6
30 0
30 19
31 10
31 12
31 20
31 25
32 26
32 32
32 39
33 35
34 6
35 31
35 39
36 6
36 39
37 0
37 21
38 10
0 4
3 22
3 24
3 29
4 3
5 27
6 39
7 6
7 18
7 19
7 21
7 23
8 17
9 9
9 26
9 35
10 24
10 29
10 39
11 18
13 0
13 28
13 39
14 13
14 37
15 8
15 10
16 8
16 10
16 26
17 2
18 2
19 0
19 17
19 26
20 11
21 30
21 34
23 35
23 38
24 16
24 30
25 7
25 30
25 33
26 8
26 23
27 7
27 17
27 31
29 11
30 15
30 18
30 23
30 39
31 19
31 26
32 6
32 17
32 23
32 38
33 8
33 25
34 17
35 8
35 23
35 27
35 38
36 17
36 24
36 27
36 38
38 27
39 12
2 11
4 6
4 16
8 3
8 5
8 16
8 30
8 39
9 28
9 36
9 38
10 21
10 31
12 2
12 3
12 5
12 7
12 9
12 16
12 22
13 12
15 0
16 39
17 32
17 39
19 7
20 10
20 27
20 36
20 37
21 26
22 28
22 39
24 5
25 5
25 26
25 36
25 38
26 15
27 10
27 25
28 2
28 3
28 6
28 9
28 11
30 38
31 15
31 18
31 23
31 28
32 0
32 30
32 36
33 26
33 32
34 21
35 16
35 36
36 33
36 36
1 13
1 20
3 21
3 23
4 10
5 34
7 16
8 6
8 10
8 29
9 18
10 2
10 3
10 5
11 4
11 7
11 9
11 20
11 39
12 15
16 18
17 0
17 16
17 27
18 0
18 7
19 11
21 31
21 38
24 27
25 35
26 5
27 30
27 34
28 17
29 39
30 5
30 36
31 8
32 31
33 17
34 10
34 12
34 39
35 24
36 10
36 12
38 38
0 34
1 17
1 19
2 12
2 20
4 15
4 30
4 32
6 34
7 10
7 39
8 15
8 31
9 22
10 6
11 32
11 34
12 0
13 23
14 12
14 31
16 22
17 12
17 19
18 11
19 8
19 10
19 18
19 28
20 30
21 35
24 34
25 8
26 28
27 1
27 32
28 39
29 5
29 16
29 28
29 38
30 24
30 35
31 36
32 24
32 27
33 30
33 34
34 38
37 17
37 28
39 28
1 34
2 17
2 19
2 30
2 34
3 8
3 34
4 13
4 14
6 3
6 5
6 18
6 19
6 21
7 15
7 22
8 13
8 14
9 20
9 30
10 0
10 16
10 23
12 17
13 25
13 26
14 2
14 5
14 8
14 27
14 34
16 20
16 31
17 21
18 8
18 10
19 36
19 37
22 4
22 36
22 37
26 27
26 39
27 0
27 2
27 3
27 6
27 9
27 11
27 37
28 38
29 8
29 36
31 24
31 33
31 35
32 5
33 4
33 31
34 36
37 33
0 10
1 25
3 5
4 11
4 25
4 26
4 28
4 36
5 17
6 6
6 16
7 13
7 14
7 20
8 11
9 10
9 29
9 37
10 25
10 27
12 32
12 34
13 29
16 34
17 13
18 25
18 26
20 4
20 31
24 36
26 16
28 5
28 28
28 36
29 33
29 35
30 16
30 33
31 4
31 29
32 8
33 24
33 27
34 4
34 8
34 28
34 33
36 8
38 17
39 17
1 22
1 24
2 25
2 26
2 28
3 2
3 17
3 27
4 22
4 24
4 29
4 35
5 8
6 10
7 11
9 5
9 8
9 15
9 31
10 32
10 34
13 24
14 0
14 32
14 38
17 9
17 14
17 15
18 23
19 30
20 34
22 30
24 33
24 35
26 36
26 38
28 8
28 27
28 33
28 35
30 28
31 16
35 21
35 33
0 6
2 22
2 24
2 29
3 7
3 9
4 12
5 7
5 9
6 15
7 33
8 12
8 27
9 6
9 13
9 14
10 17
10 19
12 8
12 10
12 18
12 39
16 32
17 4
18 4
18 21
21 4
22 26
25 28
26 21
26 29
26 33
26 35
27 26
29 17
29 29
30 21
35 28
36 28
38 28
0 11
1 18
1 21
1 23
3 0
3 1
3 4
4 21
4 23
4 31
6 13
6 14
7 12
8 32
8 34
9 11
11 2
11 3
11 5
11 8
11 10
12 13
12 14
13 31
14 39
17 17
18 28
19 31
20 32
20 38
21 27
22 31
24 4
25 4
25 27
27 5
31 21
35 17
1 16
2 18
2 21
2 23
5 22
5 24
6 11
6 20
11 6
11 13
11 14
12 11
15 23
15 29
15 30
15 36
17 7
17 33
18 36
18 37
19 34
20 35
22 34
26 4
26 17
27 8
28 29
30 4
30 17
32 33
34 29
0 12
1 10
2 16
5 33
9 12
9 27
10 15
10 18
11 11
13 22
15 19
16 27
17 11
19 4
20 39
29 4
30 29
31 17
32 28
33 36
0 33
1 15
3 18
5 18
5 19
5 21
5 23
6 12
6 33
9 32
9 34
10 13
10 14
10 22
11 33
12 12
13 20
13 32
15 21
17 8
17 10
17 18
18 24
18 30
19 32
19 38
21 29
22 38
24 29
25 29
27 36
32 4
33 33
35 29
36 29
1 14
1 33
2 15
2 33
3 16
3 33
4 27
5 16
10 11
10 20
11 12
15 28
15 35
17 22
19 35
22 35
23 10
23 19
23 25
27 33
27 35
28 4
33 28
1 11
2 14
2 27
3 10
4 34
5 10
9 39
12 33
15 25
15 26
17 20
18 31
19 39
23 20
27 28
3 3
3 15
5 15
10 12
10 33
13 27
14 33
15 37
18 34
19 27
20 29
22 27
23 6
23 8
23 12
23 14
23 18
23 21
23 28
27 27
32 29
1 12
3 6
3 13
3 14
5 6
5 13
5 14
15 17
15 24
16 33
18 22
23 13
27 4
3 11
5 11
5 20
8 33
18 32
18 38
20 33
23 22
23 23
23 24
33 29
15 31
18 35
19 29
22 29
23 15
27 29
3 12
5 12
15 18
15 34
18 39
23 9
9 33
13 33
15 22
18 27
19 33
23 17
23 30
15 20
15 32
15 38
23 7
23 26
4 33
23 11
23 16
15 39
18 29
23 5
15 27
18 33
23 27
15 33
23 4
23 29
