13 13
30 28
20 34
24 29
33 0
0 10
12 30
15 31
18 4
22 22
23 3
23 32
32 9
36 1
37 0
38 19
38 25
38 26
38 39
39 0
39 14
0 3
0 5
0 6
0 16
0 39
1 17
5 15
7 15
8 15
10 15
12 18
13 17
17 33
18 8
19 3
19 32
21 30
22 31
23 29
24 27
24 39
30 13
31 10
32 11
33 8
33 28
38 18
38 23
39 15
0 15
0 36
2 30
2 38
3 39
4 16
5 39
7 11
7 28
9 39
10 12
11 39
12 15
12 32
13 15
13 21
14 14
14 17
14 30
14 31
16 15
18 10
20 28
20 31
20 32
21 27
22 28
22 33
24 34
25 26
26 3
26 34
29 12
31 8
31 29
32 0
36 16
37 22
0 9
0 11
0 14
0 38
1 2
1 4
1 15
2 14
2 34
3 35
4 8
4 12
4 38
5 32
5 36
8 39
9 24
10 17
11 31
13 0
14 15
15 21
15 28
19 35
20 23
22 14
23 27
23 31
24 33
26 28
26 39
28 36
29 39
30 11
31 1
31 9
32 1
32 16
34 26
37 2
37 15
37 18
38 22
0 2
1 14
2 2
2 5
2 6
2 7
2 11
2 12
2 32
2 33
2 35
2 39
3 36
4 30
6 12
8 17
8 35
10 37
11 7
12 24
13 11
14 6
15 16
18 14
18 15
18 27
19 7
19 23
19 38
20 35
21 15
21 31
21 32
21 36
22 36
23 11
23 15
23 18
23 23
23 28
23 33
25 2
26 27
26 29
26 32
28 2
30 26
32 6
32 28
33 2
33 22
33 27
33 29
33 34
34 22
36 28
36 35
37 16
1 5
1 6
1 7
1 11
1 12
2 9
3 2
5 16
6 36
6 39
7 9
9 27
9 32
11 11
11 28
11 32
12 0
14 4
14 35
15 3
15 24
16 16
17 38
18 21
19 30
21 33
21 35
22 35
23 1
23 24
23 36
24 36
25 27
25 30
26 2
28 39
29 11
29 29
30 23
31 4
32 26
33 6
33 11
34 27
37 24
37 29
37 34
37 39
1 9
3 7
4 0
4 31
4 35
6 11
9 38
11 4
11 8
11 18
11 27
11 38
12 12
12 16
13 16
13 23
14 3
14 10
14 29
15 0
15 27
15 35
16 10
16 33
18 1
18 6
18 7
19 28
20 1
20 17
20 24
21 28
22 3
22 4
22 16
23 14
23 35
25 1
25 23
28 1
29 4
29 10
30 14
30 19
31 2
32 2
32 12
32 18
32 23
32 30
33 19
33 24
34 1
34 11
34 19
36 23
37 4
37 30
37 32
37 35
38 33
1 0
1 18
2 8
3 9
3 11
3 12
3 28
3 32
3 33
4 4
4 6
4 10
4 19
4 24
4 27
4 36
4 39
5 31
5 37
7 29
7 32
8 18
8 38
9 17
9 30
10 24
10 30
10 39
11 14
11 35
12 28
12 38
14 0
14 9
14 16
14 23
14 39
15 1
15 29
15 38
16 4
16 5
16 9
16 35
17 25
19 1
19 9
19 16
19 24
19 27
20 39
21 39
22 8
22 39
25 16
25 19
25 24
25 34
26 1
28 27
29 35
30 22
30 32
32 5
32 21
32 27
32 33
33 18
34 18
36 26
36 29
37 11
37 21
38 34
0 0
1 8
2 0
2 37
3 4
3 15
3 30
3 37
4 14
4 29
6 38
7 14
7 17
7 19
8 14
8 37
10 7
10 9
10 28
10 35
11 0
11 10
12 14
12 23
12 27
13 4
14 1
14 11
14 27
15 14
15 18
16 11
16 38
17 28
18 31
19 22
19 29
20 18
21 10
21 17
22 9
22 12
23 21
25 33
25 36
26 30
26 35
28 26
29 32
30 8
30 30
30 35
30 36
31 32
32 14
33 5
33 13
34 6
34 24
34 39
35 0
35 37
36 19
36 22
36 30
36 32
37 5
37 8
38 21
38 35
39 6
0 37
3 0
3 8
5 7
5 14
6 8
6 9
6 37
7 10
7 35
7 36
8 23
8 33
9 35
10 3
10 6
10 14
10 23
10 27
11 23
12 4
12 33
12 36
13 3
14 8
15 5
16 3
17 30
18 12
18 17
18 23
19 11
19 39
20 10
21 4
21 11
21 24
22 21
24 4
25 4
25 12
25 21
26 11
28 28
29 18
29 23
29 30
30 1
30 9
30 15
30 24
31 30
31 37
32 37
33 3
33 10
33 14
34 2
34 4
34 9
34 13
34 34
35 23
35 28
35 36
36 37
37 9
37 13
39 2
2 3
3 17
3 27
3 31
4 3
4 5
4 18
4 22
5 23
5 33
6 4
6 6
7 4
7 6
9 18
10 8
11 13
11 17
11 29
13 7
13 9
13 22
14 12
14 24
15 22
16 0
16 12
17 23
17 36
17 39
18 33
19 14
19 15
20 4
20 11
21 0
21 18
22 1
23 10
24 3
25 32
26 10
27 36
28 29
29 0
30 33
31 35
31 36
32 24
32 35
32 36
33 12
33 31
34 10
34 14
35 1
35 16
35 19
35 26
36 36
37 10
38 30
38 32
39 11
3 3
3 23
4 1
4 13
4 37
5 11
6 0
7 0
7 13
7 18
7 22
7 31
8 13
8 24
8 30
9 31
10 21
10 38
11 16
12 7
12 9
13 6
13 30
13 31
13 32
14 19
14 22
14 33
14 36
15 10
16 1
16 6
16 7
16 21
16 25
17 27
18 18
18 30
18 32
19 17
20 14
20 21
23 0
23 16
24 22
25 14
26 13
26 18
27 28
28 35
29 22
29 33
30 4
31 3
31 33
32 3
32 15
32 31
33 21
33 37
34 5
34 12
34 21
35 18
37 3
37 12
37 37
39 8
0 13
1 1
2 13
2 17
2 26
3 16
3 29
5 13
5 28
6 14
7 38
8 7
8 9
8 28
9 0
9 11
10 1
10 5
10 10
10 13
10 19
11 3
11 5
11 33
11 36
12 1
12 6
12 11
12 19
12 22
13 8
13 28
13 35
15 9
15 36
15 39
16 28
17 29
18 0
18 24
18 38
20 0
21 16
23 8
24 2
24 12
24 15
24 18
25 0
26 8
26 23
27 29
27 34
27 39
28 0
28 24
29 3
29 5
29 6
30 2
30 17
30 38
33 15
33 33
33 35
33 36
34 29
35 6
35 8
35 13
35 27
35 29
36 11
36 24
36 33
37 36
39 4
39 9
0 1
0 19
1 13
2 1
2 23
2 28
3 10
3 19
4 21
6 3
6 5
6 10
7 3
7 5
7 25
7 37
8 4
8 6
8 27
9 12
9 21
9 29
10 29
10 33
10 36
11 22
12 8
13 25
15 6
15 7
15 11
16 30
16 36
16 39
17 24
17 34
18 22
18 35
19 0
19 18
21 7
21 21
22 13
23 9
25 11
25 17
25 35
26 0
26 9
26 22
26 24
28 32
29 19
29 25
30 31
34 15
34 30
34 32
35 2
35 4
35 9
35 14
35 30
35 32
36 6
36 8
36 17
36 21
37 31
38 37
39 10
0 29
0 31
2 16
3 1
3 24
5 8
5 9
5 19
7 21
7 33
8 8
8 34
9 19
9 33
9 36
12 34
13 5
13 19
15 8
15 19
16 23
17 22
18 13
18 29
20 7
20 19
22 5
22 6
22 25
23 5
23 6
24 1
24 10
24 14
25 10
26 5
26 6
26 38
28 30
29 16
29 31
29 38
31 13
31 16
31 31
33 25
34 3
35 10
35 12
35 38
36 4
36 9
36 13
38 1
38 36
39 5
0 26
0 34
2 19
3 13
4 25
5 4
5 6
5 24
5 27
5 34
6 13
8 31
9 25
11 1
12 5
12 10
13 29
15 12
16 13
16 27
19 12
20 37
21 2
21 8
21 12
23 25
23 38
24 23
24 38
26 19
27 32
29 15
29 21
31 26
31 38
32 38
35 5
35 21
35 24
36 10
36 14
36 31
36 38
37 17
38 6
38 14
0 23
0 28
0 32
0 33
2 24
2 27
3 18
3 22
5 0
6 1
6 30
7 1
8 3
8 5
8 10
11 21
11 25
13 38
14 34
16 18
16 29
20 8
20 12
20 26
21 9
21 19
22 0
23 13
24 8
24 24
25 8
26 16
27 30
28 33
28 38
31 23
32 7
32 17
34 25
34 37
35 15
36 5
36 12
38 0
38 2
38 15
0 30
1 29
1 31
1 36
4 34
5 18
5 22
5 29
6 23
7 26
8 22
8 29
9 7
9 9
10 2
11 19
11 34
12 2
12 37
13 26
14 25
15 34
16 24
18 2
18 19
18 26
18 36
18 39
19 37
20 2
20 9
21 5
21 6
21 25
21 37
22 26
22 37
23 17
24 9
25 9
25 25
26 15
26 21
26 37
28 14
29 37
30 3
30 5
30 6
30 25
31 7
31 18
31 27
33 7
33 17
33 38
34 17
34 33
34 35
34 36
35 33
37 38
38 11
38 16
38 31
39 3
1 26
1 34
1 38
2 18
2 22
5 3
5 5
5 10
6 32
9 4
9 6
10 34
12 25
13 33
13 36
13 39
15 2
16 22
16 34
17 8
17 37
19 2
20 5
20 6
23 37
24 5
24 6
24 19
24 37
25 5
25 6
25 38
27 33
27 35
28 12
29 7
31 22
32 25
35 3
38 8
0 24
0 27
1 23
1 28
1 32
1 33
1 35
3 21
4 26
6 28
7 34
8 1
9 8
9 26
9 34
10 25
14 2
14 37
15 26
17 4
17 5
19 19
24 16
28 18
28 31
28 37
30 0
31 14
36 3
38 4
38 9
38 13
1 30
5 21
6 16
8 21
9 14
11 2
11 26
15 13
15 37
17 14
17 15
19 13
19 26
21 13
21 26
23 7
24 0
24 21
26 7
28 4
29 17
31 12
31 19
31 24
34 7
34 31
35 31
36 25
37 7
38 10
39 17
39 20
39 24
39 27
39 28
39 29
39 38
0 22
2 21
5 1
6 2
6 17
6 19
7 2
9 3
9 5
9 10
14 26
16 37
17 3
17 10
17 17
20 13
22 2
25 13
25 37
27 31
28 11
28 22
31 21
35 17
38 5
38 12
39 19
39 23
39 25
39 26
39 33
1 24
1 27
3 25
6 24
6 27
6 31
12 26
13 2
16 2
16 19
17 9
18 34
26 17
28 10
28 25
31 15
34 38
39 18
39 34
39 39
5 25
8 25
9 13
10 26
13 34
17 1
17 6
17 7
17 11
17 16
17 18
26 25
27 38
28 19
30 7
35 25
39 7
39 22
39 35
0 21
1 22
1 37
2 25
6 18
6 22
6 29
8 2
9 1
17 26
24 7
24 13
25 7
28 8
28 16
35 7
38 3
6 33
17 12
18 37
24 17
27 3
27 14
27 26
28 9
28 15
28 21
36 7
39 30
39 32
5 2
13 37
24 25
27 12
27 37
28 5
28 6
0 25
1 21
5 26
6 21
8 26
27 18
31 17
16 26
27 2
27 4
27 23
31 25
39 21
39 37
9 2
17 19
27 11
27 22
27 24
28 13
39 36
1 25
6 25
6 34
17 13
27 1
27 10
28 17
38 7
27 19
27 8
27 16
28 7
39 31
27 9
27 15
27 21
6 26
17 2
27 5
27 6
14 20
23 20
30 20
32 20
10 20
12 20
22 20
25 20
27 0
27 13
4 20
9 20
13 20
15 20
20 20
27 17
7 20
27 25
33 20
34 20
21 20
27 7
11 20
18 20
36 20
29 20
19 20
35 20
3 20
26 20
5 20
8 20
2 20
16 20
24 20
0 20
31 20
1 20
6 20
28 20
17 20
27 20
