22 13
28 6
29 7
34 25
39 20
11 3
14 32
0 15
2 8
4 24
10 2
17 0
21 29
24 13
24 23
28 12
32 26
32 30
32 35
33 32
38 2
38 39
1 25
2 35
6 36
18 13
18 37
20 12
20 14
23 24
24 37
25 15
30 34
32 17
32 19
33 24
37 4
37 25
37 39
0 39
1 39
2 31
2 39
3 36
3 39
5 3
5 18
10 21
11 19
13 4
15 37
16 36
20 37
22 16
27 7
30 31
30 33
31 7
33 15
33 26
33 31
36 11
36 37
37 0
38 9
38 14
38 24
38 37
39 15
39 17
2 10
2 36
3 2
4 38
5 25
6 2
6 39
9 21
15 21
17 5
18 12
19 24
19 34
21 26
23 16
23 36
24 12
24 17
24 35
27 34
27 38
28 9
29 9
30 37
31 0
31 25
32 0
32 4
32 31
33 11
33 12
33 28
34 0
34 2
34 28
35 15
36 31
36 33
37 3
38 12
38 19
38 36
0 21
0 22
0 23
0 38
1 1
1 38
2 6
2 38
3 3
3 38
4 18
5 22
7 3
8 3
8 21
9 24
10 24
11 10
14 4
14 18
14 37
17 25
17 35
19 0
19 1
21 34
23 11
23 26
24 7
26 35
27 24
28 10
28 19
28 37
29 10
29 11
30 26
31 4
31 20
31 32
32 38
33 34
33 37
36 12
36 38
37 26
37 38
38 3
38 13
39 14
39 33
39 38
1 2
1 30
1 34
2 1
2 33
3 5
3 7
3 33
4 21
5 2
5 38
5 39
7 2
7 39
8 2
9 5
11 37
12 29
12 36
14 20
14 25
14 28
15 12
15 13
15 23
15 24
15 30
15 36
17 4
17 11
17 23
17 24
17 34
18 2
18 3
19 23
20 35
21 0
21 1
22 34
23 12
28 35
29 17
29 38
30 0
30 5
31 35
32 8
34 9
34 17
35 13
35 24
35 28
36 13
36 30
36 35
38 10
38 28
38 32
39 37
0 18
0 29
1 3
1 31
1 35
2 2
2 9
3 11
5 37
7 21
7 37
9 3
9 18
11 20
12 2
12 30
13 2
14 2
14 3
15 1
15 28
16 1
17 30
18 29
18 36
19 27
19 35
21 25
21 35
23 20
24 10
24 16
28 0
28 13
29 15
31 34
32 10
32 11
32 12
33 38
34 30
34 32
35 20
35 31
36 10
36 34
37 32
38 6
38 35
39 25
39 36
39 39
0 6
0 7
0 8
0 30
0 34
1 5
2 3
4 5
5 23
5 33
6 37
7 7
7 22
9 23
10 23
11 25
12 33
13 10
14 10
14 36
15 0
15 5
16 0
16 5
17 2
17 3
18 11
18 27
18 32
20 17
20 19
20 36
21 11
22 35
23 10
23 25
24 26
25 22
25 23
27 31
27 37
29 0
29 34
30 30
31 15
31 31
31 33
34 7
34 15
35 26
35 33
35 37
37 36
38 8
38 31
38 34
39 4
39 5
39 7
39 11
39 24
39 28
0 11
0 31
0 35
1 36
2 5
3 16
4 1
4 22
7 10
8 19
9 1
9 20
11 1
14 29
18 31
19 36
20 4
20 15
21 6
21 12
21 36
22 15
22 27
23 0
23 1
24 0
24 1
24 33
27 4
27 17
27 26
27 32
27 35
28 25
29 25
29 33
31 9
31 18
31 29
31 37
32 5
32 13
32 29
33 4
33 9
33 18
34 10
34 33
34 37
35 19
35 30
36 4
36 29
37 31
37 33
38 26
1 13
1 28
1 33
3 10
4 9
4 30
5 19
5 31
6 1
8 20
10 1
11 24
11 33
12 1
13 1
13 13
14 17
14 27
15 4
15 29
16 4
16 10
19 25
21 14
22 24
22 36
23 15
23 18
23 29
24 19
24 20
24 29
25 6
25 11
26 36
27 5
27 15
27 22
28 4
29 32
29 37
30 36
31 5
31 10
31 11
31 12
31 24
32 6
32 36
33 2
33 29
34 12
34 13
34 19
34 29
35 35
35 38
36 0
36 2
38 18
38 30
39 1
39 9
39 35
0 3
0 10
0 36
1 11
1 15
2 12
3 23
3 30
4 7
4 15
5 10
5 20
5 29
7 8
7 11
7 19
7 23
9 11
11 4
11 6
11 8
11 30
11 31
13 11
14 11
14 22
15 19
15 20
15 27
16 12
16 13
17 7
17 27
17 29
18 7
18 33
19 32
20 6
20 30
21 2
21 10
21 16
21 23
21 32
23 4
23 32
24 4
24 25
25 34
27 8
27 29
28 31
28 33
28 36
29 4
29 5
29 13
29 19
29 35
31 1
31 6
32 1
32 22
32 23
33 7
34 5
34 8
34 22
34 23
34 35
34 38
35 4
35 9
35 34
36 3
36 7
36 17
36 24
36 25
37 1
37 30
37 35
39 12
39 26
39 34
0 0
0 5
0 33
1 16
1 18
2 32
3 0
3 21
3 24
3 25
3 32
3 34
4 13
4 19
5 1
5 17
5 27
6 5
6 24
6 35
7 1
7 20
8 1
9 7
11 15
12 35
13 16
14 15
15 2
15 3
15 11
15 17
15 31
16 2
16 3
16 25
16 34
17 8
17 17
17 19
17 20
17 32
18 8
19 31
20 18
20 24
20 29
21 31
22 11
22 23
22 32
23 5
23 30
23 31
24 5
24 30
25 7
25 12
25 14
25 19
25 20
25 24
25 37
27 2
28 8
28 16
28 26
28 32
29 26
30 2
31 13
32 18
33 22
33 23
33 36
34 1
34 6
34 34
35 0
35 2
35 29
36 20
37 34
38 1
38 16
38 22
38 23
39 3
39 30
0 19
1 10
2 23
3 4
3 9
4 0
4 20
4 36
5 11
5 35
6 25
6 34
7 6
8 10
9 0
11 0
11 13
11 23
12 34
16 23
16 24
16 30
17 31
18 17
18 19
18 20
19 28
20 0
20 1
21 28
22 6
22 26
22 30
22 31
23 14
23 22
24 8
24 14
25 25
27 3
27 30
28 2
28 14
30 1
30 3
32 3
33 14
35 3
35 7
38 29
39 10
39 18
0 9
0 20
2 16
2 18
2 21
2 24
2 25
4 8
4 12
4 17
4 33
5 4
5 9
5 28
5 32
5 34
6 0
7 4
7 33
8 4
9 36
10 0
10 36
11 27
11 35
12 0
13 0
13 7
13 8
14 7
14 8
14 35
15 15
16 28
17 15
18 28
19 33
20 3
20 23
21 5
21 20
21 33
23 2
23 8
23 33
24 2
25 10
25 31
27 13
27 19
27 20
27 36
28 1
28 3
28 24
28 29
29 2
29 24
29 29
30 28
31 3
31 22
31 23
31 28
33 5
33 8
33 16
35 10
35 14
36 5
36 8
36 19
36 26
37 29
0 17
1 4
3 22
4 4
5 7
6 10
7 15
7 30
7 31
8 11
8 25
9 8
9 15
10 5
10 18
11 12
11 32
11 34
14 34
17 33
18 15
19 10
19 22
20 26
21 17
21 19
22 0
22 1
22 10
22 20
22 33
23 3
24 3
24 18
25 32
29 1
29 3
29 18
30 8
31 36
32 14
32 16
32 27
33 6
35 16
35 18
35 22
35 23
35 36
36 6
39 8
39 29
0 26
1 9
1 32
2 4
2 14
3 15
4 6
4 31
5 0
6 21
7 0
7 13
7 17
7 29
8 0
9 4
9 13
9 17
11 16
11 28
13 6
14 6
14 16
15 7
15 22
16 7
17 18
17 22
19 4
19 13
20 5
21 7
22 19
22 25
25 4
25 35
28 30
29 30
29 36
30 17
30 20
30 27
31 27
34 18
34 36
35 5
35 8
37 15
37 27
39 6
39 16
0 14
1 0
1 26
2 22
3 13
3 17
4 29
5 15
6 11
6 22
7 27
8 7
8 36
9 6
9 39
10 19
10 39
11 22
13 14
13 31
15 9
16 11
16 17
16 19
16 20
16 29
18 18
19 14
21 8
21 15
22 4
23 28
24 28
25 5
25 18
25 29
29 14
30 15
33 27
34 27
35 6
37 11
37 17
39 22
39 23
0 28
0 32
1 19
2 0
3 19
3 29
4 27
5 8
5 13
6 9
7 12
7 35
9 12
9 33
9 37
10 10
10 33
10 37
11 38
12 38
13 21
13 32
13 38
15 6
15 16
16 6
16 27
16 32
16 38
17 16
17 38
18 22
19 6
19 12
19 38
20 2
20 7
20 25
20 27
20 32
21 38
22 5
22 38
23 38
27 28
29 16
29 22
29 23
30 9
31 14
33 1
33 3
34 14
36 1
37 9
37 14
37 20
0 4
1 20
3 12
3 20
3 27
4 14
4 35
6 7
6 30
6 31
7 16
7 28
7 32
7 34
7 38
8 15
9 16
9 30
9 31
10 11
10 30
10 31
11 9
12 17
13 18
16 15
16 31
17 9
18 9
18 16
20 8
20 31
21 18
24 27
24 38
25 2
25 30
27 18
28 21
30 10
30 11
30 12
31 16
34 16
35 27
37 12
0 12
1 17
2 19
2 29
4 28
4 32
4 34
5 6
5 12
5 26
6 19
6 23
6 29
8 8
8 13
8 17
8 24
8 39
9 29
10 29
11 14
12 21
13 19
13 25
13 28
14 14
14 26
15 38
18 38
21 22
22 2
22 7
22 18
24 9
25 3
25 8
27 14
27 27
35 1
36 18
36 22
36 23
37 7
37 13
37 19
38 27
2 20
2 27
3 28
6 15
6 20
6 27
8 33
8 37
9 27
10 7
10 27
12 18
13 36
15 26
16 18
16 33
17 26
19 3
20 33
20 38
22 3
22 8
22 22
23 9
23 21
25 33
25 36
27 16
28 28
29 28
30 13
30 19
30 24
32 21
34 21
37 10
1 12
2 17
6 8
6 13
6 17
8 6
8 12
8 30
8 31
9 35
10 35
11 26
12 19
12 25
13 9
13 24
14 9
14 38
15 14
17 14
19 11
19 17
19 19
22 28
26 39
28 39
30 39
31 39
33 21
38 21
39 27
2 28
6 4
6 28
6 32
7 14
8 16
8 23
8 29
9 9
9 14
9 28
9 32
9 34
10 15
10 28
10 32
10 34
12 10
12 39
13 29
13 33
13 39
16 16
16 22
16 39
17 39
19 5
19 21
19 39
20 22
21 39
22 39
23 39
28 27
29 27
32 39
36 16
37 8
3 14
6 6
6 12
8 27
10 8
10 13
10 17
12 24
13 20
13 27
13 30
19 15
20 28
21 9
24 21
24 39
25 28
31 21
37 6
5 14
6 16
7 26
8 35
10 4
13 23
15 39
18 39
19 7
30 18
30 22
30 23
33 39
35 21
36 27
4 26
8 28
8 32
8 34
10 6
10 12
12 11
12 20
18 21
19 8
19 18
20 9
20 39
25 21
25 27
37 18
37 22
37 23
1 14
3 26
8 14
10 16
12 23
13 35
14 39
16 14
25 9
27 39
30 14
8 9
12 15
13 34
16 9
16 26
19 16
21 21
22 9
27 21
29 21
30 16
35 39
2 26
6 14
6 26
9 26
10 26
12 7
12 8
12 13
13 22
22 21
25 38
29 39
34 39
37 16
9 38
10 38
36 21
10 14
12 6
12 12
12 22
20 21
8 26
10 9
12 16
26 0
26 1
8 38
19 9
26 6
26 11
26 17
13 26
25 39
26 15
26 22
26 23
26 7
26 12
26 31
30 21
12 14
12 26
26 26
26 32
37 21
12 9
26 10
26 13
26 19
26 20
26 24
26 29
26 4
26 25
26 5
26 30
26 2
26 33
26 3
26 8
26 18
26 14
26 16
26 28
26 27
26 9
26 21
