1 33
21 14
32 36
39 13
39 32
1 17
2 8
13 39
14 33
19 14
20 13
34 37
34 39
37 33
38 39
39 7
0 9
1 3
4 8
11 3
11 8
11 28
13 22
14 13
16 1
23 6
25 0
26 37
27 19
27 39
28 30
30 28
32 1
33 26
33 38
35 19
35 20
39 10
39 37
2 11
5 9
7 37
10 25
14 2
14 21
14 35
14 37
15 34
21 0
22 0
23 11
23 12
25 38
26 34
27 32
29 6
32 33
33 32
33 37
33 39
34 15
34 18
35 13
35 15
35 38
38 11
38 34
0 15
1 16
1 38
2 4
2 38
3 10
3 39
4 4
4 39
8 26
8 29
8 37
9 22
10 19
11 1
11 26
12 24
12 27
14 7
14 20
15 32
16 14
17 8
17 13
19 17
21 11
22 8
24 8
25 20
26 38
27 30
28 18
30 33
30 37
30 38
31 16
31 32
31 37
31 38
33 30
35 32
37 18
37 30
37 37
38 33
38 38
39 23
39 25
39 27
39 29
0 10
0 13
0 34
0 36
1 30
2 1
2 16
3 18
4 1
4 9
5 16
6 39
7 3
7 30
9 39
10 1
10 9
10 13
10 34
10 37
11 29
12 28
13 33
14 4
14 5
14 23
14 26
14 30
15 29
17 24
17 37
18 19
19 36
20 1
20 8
20 24
20 36
24 12
27 24
27 35
28 21
29 28
30 2
31 19
31 24
32 24
32 30
34 1
35 31
36 2
36 24
36 39
37 14
37 31
39 11
1 39
2 10
2 12
2 39
4 10
4 17
4 18
4 36
5 1
5 17
6 0
6 29
6 36
7 0
7 39
8 16
8 17
8 19
9 30
12 3
12 30
12 32
12 35
12 39
13 1
13 19
13 20
13 24
13 26
13 30
14 8
14 9
15 21
15 24
15 31
17 2
17 6
17 11
17 29
18 23
19 11
19 26
20 0
20 12
21 2
21 5
21 26
22 11
22 19
22 23
22 27
23 1
23 7
24 2
24 17
24 19
24 20
25 5
26 16
26 21
27 8
27 10
27 18
29 15
30 0
30 35
31 20
31 33
33 0
35 0
35 36
36 1
36 16
36 37
37 13
37 15
37 21
37 26
37 38
39 3
39 16
39 19
39 20
39 30
39 36
0 0
0 1
0 4
0 7
0 16
0 38
1 8
1 9
1 11
1 13
1 35
1 37
2 14
2 29
2 34
2 37
3 3
3 7
3 16
4 12
4 13
5 3
5 36
8 39
9 29
10 24
10 26
10 39
12 0
12 2
12 9
12 34
12 37
13 13
13 14
14 0
14 15
14 29
15 19
16 15
17 0
17 30
17 34
18 13
18 14
18 18
18 20
19 19
20 19
21 7
21 18
21 34
21 37
22 5
22 24
23 15
23 25
23 37
23 39
24 0
24 6
24 15
24 23
25 1
25 3
26 24
28 27
29 39
31 1
31 3
31 29
32 0
33 35
35 3
35 25
36 19
36 20
36 21
36 27
37 0
37 11
37 22
37 23
37 25
37 28
37 36
38 14
38 16
38 19
38 20
38 36
39 15
39 24
0 3
0 12
2 0
2 30
2 35
3 12
3 13
4 0
4 14
4 37
5 7
5 13
6 27
6 33
6 38
7 25
8 33
9 24
9 38
10 7
10 33
11 0
11 7
11 35
12 4
12 5
12 26
12 29
13 3
13 29
14 11
14 31
15 14
15 38
16 0
16 26
17 3
17 12
17 19
17 23
17 32
18 4
18 25
18 39
19 4
19 12
20 2
20 32
21 3
21 6
21 10
21 17
22 2
22 15
22 32
23 30
25 21
25 39
27 17
27 36
28 15
28 20
28 25
28 39
29 21
29 37
29 38
30 29
31 35
33 7
35 26
35 27
35 35
36 22
36 30
36 32
36 38
37 3
38 15
39 2
39 18
39 35
0 14
0 39
3 4
3 14
3 19
4 34
5 0
5 14
5 37
6 31
6 34
7 18
7 26
7 38
8 4
8 10
8 12
8 27
8 32
8 34
9 18
9 36
10 0
10 32
11 34
11 37
12 16
13 2
13 9
13 17
13 31
13 36
14 17
14 25
15 13
15 23
15 36
16 17
16 33
16 39
17 10
17 15
17 27
18 1
18 11
18 29
18 38
19 1
19 10
19 18
19 20
19 37
20 5
20 16
20 18
20 20
20 25
20 37
21 23
21 32
21 39
22 7
22 18
22 21
22 37
23 17
23 19
23 20
23 29
23 36
26 15
26 18
26 36
27 6
27 13
27 27
28 6
28 10
28 22
28 26
28 37
28 38
29 2
29 3
29 27
29 35
30 21
30 24
31 22
31 25
32 22
32 25
32 34
33 12
33 21
33 28
33 29
33 34
34 11
36 7
36 10
36 18
36 31
36 36
37 35
38 18
38 35
39 1
0 37
1 10
1 12
1 27
2 18
2 22
3 1
4 19
4 35
5 34
6 16
6 35
7 14
7 22
7 33
8 11
8 38
9 15
10 15
10 18
10 38
12 10
12 12
12 14
12 22
13 4
13 5
13 25
13 32
15 1
16 21
16 24
16 37
17 18
17 20
17 31
18 15
18 30
19 0
19 24
19 27
19 33
20 3
20 7
20 21
20 27
21 24
21 38
22 3
22 10
22 17
23 23
23 33
24 5
24 21
27 5
27 11
27 25
28 5
28 35
29 0
29 1
29 8
29 18
29 19
29 25
30 7
30 34
31 10
32 28
32 29
33 10
34 3
35 2
35 8
35 12
35 17
35 34
37 2
37 8
37 24
38 0
38 7
38 26
38 27
38 29
39 28
1 2
1 5
1 14
1 22
4 32
5 35
5 38
6 4
6 17
6 22
6 28
7 2
7 32
7 34
8 1
8 8
8 23
9 33
10 10
10 12
12 11
12 19
12 20
14 38
15 7
15 15
16 7
16 30
17 17
17 25
18 5
18 8
18 12
18 22
18 32
18 34
19 5
19 23
19 39
20 6
20 10
20 30
20 39
21 16
21 20
22 30
22 36
22 39
23 24
23 35
24 3
24 13
25 32
26 7
26 17
26 27
26 33
27 2
27 3
27 14
27 26
28 2
28 3
29 11
29 20
29 26
29 29
30 19
31 2
31 17
33 18
34 7
34 17
35 1
35 24
36 13
36 35
37 1
37 17
38 3
38 22
38 23
38 25
0 35
2 2
2 5
2 15
2 28
2 31
3 20
4 2
4 5
5 5
7 35
8 3
8 28
8 31
8 36
9 4
9 9
9 27
9 32
10 2
10 5
10 11
10 21
10 31
10 36
11 33
12 38
13 10
13 12
13 18
14 16
14 18
14 36
15 2
15 12
15 25
16 11
16 16
16 27
16 32
16 34
17 38
18 2
18 7
18 10
18 27
19 2
19 7
19 38
20 29
20 38
21 21
21 30
22 29
22 38
23 16
24 1
25 7
25 16
25 22
25 34
26 25
26 29
26 31
27 0
27 1
28 0
28 1
28 23
29 13
29 22
29 31
29 36
30 15
30 20
30 31
31 0
31 23
31 34
32 23
33 15
33 16
36 11
36 28
36 29
38 30
39 5
2 25
2 26
3 0
4 15
4 20
4 29
5 2
7 8
7 9
9 20
11 32
13 0
13 11
15 4
15 5
15 8
15 9
15 17
15 28
16 4
16 5
16 8
16 9
16 20
16 23
17 22
17 35
17 36
18 6
18 31
19 6
19 16
19 35
20 35
21 29
22 16
22 22
22 35
23 14
23 21
24 14
25 12
26 6
26 8
26 10
26 13
26 26
27 23
27 33
28 11
28 31
28 36
29 12
29 34
30 16
30 22
30 25
31 6
31 11
33 6
33 19
34 10
34 33
35 6
35 28
35 29
36 34
37 6
37 12
38 2
38 31
0 18
0 29
0 31
0 32
1 6
1 25
1 26
2 19
3 15
3 33
4 25
4 26
4 30
5 15
6 8
6 9
7 13
7 27
7 31
8 0
8 7
9 1
9 8
10 23
11 38
12 17
12 36
15 22
16 12
16 31
17 16
18 3
19 3
19 25
20 22
21 25
23 26
24 22
24 32
25 8
25 10
26 5
28 13
28 34
29 14
30 10
30 26
31 5
31 13
33 5
33 20
34 25
35 5
37 5
38 1
38 24
0 27
1 19
2 6
2 24
3 21
4 6
4 27
5 6
5 22
5 32
6 3
6 13
6 19
7 24
8 18
8 20
9 3
9 23
9 28
9 31
10 6
11 6
11 13
11 16
14 28
15 6
16 6
16 10
18 16
23 28
23 31
24 34
24 38
25 15
25 18
25 27
25 30
26 2
26 3
26 14
26 23
27 31
28 12
29 23
31 8
31 12
32 31
33 8
33 22
34 26
34 27
34 30
35 23
39 17
0 22
1 24
3 32
4 21
4 24
6 24
7 7
8 15
9 21
11 14
11 22
11 31
11 36
15 0
15 3
15 16
15 18
16 3
16 25
19 22
20 33
21 22
21 35
22 33
25 29
26 1
28 14
28 33
29 17
30 23
31 14
31 31
34 6
34 32
36 6
36 17
38 6
38 17
38 28
0 2
0 5
2 20
3 2
3 5
3 36
5 29
6 7
7 10
7 12
7 20
7 28
9 7
11 19
11 20
12 6
12 18
16 38
17 28
18 35
21 33
23 4
23 22
25 17
25 26
25 36
26 11
30 4
30 11
34 5
34 31
36 5
38 5
1 20
1 28
3 29
4 28
4 31
5 25
5 26
5 30
6 10
6 12
6 18
6 20
7 11
8 2
8 5
8 21
9 10
9 12
11 24
12 15
16 22
16 35
16 36
18 33
19 28
20 28
20 31
22 28
22 31
24 27
24 30
24 37
25 11
26 28
30 13
32 3
33 23
34 8
34 12
34 24
36 8
36 12
38 8
0 25
0 26
0 30
2 23
3 25
3 26
3 30
3 37
5 19
5 27
6 11
6 15
7 23
9 11
13 6
21 28
21 31
24 29
25 4
25 13
25 35
30 8
30 12
32 7
32 18
33 14
33 17
34 22
34 35
0 6
0 19
1 23
2 21
3 6
3 27
3 34
4 23
5 24
6 23
7 5
7 15
7 21
11 17
12 21
16 28
18 28
22 4
23 9
24 26
24 36
24 39
25 33
30 14
30 17
32 15
32 16
34 28
34 29
0 24
1 21
3 24
3 35
6 2
6 5
6 21
8 6
9 2
9 5
11 10
11 12
24 9
25 14
29 4
29 9
32 10
32 19
34 34
35 9
37 9
39 4
5 20
5 28
5 31
11 11
21 9
24 35
25 28
25 31
32 20
34 23
39 9
0 20
0 28
3 28
3 31
7 6
11 18
19 9
24 4
24 33
27 4
27 9
28 4
31 4
33 4
35 4
37 4
5 23
6 6
9 6
11 15
22 9
32 6
32 11
0 23
3 23
5 21
11 23
20 9
24 28
24 31
32 5
32 13
0 21
11 21
28 9
31 9
32 8
32 12
33 9
34 4
36 4
38 4
26 4
32 14
32 17
34 9
36 9
38 9
26 9
30 9
25 9
32 4
32 9
