26 20
0 29
5 5
7 6
4 18
7 1
8 1
8 4
8 26
10 1
33 29
34 16
35 15
35 17
1 1
3 30
7 4
9 32
10 3
10 11
13 25
15 11
15 39
26 31
26 39
27 39
30 32
32 17
32 24
34 18
35 11
38 1
38 2
0 3
0 32
0 33
0 39
1 5
3 19
5 17
5 18
7 17
7 27
9 26
9 30
10 23
13 2
15 12
27 23
29 22
30 10
32 29
32 32
33 10
34 11
35 9
35 16
35 20
36 14
37 14
37 16
37 32
39 0
39 4
39 12
39 15
0 1
1 4
3 1
4 32
5 1
5 29
6 3
7 15
7 23
7 26
8 14
8 30
9 18
10 12
10 19
14 21
15 0
17 12
18 11
25 25
26 29
30 12
34 1
34 20
35 12
37 17
37 27
39 1
39 2
0 4
0 8
4 33
5 23
6 24
7 3
8 23
9 14
9 21
10 17
10 24
11 20
11 26
11 38
13 38
15 8
16 18
18 10
18 18
23 28
27 32
28 20
29 11
29 39
31 0
31 25
31 30
32 34
33 25
33 33
34 12
35 24
37 0
37 18
37 24
37 29
38 36
39 8
39 10
39 14
39 35
0 12
1 2
1 6
2 13
2 27
3 34
6 19
6 25
7 13
7 29
8 12
8 15
8 29
8 38
10 25
11 24
14 3
14 20
14 24
15 38
18 0
19 20
22 13
24 0
26 23
26 25
26 30
27 18
27 29
29 12
29 20
30 3
30 17
30 20
30 33
32 28
33 32
34 0
34 10
35 33
36 36
37 21
37 34
39 9
39 33
2 26
3 2
3 3
3 23
4 20
5 2
5 3
5 20
6 6
9 15
11 12
11 14
11 19
11 21
11 25
11 29
13 29
14 12
14 18
17 20
18 21
22 12
24 32
25 17
25 22
26 17
26 34
28 2
28 21
30 25
30 30
31 2
31 9
31 11
31 28
32 21
32 35
33 34
33 37
35 2
35 26
35 28
35 32
35 37
36 18
36 20
36 21
36 26
36 28
37 30
37 36
39 7
39 34
0 2
0 38
1 7
2 17
2 18
2 21
2 25
3 20
4 23
4 38
5 14
5 24
5 26
6 17
6 18
7 21
7 24
7 38
10 21
12 18
14 14
14 36
22 34
23 35
24 4
25 21
25 31
25 32
26 35
27 22
27 28
27 30
27 33
28 18
29 0
29 1
29 21
30 21
32 39
34 22
35 34
36 29
37 11
38 3
38 37
39 36
0 6
2 5
2 16
2 19
3 27
3 38
5 12
5 25
6 12
6 15
6 30
6 39
7 8
7 11
8 8
8 19
8 21
8 24
8 33
9 2
9 17
9 19
9 39
10 6
11 17
12 8
12 10
12 14
12 20
14 2
14 39
15 19
17 17
18 2
18 3
19 21
22 38
24 39
27 24
27 34
29 3
29 18
29 25
29 29
29 33
30 18
30 28
31 16
31 33
31 34
32 27
33 1
33 35
33 39
34 7
34 23
35 30
35 39
36 35
36 37
37 25
2 4
2 15
2 30
2 32
2 33
2 34
3 24
3 26
4 27
4 29
5 32
6 27
7 32
8 13
9 11
10 13
11 1
11 39
12 2
12 3
13 1
13 34
14 0
14 17
15 1
15 4
15 13
16 10
16 17
17 0
17 24
18 17
23 17
23 18
23 33
23 38
24 25
25 18
25 24
25 27
25 39
26 18
27 35
29 34
31 10
31 27
32 22
35 1
35 27
35 35
36 2
36 27
36 30
37 8
37 10
37 35
37 37
38 39
39 3
0 7
2 0
3 14
3 25
4 24
4 26
5 33
6 0
6 21
7 10
7 20
7 33
8 10
9 0
9 4
10 33
11 8
11 10
11 34
12 0
12 17
12 19
15 15
16 8
16 11
18 23
19 19
20 10
21 11
24 30
24 34
26 22
27 1
27 3
27 15
27 27
28 11
29 28
29 30
29 35
30 15
31 31
31 35
32 19
32 23
32 31
32 38
33 0
33 18
34 3
35 7
35 25
36 25
36 39
37 9
37 22
39 37
0 11
0 22
1 12
1 14
2 6
3 12
3 16
4 25
5 7
5 38
6 7
6 32
7 0
8 0
8 20
9 3
9 12
9 34
9 37
10 0
10 32
11 2
11 3
14 4
15 6
17 4
18 1
21 6
22 18
23 20
23 30
24 11
24 13
24 17
24 35
25 34
26 1
26 3
26 24
26 27
27 19
28 12
30 24
30 27
30 38
31 17
31 20
33 3
33 16
33 38
34 4
35 0
35 19
35 38
36 8
36 10
36 22
37 7
37 23
37 39
0 14
0 23
0 24
0 37
1 0
1 17
1 18
1 21
2 2
2 3
2 38
3 6
3 15
4 37
4 39
5 8
5 11
5 13
6 8
6 11
6 13
6 29
6 33
10 30
11 13
11 36
12 4
14 38
16 24
17 2
17 3
17 13
17 39
20 6
22 6
22 32
24 12
24 20
25 1
25 3
25 15
25 35
26 11
26 15
29 15
30 2
30 4
30 23
30 31
31 39
33 2
33 4
33 12
33 17
33 20
34 19
34 36
35 3
35 22
36 1
36 9
36 13
36 23
37 13
37 31
38 38
39 39
0 10
0 17
0 18
0 21
1 16
1 19
2 7
2 20
3 0
3 37
3 39
4 4
5 0
6 20
9 27
9 36
10 29
13 32
14 6
14 13
14 27
16 0
16 13
17 6
17 25
17 34
18 13
21 13
21 18
22 15
22 20
22 33
23 22
24 28
24 38
25 11
25 19
28 19
29 24
29 27
31 4
31 21
33 31
35 4
35 13
35 23
36 7
36 38
37 3
37 19
39 20
39 26
39 28
0 0
0 16
0 19
0 36
1 15
1 23
1 24
1 29
2 8
2 11
3 7
4 5
4 36
5 10
5 28
6 10
8 34
8 37
8 39
9 22
11 4
11 15
12 6
12 13
14 23
15 24
16 19
17 15
17 21
17 29
18 19
19 12
21 0
21 2
21 3
21 12
22 10
22 28
22 30
23 21
23 24
24 10
24 22
25 12
25 38
27 10
27 13
28 32
29 19
30 13
30 19
31 18
32 9
32 11
33 8
33 21
34 13
34 26
34 28
34 29
34 33
35 31
36 0
37 4
37 38
39 13
39 17
39 24
0 15
0 27
1 30
1 32
1 33
1 34
3 8
3 11
3 13
3 36
4 1
4 14
9 8
9 28
10 38
12 33
13 30
14 1
14 15
14 28
16 4
16 15
16 29
17 1
18 15
19 11
19 24
20 0
20 2
20 3
21 4
21 17
21 20
22 0
22 2
22 3
22 22
22 25
23 11
23 13
23 26
24 21
24 24
24 27
26 10
27 0
28 10
28 23
29 2
29 4
29 38
31 38
34 32
36 3
36 19
36 31
39 18
39 21
39 29
39 38
0 26
2 10
2 28
4 12
5 34
5 37
5 39
7 28
7 34
7 37
7 39
8 28
8 36
9 6
11 6
11 22
11 27
12 15
12 26
13 27
16 2
16 3
16 25
16 36
17 19
17 38
18 39
19 10
20 4
21 39
22 4
22 21
22 24
22 36
23 6
23 12
23 19
24 33
25 10
26 0
26 13
27 2
27 4
28 25
28 29
29 13
29 31
30 36
31 22
32 12
32 36
34 6
34 34
36 4
0 25
1 11
1 13
1 27
2 37
2 39
3 10
4 6
4 15
5 22
7 22
9 10
10 22
12 24
13 11
14 22
14 26
14 32
14 34
15 29
16 6
18 34
21 1
21 22
21 34
23 36
24 15
24 19
25 0
25 33
26 2
26 4
26 36
28 33
30 6
31 15
31 23
32 1
32 10
33 6
33 22
34 27
34 30
39 27
39 30
1 20
1 26
1 38
4 2
4 3
5 36
6 34
6 37
7 36
8 22
11 28
12 25
12 29
13 21
13 28
13 37
14 33
15 25
17 23
17 32
18 8
18 28
18 29
19 6
19 39
20 1
21 21
21 28
21 29
22 1
22 19
23 10
23 23
25 2
25 4
25 26
27 14
28 15
28 28
28 30
28 34
30 14
31 6
31 26
33 15
33 23
34 25
34 35
34 37
35 6
39 25
0 20
1 10
1 25
2 36
3 22
3 28
4 7
13 8
13 10
13 12
13 18
14 30
15 37
16 1
16 32
16 37
17 27
17 33
18 25
19 17
19 34
21 25
22 14
22 37
23 0
23 2
23 3
24 23
27 26
27 36
28 35
30 37
32 0
34 8
37 6
2 22
4 8
4 11
4 13
4 22
4 28
6 22
6 36
10 34
10 37
10 39
11 0
12 38
13 14
13 20
13 35
16 33
17 14
17 30
18 38
19 28
19 29
21 19
21 38
22 23
23 4
23 37
25 14
26 14
26 26
26 37
29 6
29 14
29 36
30 8
30 26
31 19
31 36
32 3
34 39
39 22
11 31
11 35
15 32
15 34
16 14
16 23
16 30
16 35
17 22
18 14
19 2
19 3
19 25
21 15
22 27
24 36
27 6
28 24
28 27
31 8
31 13
32 2
32 4
33 19
36 6
39 23
3 31
4 10
9 35
10 36
13 17
13 19
15 33
16 27
18 32
19 4
19 38
21 23
21 32
23 1
23 31
25 36
26 6
27 37
28 6
28 13
29 26
32 15
33 13
0 31
0 35
1 37
4 31
4 35
6 28
9 31
10 16
10 27
13 4
15 16
15 23
15 30
17 26
18 33
19 13
21 8
21 33
25 6
29 8
29 37
31 37
34 31
34 38
39 31
3 35
5 16
7 16
8 31
10 7
15 27
16 22
16 28
17 36
18 30
19 1
19 32
20 8
20 24
21 30
22 8
24 8
24 26
24 37
27 8
28 31
28 38
39 19
1 36
4 0
8 7
8 35
10 28
12 32
12 34
12 39
13 6
18 27
19 15
19 33
21 27
22 26
22 31
24 14
25 37
26 8
27 16
28 8
31 14
8 16
13 13
13 31
14 37
15 22
15 28
16 26
18 7
19 23
19 30
20 18
22 16
25 8
28 14
32 6
32 13
33 14
5 35
7 35
9 16
10 9
11 16
12 23
12 30
12 36
14 9
15 7
17 9
17 16
17 37
18 5
19 27
20 39
21 14
25 16
26 16
29 16
1 28
2 35
12 27
13 15
14 16
14 35
15 26
16 16
18 16
18 36
20 17
20 20
20 34
21 36
23 8
24 5
30 7
38 11
38 12
38 15
38 16
38 20
38 26
38 28
38 32
38 33
5 31
6 16
6 35
7 31
10 5
12 16
13 23
14 7
17 7
17 35
18 26
20 28
20 29
21 26
23 14
28 36
31 7
32 8
38 17
38 24
38 34
2 31
7 9
8 9
12 7
12 22
12 28
14 31
19 8
19 36
20 22
20 25
23 16
28 26
32 14
38 8
38 10
38 14
38 18
38 21
38 29
6 31
10 35
17 31
18 9
18 37
19 14
19 26
20 21
20 38
21 7
21 37
29 7
38 9
9 7
11 7
13 22
15 5
15 9
15 35
16 31
20 7
22 7
24 7
24 16
27 7
28 37
34 5
38 7
38 27
38 30
0 9
10 31
16 7
18 35
19 37
20 19
20 32
21 35
26 7
28 7
28 16
30 5
33 5
38 25
1 35
5 9
6 9
12 37
14 5
15 31
17 5
20 15
20 33
21 16
25 7
31 5
35 5
12 5
12 9
18 31
19 35
20 23
20 30
21 31
37 5
38 22
1 31
2 9
12 35
20 27
21 5
21 9
23 7
29 5
29 9
38 23
3 9
9 5
9 9
11 5
11 9
19 31
20 5
20 9
22 5
22 9
24 9
27 5
27 9
32 7
36 5
12 31
16 5
16 9
19 7
19 16
26 5
26 9
28 5
28 9
38 31
1 9
20 36
25 5
25 9
38 19
20 14
20 26
38 6
38 13
13 7
13 16
23 5
23 9
4 9
20 37
32 5
19 5
19 9
20 35
13 5
13 9
20 31
20 16
38 5
