2 19
31 39
30 35
0 15
3 32
4 33
12 14
33 3
35 38
0 18
1 33
1 37
2 11
4 5
5 37
8 11
9 37
10 1
16 1
18 3
22 11
26 29
35 16
37 35
38 7
3 4
10 10
10 14
11 0
11 5
15 3
18 21
18 22
23 3
23 17
24 31
27 13
27 22
34 5
37 29
1 14
1 34
3 34
8 37
10 20
11 1
11 11
20 18
23 22
23 31
31 19
31 24
32 29
34 39
36 24
36 39
37 27
37 39
38 39
39 25
0 16
2 4
3 36
4 34
5 4
5 11
6 36
10 37
12 6
15 1
19 3
20 21
23 29
23 30
30 36
31 18
31 35
34 4
37 37
39 21
39 23
39 27
39 38
1 7
1 9
1 12
2 5
2 10
2 16
3 20
3 21
4 36
8 1
15 11
16 6
21 34
25 12
30 3
32 19
32 36
34 17
35 3
36 5
36 26
37 5
37 23
38 5
39 11
39 14
39 32
39 33
39 36
0 0
1 1
1 2
1 5
3 38
4 10
4 38
5 5
5 36
6 34
6 38
8 15
9 0
12 11
12 38
15 5
15 20
15 26
15 30
17 1
17 3
17 6
18 25
25 11
25 22
26 34
27 17
27 34
30 4
31 26
31 31
32 25
32 37
35 4
35 36
35 39
36 3
37 3
37 34
38 3
39 6
39 8
39 17
39 24
1 11
1 38
2 14
2 22
3 28
4 1
4 2
7 1
7 2
7 21
8 0
8 6
8 12
8 38
11 12
15 10
16 5
19 39
20 10
23 6
23 12
23 35
24 29
24 35
27 18
28 35
30 0
30 29
32 1
32 34
33 21
34 1
35 37
36 4
36 31
36 35
37 4
37 24
37 26
38 4
39 35
0 3
0 4
0 13
1 0
1 35
2 32
3 1
3 2
3 35
4 6
4 16
4 19
4 28
6 4
6 7
6 35
10 38
12 10
15 22
17 5
19 26
19 30
20 5
21 10
22 3
23 11
23 26
25 3
25 34
26 17
26 26
27 21
28 12
28 17
28 19
30 26
30 31
32 21
33 1
34 6
34 19
36 25
37 19
38 13
39 15
39 26
0 7
0 9
0 12
0 17
2 29
2 33
2 37
3 7
4 0
4 35
5 38
7 0
7 24
7 26
8 3
10 12
14 38
15 21
15 38
16 10
19 25
20 1
20 11
21 3
22 6
23 25
24 1
25 4
25 31
26 18
27 27
28 18
28 29
31 36
32 0
33 22
34 0
34 18
35 1
35 7
37 15
37 18
38 12
39 5
39 16
0 5
2 1
2 2
2 15
2 17
3 0
4 14
5 1
5 2
5 14
5 35
6 5
10 15
12 3
14 0
14 35
15 35
16 23
17 11
18 0
18 6
19 34
21 6
21 39
23 1
24 26
26 21
26 35
27 30
27 35
28 21
28 26
28 31
30 38
32 22
33 0
34 21
34 35
36 1
36 36
37 1
37 7
37 16
37 21
38 1
39 3
39 7
39 19
39 39
0 11
1 10
2 25
2 34
3 24
3 26
4 3
5 10
7 3
7 37
10 3
10 6
10 23
10 25
10 34
16 20
18 11
18 34
19 11
19 18
20 12
23 39
24 25
24 32
24 39
27 25
28 39
29 38
31 34
31 38
32 17
32 27
32 32
35 0
36 37
39 4
39 18
39 37
2 0
2 23
2 36
3 3
3 11
3 30
4 12
4 24
4 26
5 0
5 12
7 7
7 16
7 22
7 36
8 4
15 17
16 0
16 26
16 30
17 12
19 1
19 5
19 21
19 22
20 0
20 4
20 14
24 0
25 1
25 5
25 14
25 21
25 35
26 12
26 27
28 3
31 22
31 25
32 5
32 38
33 17
33 35
34 11
34 22
34 29
34 31
36 0
36 17
36 34
37 0
37 22
38 0
39 34
1 18
1 19
1 20
1 21
1 24
1 26
1 28
2 6
2 8
3 16
4 15
4 17
5 6
5 15
5 20
6 16
6 20
6 30
7 11
9 5
9 39
10 18
11 3
12 4
14 23
14 25
14 29
16 22
17 10
17 14
18 4
18 12
18 19
18 29
18 38
19 12
19 35
21 38
23 0
25 26
26 11
26 23
27 3
28 4
32 30
33 5
35 11
38 10
1 6
1 29
2 3
3 22
3 39
4 39
5 3
5 28
6 1
6 2
6 10
6 29
6 39
7 5
7 34
8 8
9 10
9 14
10 4
12 39
16 12
16 21
17 23
18 10
18 14
18 35
19 14
23 5
23 19
23 38
24 13
24 18
24 27
24 38
25 25
26 30
26 39
27 4
27 39
28 38
29 37
30 25
31 27
33 29
33 31
34 13
35 6
37 11
37 30
39 1
0 2
0 10
1 39
2 38
3 14
4 8
4 22
7 19
7 38
8 39
9 11
10 19
11 8
13 1
14 12
15 0
15 24
16 14
17 17
17 26
17 30
18 39
19 0
25 0
26 3
27 14
28 6
31 32
33 23
34 12
34 26
34 36
35 13
36 15
39 13
0 32
0 36
1 16
2 35
3 10
5 19
5 21
6 0
6 19
6 21
7 35
9 20
9 21
10 39
11 4
13 12
14 6
14 14
14 20
14 32
15 4
16 34
18 17
18 24
19 4
19 17
20 19
21 32
21 37
22 1
22 5
23 23
25 39
26 4
26 24
26 32
27 6
27 32
28 1
28 5
28 25
30 27
31 5
31 30
32 23
33 18
34 37
35 12
35 29
35 31
36 7
36 16
36 32
37 13
39 0
39 12
0 20
0 21
0 24
0 26
0 28
3 12
5 39
6 6
6 32
7 14
7 23
7 25
10 8
10 30
13 6
13 14
13 22
13 26
14 24
14 37
14 39
15 8
15 13
15 37
15 39
16 4
16 17
17 0
17 22
20 29
20 30
21 1
21 5
21 22
23 20
23 37
24 6
24 12
24 17
24 37
25 10
25 27
26 14
26 38
27 1
27 5
27 23
27 38
28 14
28 37
30 32
32 11
33 26
33 36
33 39
34 14
34 34
35 24
36 19
36 30
37 12
0 6
0 29
0 33
0 37
3 15
3 17
4 18
5 24
5 26
6 3
6 14
6 24
6 26
7 10
9 24
9 26
10 29
10 36
12 8
12 13
14 5
14 11
15 18
15 29
16 38
17 4
19 8
21 17
21 18
21 36
24 11
24 23
25 32
26 6
28 27
30 17
30 19
30 30
31 20
31 23
32 6
33 11
33 37
34 23
34 25
35 14
35 19
36 18
2 27
3 6
3 23
3 25
3 31
4 30
7 12
8 13
8 19
8 20
8 21
9 34
11 13
12 22
12 26
13 5
13 11
14 21
14 31
14 36
15 36
16 8
16 35
17 34
19 24
20 20
20 34
21 21
21 29
21 30
22 0
23 10
23 24
23 36
24 36
25 30
25 38
26 1
26 5
28 32
28 36
30 18
31 3
32 13
33 6
33 20
33 34
34 10
35 18
35 26
36 21
37 14
38 31
0 34
1 8
2 30
4 23
4 25
4 29
5 8
6 12
6 31
7 15
7 17
7 30
13 21
14 10
15 19
19 37
20 26
21 0
21 12
22 4
23 15
24 21
25 15
26 19
26 37
27 0
27 24
27 37
28 30
30 21
31 4
32 12
32 20
33 13
33 25
34 27
35 10
35 21
36 11
38 17
38 25
38 29
38 32
38 33
38 36
1 17
1 22
2 13
5 17
5 22
6 15
6 17
6 22
7 6
7 29
8 24
8 26
9 12
9 22
9 35
10 13
10 32
12 20
13 10
14 27
15 32
17 18
17 25
17 38
18 27
18 37
19 32
20 25
21 4
21 14
24 4
24 24
25 8
25 23
27 20
28 10
31 1
31 11
33 12
34 32
35 34
36 22
37 10
38 23
38 27
8 34
9 15
9 17
12 21
13 34
14 17
17 35
18 32
19 36
20 35
21 26
25 19
25 37
26 0
26 36
27 10
27 36
28 23
30 11
31 6
32 14
33 27
34 20
34 30
35 22
35 25
36 13
37 20
38 15
38 35
2 39
3 18
6 8
7 39
9 6
11 7
11 22
11 26
13 17
13 38
16 18
17 19
18 36
19 7
19 27
20 39
21 25
23 8
23 16
25 16
26 20
27 15
28 20
30 6
30 22
31 0
31 13
33 14
33 32
34 8
36 12
38 16
38 24
0 8
0 38
4 13
5 13
7 32
8 17
8 22
8 35
9 3
10 31
12 34
13 35
15 31
16 29
19 19
19 31
24 5
25 24
25 36
26 10
30 13
31 12
32 10
33 30
33 38
35 8
35 27
38 19
0 22
0 35
1 30
3 8
5 30
7 18
7 27
9 30
10 7
10 16
11 20
11 37
12 17
15 7
15 15
16 19
18 31
20 8
22 8
22 22
25 20
26 15
28 8
28 15
28 24
30 12
33 10
34 15
35 32
36 14
37 8
38 18
38 26
1 23
1 25
4 31
5 18
5 23
5 25
5 29
6 18
6 23
6 25
9 23
9 25
9 29
10 27
11 21
12 7
12 35
13 3
15 27
16 37
16 39
20 13
20 38
21 8
22 17
22 18
22 31
23 33
25 7
27 8
27 16
31 14
35 30
38 21
38 37
2 31
3 27
7 8
7 31
9 4
9 18
14 2
16 7
16 24
16 32
17 13
17 29
18 8
19 20
20 15
22 21
22 29
22 30
24 14
30 14
36 10
38 34
4 27
8 30
11 34
13 30
14 4
14 18
14 33
15 16
16 36
17 7
17 15
18 13
19 13
20 23
21 33
23 7
24 33
26 8
26 16
28 16
31 10
32 8
32 33
35 23
36 28
38 22
0 30
3 13
5 32
8 18
8 23
8 25
8 29
9 8
9 32
11 17
11 38
12 2
13 4
13 18
13 23
13 25
13 29
16 2
16 13
17 37
18 2
18 15
19 15
20 2
20 37
22 14
22 34
22 35
24 2
24 10
27 28
30 2
30 10
30 23
32 2
33 8
34 2
0 23
0 25
10 2
11 15
11 35
12 30
14 8
14 19
14 28
16 15
16 31
17 32
18 28
20 7
20 16
20 32
21 23
22 7
22 26
23 2
24 19
28 7
32 15
33 2
7 13
12 18
12 23
12 25
12 29
13 8
13 19
13 37
13 39
17 16
17 24
17 36
20 24
20 36
21 7
21 19
22 25
23 28
27 7
29 34
32 28
33 15
35 2
36 8
36 20
0 39
1 31
5 31
6 13
8 32
9 31
11 2
13 32
15 2
16 27
18 7
18 16
19 2
19 16
19 28
25 2
26 28
31 8
31 33
35 20
36 2
37 2
37 28
38 2
38 30
9 13
10 33
12 19
13 24
13 36
15 33
16 16
17 31
19 33
20 31
21 24
22 39
24 8
24 20
26 7
26 33
27 33
29 29
30 8
30 20
32 7
32 16
36 33
39 28
1 27
5 27
6 27
8 9
9 27
11 30
12 32
14 13
17 2
18 33
21 20
24 28
29 26
29 31
30 33
31 15
31 28
33 7
33 16
38 9
4 9
8 31
10 28
11 9
11 18
11 23
11 25
11 29
12 24
12 36
13 13
13 31
14 15
15 28
17 27
19 9
20 27
21 13
24 15
25 33
29 17
29 19
30 15
0 31
7 33
13 15
21 15
22 2
22 38
28 2
28 33
29 18
30 28
39 2
8 27
9 7
9 16
10 9
11 19
11 39
12 31
13 27
15 9
21 2
21 27
25 28
27 2
29 3
29 21
31 7
31 16
0 27
11 32
12 9
14 7
14 16
22 23
24 7
24 16
25 9
28 28
29 4
30 7
30 16
34 33
38 20
11 24
11 36
12 27
13 7
13 16
16 9
16 33
21 16
22 19
22 37
26 2
29 11
5 9
22 32
23 9
29 6
29 22
29 25
33 33
34 9
34 28
9 33
11 31
12 16
16 28
22 24
22 36
29 0
29 1
29 5
29 13
35 9
17 33
20 9
20 33
22 9
22 20
28 9
29 12
29 27
33 28
35 33
37 9
39 9
6 9
9 2
9 28
11 27
17 9
21 9
22 13
27 9
29 32
31 2
8 33
13 33
17 28
18 9
20 28
22 15
29 14
29 30
35 28
3 9
11 16
13 2
22 27
26 9
32 9
8 28
12 33
13 28
21 28
29 10
29 23
33 9
7 9
22 16
12 28
36 9
9 9
29 24
31 9
11 33
14 9
24 9
29 8
29 20
30 9
38 28
13 9
11 28
22 33
29 15
22 28
29 7
29 16
29 33
29 2
29 28
29 9
