21 7
24 8
0 39
38 30
38 39
0 37
1 0
1 39
2 6
5 30
12 16
18 30
36 27
38 28
39 38
1 13
8 5
13 18
19 31
22 8
26 33
27 22
37 18
39 17
39 39
1 4
1 7
2 5
6 0
9 12
14 16
16 16
24 10
24 31
37 27
38 1
38 2
39 4
0 27
1 9
1 19
1 25
2 0
2 27
7 15
9 4
9 6
11 21
15 18
16 13
19 30
20 9
24 32
27 21
34 2
37 28
39 1
39 2
0 1
0 6
0 25
0 31
0 35
1 5
1 20
2 20
2 28
4 0
5 34
9 13
14 12
14 18
14 21
21 31
24 35
25 6
27 31
32 1
0 4
1 17
4 22
4 23
6 28
7 13
9 7
13 13
14 1
15 20
15 34
16 1
16 32
18 4
20 0
21 9
21 10
21 12
21 32
22 9
22 10
22 13
23 7
26 39
28 31
34 1
37 22
38 3
38 33
0 0
1 3
1 22
1 23
1 30
2 3
2 15
2 22
2 23
3 14
4 4
4 13
5 17
5 24
7 22
8 16
11 4
12 21
12 28
13 20
14 5
14 6
14 27
16 35
18 34
19 5
19 6
21 0
21 28
25 30
25 35
27 33
39 3
0 5
0 22
0 23
1 14
4 3
4 24
5 39
6 27
6 35
8 12
11 14
12 15
13 12
16 7
16 39
17 34
18 7
18 32
19 28
22 0
23 30
24 6
24 39
25 33
26 30
28 39
34 10
35 22
37 21
38 20
38 23
38 25
39 15
1 16
1 24
2 13
2 24
4 19
4 21
5 15
6 2
6 39
7 14
8 22
9 1
11 28
12 0
13 1
13 4
17 32
18 0
19 1
20 13
22 6
22 35
22 39
23 0
25 1
26 34
27 3
27 39
30 39
31 39
32 39
34 15
35 19
36 30
37 31
38 18
39 8
39 11
0 3
0 12
0 15
0 24
1 2
1 28
2 2
2 17
2 21
2 31
2 34
2 35
3 7
4 15
6 1
6 24
7 21
8 2
8 13
9 0
11 7
11 12
11 34
11 39
13 35
14 15
14 34
15 27
16 15
16 20
16 28
16 36
19 35
20 15
20 30
22 30
23 6
23 31
25 32
25 39
33 34
35 21
35 31
37 19
37 24
37 34
0 9
0 19
0 36
1 11
1 31
1 34
1 35
2 1
2 12
3 6
3 31
3 34
3 35
4 2
4 12
4 18
7 6
7 7
7 20
8 1
11 20
11 35
12 7
12 39
20 1
20 12
21 34
21 36
23 32
28 32
29 10
30 3
30 33
34 13
35 34
38 32
0 13
3 25
4 1
5 16
5 36
6 31
7 5
7 19
8 0
8 21
9 23
11 1
11 13
11 19
12 4
12 36
13 5
13 6
13 27
13 39
14 0
15 35
16 0
16 5
16 6
17 4
17 27
18 5
18 6
19 39
20 35
21 1
21 15
22 31
24 1
26 6
27 1
27 10
32 21
33 33
33 39
35 28
36 31
37 33
0 2
0 17
2 16
3 5
3 39
4 16
4 30
5 0
5 6
5 7
5 21
6 36
7 4
8 11
8 14
8 20
9 16
9 34
11 0
12 30
13 15
13 28
13 36
15 19
16 30
18 35
19 36
22 1
22 32
24 34
26 3
26 31
27 25
28 0
28 34
29 0
30 0
30 8
32 30
34 6
35 24
35 33
35 39
36 34
37 0
38 8
38 11
38 22
38 35
39 10
1 18
1 38
3 4
3 12
3 20
3 27
4 27
5 5
5 14
5 20
7 18
8 19
9 35
11 15
11 18
11 37
12 20
15 4
15 28
15 39
17 7
17 35
20 28
20 34
20 39
22 27
23 1
26 13
27 34
29 3
30 30
32 0
32 19
32 31
34 9
39 27
39 29
39 31
39 34
0 32
2 11
2 14
3 3
3 17
3 28
4 11
4 14
4 28
5 4
5 12
5 19
5 32
5 37
6 32
7 28
9 22
9 27
9 39
11 30
11 38
12 5
12 6
12 19
12 31
12 37
13 0
15 13
15 36
16 21
16 31
17 1
17 12
17 20
18 39
20 36
21 11
21 27
22 11
25 0
25 10
25 34
26 8
27 20
27 28
28 25
30 31
30 35
31 35
32 35
34 0
34 7
36 33
36 39
38 15
38 21
38 36
39 20
39 23
39 25
39 30
0 16
0 29
2 36
3 22
3 23
4 31
4 34
4 35
5 3
5 25
5 38
6 37
8 18
8 28
10 23
11 25
12 38
13 37
14 11
14 35
15 12
17 39
18 36
22 21
23 34
25 25
26 1
26 11
26 15
26 36
27 13
28 24
28 35
29 8
30 11
30 13
30 15
32 8
35 26
37 3
37 8
37 11
38 0
39 6
39 28
1 36
3 36
5 18
5 29
6 38
7 2
7 11
7 27
7 34
9 3
9 9
11 31
13 38
14 9
14 22
15 7
15 30
16 19
17 28
17 36
20 21
22 26
25 5
25 13
26 25
27 8
27 27
27 35
28 28
29 11
30 6
30 36
31 36
32 10
32 11
32 13
32 20
32 36
33 32
35 17
36 26
37 32
38 10
38 13
38 19
39 0
0 11
0 14
2 18
3 2
3 11
3 16
3 24
4 39
6 17
7 1
7 35
8 27
8 34
9 15
9 21
9 30
10 28
12 22
12 32
14 30
14 39
15 1
15 37
16 11
16 22
17 5
17 6
17 31
18 27
19 3
20 19
21 21
22 19
22 34
23 9
23 10
24 36
25 4
25 28
27 0
27 11
27 15
28 36
30 19
32 25
33 35
34 5
35 29
35 32
37 15
37 35
38 24
39 7
2 8
2 29
2 37
3 1
3 21
5 2
5 11
6 6
6 7
6 25
7 39
8 3
8 9
8 35
9 20
9 36
10 5
10 22
10 27
10 34
11 24
13 11
13 30
14 3
14 36
15 31
15 38
16 3
16 9
18 13
19 13
21 29
22 22
22 36
23 28
25 11
25 15
26 19
26 28
27 36
28 27
30 7
30 25
32 24
32 32
34 4
34 12
35 2
35 35
37 26
39 9
2 32
2 38
3 37
5 1
6 5
6 15
8 39
9 19
9 31
10 6
10 14
10 35
11 3
11 11
11 32
13 9
14 25
14 31
15 22
17 21
18 15
19 15
19 29
20 3
20 4
20 8
20 11
20 22
21 5
21 19
22 20
23 13
23 38
24 5
25 21
25 27
25 36
27 5
27 26
28 10
28 21
29 6
30 9
30 24
30 32
32 6
32 28
33 36
35 3
35 8
35 11
36 32
37 10
37 13
37 29
37 36
38 6
39 22
39 33
0 18
1 32
3 19
3 32
3 38
4 9
5 26
6 4
6 12
6 22
6 29
10 16
11 9
11 26
12 11
12 25
12 29
13 31
15 5
15 6
15 15
16 25
16 29
17 0
18 12
18 20
19 9
19 12
19 20
21 3
21 4
21 22
21 38
22 5
23 27
24 3
24 4
26 7
26 20
26 27
27 4
27 29
30 20
30 28
32 18
35 1
35 36
36 35
39 12
1 10
2 26
4 36
6 13
7 30
9 10
9 18
9 37
10 7
10 12
12 9
13 3
13 22
14 10
14 37
17 19
18 3
19 2
19 33
20 27
21 20
22 3
22 4
23 5
23 15
23 37
24 13
25 2
25 19
26 0
26 9
26 38
28 26
29 7
30 5
32 7
32 27
35 15
38 7
39 21
1 8
1 26
3 18
6 16
7 9
7 36
8 30
9 8
9 32
9 38
10 4
11 29
14 2
14 8
14 24
14 32
14 38
15 25
16 2
17 22
18 28
19 38
20 25
21 37
23 3
23 4
23 21
25 26
27 7
28 3
28 29
29 9
29 22
30 4
30 27
30 38
31 38
32 9
32 38
34 31
36 20
36 36
37 6
38 9
38 37
39 16
39 37
0 26
0 33
1 29
3 9
5 33
6 21
6 26
6 33
7 31
8 10
8 36
10 13
10 30
11 2
12 24
13 32
15 0
16 10
16 24
17 11
20 2
20 18
22 18
23 26
24 15
24 38
25 20
25 24
25 29
26 5
26 12
26 26
26 37
27 9
28 13
28 38
30 12
34 16
34 34
35 10
35 13
36 17
38 26
4 37
5 9
6 11
6 14
6 20
8 8
8 31
10 36
12 3
13 10
13 17
13 25
14 26
15 29
16 8
17 9
17 14
18 8
19 37
20 38
21 2
21 33
22 24
23 19
23 29
24 2
24 21
25 9
26 4
26 18
26 24
26 29
27 2
27 38
28 8
29 5
29 12
29 21
29 33
30 18
30 37
31 37
32 5
32 12
32 16
32 26
32 37
34 30
36 18
37 7
38 12
39 24
39 32
2 10
4 10
4 32
4 38
6 19
7 3
7 37
9 25
9 29
10 15
10 31
11 10
12 17
12 26
13 2
13 8
14 29
15 24
16 26
17 25
18 2
18 21
18 38
19 21
20 24
20 29
21 18
22 2
22 14
23 22
24 25
24 37
25 38
27 12
27 23
28 11
28 15
28 37
29 4
30 26
32 4
32 29
33 38
34 22
34 33
34 39
35 23
36 2
37 9
37 38
39 35
4 8
7 32
7 38
8 37
10 20
11 8
12 10
12 33
13 29
15 11
15 17
16 33
17 38
20 37
21 24
22 29
23 2
23 11
23 20
24 19
25 12
27 18
27 37
30 2
30 29
35 6
35 38
36 3
36 8
36 11
36 29
6 18
7 10
7 25
8 32
8 38
10 1
10 19
10 37
11 17
12 8
13 24
14 17
15 9
15 26
15 33
16 17
17 3
17 18
17 29
18 19
18 37
19 19
20 16
20 26
20 33
22 16
24 22
24 28
25 18
25 37
28 19
29 30
33 37
34 21
36 1
37 5
37 12
37 37
39 14
0 10
2 33
3 10
3 29
4 29
7 8
8 25
9 24
10 0
10 32
10 38
11 33
12 2
14 14
14 23
16 14
17 24
17 37
18 22
18 33
19 22
22 38
24 20
26 2
26 16
28 6
28 23
29 31
30 16
32 17
33 3
34 14
35 7
35 37
36 15
36 22
36 38
37 4
0 8
1 33
3 8
3 33
5 10
7 29
8 17
10 18
10 25
12 23
13 26
16 23
17 10
17 33
18 11
19 11
21 16
23 12
23 33
24 27
25 23
29 2
34 19
34 25
35 0
35 9
38 16
5 8
6 9
8 29
9 26
15 3
17 8
17 26
22 23
22 37
23 18
26 23
27 16
28 7
28 20
29 15
34 24
34 32
36 10
36 13
36 21
36 37
39 26
3 26
4 26
8 24
9 33
10 11
10 29
13 14
14 33
15 23
17 2
18 25
19 25
20 17
20 23
22 17
22 33
23 24
24 12
25 16
28 9
29 34
31 22
32 23
33 2
34 28
34 35
35 5
35 12
7 26
10 9
10 24
13 33
15 10
20 14
21 23
24 18
24 26
26 17
29 19
29 25
30 17
30 23
34 20
35 4
36 19
37 16
8 26
13 23
15 8
18 18
19 18
21 17
24 24
24 29
26 14
28 5
28 12
29 24
29 32
30 14
31 33
33 1
33 30
34 27
34 36
36 6
36 24
4 33
10 26
15 2
17 23
18 24
19 24
21 14
23 16
27 17
28 4
28 18
29 28
29 35
32 14
33 15
33 22
38 14
6 10
7 33
9 17
10 3
17 17
18 10
19 10
25 17
27 14
29 20
33 8
36 7
6 8
8 33
18 26
19 8
19 26
24 16
25 14
29 27
29 36
31 1
31 3
31 30
33 10
33 11
33 13
33 21
34 18
34 26
35 16
36 0
36 9
10 10
10 33
18 16
19 16
23 23
31 31
34 29
37 14
10 8
23 17
28 2
28 16
31 8
33 19
33 25
36 5
36 12
10 2
15 14
23 14
24 23
29 18
29 26
31 10
31 11
31 13
31 15
31 21
33 6
33 24
34 38
36 4
18 23
19 23
24 17
29 29
33 28
18 17
19 17
24 14
31 19
31 25
33 7
33 20
34 37
35 14
18 14
19 14
28 17
29 38
31 6
31 24
31 32
33 0
33 9
33 27
10 17
28 14
29 16
31 28
34 23
36 16
29 37
31 7
31 20
33 5
33 12
31 0
31 9
31 27
33 4
33 18
33 26
29 23
33 29
36 23
29 17
31 5
31 12
29 14
31 4
31 18
31 26
36 14
31 29
33 16
31 2
31 16
33 23
33 17
33 14
31 23
31 17
31 14
