0 29
8 35
13 15
35 20
0 3
4 13
9 34
10 6
14 39
17 31
31 0
31 13
32 14
36 8
37 34
38 22
39 20
0 11
0 12
4 38
7 8
7 12
7 25
9 7
9 33
10 10
10 15
11 9
12 29
12 38
15 30
20 15
21 12
23 36
24 22
27 8
39 16
39 17
0 1
0 6
0 7
0 8
0 15
0 18
1 9
1 28
1 30
1 31
2 6
2 22
3 28
3 29
4 8
5 12
9 11
10 7
10 35
11 27
11 35
11 38
12 24
12 34
12 36
14 2
14 16
15 16
16 16
18 20
18 30
19 8
20 1
23 20
24 29
25 39
26 3
26 4
26 27
28 2
29 14
30 33
31 36
32 27
34 8
34 13
34 21
34 37
35 18
35 30
37 10
38 3
38 19
38 21
39 2
39 21
39 29
39 32
39 33
39 35
39 36
0 19
2 1
2 27
3 30
3 39
4 7
4 18
5 27
5 39
6 31
6 36
7 6
7 32
7 36
9 9
10 39
11 10
12 14
15 36
17 9
17 30
18 32
18 34
19 22
22 22
23 16
23 39
24 37
26 31
27 2
27 38
29 10
29 11
29 39
30 19
30 26
30 39
31 31
32 1
32 10
32 11
32 12
32 19
32 20
34 5
36 9
37 9
37 12
38 18
39 23
0 24
1 27
2 5
2 8
2 9
3 19
3 25
3 34
4 4
4 11
5 14
7 5
7 9
7 14
8 38
9 12
9 26
9 38
10 22
10 36
11 34
11 36
11 39
12 32
13 32
13 37
15 1
15 27
15 28
16 27
16 28
17 27
17 28
18 39
19 2
19 39
20 20
21 16
21 32
23 2
23 38
24 31
24 39
26 16
26 18
27 3
27 5
27 18
30 16
30 20
31 18
31 28
32 0
32 18
32 37
34 15
35 33
35 35
36 0
36 35
37 28
37 37
38 0
38 4
39 3
39 27
39 31
39 37
39 39
0 5
0 23
1 3
1 36
1 38
2 25
3 23
4 32
4 34
4 39
5 29
6 9
6 11
6 24
6 25
6 32
6 38
7 27
7 28
7 29
7 38
8 28
8 29
8 39
9 5
9 28
9 29
9 39
10 2
11 5
11 32
12 5
12 8
12 10
12 18
12 20
13 4
13 18
13 20
13 24
13 39
14 19
18 2
20 38
21 31
21 36
24 2
24 4
24 18
24 35
24 38
25 37
26 30
27 14
28 16
29 1
29 16
29 37
29 38
30 30
30 35
30 37
30 38
31 16
31 35
32 30
33 33
33 38
34 2
34 36
35 10
35 11
35 39
36 1
36 4
36 5
36 6
37 29
37 30
37 31
38 1
38 27
0 22
0 27
0 32
0 34
1 1
1 10
1 25
1 33
2 4
2 11
2 14
2 15
2 18
3 26
4 2
4 10
5 9
5 11
5 26
5 31
6 27
7 39
9 1
9 4
10 14
10 18
11 2
11 8
11 16
11 23
11 25
11 26
12 2
12 25
12 26
13 0
13 8
13 29
13 38
14 1
14 22
16 2
16 32
17 5
17 17
17 22
17 33
17 38
18 1
18 23
18 37
19 27
20 39
22 27
23 30
23 33
24 8
24 11
24 28
25 36
26 1
26 14
27 6
27 17
28 18
28 20
31 26
31 37
32 2
32 6
32 33
32 38
34 0
34 23
35 36
35 38
36 36
36 37
37 2
37 20
37 24
37 39
38 28
39 4
39 15
0 10
1 5
1 39
2 19
2 26
3 0
3 20
3 35
4 0
6 10
6 13
6 15
7 22
7 33
9 14
10 19
11 30
12 31
13 31
13 34
13 36
14 23
15 0
15 31
16 1
16 19
16 33
16 38
17 15
17 23
17 36
19 17
19 36
20 14
20 22
21 14
21 38
22 10
22 20
23 0
23 9
23 17
23 23
23 29
24 1
24 14
24 17
24 33
25 27
25 35
26 28
26 37
27 12
28 1
29 5
30 17
30 29
31 5
31 27
32 7
32 23
33 31
33 35
33 36
34 1
34 28
34 39
35 16
35 24
36 17
37 17
37 23
37 38
38 29
39 1
39 8
39 11
39 13
39 24
0 0
0 25
0 31
0 36
0 38
1 26
2 2
2 10
3 33
4 22
4 28
4 35
5 10
5 22
5 32
5 34
6 30
6 35
7 30
8 30
9 30
10 4
10 24
11 12
11 31
13 27
13 28
14 14
14 20
15 19
15 37
16 22
16 36
17 34
18 24
19 4
19 18
19 24
19 33
20 0
20 5
20 10
20 11
20 35
20 37
21 17
21 39
22 16
22 23
22 28
22 30
24 5
24 25
25 3
25 4
25 29
26 0
26 10
26 12
26 19
26 36
26 39
27 1
28 17
29 4
29 17
31 4
31 9
31 17
31 21
32 4
32 17
32 31
32 35
34 3
34 7
34 38
35 13
35 14
35 23
36 16
36 19
36 39
37 3
37 7
37 16
37 19
37 21
37 26
38 24
38 32
38 33
38 34
38 35
38 36
39 7
39 10
0 16
1 4
1 13
1 20
1 35
2 0
2 32
3 16
3 37
4 24
4 33
5 6
5 7
5 18
5 24
5 37
6 6
6 7
6 18
6 23
6 26
6 33
7 1
7 2
7 16
7 19
7 20
7 23
8 10
8 31
9 31
10 27
10 33
11 4
12 4
13 11
13 12
13 25
13 26
14 0
14 5
14 33
15 22
16 10
16 23
16 34
17 2
17 16
17 24
18 4
18 8
18 15
18 18
18 35
19 14
19 19
19 29
20 33
21 9
21 18
21 29
22 1
22 36
23 11
23 19
23 21
23 27
24 0
24 12
24 19
24 21
24 23
24 26
25 33
26 9
26 35
26 38
27 9
27 31
27 36
28 0
28 8
29 3
29 6
30 24
31 3
31 6
31 32
32 3
34 27
34 30
34 31
35 2
35 12
35 26
36 13
36 14
36 18
36 38
37 14
37 18
38 8
38 11
38 13
39 9
39 26
0 26
1 23
2 29
4 16
4 27
5 5
6 5
7 0
8 8
9 22
10 0
10 1
11 22
14 10
14 30
15 5
15 23
15 35
16 0
16 4
16 20
17 1
17 39
18 19
18 25
19 25
19 30
19 34
20 4
20 17
20 29
21 19
21 22
21 37
22 8
22 25
23 8
23 15
23 31
25 2
26 21
26 23
26 24
26 26
27 0
27 35
28 10
28 11
29 7
29 9
30 15
30 21
31 7
31 22
32 24
34 9
35 0
35 4
35 5
35 6
35 15
36 12
36 27
37 0
37 4
37 5
37 6
38 7
38 10
38 26
38 31
38 37
39 6
39 12
1 2
1 14
1 15
1 18
1 22
2 30
2 31
2 36
2 38
3 3
3 12
4 25
4 37
5 4
5 30
5 35
6 4
8 7
8 37
9 18
9 37
10 28
10 29
10 37
11 0
11 1
11 18
11 20
12 0
12 1
12 11
12 12
14 29
15 10
15 20
15 25
16 9
16 24
16 39
17 25
18 26
19 10
19 11
19 12
19 26
19 32
20 18
20 30
21 1
21 27
22 2
22 26
22 32
22 38
23 28
25 5
25 20
25 30
26 33
27 15
27 30
28 15
28 28
29 15
30 2
30 8
30 12
30 32
31 15
31 29
32 9
34 22
35 1
36 15
36 33
37 1
37 15
38 9
38 14
0 35
1 0
1 19
2 34
3 6
3 13
3 17
5 33
6 14
6 37
7 17
7 37
8 6
8 15
8 24
9 19
9 20
9 23
10 32
11 19
12 17
13 17
14 9
14 34
15 24
16 8
16 18
17 14
17 37
18 9
19 31
20 19
20 27
20 32
21 8
21 35
22 5
22 14
22 17
22 31
23 5
23 12
24 10
25 1
25 16
25 28
26 15
26 22
27 21
27 23
27 24
27 33
28 5
28 21
28 23
28 24
28 39
29 27
29 34
30 13
30 22
31 24
32 22
32 29
33 8
33 10
33 11
33 12
33 14
33 16
34 26
34 34
35 3
35 32
36 28
38 6
38 12
38 39
0 33
1 37
2 16
2 39
3 8
3 9
3 14
4 17
4 20
4 23
4 26
5 1
5 2
5 19
5 20
5 23
6 1
6 2
6 19
6 20
8 5
8 9
10 17
10 25
10 26
13 6
13 35
14 8
14 27
14 28
14 32
15 9
15 18
16 14
16 37
17 0
17 4
17 18
19 6
20 31
21 2
21 24
21 28
22 18
22 33
23 25
23 34
24 15
25 11
26 7
27 26
27 29
28 4
28 12
28 31
28 36
29 19
29 28
30 10
30 11
30 25
33 19
33 20
33 21
33 28
33 32
34 29
35 7
35 22
36 29
36 30
36 31
38 15
38 38
3 5
3 7
5 0
6 0
8 4
8 12
8 25
10 30
12 7
14 25
14 26
15 8
17 11
17 12
17 35
18 14
19 37
20 24
20 28
21 5
22 4
22 19
22 37
23 26
24 34
25 0
25 14
25 23
25 24
25 25
27 22
28 6
28 22
28 35
28 37
28 38
29 20
29 26
32 25
32 32
33 2
33 13
33 18
36 24
37 25
2 35
3 11
9 16
10 31
13 7
16 11
16 12
16 35
19 7
20 6
21 23
21 25
22 0
22 15
23 10
24 6
25 18
25 26
27 32
28 7
28 30
29 31
30 5
30 34
31 34
33 5
33 27
34 32
35 25
36 23
39 25
0 37
2 17
2 33
3 4
5 16
6 16
8 1
8 2
8 22
14 11
14 12
14 31
15 4
18 10
18 11
18 12
19 35
20 25
21 4
21 26
22 35
25 12
25 34
27 25
28 25
28 33
30 4
31 25
33 4
35 34
36 26
38 25
3 10
8 0
8 14
8 18
15 11
15 12
20 7
20 26
21 0
21 10
24 7
25 17
28 9
28 29
29 30
30 1
30 3
30 6
33 3
33 6
33 23
33 34
1 16
3 2
8 19
8 20
8 23
9 17
11 17
13 3
14 35
17 6
23 3
25 6
26 34
30 7
32 34
33 7
33 17
33 26
34 25
2 37
5 17
6 17
9 3
16 6
19 3
22 6
23 6
25 10
25 19
25 21
27 34
28 32
29 29
33 29
36 32
2 21
7 3
10 21
11 13
12 21
13 21
14 3
14 6
17 7
18 3
18 6
19 21
22 34
25 7
25 9
25 15
29 21
29 23
29 24
30 9
33 9
33 24
36 22
1 17
3 21
8 16
10 3
10 13
13 13
15 6
16 3
16 7
20 3
20 13
21 6
21 13
22 7
23 7
29 32
9 13
11 3
12 3
14 7
18 7
18 21
27 13
29 22
33 22
36 25
7 21
12 13
14 21
15 7
17 21
19 13
21 7
26 13
28 34
5 3
6 3
8 17
17 3
20 21
24 13
29 25
33 25
16 21
22 3
9 21
11 21
15 21
17 13
22 13
4 21
5 21
6 21
8 3
15 3
16 13
21 3
21 21
23 13
14 13
18 13
28 13
1 21
15 13
25 13
8 13
8 21
