9 36
25 39
0 18
1 13
2 14
14 31
16 33
21 17
23 39
33 9
35 27
0 1
0 17
1 16
10 35
12 9
13 0
17 32
18 34
24 0
28 11
29 9
38 13
38 17
38 21
39 1
39 2
39 27
0 26
1 17
3 1
3 13
3 26
5 38
7 9
7 32
8 35
9 12
13 13
15 35
17 33
17 34
19 35
20 6
21 18
23 38
24 15
31 39
32 35
33 5
33 33
36 39
37 9
37 20
37 39
38 33
38 37
0 24
2 4
4 8
4 12
4 24
4 32
10 9
10 13
11 37
14 9
14 24
14 36
16 1
17 6
18 35
19 9
20 39
21 14
21 25
22 38
24 38
26 24
26 25
26 29
28 14
28 26
31 36
32 23
32 39
33 21
33 26
33 37
35 21
35 31
37 13
37 28
37 34
38 0
38 35
39 26
3 12
3 30
5 13
7 25
7 26
12 11
13 1
13 6
13 10
14 8
14 34
15 25
15 27
15 32
16 3
16 6
19 5
20 31
20 34
21 9
23 3
23 34
23 35
24 30
26 14
26 27
26 30
27 1
28 30
32 6
32 33
34 3
34 6
36 8
37 11
37 26
37 29
38 19
3 7
5 16
7 35
8 13
9 11
9 33
10 11
10 34
12 6
13 8
14 26
15 31
16 26
16 30
17 3
17 15
17 39
18 25
18 39
19 13
19 39
20 12
21 3
21 6
21 24
22 3
22 15
24 12
24 17
26 17
26 37
27 3
28 13
28 16
28 23
28 31
28 35
29 13
29 20
30 14
32 3
32 38
33 11
35 25
35 34
35 35
36 2
36 10
36 36
36 38
37 35
37 38
39 0
0 28
2 3
3 8
4 16
4 18
4 21
5 11
5 24
5 30
6 25
6 26
6 33
8 12
13 26
14 1
14 33
15 36
16 10
16 36
16 39
17 0
17 9
20 23
20 35
21 13
22 36
23 9
23 27
24 6
24 36
26 12
26 13
27 38
28 10
28 29
28 36
29 0
29 10
29 15
29 19
29 25
29 33
29 38
30 3
30 9
30 21
31 3
31 11
31 32
31 34
32 27
32 29
33 6
33 27
33 30
33 38
34 1
35 37
35 39
36 9
37 2
37 5
37 19
37 25
37 33
39 6
39 8
39 10
39 14
2 9
2 12
3 3
4 11
4 28
4 36
5 32
6 1
6 36
8 6
8 9
8 33
9 6
9 26
10 3
10 33
12 12
13 4
13 12
13 35
14 4
14 10
14 15
16 0
17 30
20 1
20 4
20 24
21 10
24 1
24 4
24 16
24 26
24 31
24 37
26 16
26 32
29 6
30 23
31 10
32 13
33 25
33 32
33 36
35 5
36 0
36 3
36 6
36 12
37 16
38 14
38 27
38 31
38 36
39 5
39 11
39 18
39 20
39 23
0 32
2 7
3 6
3 11
3 28
3 35
3 38
4 3
4 4
4 33
4 37
5 25
6 17
6 20
6 34
6 37
7 16
7 30
10 1
10 24
11 4
11 32
12 4
12 24
12 26
13 32
13 37
14 3
14 25
15 30
16 12
17 37
18 3
18 30
18 37
19 11
19 37
20 0
20 10
20 14
20 26
20 27
20 36
21 26
21 27
21 30
21 34
22 10
22 14
22 37
23 1
23 18
24 32
26 33
26 34
28 20
28 37
29 5
29 12
29 30
29 35
29 39
33 0
33 1
33 12
33 17
35 8
35 30
35 32
37 0
37 3
37 30
38 6
38 8
38 10
38 16
38 28
39 9
39 17
39 21
0 35
0 38
2 8
3 16
3 18
3 20
4 6
5 17
5 21
5 36
6 28
7 3
7 4
7 21
8 11
8 34
8 37
10 21
10 30
11 3
12 3
12 21
12 35
13 21
13 25
14 13
14 14
14 29
15 37
16 24
16 37
17 10
17 17
17 20
17 26
17 27
18 1
19 3
20 15
21 1
22 1
23 10
23 14
23 19
23 20
23 23
23 31
23 36
24 11
24 19
24 20
24 23
24 24
24 25
24 28
24 33
25 9
27 0
27 31
27 35
28 1
28 19
28 34
29 31
29 36
30 20
31 12
32 30
32 32
32 34
34 28
34 29
35 2
35 13
35 38
37 14
37 36
38 5
38 11
38 26
38 29
39 32
39 34
39 38
39 39
2 0
4 0
4 17
4 27
4 34
5 37
6 8
6 12
7 1
7 7
7 27
9 30
10 7
10 14
11 1
11 34
12 32
12 37
13 30
13 34
13 36
16 11
16 29
17 13
18 0
18 26
18 27
19 1
20 33
20 37
21 0
21 35
22 0
22 12
23 4
23 17
23 28
23 32
25 3
27 36
28 3
29 26
29 27
29 29
30 5
30 11
30 13
30 19
31 5
32 0
32 1
33 14
33 15
34 4
34 34
34 35
35 10
35 24
35 36
36 1
37 12
37 32
38 9
39 31
39 37
0 0
0 12
0 14
0 29
1 1
1 5
2 6
2 11
3 21
3 33
5 3
5 4
5 10
5 14
5 20
6 13
6 31
7 10
7 36
8 3
8 4
9 3
9 4
9 17
9 20
10 25
12 25
16 14
17 12
18 4
19 0
20 13
20 20
20 29
21 4
22 4
22 8
22 13
22 16
23 12
23 33
26 1
26 9
29 37
30 0
30 1
30 10
31 0
31 1
32 24
33 16
34 31
34 33
34 37
35 0
35 3
35 6
37 1
37 24
38 3
38 25
39 35
0 5
0 13
0 33
1 4
1 9
2 15
3 36
4 10
4 14
4 29
4 39
5 1
5 6
5 28
5 33
6 0
6 9
6 18
6 27
6 39
7 34
7 37
8 1
9 1
9 10
9 38
10 10
10 20
10 27
10 38
11 30
11 33
12 14
12 17
12 34
12 36
13 33
14 28
14 38
16 7
17 16
17 29
19 4
19 8
20 8
21 31
21 36
23 13
23 16
24 8
25 6
26 3
26 28
27 32
27 37
28 6
28 28
29 4
29 34
30 15
32 11
32 17
32 19
32 28
33 4
33 24
39 19
39 29
39 33
0 4
0 9
0 36
1 7
1 15
3 0
3 10
3 17
3 29
3 34
3 37
7 29
8 14
8 24
8 38
9 14
9 27
9 39
10 0
10 5
10 16
10 39
11 38
13 20
13 27
13 29
14 7
14 39
15 20
15 29
16 15
16 28
17 11
17 38
18 29
18 38
19 38
21 11
21 21
21 32
25 5
25 10
26 18
26 21
27 33
27 34
28 5
29 18
30 12
30 33
30 38
31 25
32 4
35 11
35 17
35 19
36 4
37 18
38 30
0 7
0 34
0 37
1 8
3 31
4 31
5 34
6 29
7 17
7 20
7 31
8 21
8 39
10 15
10 29
11 39
12 18
12 30
12 33
13 7
13 17
14 12
14 20
15 9
15 17
15 38
16 38
17 5
20 11
20 28
21 33
21 37
22 11
26 6
28 0
30 4
30 30
31 4
31 21
32 14
32 15
34 38
35 1
37 4
0 8
1 3
2 2
5 15
5 27
5 39
6 2
6 4
7 0
9 18
9 29
10 28
10 31
11 0
11 27
12 7
12 16
12 27
13 2
14 17
15 8
15 13
15 14
16 5
17 8
17 21
17 28
19 18
19 25
21 8
22 25
22 30
23 11
25 4
26 5
26 10
29 2
30 24
30 31
30 35
30 39
31 23
32 12
32 16
33 18
34 36
35 14
35 15
39 16
39 36
0 3
1 6
1 11
2 10
3 2
3 5
4 15
6 6
6 11
6 23
7 14
7 38
8 10
8 25
8 26
9 16
9 23
9 28
9 31
10 2
10 18
12 15
13 18
13 28
15 1
15 6
15 18
15 28
16 20
17 2
18 14
18 28
19 23
20 16
21 29
22 18
26 0
28 18
29 24
29 28
30 26
30 27
30 29
30 36
34 20
34 23
34 30
34 32
35 12
35 16
38 24
39 30
0 6
0 11
0 23
4 2
4 5
5 0
5 7
5 29
7 39
8 0
8 7
8 15
9 0
9 7
9 15
11 8
11 29
13 5
13 16
14 2
14 5
14 18
15 4
15 16
16 17
18 18
19 24
20 2
20 21
22 19
22 20
22 23
22 24
23 8
24 2
26 4
28 4
28 21
30 18
31 20
31 26
31 27
31 29
33 2
34 9
34 13
34 26
35 4
38 4
39 24
0 31
3 39
4 23
5 31
6 14
7 2
7 5
7 18
11 2
11 5
11 13
11 28
11 31
12 2
12 5
12 28
13 38
14 16
15 3
15 10
18 9
18 23
19 15
19 30
23 2
25 8
27 2
28 8
30 37
31 17
31 19
34 10
36 23
1 25
1 27
3 15
8 17
8 20
8 30
11 9
11 24
13 39
14 23
15 21
16 18
18 2
18 6
21 2
22 2
22 31
23 21
24 21
30 32
30 34
32 2
32 18
34 21
36 20
36 27
1 20
1 24
1 30
1 32
5 2
5 5
6 19
7 15
8 2
8 5
9 2
9 5
11 21
12 31
12 38
15 0
15 12
16 16
17 19
18 15
19 2
19 26
19 27
22 26
22 27
22 32
26 8
30 2
30 7
31 2
31 7
31 15
35 18
36 28
36 31
37 7
1 0
1 10
1 26
1 35
1 38
2 25
2 27
5 23
6 7
6 10
11 11
12 39
18 10
19 20
22 7
22 33
31 16
32 7
34 7
34 11
34 17
34 19
34 25
36 21
36 26
36 29
36 33
0 10
1 21
2 18
2 20
2 24
2 30
2 32
4 19
6 15
8 27
10 23
11 25
12 19
12 23
13 23
15 11
15 23
16 21
18 13
19 7
19 17
20 7
20 19
24 7
27 15
30 28
0 15
2 26
2 35
2 38
3 23
5 19
8 18
9 19
11 20
18 12
18 20
19 29
22 29
25 2
27 11
27 23
28 2
29 7
31 24
31 28
33 7
34 14
34 15
36 17
36 19
36 25
1 2
1 28
1 33
2 21
6 5
7 23
8 29
10 19
11 12
13 19
15 7
15 19
18 17
22 28
25 35
27 9
27 27
34 12
34 16
36 7
1 36
3 19
8 28
8 31
11 14
11 17
14 19
16 23
18 11
19 16
21 7
25 15
25 26
25 29
26 2
27 14
27 24
27 25
31 18
36 14
36 15
36 30
36 32
1 34
1 37
2 28
2 33
7 19
19 28
25 27
25 30
27 17
27 20
27 26
34 24
36 16
39 7
2 36
11 18
15 2
15 5
16 19
18 8
18 16
19 21
22 21
23 7
25 14
25 19
25 20
25 23
25 24
25 25
27 6
27 12
27 13
27 19
2 34
2 37
11 7
11 10
11 16
25 7
25 17
27 5
27 10
27 16
28 7
34 18
35 7
36 24
38 7
1 29
8 23
11 15
18 21
25 12
25 13
25 31
25 36
1 31
25 16
25 32
25 37
26 7
36 18
1 39
2 29
8 19
25 33
25 34
2 31
19 19
27 28
2 39
11 23
27 8
1 23
18 19
25 28
27 18
11 19
27 21
2 23
25 18
18 7
25 21
2 19
29 22
37 22
6 22
9 22
21 22
26 22
33 22
35 22
38 22
0 22
32 22
4 22
17 22
14 22
20 22
27 7
28 22
5 22
30 22
10 22
12 22
13 22
15 22
23 22
24 22
3 22
39 22
7 22
16 22
8 22
31 22
19 22
22 22
18 22
34 22
11 22
1 22
36 22
2 22
27 22
25 22
