39 0
0 0
9 9
16 24
33 18
0 3
0 5
1 12
2 0
6 1
7 3
7 25
14 39
17 4
20 4
22 6
26 0
27 16
28 1
33 15
37 0
37 39
38 11
39 28
0 22
1 6
1 10
1 31
2 21
5 10
6 28
7 9
11 19
15 26
17 26
18 5
18 37
20 38
26 17
26 26
27 26
28 4
28 6
29 1
32 1
34 9
34 15
35 12
35 20
36 29
37 9
38 10
38 38
39 36
1 2
1 26
1 33
3 34
8 3
8 39
10 11
10 19
14 8
15 7
17 7
17 12
17 38
18 16
19 39
20 18
21 38
23 17
23 18
23 39
25 8
26 8
27 11
29 4
29 17
33 23
36 14
36 15
37 10
38 1
38 39
39 31
39 38
0 1
0 21
1 1
1 13
1 19
2 2
2 23
2 28
3 23
5 9
5 11
5 27
6 10
6 26
7 2
7 8
8 8
9 5
9 15
10 8
10 16
10 22
10 25
10 38
10 39
11 16
11 26
12 2
12 4
12 8
12 37
14 29
17 39
18 7
18 38
19 18
19 36
20 1
20 35
20 39
21 19
21 30
22 7
27 39
28 11
31 11
31 17
32 9
32 14
32 17
35 11
36 9
36 12
37 1
37 33
38 33
39 26
39 39
0 23
1 4
1 8
1 39
2 1
2 4
2 6
2 11
2 25
3 3
3 25
3 28
3 33
3 39
5 3
5 31
5 35
6 2
6 8
6 34
7 15
7 26
8 15
9 2
10 3
10 31
12 5
14 6
15 2
15 37
16 3
16 19
17 2
18 1
18 39
19 8
19 16
19 35
19 37
20 2
20 19
21 24
21 39
22 3
22 18
22 19
22 23
22 38
23 1
23 24
26 6
26 11
26 39
27 3
27 6
27 18
28 9
29 9
29 14
30 0
31 0
31 21
33 0
33 11
34 11
34 13
34 20
35 18
36 10
37 6
38 7
38 13
38 14
38 15
39 30
1 21
1 23
2 24
2 32
2 36
3 2
3 5
3 24
5 5
6 5
6 11
6 31
7 6
7 11
7 22
8 2
8 6
8 11
8 34
9 12
9 21
9 24
9 38
9 39
11 6
11 9
11 24
12 38
14 2
15 6
15 30
15 31
15 39
16 8
17 6
18 2
18 29
19 5
19 19
19 21
20 22
20 29
21 37
22 30
22 36
23 2
23 4
23 7
23 8
24 36
25 0
25 1
25 10
26 2
26 4
26 22
26 37
27 9
27 15
28 0
28 7
28 16
28 18
31 14
32 21
34 17
34 21
35 17
36 0
36 11
39 2
39 9
39 33
0 4
1 25
2 9
2 10
2 15
2 27
3 1
3 31
3 35
5 6
5 38
6 6
6 12
6 22
7 12
8 5
8 12
9 10
9 27
9 28
10 12
10 32
10 33
10 35
11 3
12 20
12 21
12 24
12 27
13 26
14 4
14 10
15 38
16 9
16 17
16 22
17 3
17 18
18 6
18 10
18 24
19 4
19 24
21 26
22 16
23 5
23 9
23 14
23 22
23 26
24 39
25 2
25 4
26 5
27 5
27 8
28 23
29 0
29 19
29 22
30 39
32 13
33 19
33 21
34 27
35 1
35 13
36 18
36 21
38 6
39 7
1 24
1 27
1 38
2 8
2 13
2 34
3 27
3 38
6 24
7 18
7 21
8 32
8 33
9 18
9 31
10 2
10 4
11 1
11 20
12 12
13 17
13 18
13 33
14 35
15 3
16 1
16 12
18 3
19 1
19 9
20 33
21 21
21 23
21 33
22 37
23 13
23 36
24 25
24 37
25 5
26 23
26 34
27 13
27 22
28 10
29 2
29 7
29 10
29 13
29 15
29 32
31 4
31 19
32 0
32 6
33 10
33 13
33 30
34 10
34 26
34 33
36 6
36 17
37 4
37 32
38 18
38 32
1 16
1 18
2 16
2 18
2 20
3 4
5 4
5 37
6 4
6 17
6 21
6 35
9 1
9 20
10 5
10 26
11 18
12 1
12 16
12 35
14 3
14 30
14 31
15 32
16 7
16 20
16 21
17 16
18 17
18 22
19 2
19 26
19 33
20 8
20 24
22 21
23 3
23 10
23 23
24 6
25 27
26 3
26 14
26 15
26 21
26 30
27 7
27 34
28 17
28 27
29 26
29 33
29 35
31 6
31 10
31 13
31 16
32 2
32 16
32 19
32 22
32 35
32 39
33 6
33 16
33 28
33 35
33 39
34 1
34 6
34 19
34 22
34 28
35 4
35 8
35 35
35 39
36 1
36 20
36 33
38 17
38 28
38 30
39 6
0 9
0 11
0 14
0 15
1 37
2 33
2 39
3 37
4 3
4 12
6 38
7 17
8 1
8 35
9 17
9 23
9 32
9 33
10 10
10 18
10 21
10 24
11 4
11 8
11 23
11 28
11 34
13 37
13 39
14 11
14 16
15 1
15 27
16 15
16 25
16 29
17 19
17 27
17 30
17 31
17 33
18 11
18 23
19 10
19 23
20 17
21 28
22 26
22 35
23 21
23 37
24 16
24 19
24 24
24 35
25 3
26 13
27 23
27 30
29 5
31 26
31 35
31 39
32 7
32 10
32 26
33 22
33 32
34 16
35 2
35 16
36 23
36 27
37 34
37 36
38 4
38 29
38 34
39 32
0 12
0 20
0 28
0 32
0 34
0 35
0 36
4 2
4 5
4 9
4 19
7 20
7 34
9 26
9 37
10 36
11 5
12 23
12 25
12 29
14 1
14 13
14 34
15 35
16 37
17 11
18 13
18 20
18 21
18 30
18 31
18 33
19 3
19 6
19 17
20 7
20 26
20 32
21 32
22 9
24 0
24 1
26 27
27 19
27 21
27 27
28 15
28 34
31 7
32 3
33 4
33 7
34 0
34 4
36 4
36 26
36 35
37 3
37 8
37 37
38 23
38 27
0 31
1 30
2 35
4 1
4 6
4 8
4 15
5 19
5 30
6 20
6 37
7 23
8 19
9 7
10 1
10 17
11 31
11 37
13 22
13 38
14 19
14 27
14 32
14 36
15 25
16 6
17 22
17 25
17 35
18 15
19 27
19 32
20 9
20 23
21 25
22 14
23 27
23 32
23 35
24 2
24 4
24 17
24 18
24 30
25 16
25 19
25 34
25 36
26 32
26 35
27 38
28 19
28 21
28 24
28 30
29 8
29 20
29 23
29 28
29 36
30 36
31 2
31 30
32 30
33 2
34 2
34 8
35 3
35 29
36 2
36 16
37 5
38 26
38 37
39 4
39 12
39 19
39 20
39 21
39 34
0 10
1 20
1 29
2 30
2 38
3 11
3 12
4 13
4 22
5 15
5 29
6 23
6 30
7 31
7 32
7 33
7 39
8 25
8 27
8 28
8 37
9 14
9 36
10 7
11 10
11 14
11 15
12 7
12 36
13 24
13 30
13 31
15 14
15 28
16 10
16 38
17 13
17 23
17 28
17 32
19 11
20 14
20 34
21 20
21 34
22 10
22 13
22 34
23 28
23 29
23 33
24 5
24 7
24 8
24 22
24 26
25 24
25 30
25 39
26 25
26 33
26 38
27 25
27 32
27 35
28 25
29 37
30 37
31 20
31 23
31 28
31 33
32 28
32 34
33 34
34 30
34 35
34 39
35 5
35 23
35 27
35 34
36 8
36 22
36 32
37 19
38 3
38 16
39 11
39 13
39 14
39 15
39 37
0 8
0 13
1 7
1 17
2 17
2 29
3 19
3 30
4 4
4 16
4 18
4 26
4 32
4 36
5 22
5 25
6 14
6 29
6 36
7 14
8 14
9 13
10 14
10 23
10 30
11 13
11 32
11 33
11 38
11 39
12 10
13 9
13 20
13 21
14 22
15 9
15 16
15 34
17 20
17 21
18 25
18 27
18 32
19 15
19 25
19 34
20 10
20 13
20 20
20 27
22 20
24 9
25 17
25 18
25 37
26 20
27 33
29 38
30 38
31 3
31 34
32 5
32 8
32 20
32 32
32 36
33 3
33 24
33 29
33 36
34 3
34 24
35 26
35 30
35 36
36 3
37 21
38 5
38 8
38 22
0 16
0 18
0 33
0 39
2 14
2 37
3 9
3 10
3 15
3 29
4 21
5 16
5 18
5 24
6 13
7 7
7 13
7 35
8 7
8 13
8 36
10 13
10 29
12 17
12 18
13 12
13 27
13 35
14 24
14 28
15 12
15 36
16 30
16 31
16 33
17 17
17 34
19 28
21 5
22 25
22 27
23 12
23 20
23 34
24 3
24 14
24 15
24 32
24 38
25 22
27 12
28 32
28 35
31 5
31 8
31 36
32 12
32 37
33 5
33 8
33 25
33 37
34 5
34 25
34 32
35 28
35 37
36 5
36 34
37 28
37 30
39 3
0 27
3 8
3 13
4 28
4 34
5 7
5 21
6 7
7 38
8 22
13 32
14 20
14 21
15 19
16 11
17 36
18 34
20 25
21 6
21 16
22 11
22 28
22 29
24 10
24 13
24 21
24 33
25 32
25 35
26 29
27 20
27 36
28 12
28 33
29 12
29 27
31 37
32 38
33 12
33 38
35 22
35 32
35 38
36 36
37 20
37 29
39 5
39 8
39 18
39 23
2 7
3 16
3 18
5 0
7 0
8 26
9 30
11 35
12 11
13 2
13 23
13 25
14 17
14 18
16 35
17 0
18 28
19 12
20 11
20 28
21 4
21 8
22 0
22 15
25 14
25 15
25 23
25 33
26 12
27 29
28 20
29 24
29 29
29 31
31 12
31 27
31 38
32 27
34 34
36 24
36 37
37 18
37 23
37 27
39 17
0 38
4 20
4 25
4 31
4 33
4 39
7 37
8 21
8 24
9 29
11 0
12 14
12 15
13 4
13 8
13 28
13 34
15 22
16 0
16 13
16 27
16 32
17 15
20 15
21 1
24 27
25 13
25 21
28 36
29 25
31 24
31 29
32 24
32 29
34 36
36 25
36 38
37 17
37 26
38 24
4 17
4 24
4 27
5 20
6 0
9 0
11 7
12 0
12 13
13 5
13 36
14 23
14 25
20 0
20 31
21 2
21 7
21 31
24 28
24 29
28 29
28 37
31 25
32 25
33 31
34 37
38 25
39 22
0 17
0 37
4 14
4 35
5 17
5 23
7 30
7 36
8 0
8 18
13 3
13 6
14 15
15 0
15 10
15 20
15 21
16 34
18 0
21 9
22 12
25 29
28 38
34 38
35 24
37 22
3 20
4 7
4 38
5 14
7 29
8 20
11 30
11 36
13 10
14 0
15 17
15 18
16 28
16 36
20 12
21 3
21 14
22 31
23 31
24 20
25 38
26 31
35 25
39 16
0 30
3 17
8 17
8 23
10 0
11 29
13 1
21 10
21 13
27 31
36 31
37 16
0 7
0 29
3 14
4 37
8 30
15 11
15 23
19 0
24 12
25 20
31 31
32 31
39 24
8 29
13 11
15 15
24 31
28 31
34 31
37 24
3 7
4 30
13 14
13 15
15 13
21 11
25 12
25 31
35 31
37 25
4 0
4 29
13 13
21 15
13 7
21 12
30 18
13 0
30 11
30 22
21 0
30 4
30 9
30 14
30 26
30 6
30 17
30 21
30 30
30 7
30 10
30 13
30 15
30 23
30 28
30 2
30 19
30 32
30 33
30 3
30 16
30 34
30 5
30 8
30 27
30 24
30 29
30 20
30 25
30 12
30 31
