13 4
30 21
33 5
3 39
5 39
39 8
39 12
39 13
13 23
33 1
34 39
36 1
38 1
38 4
39 17
39 18
0 39
1 25
1 31
2 25
2 28
4 5
5 37
12 3
13 15
14 14
34 3
36 3
37 3
38 16
0 32
0 37
0 38
1 28
2 15
5 6
6 15
8 16
11 18
13 18
15 15
15 18
17 0
17 33
27 25
28 21
28 29
30 39
34 1
35 5
37 4
38 5
39 3
39 16
39 32
0 31
1 0
6 5
7 0
7 2
7 4
10 2
10 22
11 16
12 30
13 22
14 23
18 9
24 13
25 13
27 39
28 22
31 30
32 11
36 15
36 39
37 34
38 10
39 1
39 19
0 36
1 1
1 39
2 8
2 9
2 16
2 20
3 6
4 8
4 9
6 37
7 18
8 25
9 0
11 37
12 0
13 0
14 20
20 30
22 0
26 22
28 20
31 37
32 20
36 6
36 37
37 5
38 15
39 4
39 24
39 25
39 35
1 37
1 38
2 4
2 37
2 38
4 0
4 16
4 18
4 26
6 9
9 3
9 5
9 6
10 25
10 37
11 15
14 6
21 22
23 33
26 11
27 32
28 15
28 30
29 22
29 29
31 39
32 6
32 12
33 10
33 34
33 38
36 8
37 21
37 37
39 38
1 26
2 5
2 26
4 1
4 2
4 3
5 0
6 32
9 1
9 11
9 22
10 3
10 5
11 20
11 30
12 1
12 5
12 24
13 1
13 20
13 34
13 37
14 3
14 22
14 34
14 37
17 4
21 23
22 34
23 6
24 21
24 28
24 30
25 15
26 27
28 32
30 12
32 13
34 38
37 22
39 5
39 30
0 34
1 36
2 0
2 11
2 36
3 4
3 15
3 20
3 25
3 28
3 31
4 22
4 38
5 1
5 2
5 3
5 4
5 7
6 6
7 8
7 22
8 18
9 4
9 15
9 38
10 16
10 27
11 34
12 6
12 38
13 6
14 1
14 16
14 24
15 38
17 3
17 16
18 0
18 18
20 6
23 18
26 13
27 30
29 31
29 37
30 37
31 20
31 25
36 11
37 30
1 34
2 1
2 2
2 3
2 17
2 22
2 30
2 34
3 5
7 15
7 17
7 19
8 20
9 25
9 31
10 0
10 4
10 11
10 20
10 34
11 2
11 25
14 28
17 9
18 4
20 10
23 9
23 10
23 15
23 28
24 6
26 10
26 32
28 16
28 37
29 39
30 11
31 10
31 32
31 38
32 2
32 4
33 32
35 2
36 5
36 14
36 35
0 2
1 30
3 0
3 11
3 16
3 36
4 11
4 17
4 19
4 24
4 31
4 39
6 1
6 2
6 3
6 4
6 14
6 38
7 11
7 24
8 26
8 27
8 31
10 15
10 28
12 9
12 16
12 18
13 9
13 27
15 30
18 3
20 15
20 21
22 37
24 18
24 35
25 6
26 3
28 39
30 25
30 32
32 18
33 4
33 35
34 6
35 4
35 11
36 10
36 12
36 38
37 13
37 27
37 35
38 14
39 14
39 21
39 29
0 6
0 24
0 27
2 19
3 1
3 2
3 3
3 34
7 6
8 24
9 7
9 9
9 18
9 34
10 1
11 14
12 27
14 17
15 16
15 23
16 34
17 17
17 32
20 0
20 24
20 37
23 2
24 9
25 26
25 35
26 15
26 30
27 35
27 38
28 17
28 27
29 35
30 35
31 13
31 15
31 29
32 14
32 16
33 2
37 8
37 29
37 38
38 2
38 9
39 22
39 27
0 8
0 9
0 14
0 18
0 30
2 7
2 32
3 22
4 23
4 36
4 37
6 20
6 25
7 23
8 17
8 19
8 34
8 37
9 20
10 24
11 3
11 5
12 15
12 33
13 28
14 2
16 30
17 27
17 37
20 4
20 22
20 32
21 33
21 35
22 2
22 38
23 1
23 22
24 11
24 14
24 27
24 34
25 9
25 10
25 14
25 21
26 24
27 1
27 27
28 10
28 35
29 25
30 6
30 13
30 15
30 27
31 11
35 10
35 12
35 15
36 2
37 2
37 16
37 23
39 9
39 31
0 4
2 23
3 26
4 21
4 34
6 7
6 12
6 28
6 33
7 21
7 28
7 31
8 8
8 23
9 14
10 9
10 32
11 6
11 21
11 38
12 22
12 28
13 17
14 11
15 27
17 2
17 21
17 22
18 15
18 21
20 3
20 23
20 38
22 1
23 16
23 20
23 23
23 35
24 22
24 37
25 34
27 34
28 6
28 28
29 34
30 34
31 18
31 23
31 26
31 31
32 0
32 9
32 17
33 9
33 31
34 2
34 4
34 11
35 0
35 13
37 0
37 11
37 19
37 31
0 5
0 15
0 20
0 25
2 21
3 7
3 14
3 17
3 19
3 24
3 32
4 7
4 14
7 9
10 23
10 38
11 0
11 4
11 12
11 27
12 20
12 36
13 11
13 25
13 26
14 25
14 26
15 9
15 17
15 21
15 22
15 36
16 33
17 24
17 38
20 16
20 20
23 27
24 3
24 12
24 23
24 32
25 12
25 37
26 4
26 16
26 35
27 0
27 28
28 26
28 34
29 27
30 3
30 18
30 28
30 31
31 6
31 16
31 28
36 20
37 28
39 2
0 0
0 11
2 12
3 30
7 34
7 37
8 11
8 21
9 17
9 19
9 24
9 27
9 32
10 14
10 21
11 9
11 24
12 26
13 38
14 12
14 38
15 6
15 24
16 27
18 2
18 34
22 5
23 14
23 34
24 20
24 38
25 3
25 18
25 28
25 30
26 2
27 18
27 23
27 26
28 3
28 23
30 16
30 23
30 26
31 14
31 24
33 0
34 10
34 12
34 15
35 18
37 10
37 12
37 15
37 26
38 0
0 1
0 3
0 16
3 23
4 32
6 10
6 18
6 36
7 7
7 14
8 3
8 5
8 6
8 32
9 12
9 30
11 1
11 28
15 4
16 39
17 11
17 14
17 23
17 31
18 1
20 11
20 14
20 36
21 28
21 30
23 11
23 17
23 37
25 38
26 1
26 14
26 17
26 34
27 11
29 28
29 38
30 14
31 3
31 17
31 36
32 30
34 13
35 16
36 0
39 23
39 26
39 33
0 33
3 12
3 21
4 12
4 30
8 30
8 38
9 23
9 28
9 39
11 23
12 14
12 35
12 39
13 13
13 32
14 32
15 3
15 35
15 39
16 24
17 20
17 36
18 16
18 20
18 33
19 6
20 17
20 25
20 26
20 31
23 25
23 26
23 32
26 37
27 20
27 24
28 24
28 38
29 23
29 26
30 17
30 24
31 33
33 33
34 0
34 20
34 34
35 14
36 9
36 19
36 36
37 33
0 22
1 13
1 33
2 33
6 22
8 0
8 2
8 4
9 21
10 12
11 26
11 33
14 5
15 1
17 5
17 12
17 28
18 27
18 30
20 2
20 12
22 39
23 12
23 38
24 4
24 17
24 25
24 36
25 22
25 33
26 0
26 12
27 13
27 33
29 33
30 2
30 4
30 33
32 34
33 20
33 36
34 18
35 17
35 39
37 18
37 36
38 20
38 39
39 0
0 7
0 26
1 6
1 14
1 18
6 26
6 27
6 35
7 12
7 26
7 27
7 32
8 9
10 33
11 36
12 31
14 10
15 28
18 11
18 14
19 9
19 10
19 34
20 1
20 39
23 24
24 2
24 31
25 4
25 23
25 36
26 38
27 10
27 36
28 2
28 4
28 33
29 12
29 24
29 36
30 9
30 36
32 37
34 16
34 30
35 9
35 34
35 37
36 30
38 24
38 25
38 32
38 34
0 17
0 19
1 8
1 9
2 10
3 33
6 13
6 17
6 19
6 24
6 30
7 30
7 38
8 1
10 36
12 10
12 12
12 17
12 21
13 10
13 33
14 33
15 32
16 15
16 18
17 25
17 26
17 35
17 39
18 5
18 17
18 24
19 0
19 15
21 6
24 1
24 24
25 2
25 20
25 27
26 5
26 19
27 6
27 31
28 9
28 36
29 20
30 1
31 2
31 4
32 39
33 12
33 15
34 14
34 21
34 32
36 21
36 32
37 14
1 4
1 15
1 20
8 7
8 14
9 10
9 33
11 13
13 36
14 13
14 19
14 36
15 11
15 25
15 26
16 28
16 37
18 12
19 4
19 33
21 27
21 34
23 36
24 39
25 1
26 33
27 15
28 1
29 11
31 9
32 32
33 13
33 21
34 17
34 22
34 25
34 27
34 35
35 30
36 22
36 25
36 27
37 17
38 19
38 37
0 12
0 23
1 5
1 35
2 35
3 10
4 10
4 33
6 23
8 33
9 36
11 31
11 35
11 39
13 31
14 31
15 2
16 32
17 10
18 23
19 3
19 27
19 30
21 9
21 10
21 18
21 37
23 5
23 31
24 0
25 39
26 36
27 3
29 10
30 0
31 1
32 22
32 25
32 27
32 35
33 22
33 25
33 27
34 9
34 29
35 21
35 32
36 18
36 29
37 9
0 21
1 11
1 16
6 21
8 36
9 13
10 10
10 35
10 39
11 19
13 19
15 12
16 9
16 25
16 26
19 21
20 5
21 0
21 15
21 32
22 21
25 0
25 25
26 8
26 31
28 0
29 6
32 29
32 38
33 18
33 29
35 22
35 25
35 27
35 35
38 30
1 3
3 13
3 35
4 13
5 20
5 25
7 10
8 12
13 35
13 39
14 35
14 39
15 19
16 6
16 21
16 22
17 13
18 8
18 28
18 37
19 16
19 24
20 13
21 4
21 25
21 26
21 38
23 39
24 5
27 16
29 13
29 15
30 5
31 0
32 19
33 16
34 31
35 29
35 38
36 31
38 21
1 22
5 15
5 28
5 31
7 33
9 35
10 13
11 10
14 8
14 29
15 31
16 4
18 32
19 22
21 3
25 5
25 24
28 5
28 19
29 3
32 8
32 31
33 8
33 14
34 28
36 17
36 28
38 22
38 27
38 35
2 29
4 35
7 13
7 36
8 35
8 39
10 29
16 3
16 36
18 25
18 26
18 38
19 11
19 14
19 23
23 19
27 4
27 14
27 17
29 18
31 5
32 28
33 17
33 28
34 23
34 26
35 7
35 31
36 23
36 26
38 7
38 29
38 38
0 10
1 7
1 17
1 19
1 29
12 8
12 13
13 8
15 5
15 10
16 1
16 31
18 13
19 2
19 17
19 20
20 19
20 29
21 16
21 20
21 36
22 9
22 10
22 18
22 28
22 30
25 31
26 7
27 9
29 16
31 19
32 23
32 26
33 23
33 26
35 28
5 11
5 16
5 18
5 34
13 29
16 16
16 20
18 7
19 1
19 12
19 28
19 37
21 31
22 15
24 19
27 12
29 14
30 19
34 24
34 33
35 23
35 26
36 24
36 33
38 31
39 7
0 29
1 23
7 35
7 39
8 10
12 29
14 7
15 13
16 35
17 8
18 36
19 32
21 11
21 14
23 8
24 29
29 2
29 4
29 17
32 7
32 24
32 33
33 7
33 24
34 36
38 28
1 12
1 21
5 22
10 8
12 19
16 11
16 14
17 19
18 19
18 31
19 25
19 26
19 38
20 8
21 2
21 17
21 39
22 22
29 9
32 36
35 24
35 33
38 23
38 26
5 26
5 27
5 32
8 13
12 7
13 7
16 2
16 17
21 1
21 12
22 23
23 29
24 8
29 1
30 8
35 36
3 29
5 14
5 17
5 19
5 24
5 30
11 8
11 29
16 12
18 35
18 39
19 5
22 16
22 20
22 27
25 8
27 5
28 8
38 33
9 29
17 7
19 36
23 7
25 19
26 29
29 0
31 8
36 7
38 36
4 29
5 23
8 29
15 8
17 29
19 13
19 31
20 7
22 11
22 14
22 32
34 8
1 10
5 12
5 21
15 29
21 5
22 17
22 25
22 26
24 7
29 5
30 7
11 7
16 5
16 10
19 35
19 39
22 12
25 7
28 7
5 33
6 29
7 29
16 29
21 13
22 24
25 29
27 19
31 7
33 19
15 7
16 13
21 29
34 7
37 7
19 8
22 31
27 8
5 10
18 29
19 19
21 19
29 19
5 35
16 19
5 13
21 8
22 13
29 8
16 8
19 7
27 7
19 29
22 19
21 7
29 7
16 7
22 8
5 29
22 29
22 7
