36 23
1 19
20 22
21 2
23 26
30 11
35 31
0 39
10 26
20 0
31 0
33 14
33 38
35 26
36 21
37 25
0 36
2 38
9 39
11 28
20 20
23 36
26 19
26 25
27 6
33 25
35 37
39 23
39 24
39 29
0 10
0 18
0 35
1 20
1 32
2 39
3 1
3 36
5 10
7 39
9 9
11 14
11 23
12 36
14 38
16 0
16 28
16 37
18 9
18 26
19 11
19 36
23 2
24 21
24 25
30 4
30 12
30 36
34 10
35 0
37 38
38 31
38 38
39 22
39 26
0 0
0 4
0 11
0 15
0 29
0 33
1 2
3 9
4 30
5 0
6 2
14 36
15 28
15 36
16 23
18 31
20 14
20 24
26 36
28 13
28 35
30 0
31 10
31 38
32 31
33 0
34 4
35 5
35 9
37 30
37 35
38 30
39 9
39 10
39 15
39 17
0 9
0 21
1 1
1 30
1 36
1 38
2 17
3 0
3 8
3 11
3 29
9 14
13 37
15 25
18 30
19 0
20 36
21 23
22 25
22 26
28 5
28 12
28 38
29 2
29 5
30 6
33 4
34 15
35 6
35 10
37 19
37 20
37 27
38 32
39 27
0 2
0 7
0 26
0 32
1 26
1 35
1 39
2 23
2 24
2 25
3 14
3 19
3 27
3 33
3 37
5 13
6 23
6 24
10 16
11 24
13 0
15 24
15 34
16 25
16 31
16 34
18 6
19 9
19 13
20 6
20 26
21 15
21 22
21 25
22 0
22 19
24 2
24 24
25 0
26 9
30 38
31 6
32 36
33 9
33 36
34 13
34 35
35 2
35 28
37 1
37 3
37 4
37 21
37 22
37 32
38 5
38 36
39 7
0 14
0 17
0 23
0 24
0 25
0 37
1 0
1 23
1 24
1 25
1 27
2 20
2 21
2 37
3 5
3 34
4 19
4 21
4 23
4 24
5 2
7 23
7 24
7 38
8 26
8 36
9 23
9 24
9 37
10 25
11 17
12 0
12 37
16 24
17 3
17 6
18 37
20 30
21 19
22 20
23 28
26 7
26 11
26 26
26 35
27 2
27 4
27 17
28 9
29 6
30 2
30 9
33 7
33 11
33 12
33 17
33 30
34 2
34 5
34 16
34 23
34 38
35 24
35 36
37 0
39 5
39 34
39 35
39 37
0 20
0 30
2 29
3 13
3 20
3 21
3 30
4 28
4 36
4 39
5 15
5 16
5 27
5 36
5 39
6 26
8 25
9 30
9 38
10 11
10 13
10 21
10 22
11 33
11 34
12 15
12 30
13 9
15 0
15 4
15 6
15 14
15 22
16 3
18 34
18 36
19 4
19 15
20 4
21 20
22 21
23 0
24 6
24 27
25 23
26 14
27 21
28 2
28 4
28 7
30 7
31 9
32 2
33 5
33 22
33 24
33 31
34 6
34 19
34 30
34 37
35 13
35 17
35 22
35 34
36 7
36 14
37 17
37 28
38 1
38 3
38 4
39 28
39 31
0 5
2 16
2 27
2 32
2 35
3 17
3 26
4 26
5 29
6 22
6 25
7 4
7 26
7 33
8 21
8 22
9 13
9 21
9 22
9 28
10 29
11 36
12 9
14 22
14 23
14 37
15 21
15 30
17 9
18 4
18 21
19 8
19 25
19 32
19 38
20 12
20 15
20 34
20 38
21 21
22 24
24 4
24 37
24 38
26 6
26 22
26 23
26 34
27 0
27 13
28 14
29 9
30 34
31 7
31 28
31 31
34 7
34 11
34 12
34 25
34 26
35 15
37 7
38 0
39 1
39 3
39 4
39 11
39 12
1 37
2 22
4 14
4 17
4 22
4 25
5 5
5 8
6 30
7 25
7 34
8 14
9 15
10 33
10 34
10 39
11 11
11 13
12 26
12 39
13 39
14 21
14 30
15 11
15 13
15 39
16 29
16 38
17 14
17 15
18 22
18 29
19 3
20 3
20 8
21 6
21 24
21 37
21 38
22 34
22 37
22 38
23 34
24 23
26 2
26 4
26 15
27 8
27 12
28 0
28 25
28 37
29 7
31 3
32 34
33 16
33 19
36 1
36 3
36 4
36 13
36 17
37 2
37 9
37 10
37 14
37 36
38 6
39 0
39 32
39 38
0 16
0 22
1 22
1 34
2 30
3 4
3 22
4 2
4 33
4 37
5 21
5 23
5 24
5 33
5 37
6 4
6 29
8 8
8 28
9 0
10 17
10 36
11 15
12 28
13 14
14 25
15 29
18 3
19 39
20 13
20 28
20 39
21 17
21 30
22 31
23 30
23 31
23 37
23 38
24 0
26 20
26 28
26 30
26 31
26 37
27 24
28 15
28 30
28 31
30 37
31 13
33 2
34 20
35 11
35 12
35 16
35 19
36 0
36 5
36 15
37 34
39 6
1 15
4 1
4 13
4 34
4 38
5 34
5 38
7 3
7 6
7 11
8 17
9 17
9 32
10 9
11 0
12 22
12 23
12 32
13 2
14 24
14 29
16 39
17 2
18 23
19 23
19 26
19 31
20 29
21 4
21 39
22 6
22 28
22 39
24 35
26 0
27 22
27 23
29 3
31 14
32 3
32 29
33 8
33 28
35 33
36 6
37 13
38 2
0 28
1 7
1 10
2 33
3 16
3 28
4 9
4 10
5 26
5 31
6 36
6 39
7 14
7 28
8 11
8 33
8 37
9 25
10 0
11 37
12 2
12 21
13 8
13 11
13 13
15 3
16 2
17 8
17 11
19 17
19 30
21 9
21 12
22 29
23 3
23 39
26 39
27 11
27 20
28 8
28 21
30 8
30 33
32 39
33 20
33 27
34 28
34 36
35 29
35 39
36 11
36 12
36 16
37 6
37 15
39 2
1 3
1 11
1 28
2 34
3 3
3 6
4 0
4 5
4 8
4 15
4 16
4 31
5 4
5 22
5 25
6 3
7 9
7 10
7 32
8 30
8 34
8 38
10 15
11 8
11 30
11 38
12 3
12 8
12 11
12 13
12 25
14 15
14 27
14 32
14 39
15 8
15 32
16 32
18 14
18 15
18 38
19 24
20 17
20 33
21 8
21 11
21 34
22 4
22 17
24 9
24 12
24 34
25 27
27 3
27 14
27 36
30 3
30 32
31 8
31 17
31 26
31 27
31 39
32 33
33 34
33 39
34 8
34 27
34 34
35 20
36 2
36 31
36 35
37 39
38 33
38 39
39 36
1 9
1 14
1 17
1 31
2 2
2 7
2 10
6 11
7 17
8 9
8 10
8 15
8 16
9 4
9 27
9 31
10 8
10 37
11 19
11 20
11 27
12 16
12 24
12 31
14 4
14 6
14 33
15 17
15 33
16 33
17 17
18 27
19 2
21 13
21 28
21 31
22 9
22 12
22 33
23 33
24 8
24 11
24 28
24 30
24 31
25 25
25 36
28 3
28 19
28 26
28 27
28 33
28 39
29 8
31 21
31 30
31 34
32 32
33 3
34 24
35 8
36 25
36 26
36 30
36 37
37 11
37 12
37 29
37 33
0 3
0 6
1 5
1 8
2 1
2 11
2 28
5 12
5 18
6 14
6 33
6 37
7 13
8 0
10 27
10 30
10 38
11 4
14 9
16 9
16 27
18 2
18 13
18 39
19 19
20 10
21 16
21 29
22 8
22 11
22 32
23 22
23 32
24 3
24 13
24 14
26 16
26 29
26 32
27 15
27 38
28 24
28 29
28 32
30 25
30 28
30 39
34 22
36 27
36 32
36 38
1 13
2 9
2 14
5 3
5 6
5 28
6 9
6 10
6 34
6 38
7 31
8 27
9 2
9 35
10 4
10 12
13 5
14 31
15 27
16 5
16 21
17 22
18 10
18 33
19 28
22 13
22 14
23 5
26 3
27 35
28 22
28 23
31 16
31 19
39 18
0 31
2 0
2 5
2 8
2 18
3 12
3 31
4 4
6 8
6 17
7 15
7 16
8 32
9 3
9 6
9 12
11 2
11 32
13 17
13 34
15 2
15 19
15 20
16 14
16 15
17 19
17 20
17 28
17 37
19 16
19 29
19 35
20 27
23 19
24 15
25 7
25 19
25 35
26 10
26 18
28 20
30 17
31 24
33 33
34 18
34 33
36 8
1 16
2 13
6 13
6 28
7 7
7 27
10 2
10 19
10 20
11 3
11 6
11 12
11 18
12 6
12 35
13 26
14 14
14 19
14 20
15 12
17 23
17 26
17 31
17 34
17 36
18 17
20 16
21 33
22 16
22 27
23 20
24 17
24 33
27 26
27 27
27 34
28 10
30 21
31 15
31 22
31 23
31 33
33 29
33 32
34 32
36 28
37 8
38 16
39 33
8 4
8 19
8 20
9 19
9 20
10 3
10 6
10 32
13 28
14 3
15 10
15 16
16 8
16 11
16 13
17 16
17 30
19 10
19 18
20 35
21 32
23 21
24 29
24 32
25 6
25 26
25 34
27 28
27 30
27 31
31 20
31 29
31 32
33 18
34 29
34 39
36 36
38 19
38 20
38 23
38 24
38 26
2 31
4 3
4 6
5 20
6 15
6 16
6 32
7 35
8 31
11 31
13 22
13 23
14 8
14 11
14 13
14 35
15 35
16 35
17 25
19 33
22 3
22 18
22 35
23 9
23 12
23 24
25 4
25 21
25 28
25 30
25 31
27 37
29 10
30 16
30 19
30 26
30 27
35 18
36 34
37 18
38 9
38 10
38 14
38 21
38 22
38 25
39 39
2 4
3 18
4 12
8 2
12 19
12 20
13 12
13 21
15 18
17 12
17 18
17 24
18 19
18 20
19 5
19 7
20 5
21 27
23 8
23 11
25 9
25 12
25 37
25 38
27 16
30 24
30 30
32 10
32 13
38 27
1 6
4 18
4 35
5 35
7 19
7 20
8 3
8 6
10 18
10 31
12 12
13 10
13 25
14 18
16 17
17 10
18 5
18 35
20 7
23 13
23 14
24 5
25 8
25 11
30 15
30 22
30 23
32 14
32 25
36 18
38 13
38 17
5 7
6 31
8 18
9 5
9 18
12 10
12 27
13 24
17 5
18 7
18 16
19 27
24 16
25 13
25 14
26 5
27 10
27 18
27 33
30 20
32 6
38 15
2 3
2 6
6 6
8 35
9 7
11 5
11 35
12 5
13 7
13 30
14 2
15 5
17 7
17 29
17 38
21 10
21 35
23 15
23 23
25 33
27 29
27 32
28 18
32 5
32 17
36 33
38 28
6 19
6 20
7 12
10 5
11 7
12 7
12 18
15 7
16 19
16 20
18 18
21 5
23 17
24 10
24 18
25 15
25 29
25 32
27 39
32 9
32 21
36 29
38 11
38 12
1 12
7 1
7 18
8 12
10 7
10 35
13 29
17 32
17 39
21 7
22 10
25 17
25 20
25 39
29 36
30 29
31 18
32 7
36 39
4 7
6 35
16 16
17 33
20 1
21 1
22 1
22 5
25 1
25 3
29 13
29 25
29 28
31 1
32 11
32 12
32 16
32 19
32 26
32 27
34 1
2 12
6 12
8 5
13 1
13 32
14 16
16 12
17 1
22 7
29 1
29 12
32 1
32 24
6 1
6 18
8 7
12 1
13 33
14 12
16 1
16 10
16 18
23 1
29 17
29 38
32 15
32 22
32 23
38 8
13 19
13 20
14 10
17 27
23 16
27 1
29 21
29 35
30 1
30 18
32 20
6 7
13 31
14 5
16 7
19 1
25 16
28 1
32 8
33 1
13 16
13 27
14 7
18 1
23 10
23 18
24 1
29 14
29 16
29 19
29 26
29 27
9 1
17 35
25 10
25 18
26 1
29 24
29 30
29 31
29 34
11 1
13 18
15 1
23 7
25 5
29 15
29 22
29 23
29 37
10 1
13 35
29 20
38 18
29 33
32 18
8 1
29 29
29 32
29 39
14 1
29 18
