11 29
26 18
28 19
2 10
15 0
18 7
19 8
24 17
28 15
28 39
29 39
35 29
39 1
39 2
2 4
3 12
9 21
16 3
30 38
31 2
32 2
32 29
33 37
35 23
0 18
1 12
1 14
9 18
15 4
16 5
16 11
21 16
21 22
29 5
29 6
35 37
39 37
2 2
2 11
2 17
2 37
3 2
3 6
3 11
3 32
4 0
4 39
5 11
8 8
12 21
14 11
14 37
15 5
16 8
16 16
20 1
20 18
20 23
21 10
23 19
23 23
27 11
27 14
28 8
30 5
30 6
30 37
35 27
35 36
36 21
39 17
39 19
0 10
0 15
1 11
2 0
2 16
2 39
3 0
3 8
3 25
3 37
4 24
4 38
5 2
5 8
5 14
8 24
10 0
11 24
12 3
13 21
15 25
16 7
16 23
18 0
19 3
20 8
21 11
21 36
22 35
23 0
23 8
23 13
23 18
23 26
24 20
25 15
26 13
26 38
28 11
28 23
30 27
31 7
32 11
33 39
34 13
34 38
36 38
39 29
0 12
0 14
2 38
3 39
4 6
5 21
8 0
11 6
12 4
12 17
12 18
13 16
13 28
16 18
16 25
17 16
17 17
20 16
21 12
21 25
21 28
22 19
22 23
22 28
23 10
23 14
23 27
23 31
24 19
25 17
25 32
26 10
26 14
26 35
28 2
29 8
29 22
30 10
30 23
34 31
34 36
34 39
36 35
36 39
39 16
39 34
39 38
0 3
0 6
0 16
0 25
0 26
0 36
2 18
3 21
3 38
4 8
4 34
5 17
5 27
6 6
7 6
8 3
8 4
10 8
11 0
11 1
11 25
11 27
14 3
15 1
15 27
16 1
18 12
20 0
20 5
20 6
20 20
21 19
22 18
22 26
23 11
23 35
24 22
28 22
29 11
29 13
30 31
32 5
32 37
33 29
33 31
39 23
39 24
39 31
39 39
0 4
0 11
0 20
0 35
1 8
1 17
1 20
3 18
3 28
3 34
4 12
4 28
5 24
6 2
7 2
7 9
8 28
11 20
12 11
14 4
15 34
18 28
18 34
19 1
19 5
19 6
20 12
21 15
21 18
21 27
22 27
25 20
25 23
26 5
26 16
27 5
27 10
29 17
29 20
29 36
31 39
34 17
34 20
34 27
35 19
35 38
36 18
36 20
36 29
37 2
37 23
37 24
37 28
39 7
39 21
39 26
0 2
0 24
0 30
0 32
0 37
1 3
1 6
1 16
1 24
2 9
3 20
4 1
4 14
4 31
5 3
5 4
5 20
7 12
8 1
8 31
8 37
10 17
10 20
10 21
10 24
10 30
11 9
12 0
12 1
12 8
13 8
14 5
15 9
16 20
17 6
17 12
18 9
18 19
18 29
18 36
19 9
21 1
21 5
21 6
22 1
22 5
22 6
22 10
22 16
22 31
23 15
23 25
24 3
24 8
24 16
25 11
25 13
25 19
25 36
26 2
26 6
26 27
27 2
27 6
28 10
28 17
29 16
29 26
29 31
30 7
31 38
33 26
34 18
34 22
35 39
36 22
36 28
37 3
37 21
37 26
37 36
39 14
0 0
0 21
0 39
1 4
1 21
2 1
3 1
3 15
5 16
5 35
8 9
8 18
10 6
13 3
14 6
15 31
16 15
17 3
17 8
17 35
18 15
18 17
18 21
18 22
18 26
18 30
22 11
22 13
22 20
23 3
23 7
24 6
24 10
25 5
25 8
25 14
25 22
25 29
26 12
27 18
27 19
28 16
28 27
29 29
30 13
30 36
32 7
32 10
33 6
33 7
34 10
34 14
35 22
35 35
36 26
36 31
37 34
37 37
39 10
39 27
0 28
0 38
1 2
1 18
2 5
3 9
3 27
4 3
4 4
4 17
4 18
4 27
5 9
8 17
8 26
10 3
10 4
10 16
10 25
10 27
13 4
13 17
13 18
13 26
13 31
14 1
14 34
15 16
15 28
16 33
17 7
19 0
20 7
20 15
20 34
21 20
21 31
22 12
22 14
22 25
24 11
24 13
25 2
25 6
25 25
25 31
27 12
27 38
29 3
29 10
29 25
30 15
30 19
31 37
32 8
32 28
32 35
33 5
33 8
33 25
34 26
35 2
35 15
37 6
37 27
37 31
39 12
39 18
1 0
1 31
1 36
3 29
4 20
4 29
4 36
5 1
5 26
6 0
6 3
6 4
6 35
7 0
7 3
7 4
8 5
8 20
8 29
10 10
10 28
11 5
11 17
11 18
13 5
13 34
15 21
15 29
15 35
16 9
17 15
18 23
19 34
20 36
21 0
22 0
23 21
24 1
24 14
25 37
26 20
26 23
27 20
27 23
27 35
27 39
28 3
28 12
28 35
30 3
30 26
31 31
33 15
33 19
34 35
35 3
35 12
35 16
35 25
35 32
36 27
37 5
37 17
37 19
39 11
0 34
1 35
2 7
4 9
4 33
5 31
5 38
7 10
10 12
10 34
10 37
11 10
11 31
12 6
13 6
14 9
14 12
15 10
15 30
17 5
17 21
17 22
17 26
17 37
18 2
18 10
18 18
18 25
19 36
20 9
21 7
21 29
22 7
22 29
22 37
26 7
26 36
27 7
29 1
30 1
32 12
32 23
32 36
33 1
33 35
34 2
34 25
34 28
35 11
35 13
37 10
37 15
37 38
38 0
39 6
39 22
0 27
1 32
1 37
2 15
2 25
2 31
3 5
3 30
3 33
4 16
4 30
5 5
5 15
6 28
8 16
8 30
11 16
11 34
11 37
12 29
13 1
13 30
15 17
15 18
15 36
16 14
16 27
17 27
18 14
19 11
21 30
21 37
22 15
23 36
24 7
25 12
25 16
26 22
26 29
27 22
27 31
28 31
29 0
29 12
29 21
30 0
30 25
30 28
31 1
32 1
32 15
32 19
33 0
33 13
34 3
34 21
35 6
35 7
37 12
37 16
37 22
37 39
39 5
39 8
0 1
1 28
1 39
2 24
2 35
3 36
4 23
5 34
5 37
6 1
6 11
6 31
7 1
8 10
8 23
8 36
9 11
9 19
9 23
10 15
11 2
11 7
12 23
13 12
14 35
15 2
16 2
17 0
17 1
17 23
19 19
20 2
20 14
20 31
21 3
22 3
22 21
22 34
23 2
24 21
24 32
25 7
25 28
26 3
26 25
27 3
27 25
27 29
28 21
28 29
29 14
29 28
30 20
30 32
30 34
31 0
31 35
32 0
34 11
35 5
35 8
35 20
37 11
37 13
37 35
39 0
39 25
1 9
1 38
2 21
2 32
3 26
4 5
4 22
4 26
5 10
5 29
6 14
6 21
8 7
8 12
8 22
9 22
9 25
9 27
10 5
10 14
11 12
11 26
12 19
12 22
12 25
12 27
13 23
13 35
14 14
16 10
16 19
17 14
17 25
18 20
19 17
19 21
19 22
19 26
19 31
21 21
23 30
24 12
24 26
24 35
26 34
26 37
28 1
30 17
32 32
32 34
33 20
33 28
34 6
34 7
35 17
35 30
37 25
39 32
0 5
1 1
2 28
3 7
5 7
6 5
6 18
6 27
6 34
6 37
7 5
8 33
9 8
9 28
10 35
12 2
12 9
12 12
13 9
13 15
13 22
13 38
14 10
14 21
14 27
14 36
15 15
15 20
15 38
16 31
17 31
18 35
19 16
19 28
20 29
23 34
23 37
24 27
25 3
25 34
26 9
26 26
27 17
27 26
28 0
29 32
29 34
30 9
30 12
30 16
30 18
31 36
32 30
33 17
33 22
34 5
34 8
34 32
34 34
35 18
36 25
37 8
1 27
1 34
2 19
3 23
4 15
5 23
5 30
6 17
6 24
6 29
6 39
8 15
9 31
11 15
11 23
11 35
13 14
13 33
13 36
15 12
16 28
16 34
17 9
17 28
17 38
18 37
19 23
19 29
20 30
22 38
25 21
25 39
27 16
28 26
30 14
32 20
33 12
33 16
33 18
33 32
33 34
35 14
36 2
36 10
36 15
37 1
0 33
1 5
1 29
2 13
3 19
3 22
4 7
5 19
5 22
6 20
8 14
8 38
10 2
10 7
10 33
10 36
11 14
11 22
12 15
12 31
13 39
14 2
14 7
14 17
14 18
14 25
15 39
16 29
17 20
17 29
19 2
19 12
19 18
19 25
19 30
21 38
24 29
26 1
26 28
27 1
27 9
27 36
28 36
30 30
31 11
31 27
32 17
32 22
32 26
33 14
36 3
36 12
36 16
36 32
37 0
37 18
0 7
2 27
2 34
6 7
6 30
7 7
7 13
9 6
9 34
9 37
10 26
11 33
11 36
12 14
12 28
12 34
12 37
14 31
16 30
17 30
17 39
20 35
21 2
22 2
22 32
22 39
23 9
24 25
24 31
26 0
27 0
27 28
28 9
28 28
31 13
31 23
31 32
31 34
32 16
32 18
36 11
36 13
37 14
37 32
39 30
0 23
1 23
1 30
2 29
3 13
5 33
5 36
6 16
8 32
8 39
9 0
9 3
9 4
9 29
12 10
13 10
13 19
14 28
14 38
15 14
15 32
18 4
19 35
20 37
21 39
25 1
25 30
29 30
30 21
31 4
31 15
31 19
32 9
32 14
32 25
33 9
34 30
35 1
35 33
36 6
36 7
0 22
1 7
1 13
1 19
1 22
4 19
6 9
6 26
8 19
9 16
10 23
11 19
12 7
12 30
13 2
13 7
13 32
14 20
14 29
15 24
16 13
16 35
17 10
18 13
19 15
19 20
19 37
20 24
21 24
21 32
23 38
24 4
25 0
26 21
27 21
27 32
27 34
27 37
28 32
28 34
28 37
29 9
32 4
33 21
33 30
35 0
36 5
36 8
2 30
5 13
6 12
6 33
6 36
7 25
9 9
9 30
10 19
10 22
10 32
10 38
14 30
14 39
16 24
16 37
17 2
18 32
18 38
20 13
22 9
23 4
24 36
29 24
33 24
34 1
36 30
1 33
9 1
9 12
9 35
10 13
11 32
11 38
12 35
13 24
14 13
15 19
15 22
16 36
17 13
22 33
23 39
24 9
24 28
28 24
29 4
30 33
31 10
31 30
32 21
34 0
35 24
37 30
39 9
0 13
2 26
5 32
6 15
7 21
7 35
9 26
10 39
12 26
18 39
23 24
25 9
26 30
26 33
28 4
30 4
31 20
32 33
34 24
35 9
36 14
39 33
2 33
7 18
9 5
9 15
9 33
9 36
11 39
12 33
12 36
13 13
14 26
19 14
20 4
20 32
20 38
21 33
23 33
24 34
24 37
25 33
27 30
28 30
29 33
30 24
31 17
31 22
31 26
33 4
34 33
2 23
4 13
6 10
6 32
7 17
7 24
7 28
8 13
9 14
11 13
18 33
19 4
19 32
19 38
22 24
25 24
31 12
31 16
31 18
33 33
34 9
37 4
37 9
2 22
6 23
7 20
7 31
9 10
12 13
14 23
16 32
16 38
17 32
20 39
21 4
22 4
26 4
27 4
31 14
31 25
31 28
36 1
36 33
6 19
6 22
9 2
9 7
14 19
14 22
15 13
19 39
31 33
36 0
37 33
39 4
7 16
7 27
7 34
7 37
9 32
9 38
12 32
12 38
16 39
18 24
20 33
24 30
25 4
35 4
7 29
14 32
17 4
19 33
24 38
26 24
27 24
27 33
28 33
31 21
9 39
12 39
34 4
36 9
7 30
17 24
24 39
32 24
6 13
7 15
19 13
7 26
9 13
24 33
31 9
38 20
7 33
7 36
14 24
19 24
24 24
38 7
38 29
38 36
7 23
36 4
38 17
38 19
38 23
38 24
38 28
38 34
38 37
7 19
7 22
38 10
38 15
38 21
38 26
38 31
38 3
38 12
38 16
7 32
7 38
31 24
38 11
38 13
38 27
38 38
38 6
38 39
7 39
38 5
38 8
38 35
38 22
38 18
38 14
38 25
38 32
38 30
38 9
38 33
38 4
