20 39
31 14
2 18
5 25
6 5
21 30
24 35
33 22
34 13
4 0
4 27
6 26
7 38
8 0
9 0
10 38
11 39
12 39
13 39
17 10
17 36
17 39
25 30
27 14
28 32
29 8
31 23
38 1
39 3
39 10
39 19
0 2
1 2
1 13
1 14
2 0
2 25
3 13
3 14
4 9
4 38
5 4
11 4
11 35
16 6
18 39
23 34
26 32
27 16
27 20
30 22
30 35
32 15
34 3
34 15
34 28
35 1
39 29
39 37
0 0
0 4
1 0
1 19
1 21
2 26
4 2
4 12
6 3
6 8
7 36
9 17
10 2
12 1
12 17
12 23
13 23
16 20
16 35
23 29
23 39
24 38
26 34
26 37
29 15
30 11
32 34
33 25
33 26
34 1
34 23
35 4
36 3
37 3
38 28
39 32
0 5
0 12
1 27
2 3
3 27
3 29
4 17
4 37
5 2
6 9
6 38
7 2
8 2
8 9
8 14
10 5
10 8
11 1
12 5
12 7
12 20
12 36
15 6
15 9
16 38
17 16
17 17
18 33
22 16
22 39
25 31
28 35
29 13
29 14
29 36
32 10
32 16
32 28
32 36
34 16
34 20
36 31
37 26
38 6
38 7
38 22
38 25
39 5
39 15
39 34
39 36
0 8
0 9
1 25
1 29
2 12
2 15
3 26
3 28
3 38
4 5
5 6
5 7
6 6
7 0
7 4
8 4
8 5
8 18
9 19
9 30
10 7
10 19
12 2
12 6
13 1
13 20
15 4
15 5
16 7
16 30
17 7
17 34
17 35
17 38
21 12
22 30
24 6
26 6
26 8
26 39
27 11
28 31
28 36
29 31
30 13
30 31
30 34
31 20
31 37
32 32
32 37
33 18
34 30
35 31
35 36
36 5
36 13
36 14
36 32
36 35
37 5
38 21
39 4
39 13
39 14
39 17
39 18
39 23
39 24
0 11
0 30
1 26
1 28
2 4
3 8
4 6
4 7
4 11
4 21
4 24
4 25
5 3
6 1
6 11
6 13
6 29
6 37
8 11
9 4
9 5
9 8
10 6
10 37
11 2
11 36
12 37
13 4
13 5
16 4
17 8
18 34
18 37
18 38
20 33
21 26
21 32
21 35
22 12
22 29
22 35
23 7
23 31
23 38
24 13
24 14
24 36
25 37
25 38
26 31
27 8
27 17
27 30
27 34
27 35
28 11
28 15
28 18
29 37
30 16
30 39
33 30
34 7
34 21
34 27
34 39
35 7
35 32
35 37
36 4
36 9
36 12
36 33
37 4
37 9
37 27
38 29
38 34
38 36
39 12
39 25
0 37
1 8
1 9
1 38
2 1
2 5
2 11
2 13
2 14
2 20
2 23
2 30
3 3
3 36
3 37
4 15
4 19
5 23
6 14
6 17
6 20
6 36
7 3
8 3
8 6
8 15
8 26
9 7
9 35
9 38
10 20
12 3
12 25
13 2
13 25
16 10
17 5
18 2
18 9
18 11
18 12
19 2
19 6
19 30
20 35
21 13
21 14
21 34
21 38
22 8
22 38
23 27
23 37
24 7
24 20
26 7
26 12
27 36
28 13
28 14
28 17
28 37
29 30
30 18
30 21
30 26
30 30
31 12
31 28
31 35
31 39
32 8
32 11
32 31
33 14
33 29
33 39
35 33
38 5
38 26
38 31
39 9
0 1
0 33
0 39
1 1
1 11
1 37
2 6
2 7
2 39
3 2
3 18
3 21
3 24
3 31
4 1
5 39
6 23
7 8
8 35
8 39
9 3
9 6
9 12
11 3
11 37
12 29
14 0
15 3
15 11
15 13
15 21
16 25
17 2
17 3
18 14
19 7
20 34
21 37
22 13
22 14
22 31
22 37
23 8
23 36
25 33
25 36
25 39
27 7
27 21
29 29
29 33
29 39
30 17
30 29
31 8
31 16
31 32
32 5
32 6
32 20
32 22
32 23
32 25
32 26
33 5
33 6
33 13
33 27
33 32
34 10
34 36
35 10
35 30
35 35
36 8
36 11
37 8
38 4
38 15
38 16
38 32
39 35
0 7
0 36
1 4
1 33
2 29
2 33
3 4
3 19
3 34
4 34
5 1
5 28
6 30
6 33
6 35
7 9
7 13
7 39
9 15
9 18
9 25
10 18
11 8
11 31
12 9
12 21
12 33
13 3
13 8
13 15
13 33
15 0
16 2
16 3
16 31
18 10
18 15
18 32
19 8
19 33
20 37
21 36
22 6
22 36
23 0
23 5
23 32
27 37
28 22
28 39
29 20
30 25
31 18
32 12
32 30
33 15
33 36
34 34
34 37
35 12
36 38
37 30
37 37
37 39
38 13
38 14
38 27
38 33
39 8
39 22
39 26
1 5
1 20
1 36
2 28
2 36
3 5
3 17
3 35
4 30
4 33
4 35
4 39
5 12
6 15
6 18
7 1
7 14
8 29
9 23
9 36
10 26
11 7
11 34
12 11
12 13
13 21
13 35
13 36
15 14
16 9
16 26
17 29
18 0
19 0
19 35
20 36
21 21
24 10
24 15
28 33
29 12
30 33
30 38
31 17
31 31
31 34
32 29
33 2
33 10
33 34
33 37
34 33
38 9
38 12
38 17
38 18
38 35
39 21
0 34
1 6
1 7
2 22
3 6
3 7
5 13
5 19
5 22
5 27
6 31
7 11
8 12
8 25
8 36
9 27
10 11
10 13
10 15
10 29
11 6
12 30
13 17
13 27
13 30
15 12
16 11
16 13
17 0
18 6
18 29
18 31
19 5
19 34
20 32
21 15
21 20
22 2
22 10
22 21
22 32
23 33
24 5
24 9
24 18
24 30
26 3
26 33
27 5
27 39
29 10
29 22
30 12
31 9
31 21
31 38
32 38
33 16
33 33
34 9
34 11
34 35
35 9
35 11
35 25
37 34
37 36
39 27
0 15
0 17
0 18
0 23
0 24
0 35
1 34
2 34
4 23
4 31
5 14
5 17
5 29
5 37
6 22
6 39
8 23
9 21
9 33
9 37
10 21
11 9
12 14
13 37
14 29
16 0
16 21
17 14
18 7
19 37
19 38
22 9
22 15
22 20
23 3
23 10
23 17
24 29
25 26
25 27
27 12
27 26
27 27
28 5
28 6
29 5
29 6
29 9
29 38
30 5
30 6
31 5
31 6
31 30
32 2
32 18
33 0
33 35
34 5
34 6
35 2
35 6
35 28
35 38
36 0
37 0
37 29
37 31
38 2
38 8
38 11
0 19
0 21
0 27
1 22
1 35
2 35
3 1
3 10
3 39
4 20
5 11
5 36
7 15
8 20
8 30
8 33
9 10
10 14
11 11
11 13
11 26
12 12
13 9
16 14
16 18
16 22
17 15
18 8
19 16
19 17
19 36
21 6
22 5
22 33
23 9
23 16
25 21
26 0
26 10
26 20
27 29
28 12
28 26
28 27
28 38
30 10
31 29
33 9
33 11
34 2
34 8
35 8
35 20
35 23
36 2
36 25
37 2
37 32
0 25
0 31
1 16
3 23
5 34
8 21
9 22
9 34
10 12
10 22
11 19
11 23
11 29
12 34
13 11
13 13
13 34
14 33
15 16
16 12
16 15
16 27
17 18
17 25
17 30
19 32
21 7
22 0
22 25
24 3
24 31
25 25
26 9
26 16
27 10
27 25
27 33
28 21
28 29
29 18
30 9
32 0
32 21
35 0
35 17
35 18
35 22
35 26
36 16
36 28
37 15
37 16
37 33
38 0
0 26
0 28
1 31
2 31
3 20
3 32
5 15
5 18
5 30
5 33
5 35
7 19
7 27
8 31
8 34
9 39
10 25
10 30
10 33
11 14
11 17
11 32
12 16
12 31
13 31
14 35
14 36
15 23
15 39
18 5
18 21
18 25
21 2
21 8
21 18
21 22
23 12
26 4
27 2
27 3
27 9
27 38
28 10
28 25
29 17
29 26
29 27
31 33
33 8
33 12
34 0
34 38
35 21
36 20
36 23
36 29
37 13
37 14
37 20
37 23
37 35
1 39
4 10
4 16
4 22
6 10
7 12
8 10
8 16
8 22
11 12
11 20
13 14
14 30
14 38
15 29
17 26
17 32
18 20
19 31
22 3
22 18
22 22
23 4
24 1
24 26
24 27
25 22
28 2
28 3
28 9
29 2
29 3
29 21
30 2
30 3
31 2
31 3
32 4
33 4
33 38
35 27
36 17
36 18
36 22
36 26
37 12
37 17
37 18
37 22
5 20
5 31
7 26
10 34
12 27
13 12
14 37
15 1
18 26
19 21
19 25
21 5
21 23
23 1
23 13
23 14
23 21
24 32
26 1
27 0
29 25
36 21
37 21
0 10
3 22
6 32
7 29
9 16
10 31
11 18
11 25
12 10
14 26
15 33
17 31
18 1
19 1
19 4
19 20
21 0
22 23
23 20
24 4
24 25
25 2
25 11
25 23
26 17
26 26
26 27
27 23
28 0
29 0
30 0
31 0
32 1
36 27
37 11
2 10
4 32
6 16
10 10
14 7
14 18
14 22
14 34
15 35
15 36
17 1
17 22
19 26
21 10
24 33
26 21
26 29
27 4
28 23
37 38
0 20
1 10
2 16
10 16
10 27
14 8
14 15
14 31
15 25
15 30
15 38
16 1
17 27
18 18
18 22
21 3
21 9
21 28
22 4
23 25
24 22
25 6
25 8
25 16
26 25
28 4
29 4
30 4
31 4
0 32
7 10
7 18
7 25
7 30
7 33
9 28
9 32
11 10
11 21
12 32
13 28
13 32
14 6
15 37
17 23
18 27
19 15
23 15
27 1
29 23
1 32
2 32
3 16
7 16
7 23
8 32
13 10
14 4
14 5
14 17
14 27
15 26
18 4
18 23
19 18
19 22
22 1
23 18
23 22
23 28
24 23
25 7
26 18
26 22
28 1
29 1
30 1
31 1
0 22
5 10
7 20
7 31
7 34
11 22
11 27
13 16
14 2
14 20
15 19
15 34
19 27
25 13
25 14
5 16
5 32
7 21
10 32
14 9
15 31
16 28
19 23
21 4
23 23
25 17
26 23
33 19
13 19
14 3
14 11
14 13
22 28
24 19
27 19
28 19
34 19
7 22
14 32
15 27
21 1
25 5
25 12
30 19
0 16
11 16
12 28
14 14
16 19
25 15
25 28
27 28
8 28
14 12
14 21
17 19
20 11
20 29
25 10
25 18
28 28
31 19
20 16
20 17
21 19
25 3
25 9
7 32
10 28
14 24
15 32
17 28
22 19
18 28
20 12
24 28
25 0
31 24
32 19
34 24
6 24
12 24
13 24
14 28
20 6
30 24
11 28
14 10
19 28
20 7
20 13
20 14
20 21
20 25
25 4
26 28
29 19
33 24
9 24
14 16
16 24
18 19
20 2
20 8
20 20
35 19
20 26
25 1
7 28
8 24
15 28
19 19
20 5
21 24
23 19
26 19
36 19
37 19
20 0
20 15
22 24
25 24
27 24
20 10
20 18
20 22
28 24
32 24
20 3
20 9
20 27
10 24
17 24
20 23
29 24
18 24
24 24
35 24
25 19
11 24
14 19
19 24
20 4
23 24
26 24
36 24
37 24
20 1
7 24
15 24
20 28
20 19
20 24
