7 0
10 0
13 39
24 39
37 34
0 0
0 22
1 0
3 22
16 7
17 27
18 34
20 32
20 34
21 9
27 1
28 13
29 34
30 33
39 6
39 25
0 5
0 19
2 17
2 20
6 29
7 37
8 1
9 11
9 12
14 38
15 19
17 11
18 26
19 17
19 32
21 39
22 35
22 38
26 33
26 39
28 2
30 34
32 23
32 29
33 22
33 23
35 20
35 21
38 35
38 38
38 39
0 15
0 21
1 3
2 21
3 19
3 33
3 34
4 4
4 34
11 1
12 38
16 13
16 39
19 35
20 39
24 36
27 13
30 13
30 14
31 3
31 20
34 25
39 21
39 22
1 19
1 20
3 27
3 29
4 0
5 3
5 25
5 37
5 39
7 39
8 39
12 0
12 10
12 11
12 17
14 34
15 31
16 27
16 33
17 31
18 31
18 33
19 2
19 9
19 27
19 33
20 0
20 38
21 8
22 39
23 7
25 35
27 3
27 6
27 33
28 35
29 32
31 35
32 2
33 28
34 20
34 21
34 22
35 6
35 24
36 0
36 35
37 0
37 19
37 37
39 0
0 14
0 37
1 21
2 35
2 39
3 0
3 3
3 37
4 1
4 38
4 39
5 0
5 19
7 10
8 19
8 23
8 36
10 12
10 13
13 33
15 16
18 19
21 0
21 28
21 34
22 2
23 26
26 34
27 20
27 32
28 6
29 39
30 5
30 39
31 22
31 26
31 36
32 6
32 7
32 34
32 35
33 29
33 38
33 39
34 19
35 2
37 2
37 5
37 18
37 21
37 22
37 23
38 14
39 1
39 15
39 16
39 28
0 6
0 38
1 34
1 35
1 39
3 1
3 30
3 38
5 1
5 20
5 29
6 17
7 34
9 17
9 37
10 16
12 12
13 37
15 23
15 34
15 38
16 16
17 6
17 12
17 33
18 10
18 16
18 38
18 39
19 0
19 7
19 23
19 38
20 36
21 2
21 17
21 26
21 35
22 20
25 22
25 36
27 38
28 39
29 2
29 3
29 12
29 36
30 18
30 36
31 7
32 4
32 38
32 39
33 19
33 34
33 35
34 34
34 37
35 0
35 18
35 37
36 25
36 33
37 3
37 4
39 2
39 17
0 10
2 37
4 6
4 30
5 8
5 21
7 30
8 21
9 34
9 38
12 8
13 13
14 33
14 37
16 20
16 23
17 38
17 39
18 11
18 24
18 28
19 8
19 28
20 7
21 6
21 12
21 24
21 33
22 7
26 38
27 14
27 26
27 34
28 32
28 36
30 2
30 3
31 1
31 4
31 13
31 14
31 21
32 1
32 33
33 15
33 18
34 3
34 5
34 24
34 38
34 39
35 38
35 39
36 31
36 37
37 24
37 30
37 36
38 36
39 3
39 4
0 12
0 36
1 23
1 37
2 38
3 36
4 10
4 36
5 5
5 33
5 36
6 23
6 38
7 8
7 33
8 11
8 13
9 16
9 20
9 36
10 10
11 6
13 12
15 39
16 36
16 37
17 17
18 4
18 20
18 25
19 12
20 8
21 4
21 25
22 6
24 6
24 12
24 32
24 33
25 32
25 34
26 0
28 0
28 4
29 38
30 7
30 38
31 9
31 15
31 18
32 30
33 33
34 26
34 33
35 1
36 23
36 38
36 39
39 8
39 19
39 34
39 37
0 11
0 16
1 38
2 16
4 12
5 15
6 6
6 15
6 20
6 25
6 34
7 5
8 10
8 30
9 1
10 37
13 7
13 16
13 17
16 0
16 25
16 30
17 19
18 2
18 36
18 37
19 6
19 20
19 36
19 37
21 13
22 4
23 2
23 3
23 10
24 30
24 34
25 2
25 3
25 30
25 38
27 0
27 9
27 21
28 9
28 38
29 6
29 26
29 30
31 0
31 8
31 30
32 24
33 26
34 2
34 31
34 36
35 13
35 36
36 29
37 15
37 29
39 12
39 18
39 33
39 35
39 38
39 39
0 32
0 33
1 24
1 25
1 28
1 31
2 33
2 36
4 11
4 31
5 12
5 30
6 3
6 21
6 37
8 33
9 19
9 30
10 34
10 38
11 13
14 0
17 36
17 37
18 7
19 13
19 24
20 6
21 16
21 31
21 36
23 17
23 35
23 36
25 25
25 28
26 14
27 8
28 8
28 28
29 1
29 4
29 7
29 16
29 19
29 22
30 9
30 29
31 25
31 32
32 12
33 36
34 0
34 6
35 8
35 16
35 29
36 24
36 28
36 32
36 36
37 7
37 28
39 9
39 14
0 34
1 15
1 27
1 29
1 36
2 24
2 25
2 28
2 31
4 5
4 13
4 17
4 23
4 24
5 11
6 10
6 33
7 4
8 24
10 23
10 33
10 36
11 16
11 20
12 6
13 20
15 29
15 36
15 37
17 3
18 0
18 8
18 12
19 25
20 4
21 29
22 12
22 14
22 18
23 4
23 32
23 33
24 14
25 4
25 23
25 24
26 12
26 16
26 26
27 10
27 28
28 10
28 20
30 1
30 4
30 8
30 16
31 24
32 20
32 32
33 8
33 30
34 13
34 15
34 30
35 12
35 14
35 28
35 33
36 26
37 13
37 26
37 31
39 10
0 24
0 25
0 28
0 31
1 8
2 27
2 29
4 22
4 28
5 13
5 16
6 13
6 16
6 39
8 8
11 7
11 17
13 8
15 7
15 10
15 11
17 1
17 20
17 23
17 30
18 30
19 30
21 18
22 16
23 30
23 34
24 2
24 3
24 7
24 16
24 20
24 22
24 37
26 6
27 18
27 37
28 30
29 0
29 9
29 21
29 28
29 31
30 10
30 26
31 31
32 13
32 14
32 19
33 3
33 5
33 16
33 32
34 1
34 4
34 32
35 9
35 26
35 31
37 8
38 1
38 6
0 7
0 27
0 29
1 14
1 30
2 4
3 8
4 19
5 7
5 31
6 28
7 31
9 8
9 25
10 8
10 20
11 4
11 19
13 0
13 35
14 6
15 30
17 24
18 6
18 13
18 29
19 29
20 1
22 1
22 13
22 19
22 32
22 33
22 37
23 0
23 20
23 22
24 13
24 26
25 0
26 3
26 7
26 18
26 22
26 37
27 25
27 31
28 22
29 8
29 17
30 0
30 19
30 22
31 16
31 37
32 15
32 18
32 37
34 12
34 14
35 10
35 17
37 12
37 14
38 2
38 5
38 7
39 31
1 6
1 10
2 30
3 14
4 7
4 20
4 25
6 8
6 24
6 36
7 7
8 6
8 27
8 29
8 35
11 3
12 4
13 23
15 8
17 25
19 3
21 1
21 19
22 10
22 26
22 28
22 30
24 4
24 10
26 30
27 19
27 23
27 24
29 10
29 25
29 37
30 17
30 37
33 2
34 9
35 30
37 9
37 32
38 3
38 4
39 36
0 30
1 12
2 3
2 8
3 6
3 10
3 15
4 15
4 21
4 35
5 35
6 11
8 5
8 31
9 6
9 22
9 27
9 29
10 6
10 19
10 31
11 39
12 3
12 21
12 34
13 25
15 0
16 4
16 28
16 35
19 1
21 21
21 37
22 24
23 14
24 8
24 29
24 31
25 12
25 29
25 31
25 37
26 4
26 9
26 19
26 21
26 28
27 17
28 21
28 29
28 31
28 37
29 23
29 24
30 21
30 28
33 0
33 6
33 7
33 17
34 10
35 32
37 10
38 8
0 2
1 11
2 1
2 14
3 12
6 31
7 2
7 12
8 14
9 5
9 24
9 31
10 5
10 25
11 9
12 14
12 22
12 33
12 36
13 6
13 32
14 4
14 35
15 21
15 26
15 28
16 3
16 9
16 32
17 14
20 3
21 22
22 25
23 16
24 0
24 25
25 20
26 8
26 17
27 29
31 17
34 16
38 12
38 20
39 32
1 2
1 13
1 16
2 6
2 10
3 11
3 26
3 32
4 32
5 26
5 28
6 5
7 17
8 2
8 4
9 35
11 37
12 25
13 27
13 29
14 3
15 14
15 22
16 1
16 21
17 5
17 35
22 21
23 1
23 13
24 18
24 23
24 24
25 1
25 7
26 10
26 25
27 5
28 25
30 25
30 30
32 10
32 27
33 1
33 4
33 9
36 15
38 9
38 17
38 25
38 30
38 33
2 12
3 13
3 16
4 2
4 16
5 9
7 23
7 35
8 7
8 22
9 4
10 4
10 27
10 29
11 34
11 38
13 24
14 1
14 32
15 6
15 35
16 14
16 18
16 22
17 32
18 21
19 14
21 5
22 23
23 18
23 23
23 27
23 29
23 31
25 14
26 23
26 24
28 5
28 16
28 18
28 23
28 24
30 23
30 24
32 16
33 10
36 5
36 7
38 10
38 21
38 22
38 23
39 27
0 9
0 18
2 11
3 2
3 5
3 18
5 2
6 4
7 9
7 20
7 25
8 18
8 28
9 3
9 7
10 3
10 7
10 14
10 24
11 2
11 33
11 36
12 18
12 27
12 29
13 4
13 30
15 18
15 32
16 26
18 3
18 22
19 21
22 5
23 37
24 19
25 9
25 16
31 11
34 17
36 3
36 4
36 13
36 19
38 19
38 29
2 13
2 18
4 9
5 14
5 32
6 7
6 14
7 15
7 19
7 21
7 32
9 28
10 35
11 25
12 2
12 5
12 9
12 24
12 31
13 3
18 1
19 5
19 22
20 23
20 27
22 29
22 31
23 11
23 19
24 1
25 8
25 13
26 29
26 31
28 19
30 31
31 27
34 27
36 6
36 8
36 18
38 18
38 24
38 28
1 7
1 18
2 5
5 18
6 22
6 35
9 14
12 15
12 30
13 1
13 14
15 4
16 2
16 5
17 15
18 14
20 5
20 17
21 11
23 5
25 5
25 10
25 18
28 17
32 17
33 27
36 12
36 14
38 26
38 31
3 7
6 26
8 32
10 32
11 27
11 29
13 28
14 2
14 5
15 3
15 15
17 21
18 18
25 27
27 11
27 15
28 11
28 27
29 15
36 9
6 18
6 32
7 13
7 16
7 27
8 9
8 26
9 32
10 28
11 21
11 24
11 31
14 10
14 11
14 13
14 19
14 20
15 1
16 15
17 22
19 15
20 20
20 26
20 28
24 21
25 19
27 27
30 11
36 10
36 27
37 27
39 11
1 26
2 7
2 32
7 24
9 2
9 9
9 18
9 26
10 2
10 9
10 15
11 14
11 22
11 30
12 28
13 18
13 21
14 12
18 5
20 12
20 24
21 15
23 21
24 5
25 17
29 27
35 27
36 16
38 32
2 26
6 2
6 9
10 21
12 35
13 2
13 5
13 9
13 22
14 8
14 16
14 17
20 16
20 25
22 11
24 11
26 5
26 15
29 11
35 11
0 26
1 9
9 15
10 22
13 15
13 26
14 23
17 18
18 15
20 13
22 15
24 15
24 27
3 9
4 26
10 26
11 18
11 28
12 32
14 25
15 2
15 5
15 9
20 18
22 27
26 27
30 27
34 11
36 17
37 11
7 28
11 35
12 26
20 30
26 11
2 2
2 9
4 18
10 18
11 15
14 27
14 29
20 19
20 29
32 11
11 32
14 24
23 15
28 15
33 11
38 11
7 14
7 22
11 26
14 30
7 26
25 11
20 21
25 15
38 27
7 18
14 28
20 14
20 22
36 11
14 21
14 14
14 22
14 9
14 26
20 11
20 15
14 18
14 15
