16 8
0 6
17 5
0 1
1 1
1 4
3 2
10 3
19 14
22 13
32 32
39 16
39 18
39 24
0 38
10 5
17 7
36 39
39 28
0 5
1 5
9 4
14 4
14 6
14 7
22 9
23 11
30 9
37 16
38 19
39 29
4 2
5 1
9 1
13 5
22 8
23 9
27 37
28 7
39 19
0 7
3 0
8 30
8 34
11 3
13 6
13 7
21 13
21 14
25 2
29 24
31 30
32 37
34 35
36 32
0 0
0 3
1 0
2 4
5 0
5 29
6 2
11 5
13 4
14 13
15 31
16 5
25 24
28 2
28 9
39 35
39 37
2 1
2 2
3 3
3 31
3 33
3 35
4 1
4 4
6 5
9 34
10 6
10 14
12 14
15 5
18 9
29 6
31 35
34 37
37 24
38 21
38 23
39 2
39 7
39 30
39 31
39 39
0 25
1 3
2 5
5 28
11 4
11 26
12 13
15 35
16 6
17 28
27 7
30 2
30 23
30 25
30 30
31 23
31 37
32 2
35 21
36 30
36 31
38 13
39 13
39 21
0 27
0 28
4 0
5 35
6 1
6 4
6 35
9 33
11 28
15 6
15 7
15 33
16 4
17 33
18 7
18 8
25 7
25 13
26 2
29 7
29 35
29 37
31 1
31 6
37 19
38 16
39 26
0 29
0 30
0 34
2 7
2 29
2 30
2 34
2 38
4 3
5 30
6 18
12 30
15 4
17 3
18 11
18 31
21 7
21 8
25 11
30 35
34 30
34 31
35 23
36 24
37 29
37 35
37 37
38 4
38 12
39 1
39 12
39 23
0 21
0 37
1 8
3 36
3 37
5 31
5 33
6 0
6 8
10 8
12 3
13 37
15 28
16 14
17 36
18 3
19 35
25 9
26 12
27 2
27 31
28 24
29 9
29 28
32 1
33 7
33 12
36 36
37 32
37 39
38 2
39 25
0 26
1 27
1 28
2 0
6 3
6 6
6 17
6 29
8 36
8 37
9 30
9 36
9 37
10 2
10 17
11 31
11 35
12 5
14 12
14 30
15 25
15 36
17 30
17 37
18 13
19 9
22 12
25 39
28 26
28 35
28 37
29 2
29 12
29 27
30 12
30 39
31 26
31 28
31 31
33 4
34 26
34 28
35 13
36 19
38 6
38 9
39 9
39 15
1 23
1 29
1 30
1 34
1 38
2 3
2 6
5 36
5 37
6 12
6 36
6 37
7 30
9 26
10 12
11 34
12 6
12 7
12 18
12 21
13 2
13 11
14 2
15 14
15 37
16 3
19 36
22 3
22 6
22 35
23 3
23 6
25 21
26 6
26 8
26 25
28 3
29 25
30 1
31 3
31 27
32 3
33 2
34 27
35 35
37 12
37 21
38 28
39 4
6 28
7 31
7 33
7 34
7 35
9 7
9 13
9 25
9 28
11 27
12 4
12 31
12 35
14 9
15 3
16 11
17 2
18 6
19 7
19 8
19 37
23 12
23 21
25 28
26 21
27 36
27 39
28 4
28 11
29 31
30 8
31 4
31 9
31 25
32 36
32 39
33 6
33 10
34 25
35 7
35 9
35 32
37 15
37 26
37 30
37 31
38 1
38 29
38 35
38 37
0 31
0 33
0 35
1 22
1 26
2 31
2 33
2 35
3 39
6 11
10 11
11 33
12 26
12 34
13 9
18 2
18 4
18 35
19 11
21 3
21 6
22 36
24 1
25 31
25 35
26 37
27 6
27 30
30 3
30 28
30 31
31 12
33 13
35 4
35 37
37 7
37 9
37 23
37 27
38 10
38 32
38 39
39 6
39 10
0 13
0 14
0 19
0 20
1 7
1 13
1 14
1 19
1 20
6 21
6 30
11 2
12 19
12 28
12 39
13 1
14 1
14 18
14 21
14 31
14 35
15 11
15 27
16 13
17 14
18 33
19 31
19 39
21 12
22 37
25 1
25 27
26 3
27 25
28 21
29 13
30 4
30 13
30 27
33 1
34 36
35 2
35 15
36 12
36 21
37 4
37 14
37 25
38 3
0 39
5 27
6 9
6 26
6 31
6 33
10 9
11 36
11 37
12 23
12 33
13 39
14 34
15 26
16 2
17 1
18 18
18 21
18 25
18 27
18 36
22 2
22 4
23 2
23 4
25 6
25 19
26 4
27 24
28 8
28 28
28 31
29 1
29 26
31 36
31 39
33 24
33 32
35 6
35 10
35 18
35 30
35 31
36 26
36 28
37 2
39 36
1 31
1 33
1 35
6 16
6 25
7 36
7 37
8 39
9 14
9 39
10 16
12 8
12 16
14 28
15 2
15 13
16 18
16 21
17 39
18 1
18 12
18 37
20 9
20 13
20 14
20 31
21 16
22 39
23 19
25 23
26 19
27 3
28 13
29 19
29 22
30 19
31 10
33 3
33 11
33 35
35 14
35 16
36 7
36 9
36 23
36 27
37 6
37 10
38 30
38 31
2 26
2 36
2 37
5 39
6 39
9 23
9 27
11 1
11 7
12 22
12 36
14 19
14 33
15 39
17 11
18 30
19 3
19 6
21 2
21 4
23 23
23 28
24 7
24 13
24 28
25 30
26 23
26 28
27 4
29 3
29 11
29 36
29 39
30 11
30 22
31 13
31 22
32 33
33 15
35 1
35 26
35 28
36 4
36 25
38 11
39 11
0 18
1 18
2 13
2 14
2 19
2 20
9 6
13 25
14 23
14 36
15 18
15 21
16 1
16 31
16 35
18 19
18 23
19 28
20 7
20 8
22 1
22 21
22 28
23 1
23 31
23 35
24 11
24 31
24 35
25 18
26 1
26 15
26 31
26 35
28 19
29 4
29 15
30 15
30 36
33 18
33 37
35 27
36 2
37 1
38 15
38 26
1 24
2 21
9 8
9 18
9 22
11 14
12 27
14 37
15 1
16 19
17 13
20 11
21 31
23 18
23 25
23 27
24 9
24 25
24 27
25 4
25 12
25 16
25 26
26 18
26 27
27 8
28 5
28 23
28 30
29 18
30 18
31 5
31 19
33 8
33 14
33 16
34 19
35 3
35 11
35 22
35 25
36 6
36 10
36 33
37 36
38 27
0 12
0 17
1 12
1 17
1 36
1 37
11 13
12 2
12 11
13 30
14 22
16 12
16 28
18 15
18 26
19 18
19 21
19 25
19 27
20 28
21 1
22 25
22 27
23 14
23 16
23 36
24 36
26 14
26 16
27 1
27 21
27 33
28 15
28 36
28 39
29 8
29 14
29 16
30 14
30 16
31 11
33 30
33 31
34 33
36 13
37 3
37 11
38 8
38 14
38 25
39 8
2 25
5 5
6 23
6 27
9 12
9 17
11 39
14 27
15 19
16 25
16 33
17 18
17 21
17 25
17 34
19 2
19 4
19 12
19 15
20 35
23 37
24 37
25 8
25 14
28 18
30 5
31 15
31 33
32 24
32 34
33 21
36 1
36 18
39 33
0 11
1 11
2 18
3 5
7 39
9 19
10 30
10 31
10 35
11 8
11 18
11 21
12 9
14 16
15 12
15 24
16 36
20 25
20 27
22 5
22 19
22 33
23 5
23 30
24 30
26 5
26 30
27 13
27 27
28 14
28 16
31 18
33 26
33 28
35 8
35 36
38 5
2 39
3 26
3 28
5 4
5 7
5 13
5 14
5 19
5 20
6 15
6 22
9 11
10 15
10 26
10 34
12 1
12 15
12 24
16 37
19 19
19 23
19 30
20 3
20 6
20 18
20 36
21 21
21 28
22 23
22 30
23 39
24 21
24 39
26 36
26 39
29 33
31 8
31 14
31 16
33 23
33 27
36 3
36 11
36 34
37 8
38 36
0 9
0 22
1 9
2 12
2 17
3 7
3 13
3 14
3 19
3 20
5 21
8 2
8 7
8 13
8 29
10 25
10 28
11 12
11 17
13 14
13 31
13 35
15 9
15 22
16 16
16 23
16 30
17 19
17 23
19 1
19 34
20 37
21 5
21 10
21 35
23 26
24 26
25 22
25 33
26 10
26 26
27 5
27 19
27 34
30 33
32 9
33 5
33 25
34 7
34 9
34 12
34 34
36 15
37 17
37 22
3 21
8 5
9 9
9 24
10 21
10 33
11 19
13 13
13 26
13 34
14 10
14 39
16 27
17 12
17 29
19 26
20 23
20 30
21 15
21 25
21 27
22 18
22 26
23 22
24 3
24 6
26 22
27 11
27 23
29 5
31 34
32 7
32 12
34 4
37 33
39 5
39 34
0 16
1 16
1 39
2 11
2 23
5 3
5 6
5 25
7 2
7 7
7 13
8 32
10 0
11 11
11 23
11 29
13 10
13 28
14 24
15 16
16 26
17 26
18 22
20 39
21 17
21 36
22 10
22 16
22 34
25 5
27 12
27 15
28 0
28 33
34 2
34 21
35 17
36 8
36 14
3 6
3 25
5 8
5 18
7 5
8 1
8 4
9 0
9 16
10 36
10 37
13 18
13 21
13 33
18 24
20 2
20 4
20 12
20 26
21 19
21 37
23 10
24 0
24 19
27 18
27 26
28 22
29 34
31 0
32 21
33 36
34 6
34 10
35 5
36 22
2 9
2 22
3 8
3 18
3 32
6 10
7 28
8 14
8 21
9 32
10 10
10 19
11 9
11 22
13 0
14 0
15 29
15 32
17 32
18 34
19 5
20 20
21 23
21 30
24 23
25 0
25 34
27 14
27 16
27 29
28 10
29 29
30 34
32 6
32 10
32 26
32 28
34 13
34 23
35 33
37 5
39 0
4 34
5 12
5 17
6 24
7 1
7 4
8 26
10 23
10 27
14 15
16 39
17 0
17 16
20 16
21 39
23 15
23 33
24 4
24 12
24 33
25 17
26 33
31 29
32 0
32 13
32 23
32 27
33 17
34 1
34 29
37 34
38 33
2 16
3 12
3 17
7 14
7 21
8 3
8 6
8 25
11 16
13 19
14 17
18 0
20 1
21 26
23 17
24 18
26 17
28 34
29 17
30 17
32 25
38 17
38 20
4 29
5 11
5 23
7 0
7 26
8 8
8 18
9 29
10 22
11 0
13 23
13 27
16 15
18 10
18 17
19 22
22 22
24 8
24 14
24 16
27 32
30 0
32 19
34 3
34 11
35 20
36 5
39 20
3 11
3 23
3 27
5 32
7 3
7 6
7 25
12 38
16 0
16 17
17 22
18 29
19 24
20 33
22 0
22 24
23 0
25 29
25 38
26 0
28 17
30 29
30 38
32 11
34 15
35 34
36 17
36 38
38 0
0 15
1 15
4 26
4 28
5 9
5 22
7 8
7 18
8 12
8 17
10 39
12 29
13 22
13 38
15 0
15 15
16 24
17 24
20 22
22 32
23 34
24 34
26 34
27 22
31 17
32 15
33 33
34 18
38 34
2 24
3 9
3 22
4 7
4 13
4 14
4 19
4 20
8 19
8 38
9 15
9 38
11 24
11 32
12 20
15 17
17 38
20 5
20 24
21 0
25 10
27 0
27 38
28 29
29 32
32 18
32 38
33 0
33 22
34 8
34 14
34 16
4 21
4 30
5 16
5 38
6 38
7 12
7 17
7 32
8 11
8 23
8 27
12 10
13 16
14 29
15 38
16 10
16 34
18 32
21 33
22 15
25 32
29 0
30 32
32 8
32 14
32 16
0 32
2 32
3 16
4 31
4 33
4 35
7 19
12 32
17 15
19 10
19 17
19 38
20 34
21 22
22 17
24 5
24 22
25 20
34 38
35 29
37 20
0 10
1 10
2 15
4 6
4 25
7 11
7 23
7 27
8 9
8 22
10 24
11 15
12 0
14 20
15 10
17 17
21 24
23 20
23 29
24 29
26 20
26 29
28 32
29 20
30 20
31 38
33 34
35 0
39 38
4 8
4 18
6 32
9 10
14 32
18 20
19 0
19 29
20 15
22 29
22 38
27 17
37 0
1 32
5 24
7 9
7 22
8 16
11 38
13 24
16 20
16 29
20 17
21 34
28 20
29 38
34 5
34 22
36 20
3 24
4 12
4 17
4 36
4 37
7 38
17 10
18 38
20 29
23 32
24 15
24 32
26 32
31 20
32 5
32 22
2 10
7 16
11 10
15 20
19 32
24 17
27 10
33 29
36 0
37 38
4 11
4 23
4 27
5 15
9 20
13 15
16 32
20 10
28 38
3 15
8 24
10 29
13 17
14 38
19 20
20 32
21 29
22 20
4 9
4 22
17 20
20 0
24 10
34 17
35 38
7 24
11 20
13 29
23 38
24 38
26 38
27 20
32 17
38 38
4 16
4 39
5 10
8 15
10 32
21 32
33 20
3 10
16 38
32 29
7 15
10 20
13 32
20 38
21 20
24 20
33 38
34 0
4 24
8 10
13 20
10 38
21 38
34 20
7 10
32 20
4 15
8 20
7 20
4 10
4 32
4 38
