4 30
21 6
0 35
5 29
9 4
30 29
30 39
33 27
34 29
39 25
0 9
2 1
4 4
5 31
5 35
6 27
12 8
13 14
16 13
19 20
20 34
23 38
30 30
30 32
31 15
32 3
32 29
33 36
36 27
38 26
38 29
0 12
0 17
1 33
2 2
3 31
4 3
5 3
6 34
8 16
9 3
9 34
10 2
10 27
10 31
13 36
20 13
21 3
21 20
23 19
24 6
24 25
26 1
26 6
27 4
27 14
27 19
29 28
29 30
30 14
30 16
30 35
31 39
32 30
32 33
33 28
33 30
34 28
36 30
37 0
37 4
38 2
38 5
38 8
39 2
39 16
39 26
0 1
0 2
0 19
1 36
2 34
3 19
3 29
5 2
6 26
8 28
8 30
9 35
10 28
11 3
11 34
11 35
12 27
12 34
12 35
12 39
14 13
14 39
15 0
15 2
16 17
17 17
20 21
21 17
21 18
22 27
23 28
24 15
24 20
24 39
25 4
26 3
26 8
26 20
26 21
29 20
29 32
30 19
30 25
31 14
32 4
32 31
32 35
33 2
33 31
33 32
33 34
34 2
34 16
34 32
35 3
35 18
35 36
37 10
37 22
38 0
39 0
39 22
39 23
0 3
0 4
0 15
0 18
0 20
0 30
0 34
1 5
1 6
1 31
2 38
4 27
6 2
6 38
7 27
7 31
7 38
8 3
8 33
8 35
11 2
11 13
13 15
13 27
13 30
13 39
14 31
15 25
16 27
17 34
19 2
20 17
20 18
22 7
22 13
23 26
23 35
24 5
24 18
25 3
26 5
27 8
27 26
29 19
29 27
30 27
30 34
31 2
31 33
33 4
35 2
35 5
35 14
35 15
35 30
35 32
36 3
36 7
36 31
37 7
38 4
0 25
1 3
1 4
2 20
2 22
2 30
2 36
3 16
3 28
4 11
5 22
5 28
5 33
6 33
7 4
7 10
7 34
8 2
8 38
9 14
10 36
11 10
11 29
12 29
14 30
15 27
17 22
17 35
18 20
18 22
20 12
20 25
21 8
21 9
21 21
21 39
22 4
22 8
22 9
23 4
23 23
24 2
25 6
28 13
28 15
28 34
28 35
29 38
30 12
30 22
31 6
31 31
31 32
31 35
32 5
32 8
32 34
33 13
34 15
34 26
34 34
35 12
35 26
37 8
37 16
37 21
0 27
1 14
1 34
3 15
3 22
3 25
3 35
3 38
4 10
4 25
6 20
6 36
7 15
7 26
7 30
7 36
8 5
8 9
8 26
9 36
10 16
10 22
11 9
13 33
15 20
15 34
16 21
16 29
16 36
17 29
18 14
18 39
20 23
20 27
20 36
21 14
21 24
23 25
24 13
24 19
26 2
27 12
27 30
27 38
27 39
29 26
29 36
30 3
30 5
30 7
30 26
31 8
31 18
33 5
34 19
34 33
34 39
35 6
35 20
35 27
35 28
35 31
36 4
36 36
37 14
37 15
37 20
37 39
39 21
0 7
0 29
0 32
1 12
1 39
2 24
2 27
2 31
3 13
3 36
4 7
4 18
5 25
5 39
6 19
7 3
7 16
8 22
8 29
8 36
9 10
9 39
10 10
10 25
10 29
10 33
12 25
13 20
13 23
14 3
14 6
14 28
15 8
15 35
16 14
16 23
17 25
17 39
19 36
20 2
20 3
20 30
21 12
22 3
22 14
22 20
22 23
23 3
23 29
24 12
24 21
24 24
25 2
25 5
26 27
26 38
26 39
27 7
27 11
27 36
28 25
30 2
30 4
30 10
30 21
31 28
31 34
32 0
32 11
33 11
33 14
34 25
35 25
35 33
35 39
36 5
38 6
39 20
0 13
0 26
2 21
2 29
3 5
3 24
3 26
3 32
3 34
4 24
4 26
4 35
4 38
5 20
6 21
7 2
7 5
7 25
7 33
8 12
8 14
8 25
8 32
9 9
10 9
10 15
11 6
11 33
12 5
12 33
14 0
14 2
14 22
14 34
15 5
15 33
19 35
20 14
20 39
21 22
22 2
22 5
22 18
22 25
23 2
23 5
23 21
23 33
24 11
25 0
25 22
25 24
26 14
26 15
26 28
26 30
26 35
26 36
27 10
27 18
27 22
27 24
28 14
28 28
30 18
31 0
31 11
32 38
33 0
33 6
34 0
34 8
34 22
36 34
36 35
38 36
0 28
1 16
2 26
3 2
3 4
3 9
3 21
4 6
4 28
4 36
5 19
5 24
5 32
6 9
6 12
6 32
7 8
7 20
11 12
12 4
13 29
14 9
14 12
14 26
14 35
15 4
15 9
15 21
16 3
16 30
17 30
19 24
19 39
21 0
21 11
22 11
22 19
23 7
26 13
28 38
28 39
29 18
29 21
31 20
31 25
31 38
33 7
33 16
33 20
33 38
34 13
34 24
34 38
35 0
35 19
35 24
36 6
37 6
37 19
37 28
37 38
38 18
38 32
39 7
39 10
0 23
1 0
1 7
1 11
1 15
1 32
2 28
2 39
3 0
3 3
4 0
4 20
4 33
4 34
5 0
5 21
6 23
6 39
7 19
7 29
7 39
8 13
10 14
11 38
13 21
13 24
14 33
15 38
16 6
16 24
16 34
18 38
19 0
19 33
20 28
22 21
22 38
23 8
23 9
24 0
24 22
24 34
25 9
26 12
26 22
26 24
27 29
27 33
28 6
28 12
28 27
28 36
29 11
29 23
31 27
32 12
33 12
34 4
34 21
35 9
35 38
36 1
36 9
36 33
36 39
38 11
38 12
38 13
38 34
38 35
39 5
39 11
39 12
39 13
39 19
39 28
39 30
0 8
1 10
1 19
1 25
2 9
2 14
4 8
4 16
4 19
6 5
8 6
8 39
9 0
9 12
10 12
10 38
12 13
12 14
12 38
13 28
14 38
15 23
16 8
16 28
16 35
17 21
17 23
17 28
17 38
18 21
18 23
18 33
19 19
20 7
20 10
22 34
23 15
23 22
23 24
24 27
25 18
26 0
26 11
28 3
28 5
28 18
28 31
29 6
30 0
30 9
31 12
31 22
32 1
32 7
32 10
33 10
33 22
34 11
37 1
37 26
37 27
37 29
37 30
37 32
38 9
38 31
39 8
39 36
1 18
1 20
1 22
1 27
2 0
2 12
2 18
3 39
4 15
4 21
5 9
5 12
6 0
7 14
7 32
10 0
10 24
11 4
11 7
11 16
12 7
12 16
12 24
12 26
13 3
13 6
13 8
13 38
14 15
14 20
15 28
16 33
16 39
19 15
19 25
19 29
20 5
20 26
20 38
21 34
23 13
24 28
24 30
25 23
25 26
26 29
26 33
27 23
28 2
28 4
28 26
28 33
29 3
29 5
30 23
31 1
31 7
31 10
31 24
31 26
32 15
33 1
33 24
34 1
34 5
36 13
37 25
37 34
37 35
38 1
38 16
38 21
38 33
38 39
39 1
39 4
39 29
39 32
1 13
1 29
2 32
3 11
3 17
4 14
6 11
7 6
7 24
8 0
8 8
8 11
8 17
8 18
8 24
9 6
9 20
9 21
10 6
10 23
13 0
13 2
13 26
15 16
15 19
16 9
16 19
16 26
17 19
18 3
18 16
18 25
18 29
19 13
19 27
19 38
20 0
20 4
20 19
20 31
22 0
22 16
22 22
22 24
22 36
23 0
23 12
23 31
25 14
25 15
25 19
25 34
28 8
28 21
29 2
29 4
29 31
31 17
31 21
32 16
32 20
32 25
33 18
33 21
35 1
36 18
36 22
36 38
37 31
38 14
38 15
38 20
39 14
39 34
39 35
0 0
1 8
1 24
1 26
2 16
2 23
3 7
3 10
4 32
4 39
5 5
6 7
6 10
6 14
7 13
7 23
8 23
9 27
9 31
11 0
11 11
11 15
11 20
11 22
12 15
12 20
12 22
13 19
14 5
14 11
15 11
15 18
15 24
15 26
16 18
17 13
17 18
17 24
17 26
18 2
18 6
18 27
18 34
18 36
19 17
21 27
21 36
22 35
23 11
24 10
24 16
24 35
24 36
25 8
25 13
25 27
26 23
28 22
28 24
28 29
29 8
32 14
33 19
34 6
34 12
34 17
37 9
37 33
39 31
1 21
1 28
2 11
2 15
3 23
4 13
4 23
5 16
5 37
6 17
6 18
8 7
9 8
9 28
9 30
10 8
10 19
11 25
13 17
13 18
14 4
14 10
14 21
14 23
15 7
15 10
16 5
17 3
17 31
18 8
18 12
18 19
18 35
19 6
19 30
21 10
21 16
21 35
22 10
22 30
22 39
23 14
25 12
25 28
25 30
27 17
27 31
30 1
30 17
32 9
32 22
33 9
34 7
34 10
34 23
35 17
35 23
36 16
36 21
36 25
37 17
38 38
39 6
39 33
39 39
1 37
2 7
2 10
3 6
5 11
5 15
5 23
6 6
6 13
7 0
9 11
9 26
10 11
10 17
10 18
11 37
12 12
15 37
16 4
16 16
16 38
17 2
17 6
17 16
18 18
18 30
19 8
19 12
19 23
20 16
21 30
22 29
22 33
24 29
24 33
25 11
25 38
25 39
27 16
28 0
28 7
28 10
29 17
31 9
32 24
32 26
36 14
36 15
36 20
38 19
5 7
5 10
5 14
9 7
9 22
10 7
10 37
11 21
12 1
12 21
12 37
13 9
13 12
13 32
14 37
16 1
17 8
17 12
17 37
18 9
19 28
21 29
21 33
25 35
25 36
26 31
29 0
29 7
29 10
32 18
32 21
36 24
2 13
2 37
3 8
6 8
6 37
7 17
7 18
7 37
9 1
9 25
9 37
10 32
13 37
14 7
14 24
16 11
18 28
19 9
20 32
21 1
21 28
23 32
26 17
28 17
28 23
31 23
32 19
33 23
36 12
39 38
4 17
5 6
5 13
6 1
8 37
9 29
10 1
11 32
12 32
13 5
14 19
15 1
15 32
16 7
16 10
17 9
18 5
19 1
19 14
19 26
24 1
25 29
25 33
26 16
28 16
30 37
34 9
36 19
2 8
3 37
8 1
11 24
11 26
13 4
14 17
14 18
17 14
17 32
18 0
18 4
18 26
19 5
21 26
23 10
23 37
27 32
28 1
28 9
32 37
33 17
39 9
1 23
5 8
11 1
11 19
11 23
12 11
12 19
14 32
17 5
19 4
19 31
22 31
24 31
29 1
29 9
29 37
31 37
33 37
34 37
37 37
2 17
4 37
11 17
11 18
12 17
12 18
13 11
14 16
16 37
17 0
17 4
18 11
18 31
20 1
20 37
21 31
22 1
23 1
23 16
25 10
26 32
27 37
32 23
35 37
38 17
5 17
7 1
9 24
13 7
13 10
16 32
18 7
18 10
19 11
19 37
25 17
26 37
36 23
9 19
9 23
14 1
17 11
19 7
19 10
25 16
25 31
32 17
9 17
9 18
17 7
17 10
28 37
36 17
36 37
19 16
19 32
22 32
24 32
18 32
21 32
38 37
13 1
18 1
22 37
24 37
25 32
21 37
39 37
17 1
25 37
