1 16
0 19
0 34
0 37
39 37
0 18
2 18
18 18
31 1
36 37
37 38
39 38
0 31
20 18
28 38
36 39
0 26
0 30
14 0
19 22
26 18
32 1
32 38
33 38
34 39
35 37
36 21
37 12
37 39
1 8
3 0
10 9
10 11
11 35
14 36
21 3
21 6
21 16
30 20
32 13
34 3
34 38
35 28
37 1
37 3
37 10
1 11
2 17
2 33
3 2
3 14
5 28
8 0
9 0
10 1
24 22
29 13
31 2
32 3
36 1
36 2
0 24
1 4
2 11
2 14
3 6
4 2
5 0
5 1
14 5
15 1
20 3
20 20
21 9
22 3
28 3
34 1
34 2
35 12
35 20
35 26
35 39
37 4
37 34
39 29
0 35
1 0
1 6
1 12
2 4
3 12
4 4
7 10
10 0
10 18
12 5
13 5
17 16
19 20
19 37
24 21
26 12
26 14
30 12
32 2
32 34
35 31
35 38
36 13
36 20
39 34
0 21
1 2
2 0
2 6
2 12
3 1
3 19
5 11
6 18
7 16
7 17
8 11
9 16
13 10
14 1
15 3
15 36
20 9
20 21
26 13
30 5
30 21
32 14
33 3
34 5
36 10
36 15
36 29
37 5
1 9
2 2
3 9
3 16
3 17
4 1
7 26
8 4
9 9
10 6
12 1
12 11
13 1
15 37
16 9
18 16
19 21
20 25
23 3
23 16
25 16
26 23
26 26
28 37
30 22
35 13
36 4
39 2
39 8
0 27
2 9
2 30
2 35
3 3
5 18
8 18
9 36
10 7
10 8
12 9
12 35
14 3
15 4
16 6
18 6
18 11
20 37
25 3
26 38
28 28
30 14
33 2
35 3
35 15
35 22
35 23
36 27
37 31
39 3
1 1
2 36
4 3
4 5
4 11
4 14
4 18
5 4
5 27
5 29
6 11
7 4
8 26
8 35
9 4
11 33
11 37
12 0
12 3
13 3
15 11
23 12
23 14
24 23
25 12
25 14
29 5
33 5
35 4
36 5
36 14
39 10
39 28
39 31
0 29
1 10
2 1
2 26
3 5
3 7
3 8
3 10
3 26
3 33
5 9
5 33
6 16
6 17
8 6
8 36
9 37
11 34
12 6
12 25
13 6
13 7
14 4
16 12
18 10
19 1
20 4
21 7
21 11
21 15
22 18
23 13
24 1
25 13
26 3
32 10
32 18
34 34
35 1
35 2
35 24
36 26
37 11
39 4
1 3
1 5
2 10
2 24
2 28
2 37
3 24
3 28
3 31
4 12
5 24
5 31
6 21
7 0
7 1
7 21
8 3
8 5
8 7
8 8
10 21
10 35
12 4
12 21
12 36
13 4
15 9
15 18
16 3
16 14
18 3
19 9
19 23
21 1
23 11
24 9
24 18
24 38
25 11
26 15
28 4
29 3
30 15
30 16
32 4
34 28
34 31
35 5
35 14
39 1
39 13
0 7
0 14
0 15
2 3
2 5
2 7
3 35
5 6
5 16
5 17
5 35
6 4
7 6
7 25
7 33
8 16
8 17
8 34
8 37
9 6
9 12
10 12
10 19
12 19
15 6
16 7
18 7
18 12
20 5
20 7
20 11
20 34
21 10
22 4
22 5
23 10
25 10
28 1
31 12
32 11
34 12
35 25
36 16
36 28
36 31
37 9
37 18
37 22
37 27
39 5
39 12
39 18
39 22
0 8
0 16
2 21
3 21
3 36
4 9
4 16
4 17
5 3
5 5
5 7
5 8
5 10
5 21
5 36
6 9
6 19
6 26
7 3
7 5
7 7
7 8
7 14
7 15
7 19
7 31
8 31
9 3
9 5
9 7
9 8
9 10
9 14
9 15
10 14
10 15
12 16
12 26
12 28
16 4
17 9
18 4
18 14
19 6
20 1
21 5
22 1
22 25
26 37
30 10
31 5
34 9
34 18
35 11
37 21
39 21
0 4
0 11
2 25
3 15
3 25
5 25
6 0
6 1
7 35
8 25
9 18
11 25
12 8
16 10
17 6
20 10
20 23
20 26
22 16
22 20
22 22
28 26
31 18
32 9
32 20
32 21
33 4
35 16
36 11
36 23
37 26
39 26
0 0
0 6
1 19
1 31
1 34
2 15
3 34
3 37
4 30
5 19
5 34
5 37
6 6
6 28
7 27
7 36
8 10
8 19
9 26
10 31
11 11
11 21
12 10
12 33
16 5
18 5
19 26
19 33
22 37
23 4
23 5
23 15
24 16
25 4
25 5
25 15
26 10
30 4
30 11
30 28
32 22
32 23
34 13
0 2
0 12
0 22
0 23
1 18
1 30
2 32
4 7
4 8
4 10
5 13
6 3
6 5
6 7
6 8
6 10
6 13
6 33
11 5
11 9
11 19
12 34
12 37
15 7
15 16
15 25
18 1
19 34
20 12
20 15
22 12
22 14
22 21
23 1
23 25
24 37
25 1
25 20
25 25
28 18
28 20
28 25
29 10
30 34
30 38
31 13
33 9
34 6
34 7
34 15
36 9
36 24
36 36
37 6
37 7
37 15
37 28
39 15
2 27
2 29
3 27
3 29
6 15
6 31
7 29
7 34
7 37
8 27
8 29
10 36
11 26
12 12
15 21
17 3
18 36
19 7
19 11
19 16
20 14
22 13
23 20
23 22
24 12
24 14
26 4
26 5
26 24
26 34
30 9
32 6
32 7
32 24
32 26
34 20
34 21
35 32
35 33
37 20
39 20
0 9
0 32
1 26
6 25
6 35
8 12
10 33
11 1
11 27
11 29
11 32
12 14
12 15
15 10
16 13
17 7
17 11
18 25
18 37
19 4
22 8
22 11
24 13
25 38
26 1
26 27
28 36
29 4
29 11
30 37
31 28
32 29
32 32
32 33
32 36
34 22
34 23
35 9
35 36
36 25
37 23
39 23
0 1
1 24
1 28
1 38
4 26
5 15
6 36
8 14
8 15
9 31
10 20
10 27
10 29
10 34
10 37
12 20
14 38
15 26
15 33
16 0
17 4
19 10
20 36
21 25
22 34
23 21
24 11
24 24
24 26
26 9
28 12
28 14
29 1
30 0
31 34
31 38
32 16
32 25
33 0
33 6
33 7
34 14
36 6
36 7
37 14
39 9
39 14
0 38
1 33
4 15
4 24
4 28
6 20
7 13
7 20
9 13
9 21
9 25
10 13
10 22
10 23
11 0
11 3
11 38
12 22
12 23
15 12
17 10
18 13
19 5
19 38
21 20
21 22
22 23
23 6
23 7
24 10
24 34
25 6
25 7
25 22
28 13
28 21
29 9
30 6
30 7
31 10
31 14
34 24
35 19
37 0
37 24
37 32
37 33
37 36
39 24
0 3
0 5
0 10
1 13
1 21
3 13
4 33
6 22
6 23
6 27
6 29
6 34
6 37
7 22
7 23
9 19
9 38
10 2
11 6
11 16
15 14
15 15
17 5
18 26
18 33
19 0
19 2
19 12
19 15
19 24
20 28
24 0
24 2
26 19
28 22
29 18
29 20
30 24
30 26
31 0
31 21
31 37
34 11
35 6
35 7
36 0
36 19
39 32
39 33
1 25
1 35
2 13
2 20
2 38
3 20
4 21
4 31
5 20
8 20
9 33
11 4
11 7
11 8
15 2
15 38
16 18
17 1
17 12
17 36
18 19
18 34
19 14
19 28
21 0
21 2
21 21
22 15
24 4
24 5
25 21
26 6
26 7
28 10
28 32
28 33
29 28
30 19
31 4
31 11
31 22
31 23
34 0
34 8
34 16
34 25
36 35
37 16
37 25
39 6
39 7
39 16
39 25
1 36
2 22
2 23
3 22
3 23
3 32
4 25
4 35
5 22
5 23
5 32
8 22
8 23
8 28
8 38
9 27
9 29
9 34
10 24
11 10
11 20
12 24
17 14
17 25
17 37
20 19
20 31
20 38
21 37
23 23
23 26
24 15
25 37
28 0
28 2
28 23
28 31
29 6
29 7
29 34
30 25
31 15
31 16
32 0
32 8
33 12
34 32
34 33
34 36
4 36
7 24
11 22
11 23
11 28
12 31
12 32
14 2
14 11
15 35
17 21
19 19
19 31
19 32
20 0
20 2
20 13
20 24
21 8
22 0
22 2
23 34
26 32
26 33
26 36
28 11
28 35
31 9
31 24
31 26
32 35
33 18
35 35
36 32
36 33
1 27
1 29
7 32
8 2
8 32
10 28
11 12
12 2
12 13
13 2
15 20
16 36
20 27
20 29
20 35
22 28
26 31
28 15
28 16
28 27
28 29
29 21
29 37
33 8
36 8
3 38
4 27
4 29
4 34
4 37
5 38
8 13
8 24
11 14
11 15
13 18
13 35
14 9
14 18
15 22
15 23
15 28
16 8
16 25
16 37
17 17
17 26
17 33
18 8
19 27
19 29
20 8
21 23
21 26
22 32
22 33
22 36
23 8
24 28
25 8
25 23
25 26
28 9
29 22
30 8
31 25
33 13
33 34
34 27
34 29
37 35
4 13
7 2
9 2
10 32
11 24
12 38
16 2
16 16
16 21
17 34
18 0
18 2
21 17
21 34
22 31
23 0
23 2
23 39
24 6
24 7
24 32
24 33
24 36
25 0
25 2
25 34
26 17
26 29
27 39
29 39
31 6
31 7
33 15
33 28
33 31
35 8
39 35
1 39
7 38
9 20
14 39
15 13
15 31
15 32
18 17
18 28
24 31
26 8
29 23
29 24
29 26
30 17
32 27
33 20
33 21
35 0
0 39
6 32
9 22
9 23
9 28
11 39
13 36
15 24
16 26
16 33
19 13
19 35
19 39
20 17
22 27
22 29
26 0
26 2
28 6
28 7
29 8
30 32
30 33
30 36
33 22
33 23
34 35
36 17
39 0
1 20
6 2
9 39
10 38
13 25
14 25
15 8
15 27
15 29
16 34
17 13
18 31
18 32
22 24
22 38
23 28
24 27
24 29
26 35
29 0
29 2
29 15
29 16
29 25
30 31
32 19
32 30
33 14
1 22
1 23
2 39
4 20
9 32
13 16
13 21
14 7
14 16
14 21
15 39
18 24
19 8
23 32
23 33
23 36
28 39
33 24
33 26
35 17
0 13
4 22
4 23
6 38
8 39
9 24
10 17
13 19
14 19
17 8
17 20
18 27
18 29
20 39
22 35
23 17
23 31
25 17
30 27
30 29
31 32
31 33
31 36
33 11
35 30
1 32
11 13
13 26
13 33
14 10
14 26
14 33
17 0
17 2
17 22
17 23
17 28
18 38
21 28
22 19
23 24
24 8
24 35
25 28
31 8
31 31
33 16
33 25
34 19
37 19
39 19
4 32
12 17
13 34
13 37
14 34
21 32
21 33
21 36
23 27
23 29
24 19
25 32
25 33
25 36
31 19
3 39
5 39
13 12
14 12
16 20
17 31
17 32
18 35
21 31
25 31
28 8
30 35
31 27
31 29
37 30
11 2
12 39
13 14
13 15
14 14
14 15
16 22
16 23
16 28
17 24
21 24
23 19
25 24
27 18
27 20
28 19
29 32
29 33
29 36
32 17
38 2
38 8
38 13
38 29
38 37
39 30
4 38
7 39
15 17
17 27
17 29
20 30
21 27
21 29
23 35
25 27
25 29
26 39
27 3
27 28
28 30
29 31
38 3
38 12
38 18
38 22
38 27
38 34
38 38
12 30
16 31
16 32
17 38
19 17
19 30
21 38
31 35
34 30
38 10
38 21
7 30
8 30
10 39
13 20
14 20
16 24
17 19
21 19
22 17
22 39
25 19
26 30
27 12
27 14
29 27
29 29
33 32
33 33
33 36
34 17
36 30
37 17
38 4
38 26
38 39
39 17
11 30
13 22
13 23
13 28
14 22
14 23
14 28
16 27
16 29
17 35
21 35
24 17
24 39
25 35
27 13
27 21
27 37
31 17
38 1
6 39
10 30
16 38
22 30
27 22
29 19
38 5
38 15
38 28
38 31
11 17
13 31
13 32
14 31
14 32
15 30
16 19
18 39
24 30
27 10
28 17
29 35
30 39
33 27
33 29
38 20
6 30
13 13
13 24
14 13
14 24
16 35
27 23
27 26
38 23
13 27
13 29
14 27
14 29
18 30
27 4
27 5
27 11
27 34
30 30
33 19
38 14
9 30
13 38
14 8
27 1
27 15
27 16
27 25
31 39
33 35
38 24
4 39
23 30
27 9
38 11
17 39
21 39
25 39
29 17
31 30
38 16
38 25
16 17
38 9
17 30
21 30
25 30
27 6
27 7
16 39
33 17
27 32
27 33
27 36
29 30
38 6
38 7
13 17
14 17
16 30
27 31
27 24
38 32
38 33
38 36
13 39
27 27
27 29
33 30
27 8
13 30
14 30
27 0
27 2
27 19
27 35
38 0
38 19
38 35
27 17
38 17
27 30
38 30
