7 29
29 23
6 30
10 34
11 17
23 5
33 21
38 14
1 8
1 25
7 15
11 15
21 20
21 31
23 33
30 22
32 1
34 12
37 18
38 25
0 11
2 25
3 9
4 16
9 14
9 16
10 6
11 33
13 17
20 33
21 34
23 11
23 17
24 31
28 20
28 22
29 18
29 19
32 19
33 1
33 13
33 17
33 23
35 13
36 17
37 27
0 16
1 37
2 39
3 19
3 21
3 29
3 30
3 32
6 21
8 30
8 39
10 14
10 15
10 16
11 20
11 26
14 15
16 2
20 30
20 37
23 21
26 21
29 21
30 9
31 9
32 15
33 4
33 10
33 12
34 4
37 15
0 15
0 34
0 35
1 36
2 0
2 34
2 35
3 14
3 22
3 39
10 25
15 38
16 3
22 12
22 17
23 0
23 9
23 20
24 30
25 20
26 18
29 16
30 17
31 36
32 22
32 24
33 37
34 17
35 14
35 19
35 24
35 29
35 36
36 14
37 23
38 3
39 35
39 36
0 37
1 1
1 5
1 39
2 33
3 15
3 37
4 9
7 26
7 32
8 5
8 25
8 35
10 0
10 12
10 20
11 37
12 26
13 21
13 24
15 0
18 0
18 3
19 24
20 11
21 38
22 0
22 4
25 18
27 31
28 21
28 34
30 15
30 35
31 7
32 18
32 23
33 18
33 39
34 2
34 9
34 14
34 31
34 34
34 35
35 3
35 5
35 15
35 35
36 3
36 5
36 15
37 1
37 31
37 32
38 4
38 5
38 17
38 19
39 1
39 32
39 38
0 36
1 29
1 30
1 33
2 28
2 31
2 36
4 7
5 25
5 33
6 19
6 25
7 1
8 0
8 32
10 19
10 30
11 8
11 29
11 32
11 38
12 21
12 24
13 37
15 8
16 32
16 33
16 37
17 37
18 29
19 4
19 9
19 30
19 38
20 2
22 7
22 11
23 7
25 9
25 21
26 17
27 10
28 27
30 13
31 30
31 32
31 35
32 38
33 8
33 26
34 15
34 27
34 37
34 38
35 10
35 22
35 32
36 12
36 36
37 6
37 13
37 22
37 24
37 30
37 34
37 37
37 38
38 7
38 18
38 26
39 34
39 39
0 6
0 7
0 9
0 39
1 31
2 2
2 4
3 24
5 23
5 34
6 23
6 33
7 8
7 34
7 39
8 16
9 5
11 2
11 6
11 28
13 12
13 29
13 38
16 0
16 39
19 31
19 33
20 9
23 30
24 23
25 15
25 33
27 8
29 13
29 17
30 24
30 27
31 5
33 2
33 31
33 34
34 8
34 18
34 20
34 39
35 9
35 18
35 21
35 26
36 10
36 35
37 2
37 21
37 26
37 39
38 12
39 2
0 1
0 5
0 12
2 24
2 32
3 5
3 6
3 18
3 28
4 18
5 5
5 6
5 37
6 18
6 34
6 39
7 37
8 8
8 14
8 26
8 28
9 0
9 6
9 9
9 13
10 29
11 4
11 12
12 8
13 28
13 30
14 20
15 12
15 39
16 8
18 4
18 26
19 39
21 24
21 28
23 2
24 27
24 34
24 39
25 0
25 7
25 10
25 23
27 12
28 31
29 9
29 30
30 32
30 34
30 38
31 2
32 10
33 20
35 1
35 4
35 37
35 38
36 1
36 4
36 9
36 34
37 7
37 16
38 1
38 10
38 21
0 8
1 0
1 32
2 38
4 5
4 6
5 26
5 35
6 26
6 37
7 23
7 35
8 20
8 21
8 38
9 17
10 2
10 9
10 28
10 32
12 2
12 15
15 15
16 34
17 34
18 31
18 33
18 37
19 1
19 8
19 12
20 15
20 27
20 32
20 38
21 32
22 8
23 8
23 27
23 32
23 38
24 17
24 20
25 1
25 4
25 27
28 16
28 38
29 10
29 35
32 16
32 20
32 36
33 6
33 16
33 29
34 6
34 22
34 23
34 24
34 32
35 8
35 39
37 12
38 9
0 17
1 2
1 4
3 0
3 12
3 13
3 17
3 38
4 17
5 0
5 20
5 28
5 31
6 17
6 28
6 35
7 20
7 21
8 2
8 19
10 1
10 4
10 24
12 4
12 12
12 34
13 27
14 8
14 21
14 24
14 32
14 33
15 1
15 4
16 9
17 38
18 1
18 27
19 5
19 6
19 20
19 26
19 34
20 0
20 4
20 8
20 17
20 28
21 29
22 1
22 6
24 5
24 18
25 12
27 1
27 4
27 5
27 30
27 34
28 7
28 13
29 7
29 26
30 7
30 12
30 37
30 39
31 0
31 33
31 38
32 27
32 31
32 34
34 0
34 29
35 2
35 16
35 33
36 2
36 8
36 16
36 37
36 38
37 10
38 2
0 23
0 24
0 26
1 28
1 38
2 27
3 2
3 4
4 0
4 12
4 13
5 2
5 4
5 14
5 16
6 31
7 19
7 27
7 31
8 1
8 4
8 24
11 23
12 33
13 0
13 9
13 39
14 37
15 23
18 28
19 15
20 23
20 39
21 26
24 15
24 24
24 32
24 37
25 2
25 8
27 38
28 9
28 15
28 37
28 39
29 12
29 29
31 6
32 0
32 4
32 7
32 9
32 35
33 32
34 16
35 20
36 39
37 9
37 20
38 8
38 29
38 35
38 36
0 29
0 30
3 1
4 2
4 4
5 1
5 15
5 24
6 24
7 9
8 18
8 31
9 2
10 7
11 9
11 18
11 31
12 5
12 18
13 2
14 0
14 38
15 5
15 6
15 32
15 33
16 1
17 39
18 5
18 6
18 34
19 17
19 27
20 29
22 3
23 3
23 16
23 24
23 37
23 39
24 9
24 29
25 24
25 34
27 2
27 20
27 22
27 32
28 1
28 4
28 5
28 10
28 17
29 1
29 4
29 5
29 32
29 34
30 1
30 4
30 5
30 30
30 33
31 3
31 37
31 39
32 29
33 0
33 30
34 26
36 19
36 23
36 27
37 0
38 16
38 20
38 31
38 32
39 0
0 2
0 4
0 20
0 25
0 31
0 38
1 11
1 14
1 16
1 19
1 20
3 27
4 1
5 38
7 3
7 12
7 13
7 18
7 38
8 9
9 1
9 4
10 18
10 23
11 27
12 1
12 37
13 4
14 2
14 26
14 30
14 34
15 17
15 29
18 38
19 28
21 18
23 28
25 6
25 38
27 16
27 29
27 37
27 39
28 24
28 30
29 38
32 5
34 11
34 33
36 31
37 8
37 33
38 30
38 34
39 33
0 21
1 15
1 21
2 7
5 21
6 38
7 24
8 12
8 13
8 17
8 27
12 9
12 29
12 38
13 16
13 18
13 23
13 31
14 4
14 11
14 16
16 5
16 6
16 13
16 24
19 32
20 5
20 6
22 16
22 18
23 13
24 0
24 7
24 10
24 12
24 26
27 6
27 11
27 18
27 23
28 2
28 12
29 2
30 2
32 8
32 32
35 28
36 22
36 24
36 30
0 22
0 32
1 22
2 3
5 19
5 27
6 14
6 27
7 17
9 11
10 27
10 31
11 3
12 19
12 23
12 28
12 30
12 32
13 5
13 6
14 27
15 7
15 26
15 30
15 34
16 21
18 7
18 12
18 21
18 39
20 1
23 26
23 29
24 1
24 4
25 3
25 16
25 26
25 29
25 32
25 37
25 39
27 15
27 21
29 28
29 37
29 39
30 26
30 29
32 30
33 11
33 33
35 0
35 11
36 0
36 21
36 29
36 33
37 28
38 0
38 37
38 38
1 27
2 8
2 9
2 11
2 14
2 16
2 19
2 20
4 29
4 30
6 8
6 15
10 11
13 1
14 5
14 6
14 13
14 39
16 20
16 29
18 20
18 32
19 23
21 2
21 12
21 19
21 22
26 9
26 19
26 33
27 3
27 17
28 6
28 26
28 29
29 6
29 33
30 6
30 11
31 21
36 11
38 39
0 28
2 15
2 21
4 11
4 25
4 33
5 18
6 5
6 6
7 7
10 3
11 7
11 22
12 3
13 19
14 1
15 22
15 27
16 7
18 15
20 3
20 16
20 18
20 22
21 35
22 13
22 19
22 23
23 19
24 2
24 8
25 13
25 19
26 15
26 31
27 28
28 0
29 0
29 11
30 0
31 19
32 6
36 26
38 11
1 3
1 18
2 22
4 23
4 34
5 12
5 13
8 3
8 7
9 7
11 35
12 39
13 7
13 11
13 13
15 28
16 17
16 26
16 30
18 9
18 17
21 11
22 21
22 31
22 33
22 34
24 35
26 7
26 10
26 23
27 24
28 3
29 3
30 3
31 15
31 22
31 24
31 27
32 33
1 12
1 13
3 3
4 22
4 32
4 37
5 3
5 17
6 0
7 11
9 33
9 37
10 22
11 11
12 7
13 35
14 7
14 23
14 31
16 11
19 16
19 18
20 13
20 35
21 15
22 30
23 22
23 35
24 6
24 16
25 28
26 1
26 4
26 5
26 27
30 28
31 13
31 23
32 3
33 28
36 20
37 11
1 17
4 3
4 26
4 35
6 2
6 4
8 11
9 3
9 34
13 3
13 22
14 18
15 16
15 18
16 14
16 27
16 35
17 35
20 19
21 0
21 4
21 7
21 9
23 14
26 12
27 35
28 11
28 28
31 18
32 11
34 28
38 33
0 3
2 18
3 10
4 28
6 1
6 9
9 25
9 30
12 11
12 13
12 22
12 31
14 3
14 10
15 31
16 28
19 13
19 35
22 27
24 3
24 13
24 22
26 2
26 8
26 34
27 26
31 17
32 14
0 27
2 12
2 13
6 12
6 13
8 22
9 10
9 39
14 14
15 11
15 13
19 10
19 19
19 22
24 19
25 35
26 24
26 30
26 38
32 28
2 17
4 24
7 22
9 20
9 21
9 29
10 10
14 19
15 19
18 35
20 10
20 25
21 8
22 14
22 38
25 14
26 6
30 14
31 12
4 10
4 38
5 11
9 19
9 26
9 28
9 32
9 35
10 36
13 14
14 35
16 23
18 23
21 5
21 6
22 10
22 24
26 32
26 37
26 39
29 14
29 25
31 16
31 20
33 25
38 28
8 36
13 10
14 22
16 16
16 18
18 16
18 18
20 14
21 1
21 25
22 28
26 3
26 26
26 29
35 25
36 28
39 6
39 13
39 15
39 22
39 23
39 24
39 27
4 27
4 31
6 7
7 10
11 10
12 35
15 35
16 10
21 36
22 32
22 37
22 39
26 11
27 19
31 26
32 25
39 4
39 5
39 14
39 17
39 19
39 25
39 29
8 10
9 24
11 36
12 14
13 25
18 11
18 13
18 25
19 14
21 3
21 16
22 26
22 29
24 14
24 36
26 13
28 14
28 36
39 7
39 18
6 3
6 11
9 38
12 10
12 25
13 36
15 14
16 19
18 19
20 36
23 36
24 25
39 12
39 30
5 36
7 36
15 10
16 36
17 36
19 25
21 13
23 25
25 25
26 28
27 36
30 25
31 11
39 10
39 21
6 36
9 23
9 27
9 31
16 22
18 22
19 36
28 25
31 28
34 25
39 9
5 10
17 2
17 24
25 36
26 35
27 14
29 36
39 26
1 10
14 25
17 3
17 12
17 21
17 31
18 36
39 8
14 36
17 8
17 20
17 29
18 14
22 35
26 14
39 16
39 20
15 25
17 15
18 10
22 22
2 10
6 10
12 36
15 36
17 0
17 4
17 9
17 17
17 26
17 30
21 14
27 25
36 25
9 22
21 10
31 14
16 25
17 27
17 28
39 11
17 5
17 6
26 25
39 28
4 36
17 1
26 36
31 25
17 23
22 25
17 7
17 16
17 18
22 36
9 36
17 11
17 13
17 19
17 22
17 14
17 10
17 25
