39 34
26 39
1 28
9 1
12 12
21 25
29 38
30 23
32 9
34 1
36 34
37 1
37 35
38 1
38 38
38 39
39 36
0 12
0 13
0 25
4 36
11 16
15 11
23 4
27 38
27 39
32 1
32 25
33 31
33 35
35 1
39 28
39 38
39 39
3 32
6 16
7 32
11 29
11 32
12 3
15 26
16 25
22 25
23 5
26 32
27 9
31 29
32 29
36 33
36 35
38 4
39 25
1 10
3 36
6 9
9 2
10 13
10 16
11 3
14 5
22 8
29 9
30 39
33 26
38 3
38 9
4 1
10 28
10 31
17 12
17 22
20 38
22 5
27 5
31 30
32 21
32 30
33 30
35 3
36 38
38 32
38 34
39 30
39 31
0 16
0 19
0 20
1 0
1 2
1 27
3 29
3 35
5 1
5 3
6 28
6 33
7 36
10 17
10 25
11 7
11 12
11 26
12 16
19 36
21 26
21 34
22 23
23 36
24 36
25 4
25 39
27 4
30 12
32 23
32 36
32 38
34 6
34 31
34 36
34 38
35 34
36 39
38 5
38 8
0 24
1 4
1 5
1 36
2 37
2 38
5 37
5 38
6 21
6 36
7 26
7 31
8 39
10 19
11 4
11 5
12 10
22 34
23 38
24 30
24 38
27 8
27 29
29 6
31 6
32 3
32 7
32 32
32 39
33 36
33 38
34 39
38 30
38 31
38 33
38 35
39 23
39 29
0 6
0 7
0 9
0 21
0 27
0 29
0 30
1 8
1 31
1 33
4 37
4 38
6 2
6 11
6 25
7 19
7 29
8 2
8 7
10 38
11 28
12 8
13 25
15 8
15 32
17 11
17 19
22 22
22 26
24 31
25 26
25 36
26 30
27 26
27 33
27 34
28 24
29 8
29 32
31 24
32 33
32 34
33 32
33 39
34 5
34 8
34 28
35 24
35 28
35 33
35 35
37 32
39 17
0 36
1 11
1 17
1 26
1 35
2 39
5 39
6 4
6 5
6 8
6 13
6 17
8 4
8 5
11 13
11 21
11 38
12 6
13 32
15 4
16 4
17 4
20 35
21 6
21 36
25 25
25 38
26 31
27 25
28 36
29 3
29 33
29 34
30 6
30 31
31 3
32 4
32 10
33 33
34 4
34 30
35 23
38 7
38 29
39 21
0 18
0 31
0 33
1 1
3 37
3 38
4 7
4 12
4 39
5 7
5 12
6 27
6 31
7 37
7 38
8 12
10 1
10 15
11 10
13 2
13 5
13 13
13 26
14 4
15 16
16 31
18 5
19 39
21 38
22 36
23 30
24 34
27 20
27 21
28 29
29 5
29 10
30 19
30 20
30 22
30 24
30 26
31 5
31 36
31 38
34 25
34 26
34 29
35 25
35 26
35 29
35 36
35 38
37 24
37 28
37 30
37 31
37 33
0 0
0 2
0 14
0 26
0 35
1 3
1 32
3 25
4 4
4 5
6 1
6 29
6 37
6 38
7 17
8 19
10 3
10 21
10 27
12 2
14 36
15 27
16 36
20 26
20 32
21 2
21 29
21 32
22 2
22 16
22 38
23 26
23 31
23 32
25 23
25 30
26 33
26 34
27 23
27 30
27 35
28 38
29 4
30 3
30 29
31 4
31 8
31 12
31 39
32 17
34 7
35 39
39 2
39 6
39 10
0 4
0 5
0 15
1 16
3 19
3 20
3 24
3 39
4 9
4 10
5 9
5 10
6 3
6 14
6 18
7 21
7 39
8 3
8 16
10 35
11 39
13 12
13 28
15 2
16 2
17 2
17 8
17 20
20 39
22 20
22 21
22 31
22 32
23 6
25 5
25 12
25 19
25 31
25 33
25 34
27 2
27 31
29 35
30 5
30 17
31 32
32 18
32 22
32 24
34 2
34 32
35 32
37 25
37 26
37 29
39 20
0 10
0 32
1 19
1 20
1 24
1 37
1 38
3 27
5 13
6 15
6 26
6 39
8 33
10 2
10 7
11 6
11 11
11 18
11 20
11 33
13 11
13 17
13 21
14 2
14 38
16 13
16 29
16 38
19 23
20 31
21 3
21 12
22 3
22 29
23 35
24 2
24 3
24 29
24 35
25 8
26 2
26 3
29 25
30 4
30 8
30 30
31 0
31 7
31 21
31 33
31 34
33 0
35 2
36 0
39 1
3 21
6 22
7 18
8 8
8 13
8 17
8 25
8 32
10 4
10 5
11 27
11 35
13 18
13 36
15 3
16 3
16 12
16 24
16 27
17 3
17 6
17 10
19 25
21 7
21 24
22 6
22 10
23 3
23 39
26 35
28 30
29 18
29 23
29 26
30 10
30 36
32 2
34 21
36 21
36 24
36 28
36 30
36 31
37 0
38 0
39 4
39 18
0 1
0 37
0 38
1 21
1 39
3 13
4 3
6 6
7 12
8 0
8 6
8 10
8 36
10 20
11 0
12 9
13 31
14 3
15 7
15 9
15 19
15 21
15 36
16 16
17 17
18 4
25 35
27 0
27 7
28 31
30 7
32 16
32 19
34 0
34 23
35 22
36 4
36 23
38 23
39 3
39 9
0 3
3 18
3 26
5 0
5 14
6 23
7 20
7 35
10 10
11 22
11 24
12 17
13 4
13 10
13 38
14 33
14 39
15 31
16 23
16 33
16 39
17 18
17 25
18 8
20 29
21 28
21 35
23 1
23 12
23 19
23 29
24 0
25 6
25 24
26 0
27 24
28 32
29 2
30 16
30 32
31 2
31 35
33 27
35 0
36 3
36 6
36 9
36 25
36 26
36 29
38 17
39 22
0 39
1 14
1 18
3 0
3 2
3 7
3 12
4 8
4 11
5 8
5 11
5 15
6 35
7 2
7 7
8 14
8 18
9 0
12 18
13 0
13 8
13 20
14 35
15 38
16 11
16 35
19 26
19 32
20 27
20 33
21 33
21 39
22 17
22 35
23 7
23 33
25 16
25 29
28 33
28 34
30 33
30 34
31 17
31 28
32 0
32 28
34 12
34 20
35 6
35 9
36 20
38 21
38 24
39 5
39 8
39 12
39 16
39 19
0 8
0 23
1 15
3 4
3 5
3 16
3 30
4 6
5 6
5 28
5 33
7 4
7 5
7 9
8 11
8 15
8 28
8 31
10 22
10 24
10 30
10 34
11 9
11 23
12 0
12 29
13 1
13 27
16 28
18 2
18 6
18 10
19 22
21 0
21 19
21 22
22 0
22 18
22 28
22 33
22 39
23 23
24 28
25 2
25 3
27 1
27 11
30 2
31 18
31 27
32 27
34 17
36 5
36 8
36 12
3 9
3 10
7 13
7 22
7 24
8 20
8 29
10 8
10 11
12 1
12 25
12 32
13 33
13 39
15 0
15 20
15 29
16 0
17 0
17 7
17 9
17 26
17 32
19 5
19 12
19 31
21 1
21 16
21 30
22 1
22 7
22 9
22 27
24 1
24 27
25 10
26 1
28 12
29 0
31 10
34 18
35 5
35 8
35 12
35 20
36 18
37 17
38 25
38 26
39 27
4 28
4 33
5 25
7 1
7 10
7 30
10 6
10 23
11 34
13 6
13 22
13 24
13 35
14 0
15 1
15 33
15 39
16 1
16 19
16 21
17 1
17 36
18 3
23 22
24 12
24 19
24 25
25 20
25 21
28 18
28 35
29 17
30 35
31 22
32 11
34 10
35 17
37 4
37 21
38 12
38 20
39 7
3 1
3 22
5 19
5 20
5 24
5 32
6 0
7 3
7 23
8 26
11 30
12 26
14 1
15 35
16 8
16 30
17 31
20 28
21 10
23 16
23 28
25 0
25 7
26 22
27 13
29 11
30 0
31 16
31 19
31 20
33 9
34 22
35 18
36 7
36 10
36 22
37 3
37 6
37 9
1 22
3 3
3 34
4 16
4 25
5 17
5 27
5 31
7 14
7 34
13 23
15 17
15 22
15 24
17 38
19 21
19 29
21 20
21 21
23 27
24 23
25 28
27 28
28 6
28 9
29 1
34 16
34 19
34 27
35 7
35 10
35 27
36 19
38 18
3 14
3 23
4 19
4 20
4 24
4 32
5 21
5 29
6 30
6 34
7 8
7 11
7 15
12 28
14 13
14 34
15 18
16 6
16 10
16 34
18 7
18 9
19 27
19 33
23 10
23 24
25 17
25 27
26 26
27 27
29 22
29 24
33 21
36 16
37 5
37 8
37 12
37 20
1 23
3 8
3 11
3 15
4 17
4 27
4 31
7 6
8 27
10 9
12 21
12 36
13 7
13 9
14 16
14 25
15 23
16 20
17 29
19 4
19 19
20 5
20 12
20 23
20 30
22 11
22 13
23 20
23 21
24 8
24 22
25 1
25 18
26 9
26 12
26 19
26 25
28 3
29 16
29 19
29 20
29 21
30 1
33 6
33 23
35 16
35 19
36 2
37 27
38 22
1 34
3 6
4 21
4 29
5 18
5 26
8 35
12 31
14 12
17 27
17 33
17 39
18 0
19 8
19 16
19 24
21 17
24 16
28 5
28 28
30 11
30 28
32 13
33 3
37 18
38 16
38 19
8 22
8 24
10 0
12 38
13 30
13 34
14 11
14 26
17 14
17 15
17 35
18 1
18 23
21 9
21 18
26 23
28 4
28 8
28 17
28 27
30 13
30 27
33 5
33 8
33 12
33 20
37 7
37 10
39 0
0 34
4 14
4 18
4 26
15 30
15 34
16 17
17 24
18 25
19 2
19 6
19 10
19 28
23 17
24 6
24 10
24 24
26 5
27 14
27 15
33 4
33 17
37 22
4 15
8 23
12 20
14 28
16 7
16 9
16 18
23 9
23 18
24 20
24 21
26 8
26 37
28 10
33 18
36 27
37 16
37 19
37 37
5 35
10 37
12 14
12 15
12 27
12 33
12 39
14 10
14 19
14 21
17 28
19 3
19 37
20 4
20 19
20 22
25 11
26 16
29 28
29 37
33 7
33 10
5 22
7 0
11 14
11 37
12 35
14 8
14 31
18 26
18 32
19 30
19 34
20 8
20 16
20 37
22 14
22 15
25 13
27 37
28 16
28 19
28 20
28 21
29 27
31 11
33 22
33 24
36 37
38 37
8 30
8 34
12 22
12 24
18 19
18 22
18 36
19 17
21 11
24 17
26 6
26 10
26 24
28 2
31 13
32 14
32 15
32 37
33 16
33 19
34 11
34 37
38 27
39 11
39 37
4 22
5 23
17 30
17 34
18 16
18 31
19 7
19 9
19 18
20 2
20 6
20 10
21 13
23 37
24 7
24 9
24 18
24 37
26 20
26 21
30 14
30 15
33 2
33 37
34 13
36 11
39 13
12 23
14 20
14 29
18 38
20 20
20 21
23 11
35 11
36 13
39 15
2 13
2 17
2 28
4 23
9 33
14 27
14 37
16 37
19 0
20 3
23 13
25 37
28 0
28 7
29 13
35 13
38 11
2 31
2 33
5 30
5 34
9 12
9 25
9 32
15 14
15 15
18 20
18 21
18 29
19 1
21 37
26 17
31 37
35 37
38 13
2 0
2 2
2 7
2 12
2 35
9 19
9 36
12 30
12 34
13 14
13 15
14 17
14 22
14 24
18 27
18 33
18 39
20 17
20 24
22 37
25 14
25 15
26 7
26 18
2 4
2 5
2 16
2 25
4 30
4 34
9 7
9 16
13 37
14 7
14 9
14 18
18 35
19 11
20 7
20 9
20 18
24 11
26 28
28 1
31 14
31 15
37 11
2 9
2 10
2 19
2 20
2 24
2 32
9 4
9 5
14 23
15 37
18 17
18 24
19 13
21 14
21 15
24 13
26 27
34 14
34 15
37 13
2 27
9 13
9 17
9 28
9 31
18 18
20 0
28 11
28 37
30 37
36 14
36 15
2 1
2 21
2 29
9 10
9 21
9 29
16 14
16 15
18 28
20 1
23 14
23 15
28 13
29 14
29 15
33 11
35 14
35 15
2 3
14 30
26 11
33 13
38 14
38 15
2 14
2 18
2 26
9 14
9 18
9 26
9 38
9 39
20 11
26 13
2 8
2 11
2 15
9 8
9 11
9 15
17 37
18 30
18 34
20 13
2 6
9 6
9 20
19 14
19 15
24 14
24 15
37 14
37 15
9 27
18 13
9 35
28 14
28 15
2 22
9 22
9 24
12 37
33 14
33 15
9 9
26 14
26 15
2 23
9 23
14 14
14 15
20 14
20 15
18 14
18 15
2 30
2 34
9 30
9 34
18 37
9 37
