8 5
27 34
19 39
22 39
26 32
33 10
1 39
10 24
21 28
22 28
25 25
34 28
35 0
39 8
8 3
9 12
10 38
21 33
21 38
22 23
24 5
26 27
26 33
28 5
33 19
33 29
35 26
39 7
39 28
6 20
8 18
11 3
11 26
22 20
22 21
23 32
25 0
25 26
27 31
29 3
29 28
33 20
34 27
36 26
36 33
36 36
37 23
37 27
37 28
37 32
37 36
2 30
8 13
9 36
15 38
18 0
25 28
26 7
26 28
28 10
29 7
33 0
35 7
35 20
35 28
36 27
38 8
39 0
39 5
39 11
39 12
39 29
39 31
0 4
8 12
9 38
22 33
23 23
23 39
24 0
25 5
26 3
27 11
27 29
28 8
30 0
30 7
30 26
31 4
33 23
35 2
35 8
35 32
36 21
36 29
37 29
37 33
38 1
38 4
38 7
39 36
1 18
2 36
2 38
5 18
7 6
9 18
10 13
16 0
18 3
18 10
18 12
20 29
20 38
20 39
23 20
23 26
24 1
24 6
25 3
25 7
26 8
28 6
29 10
29 31
30 5
30 11
32 28
33 6
34 4
35 9
35 21
36 31
38 9
38 10
39 35
1 38
3 23
5 13
9 4
12 29
14 32
14 36
14 38
20 0
20 33
22 35
23 0
23 16
25 33
26 0
26 6
26 35
29 0
29 8
29 33
30 10
32 29
32 33
33 3
33 5
33 27
34 7
35 29
36 0
37 31
38 2
39 1
39 4
39 10
1 3
1 19
1 20
2 3
2 33
3 19
3 20
7 38
10 22
11 23
11 33
11 36
12 33
12 36
12 38
14 17
14 26
19 1
19 10
19 12
21 34
23 1
23 11
23 29
23 35
24 21
25 29
26 29
27 16
28 1
29 6
29 29
30 8
30 20
30 23
31 0
32 7
32 8
32 27
33 1
33 30
33 32
33 33
34 8
35 3
35 12
35 31
36 1
36 4
37 0
37 7
39 22
39 33
3 16
5 23
6 25
7 9
7 20
11 13
11 29
13 24
18 6
18 13
19 3
20 6
21 15
23 3
23 10
23 19
25 6
25 35
27 5
27 25
28 13
28 35
30 1
30 32
32 4
35 6
35 25
35 34
36 30
37 1
37 4
37 25
38 6
39 2
39 20
39 23
1 11
3 14
3 24
6 22
6 24
6 29
6 34
7 18
7 23
7 30
9 34
10 5
10 30
10 33
11 4
11 12
14 14
14 34
18 20
19 34
21 6
21 12
21 20
21 21
22 17
27 3
27 7
29 30
30 33
31 11
31 35
33 26
34 32
34 33
35 5
35 18
36 2
36 25
36 34
38 3
39 19
0 3
0 5
1 7
1 16
2 32
5 12
5 25
5 34
7 0
9 0
10 3
10 14
11 34
12 25
12 34
13 33
13 36
13 38
18 5
19 8
19 13
21 10
22 34
23 8
24 4
25 9
26 1
27 13
28 4
29 1
29 35
30 21
31 5
31 10
31 28
31 32
32 26
32 35
33 13
34 2
35 30
36 6
36 11
37 2
0 6
1 0
1 5
1 12
1 29
1 31
1 34
2 0
3 22
5 4
5 16
5 24
7 25
8 0
8 14
9 14
9 23
9 24
11 20
15 16
16 4
16 6
19 17
20 1
20 8
21 25
23 34
24 11
24 32
27 0
27 8
27 20
27 23
30 16
30 31
31 1
31 3
31 29
32 0
32 11
32 19
33 9
33 16
33 25
33 35
34 6
36 5
36 8
37 6
37 11
37 34
39 3
39 13
39 18
39 21
1 6
1 9
1 25
3 29
5 14
5 30
6 26
6 36
7 29
8 17
8 23
8 24
8 39
9 30
10 29
10 34
11 39
14 3
16 9
16 11
16 39
17 39
18 9
18 17
19 4
19 5
19 21
20 3
20 11
20 15
20 34
21 1
21 8
21 30
22 25
22 30
23 4
23 13
23 17
24 10
24 22
24 26
24 28
24 33
25 16
25 34
26 4
26 11
27 6
27 19
27 26
28 9
28 12
29 4
31 27
32 20
32 25
32 30
34 5
34 11
34 31
35 13
36 3
36 9
36 10
36 12
36 19
36 22
37 5
37 20
3 4
3 17
5 7
5 22
5 36
6 38
8 30
10 19
11 6
13 32
13 34
14 25
14 30
15 3
15 15
16 5
19 16
20 20
20 21
20 30
21 3
24 16
25 4
25 20
26 9
30 17
30 35
31 31
31 34
32 6
33 17
34 1
34 3
34 23
34 35
35 16
35 22
37 3
37 9
37 10
37 12
37 19
0 0
3 11
3 34
5 3
5 5
5 26
5 38
6 33
7 16
7 33
7 39
8 7
9 7
9 11
9 25
10 16
10 17
10 39
11 9
11 25
13 26
14 12
14 20
15 39
17 10
17 12
18 16
18 38
19 9
19 29
22 6
22 11
22 15
23 30
24 8
24 35
25 19
25 30
26 30
27 12
27 21
28 27
28 32
29 9
29 25
29 34
30 12
31 23
32 5
32 34
34 19
35 39
36 18
38 39
39 25
39 34
1 17
1 30
3 7
3 15
5 6
5 9
5 33
7 11
7 14
7 22
7 26
8 19
8 25
9 10
9 16
9 17
9 29
11 32
13 20
14 0
15 12
18 7
19 26
19 32
20 13
21 22
22 10
23 25
24 19
25 13
26 16
27 1
27 39
28 28
30 9
30 22
30 30
31 13
31 26
32 1
32 3
33 34
34 12
34 20
34 30
35 17
36 39
37 18
37 21
37 39
1 24
1 36
3 3
3 5
3 12
3 30
5 17
6 19
7 10
8 8
8 29
9 8
10 15
10 21
11 16
11 17
12 1
13 3
13 14
14 22
14 23
15 0
15 13
19 19
20 4
20 5
21 17
23 12
23 22
24 13
24 29
25 21
26 20
26 23
26 39
28 15
28 25
28 33
28 39
31 16
33 22
35 38
38 38
3 6
3 9
3 36
6 13
6 32
7 1
7 32
8 11
8 15
9 1
9 15
9 22
9 39
10 4
10 6
10 32
13 13
13 22
13 23
14 39
16 1
17 0
17 13
18 11
18 19
18 33
21 4
21 5
22 1
22 8
23 9
26 19
27 4
27 38
29 20
29 23
30 15
30 34
31 21
31 25
31 30
31 39
32 13
32 21
33 15
34 18
34 21
34 34
36 13
36 38
37 38
39 17
1 1
1 33
2 1
3 38
5 0
5 15
5 32
6 4
6 21
7 8
7 35
8 1
8 10
8 22
8 33
8 35
9 19
9 26
10 9
11 1
11 15
12 39
13 12
14 4
14 6
15 33
16 7
16 36
17 3
19 22
19 23
21 16
21 36
22 3
24 34
25 17
25 39
26 13
26 38
27 15
28 31
28 38
29 19
29 26
29 39
31 12
31 17
32 16
32 39
36 16
37 13
39 15
39 39
1 26
2 35
3 33
7 17
8 26
10 0
11 11
11 19
12 14
12 28
13 0
14 9
14 16
15 4
15 6
18 29
19 11
19 36
20 22
20 23
21 9
22 13
23 38
24 17
25 12
26 21
27 9
27 22
27 36
28 20
28 23
29 13
31 9
31 38
32 9
33 39
35 15
37 16
1 10
1 21
3 0
3 21
3 26
6 7
6 39
9 32
11 7
11 10
12 13
12 31
13 25
13 30
14 5
14 28
15 9
15 29
16 8
16 35
17 4
17 6
18 26
18 32
19 7
20 17
22 18
22 36
23 7
24 12
25 38
26 36
28 19
28 26
28 29
28 36
29 21
29 38
32 12
32 17
32 38
34 13
34 25
36 17
38 26
38 30
39 38
0 1
1 32
2 13
5 39
6 3
6 5
6 12
7 15
8 32
11 21
11 28
12 12
13 39
14 15
15 5
15 26
15 32
15 34
16 33
17 9
19 25
19 35
20 7
21 19
21 31
22 31
23 36
24 9
25 22
26 17
29 16
30 39
31 36
33 38
34 16
34 39
37 17
38 22
38 32
38 35
1 8
3 32
5 21
6 6
6 9
6 16
6 28
7 19
11 8
13 4
13 6
14 19
14 31
15 20
17 5
17 33
18 34
19 18
19 30
20 16
20 25
20 27
20 31
20 36
21 7
22 4
22 5
24 24
25 36
26 12
28 21
28 30
29 36
31 15
31 22
32 22
32 36
38 20
38 23
38 27
38 28
2 18
2 25
5 10
6 14
9 35
10 11
13 9
13 19
14 35
16 13
16 29
18 18
18 22
18 23
21 24
21 27
22 12
22 27
23 18
23 31
24 30
25 15
25 31
29 12
29 17
30 18
30 38
33 36
34 17
34 38
38 19
38 33
2 23
5 28
7 21
10 7
10 10
11 35
12 20
12 27
12 35
13 5
14 11
14 21
15 22
15 23
16 26
16 32
17 29
20 35
22 9
22 24
24 15
25 24
26 22
28 14
32 15
35 24
36 15
37 24
38 29
2 11
2 19
2 20
3 10
3 39
5 1
5 8
6 0
7 28
10 28
11 18
12 4
12 6
13 21
14 7
14 10
14 27
15 11
16 20
17 26
17 32
20 19
28 17
29 22
30 14
30 36
33 14
34 22
34 36
36 24
37 15
38 18
38 21
38 31
2 7
6 35
9 21
10 1
10 8
10 35
11 27
11 31
12 9
12 22
12 23
13 16
15 7
15 10
17 11
17 20
18 14
18 25
24 38
26 15
27 14
30 24
39 14
2 5
2 12
2 24
3 1
3 8
5 35
6 17
6 27
8 21
12 5
13 28
13 35
14 1
14 8
15 25
16 22
16 23
17 7
17 34
18 30
21 18
22 7
23 24
23 27
27 18
28 22
29 15
33 24
34 15
35 14
2 6
2 9
2 16
6 31
7 31
9 28
10 31
13 11
13 15
14 18
15 1
15 8
15 30
16 17
17 22
17 23
19 14
19 28
23 14
24 36
31 18
32 24
38 13
38 25
0 13
0 14
0 15
0 22
0 23
0 37
1 28
2 14
2 22
5 27
5 31
6 11
6 15
8 28
12 16
12 17
13 7
13 10
13 18
13 31
17 1
17 8
17 17
21 14
25 18
38 16
0 29
0 31
0 34
0 39
1 35
2 26
3 28
6 10
7 27
10 27
15 19
16 16
16 25
24 18
27 24
31 14
32 18
38 34
39 24
0 18
0 25
3 35
9 31
12 2
12 11
12 15
13 1
13 8
16 30
17 16
17 25
18 2
19 31
20 18
25 14
28 2
38 17
6 1
6 8
7 2
8 31
9 2
12 7
12 10
12 19
13 27
15 21
16 2
16 15
17 30
18 36
24 2
24 14
24 31
26 18
30 2
32 14
36 14
0 11
0 19
0 20
1 2
2 2
2 17
3 31
8 2
9 27
11 2
16 19
18 28
19 24
19 27
20 14
29 18
31 24
37 14
0 30
1 27
8 27
8 37
12 8
12 21
15 28
17 19
18 35
19 2
20 24
23 2
24 27
26 2
26 14
29 2
0 12
0 24
0 36
2 15
3 27
15 35
16 21
17 14
22 14
25 2
26 24
28 18
29 14
31 2
34 14
38 15
0 2
0 9
0 16
0 38
2 10
7 37
10 37
15 18
15 37
16 37
17 21
18 31
21 37
29 24
34 24
35 37
38 37
0 33
15 31
16 28
17 36
19 37
27 37
36 37
37 37
0 26
2 8
2 21
4 18
4 29
12 18
17 28
18 24
18 27
20 2
22 37
26 37
28 24
28 37
4 13
9 37
14 37
15 24
15 27
16 18
17 35
21 2
23 37
27 2
31 37
32 2
0 32
2 28
4 4
4 23
4 34
5 2
11 37
12 37
16 31
17 18
20 37
25 37
29 37
32 37
39 37
0 17
4 11
4 19
4 20
10 2
16 14
17 31
33 37
3 2
4 7
4 25
4 30
6 37
14 2
16 24
16 27
4 3
4 5
4 12
4 24
4 36
5 37
13 37
15 2
17 24
17 27
30 37
34 37
38 14
0 10
4 6
4 9
4 16
4 38
17 2
22 2
38 24
2 27
4 14
4 22
4 33
0 8
0 21
4 26
13 2
24 37
3 37
4 0
6 2
0 28
4 32
0 35
4 17
18 37
4 15
4 39
4 10
0 27
4 1
4 8
4 21
17 37
4 28
4 35
4 31
4 27
4 2
4 37
