0 0
1 0
18 34
0 39
18 39
0 5
0 11
0 13
1 2
4 37
9 9
9 18
14 12
34 7
38 0
38 16
0 2
0 10
9 37
11 13
18 17
24 15
34 14
37 0
0 21
1 37
3 13
9 10
12 39
13 39
14 3
20 31
26 11
26 28
31 7
38 5
38 9
38 13
38 15
1 39
2 1
3 22
3 24
11 39
13 12
13 13
14 10
29 19
30 19
32 5
33 5
38 6
0 22
5 39
7 39
11 17
12 15
13 17
14 26
17 15
17 17
17 24
18 20
20 24
20 39
24 14
26 7
26 17
34 0
34 6
34 10
35 32
36 34
0 17
1 36
3 25
4 24
4 39
7 8
7 9
7 13
9 39
10 1
10 37
11 18
11 31
13 18
14 39
17 29
19 27
19 31
23 3
24 19
24 27
27 14
29 15
31 33
32 0
33 0
33 9
33 19
34 16
34 26
34 35
34 36
35 35
35 36
36 14
0 9
2 10
2 14
10 10
12 31
17 21
18 24
19 36
20 18
20 33
21 6
21 39
23 8
24 12
24 17
24 28
25 8
26 6
26 14
26 16
26 22
27 22
29 16
29 36
33 18
33 22
34 32
36 5
38 20
39 23
0 19
3 18
4 25
10 13
10 21
11 11
12 13
13 9
13 24
14 9
14 29
14 36
16 4
17 27
17 36
18 8
18 12
18 29
18 31
19 20
20 36
23 7
25 7
27 15
27 19
27 27
34 23
36 6
36 33
36 35
36 36
38 19
39 27
39 32
39 38
0 33
2 13
2 38
3 12
3 17
3 19
3 37
4 21
10 17
12 10
12 17
13 31
14 20
16 3
17 9
17 19
17 30
18 21
19 30
20 27
21 3
21 31
22 1
26 18
27 16
29 17
31 36
33 14
33 17
33 31
34 11
35 16
36 9
36 13
36 15
37 28
37 32
37 38
38 18
39 34
0 15
0 16
0 38
2 7
3 11
4 18
5 38
7 1
7 38
9 12
9 15
9 16
11 38
12 18
13 1
14 15
14 27
17 1
18 1
18 11
18 16
18 27
19 17
19 24
19 33
21 36
23 12
24 36
25 6
26 9
26 33
27 6
27 8
29 31
31 3
32 9
32 34
33 10
33 24
33 25
33 33
33 35
33 36
34 20
35 33
36 10
37 34
38 22
39 26
0 26
0 27
0 28
2 18
3 29
3 30
3 36
4 17
4 19
4 26
4 27
4 31
4 38
6 37
9 11
9 19
9 38
10 36
11 24
11 36
12 24
13 11
14 1
14 17
14 30
18 30
21 27
22 24
22 39
23 9
24 8
24 18
25 9
26 23
26 32
27 10
27 23
27 26
27 31
29 20
30 3
30 9
30 20
31 8
33 15
33 27
34 3
34 19
34 39
35 23
35 31
35 39
36 39
38 8
39 24
0 29
0 30
0 36
1 3
2 8
2 9
2 17
2 19
3 7
4 10
5 36
7 12
8 1
8 17
9 7
9 20
11 19
11 26
11 27
11 30
12 26
12 27
12 36
13 7
13 16
13 19
13 29
14 7
14 18
14 21
16 9
16 20
17 11
19 21
21 23
22 26
23 11
24 7
27 36
32 3
33 3
34 8
34 18
34 33
35 7
35 15
35 24
36 3
38 12
39 20
39 33
39 35
39 36
0 3
1 4
3 1
3 15
3 16
5 30
7 11
7 15
7 16
8 8
8 18
8 37
10 29
11 7
11 20
12 30
13 8
14 8
16 12
16 15
16 17
16 31
16 34
17 7
17 16
19 7
21 33
22 31
24 3
24 20
24 33
26 34
26 39
27 3
27 18
29 9
30 7
30 14
32 7
32 14
32 39
33 28
34 12
34 22
34 31
35 20
35 27
37 33
37 35
37 36
38 29
39 19
39 31
0 4
0 20
0 25
1 38
2 26
2 27
2 28
3 8
3 9
3 39
5 25
5 29
6 36
7 25
8 10
8 36
10 12
11 8
12 9
13 36
14 33
16 26
17 8
17 33
20 26
21 1
21 15
22 36
24 6
24 32
25 2
26 2
29 23
32 10
33 11
34 17
35 0
35 19
36 11
37 2
37 31
38 1
38 27
2 12
2 22
2 24
2 29
2 30
2 36
3 20
4 7
4 15
4 16
4 34
4 35
6 30
8 7
8 13
8 30
9 3
9 30
10 7
10 11
10 15
10 16
10 24
10 38
13 30
15 4
15 10
16 18
16 21
18 10
18 19
18 35
19 6
20 7
20 22
23 2
24 9
24 24
25 1
26 1
26 20
26 24
26 29
27 12
27 20
27 24
29 7
29 34
30 6
30 15
30 33
31 2
31 32
32 15
34 27
35 5
35 9
35 13
35 18
35 28
36 23
36 26
37 1
38 32
38 38
39 2
39 3
39 4
39 7
39 10
39 11
39 14
39 17
39 22
1 34
1 35
2 15
2 16
4 1
6 29
7 3
8 21
8 29
9 4
9 29
10 8
10 26
10 27
11 3
12 16
12 19
13 4
15 3
16 7
19 18
19 28
20 15
21 19
21 26
21 34
24 26
24 34
26 10
26 12
26 26
29 27
29 39
30 2
30 16
31 1
32 16
32 18
33 34
34 2
35 6
35 10
35 22
36 24
38 26
38 34
2 3
2 25
3 31
4 8
4 9
4 20
4 33
5 23
5 26
5 27
6 39
7 4
7 36
8 39
10 34
10 35
11 4
11 14
11 34
11 35
12 20
15 12
15 15
16 1
16 8
16 29
16 39
17 10
17 35
19 3
19 35
20 6
21 17
22 25
22 33
23 10
25 10
26 35
27 33
29 6
29 32
30 1
30 31
31 34
32 2
32 23
32 31
33 2
33 8
33 21
33 29
33 39
34 1
34 25
34 28
35 17
36 2
36 8
36 20
38 24
39 0
39 16
0 31
2 4
2 20
5 31
7 21
7 30
8 3
9 6
9 14
9 24
10 3
12 7
12 34
12 35
13 2
13 6
13 22
13 25
14 6
14 16
14 19
14 32
16 11
17 2
17 28
17 32
18 2
19 12
19 16
19 19
20 35
21 12
22 32
26 30
27 2
27 32
29 21
29 24
29 25
29 28
30 11
30 17
30 21
30 36
31 39
32 1
32 11
32 17
32 22
33 1
33 12
36 1
36 12
36 19
39 25
39 28
3 3
3 38
4 12
6 26
6 27
7 6
7 29
8 4
8 24
8 26
8 27
9 26
9 27
10 4
10 19
10 33
11 6
11 33
12 1
12 8
12 11
13 14
14 2
15 9
15 24
16 27
16 36
17 6
17 22
17 25
18 38
19 9
20 3
20 25
20 28
21 9
21 29
22 15
23 4
24 13
24 29
26 4
26 38
27 1
29 26
29 35
31 4
32 27
32 38
35 25
35 29
36 18
36 31
38 33
38 35
38 36
39 5
39 9
39 13
39 15
2 6
3 4
3 23
4 11
4 28
6 31
8 31
9 31
10 20
12 33
13 23
13 34
13 35
14 25
14 28
14 38
15 31
15 34
16 30
17 13
17 14
17 38
18 13
18 14
18 28
19 11
19 32
19 38
20 12
21 11
21 35
22 6
22 8
22 34
24 21
24 35
27 13
27 34
29 3
29 11
30 4
32 32
33 30
34 4
35 3
35 11
36 22
37 7
37 39
38 21
38 31
39 6
0 23
2 31
3 34
3 35
4 32
5 10
7 14
7 24
8 6
8 12
9 2
10 6
11 22
11 25
11 28
12 3
12 22
12 25
12 28
15 20
15 26
16 16
16 19
17 23
18 22
18 25
20 9
20 38
21 18
21 25
21 28
22 7
22 19
23 23
24 10
24 25
26 13
26 25
27 39
30 8
30 23
31 14
31 19
31 35
32 4
32 8
32 20
32 24
32 25
32 28
33 4
34 29
36 4
36 17
36 27
37 14
0 34
0 35
3 6
4 3
4 23
5 13
5 34
5 35
6 38
7 2
7 26
7 27
8 11
8 15
8 16
8 38
11 2
12 4
13 33
15 11
16 6
18 32
19 1
19 8
20 11
21 2
21 4
21 30
22 3
22 17
23 13
24 2
24 30
25 4
26 21
27 4
27 21
29 29
29 38
30 10
30 12
32 12
32 26
35 30
37 16
3 33
4 4
4 14
5 21
7 31
8 19
10 14
10 32
11 23
11 32
12 14
12 23
15 7
18 23
21 16
21 20
21 38
22 12
22 29
23 27
24 1
24 38
27 29
29 8
30 27
31 15
33 13
33 38
34 21
35 8
36 25
36 28
37 23
37 26
1 11
1 14
1 21
5 7
5 18
5 33
6 10
6 34
6 35
8 2
8 20
8 34
8 35
9 34
9 35
10 2
12 6
12 32
13 28
14 22
15 1
15 8
15 18
15 21
15 29
15 39
19 22
19 25
20 1
20 8
22 9
22 35
23 28
23 39
25 31
27 35
29 10
29 12
30 32
31 16
31 18
31 23
31 38
34 30
35 12
37 5
37 9
37 13
37 15
37 24
38 25
38 28
39 30
1 10
1 26
1 27
1 28
2 34
2 35
3 2
4 6
5 1
5 17
5 19
6 13
9 0
10 22
10 25
10 28
11 0
14 14
15 16
16 2
18 5
19 10
20 16
21 10
22 11
23 0
23 19
25 15
29 2
29 30
30 24
30 25
30 28
31 22
32 29
35 2
37 6
37 10
37 20
37 30
39 21
1 13
1 22
1 24
1 29
1 30
5 8
5 9
5 28
6 21
6 33
7 20
8 33
9 33
13 32
14 23
15 27
15 36
19 23
22 0
22 18
22 30
23 17
23 31
24 4
25 27
27 30
29 1
30 26
30 34
31 11
31 17
31 27
35 1
35 21
37 19
38 39
2 33
3 32
6 7
6 18
7 34
7 35
10 23
12 2
13 0
15 30
16 22
16 33
17 0
18 0
18 37
20 10
22 38
23 36
25 0
25 22
25 28
26 0
26 37
27 38
30 13
30 39
32 13
32 37
34 37
35 37
36 29
37 18
39 8
0 32
1 7
1 18
1 25
4 2
5 12
5 32
6 1
6 17
6 19
6 28
8 28
9 22
9 25
9 28
14 0
14 37
16 13
16 14
16 35
17 37
19 37
22 16
22 20
23 5
25 14
25 19
26 5
31 20
31 24
31 25
31 28
32 21
32 30
37 22
39 12
1 17
1 19
5 11
5 15
5 16
6 8
6 9
6 24
7 33
8 22
15 6
16 23
16 25
16 28
20 37
21 22
25 17
29 4
29 13
30 0
30 29
31 26
35 4
36 37
37 11
37 17
1 8
1 9
6 32
8 14
8 32
9 5
9 23
9 32
13 5
14 5
15 19
19 2
19 4
19 13
19 14
21 13
21 14
21 21
22 10
23 18
23 33
25 36
29 37
30 35
31 12
36 21
36 30
39 1
2 23
2 32
5 3
5 20
6 12
7 0
7 5
7 22
7 28
8 23
11 5
16 32
16 38
17 5
21 0
21 5
21 37
23 32
24 37
25 5
25 16
25 23
27 0
27 5
33 37
37 25
38 30
1 12
1 31
2 5
5 4
6 11
6 15
6 16
12 37
15 2
15 13
15 14
20 2
20 4
20 13
20 14
23 16
23 20
23 24
30 30
31 29
31 37
37 8
1 15
1 16
7 23
7 32
8 0
8 5
10 0
10 5
23 26
23 34
25 18
25 33
30 38
37 12
39 37
3 0
3 5
5 6
6 3
6 20
13 37
15 33
16 0
16 5
22 22
25 32
37 37
1 20
6 4
15 35
22 4
22 13
22 14
22 21
22 37
24 0
24 5
25 20
25 24
27 37
31 13
31 21
31 30
12 0
12 5
15 22
15 25
15 28
23 29
25 26
25 34
4 0
4 5
5 2
5 14
6 6
23 35
25 39
15 23
15 32
15 38
23 22
23 25
29 0
29 5
37 4
37 21
6 22
16 37
19 0
19 5
23 21
23 30
25 29
28 9
6 2
6 14
23 38
25 35
28 22
28 31
38 37
6 23
15 0
15 5
20 0
20 5
25 25
28 7
28 14
28 19
28 36
30 37
1 23
1 32
25 13
25 21
25 30
25 38
28 6
28 15
22 5
28 16
28 23
5 0
5 5
15 37
28 3
28 11
28 17
28 18
28 27
28 33
28 32
23 37
28 20
28 24
28 25
28 28
6 0
6 5
28 8
28 26
28 34
28 10
28 12
28 39
25 37
28 2
28 1
28 29
28 35
28 4
28 13
28 21
28 30
28 38
28 0
28 5
28 37
