16 29
39 33
6 26
7 38
9 27
13 19
15 6
15 30
16 22
17 30
20 36
24 19
24 21
25 38
26 37
27 28
31 1
34 37
0 16
0 36
1 35
2 29
5 21
6 37
8 28
10 8
12 18
13 31
14 7
14 31
17 21
18 24
22 8
31 25
0 0
0 26
0 32
1 33
2 14
2 26
3 39
4 9
4 12
4 13
4 35
6 21
6 23
9 11
9 31
10 35
14 29
15 21
15 23
15 31
15 35
16 32
17 22
17 32
17 37
18 8
19 24
19 35
21 31
21 38
22 7
26 36
28 34
28 37
30 0
32 0
33 39
34 17
34 18
35 19
38 38
39 1
39 11
39 14
0 2
0 33
0 37
1 10
1 37
1 39
2 0
2 15
2 37
2 39
3 32
3 33
5 6
5 18
6 7
7 15
7 25
8 0
8 26
13 21
15 18
15 25
15 39
16 26
16 39
17 26
18 20
18 31
18 35
18 39
19 19
20 18
20 21
21 10
21 32
21 35
23 34
24 0
24 8
25 35
28 0
28 30
30 23
31 0
31 12
32 37
32 39
33 36
35 0
35 32
35 36
35 39
37 6
37 17
37 18
37 39
38 0
38 23
38 34
39 15
39 22
39 36
0 28
1 11
3 15
3 16
4 25
4 38
5 7
7 12
7 13
7 18
7 23
8 16
8 25
8 33
8 39
10 27
15 38
16 7
16 25
16 38
17 25
18 9
18 30
18 38
19 38
20 19
23 37
24 10
25 12
25 19
25 27
26 31
27 35
28 1
28 25
28 36
30 3
30 8
32 34
32 35
33 1
33 7
33 24
34 1
34 22
35 23
35 30
35 34
36 38
37 1
37 10
38 28
38 35
38 37
39 5
39 7
39 17
39 19
39 38
0 24
2 28
3 2
3 36
3 38
4 2
4 6
4 11
4 18
4 27
5 14
5 16
5 22
5 39
6 11
7 39
8 6
8 11
8 18
8 23
9 5
9 7
9 30
10 6
10 21
10 38
11 6
11 23
11 25
13 25
13 38
15 28
16 8
16 11
17 0
17 39
18 1
19 37
20 37
21 0
23 35
27 31
27 34
28 27
29 29
30 28
31 22
32 33
33 2
33 29
34 2
34 5
35 24
35 35
36 29
36 31
37 11
37 13
37 16
38 39
39 2
39 25
39 26
0 4
0 9
0 12
0 19
0 38
1 38
2 18
2 31
2 38
3 12
3 13
4 23
5 3
5 35
5 37
6 0
6 15
6 36
8 2
8 12
8 13
8 36
8 37
9 35
10 23
10 30
10 32
10 39
12 0
14 26
14 37
15 2
16 19
16 20
16 36
17 38
18 17
18 23
19 6
19 7
20 12
20 30
21 37
22 36
24 25
26 21
27 36
29 27
29 38
31 8
32 2
32 10
33 0
33 34
33 35
33 38
34 38
35 12
36 19
36 22
36 32
36 36
37 2
37 25
38 15
38 19
38 29
38 31
39 0
39 16
39 28
39 37
0 13
0 21
2 19
2 34
3 0
3 9
3 30
4 8
4 15
4 16
4 22
4 30
4 36
5 26
6 12
6 13
6 20
6 33
8 4
8 32
9 38
10 2
10 14
10 26
10 37
11 26
12 8
12 15
13 22
13 26
13 37
14 28
14 36
16 9
17 23
18 18
18 19
19 23
20 0
20 6
20 7
20 10
20 23
20 31
22 38
23 0
23 7
24 12
24 17
25 9
25 11
25 18
25 32
25 33
26 30
28 24
30 12
30 19
31 10
31 13
32 25
32 38
33 9
33 32
33 33
34 10
35 5
35 16
35 28
36 18
36 27
36 30
36 34
36 37
37 0
37 8
37 22
37 33
38 17
38 18
39 6
39 23
39 35
39 39
0 14
0 20
0 23
1 2
1 6
2 6
2 21
3 4
3 7
3 10
4 4
4 20
4 28
5 25
5 27
5 33
6 8
6 9
6 16
6 19
6 30
7 14
7 20
7 27
7 35
8 29
9 9
9 16
9 21
9 32
9 39
10 9
10 28
11 2
12 7
13 28
13 34
13 36
14 2
14 34
15 0
15 11
15 12
16 2
18 4
19 12
20 32
20 39
21 11
21 33
22 12
22 15
22 32
22 34
23 33
23 39
24 1
24 36
24 39
25 30
26 24
26 39
27 39
28 11
28 23
28 32
28 33
28 38
29 31
30 11
30 36
31 5
31 19
32 7
32 9
32 16
33 28
34 11
34 25
34 31
35 13
35 27
36 35
36 39
38 30
39 8
39 29
39 31
0 3
0 5
0 7
0 10
0 22
0 31
1 34
2 9
2 20
2 23
3 11
3 25
3 27
4 34
5 5
5 8
5 19
6 2
7 19
7 22
7 28
8 20
8 34
9 18
9 36
9 37
10 15
10 33
11 0
12 35
13 15
13 33
14 10
14 33
15 36
16 17
16 34
17 34
17 36
18 14
18 36
19 10
19 34
20 15
21 9
22 1
22 9
23 10
23 31
24 6
24 31
25 22
25 39
26 23
27 29
28 7
29 30
29 39
30 37
31 9
32 17
32 18
32 29
32 31
33 27
35 6
35 7
36 23
37 36
38 16
39 3
0 11
0 34
1 0
1 7
2 7
2 10
2 22
3 21
3 26
3 31
4 31
5 30
5 38
6 32
8 14
8 19
8 22
9 2
9 29
10 4
10 20
11 11
11 12
11 16
11 22
11 31
12 38
14 0
15 9
15 34
16 0
16 18
16 33
17 28
17 33
18 34
19 17
19 28
19 33
21 1
21 39
22 4
22 35
23 24
24 11
24 22
24 34
25 5
25 17
25 25
26 32
26 33
28 18
29 3
30 5
30 31
30 34
30 35
32 22
32 30
33 3
33 6
34 3
34 12
35 8
36 24
37 3
37 9
37 23
37 29
37 31
37 34
37 37
38 12
38 27
39 30
1 4
2 4
2 11
3 3
3 5
3 20
3 23
3 34
4 3
4 5
4 19
4 29
5 28
5 36
6 3
6 5
6 14
6 31
7 0
7 7
7 33
8 9
9 6
9 10
10 10
10 19
10 22
10 29
11 4
11 18
12 23
12 25
12 39
14 20
15 5
15 27
15 33
16 4
18 28
18 33
19 1
19 9
19 15
19 22
19 29
20 22
21 4
22 11
22 37
23 18
24 9
25 14
26 25
27 0
27 21
27 32
27 33
28 8
28 13
28 39
29 11
29 28
30 13
30 21
30 30
30 33
31 6
31 36
32 3
32 5
32 24
33 11
33 16
34 7
34 21
34 29
35 21
37 24
37 32
37 35
38 5
38 7
39 9
3 8
3 22
3 28
6 4
6 29
6 34
7 30
9 24
12 6
12 13
12 21
12 30
12 32
12 37
13 11
14 4
14 19
14 23
18 5
18 29
19 4
20 1
20 11
20 25
22 20
23 1
23 12
23 15
23 30
24 30
24 35
25 28
26 29
27 1
27 7
28 2
28 10
28 19
29 1
29 7
29 32
30 10
31 15
31 21
31 37
31 39
32 28
33 17
33 18
34 8
34 13
34 32
34 33
35 3
37 14
37 30
38 10
39 27
0 8
5 31
5 34
6 24
9 4
9 14
9 20
10 17
11 30
11 35
12 9
12 26
12 36
13 8
14 12
14 27
16 10
16 27
17 27
18 13
19 27
20 4
22 14
22 21
22 24
22 33
23 4
24 2
24 37
25 6
25 29
27 24
28 5
28 17
29 24
30 6
30 17
30 38
31 29
31 31
31 34
31 35
32 19
32 27
33 12
33 22
34 24
34 30
35 9
35 15
37 27
38 2
38 11
39 21
0 17
1 3
1 5
1 8
2 3
2 5
2 8
5 1
5 29
7 2
7 32
7 36
8 10
9 19
9 22
10 13
11 38
12 4
12 17
12 28
12 34
13 7
13 12
13 27
14 21
15 15
15 24
16 15
18 27
19 11
20 14
20 28
22 2
22 5
22 18
23 23
23 25
25 2
27 8
27 18
27 23
28 9
28 22
29 8
29 18
29 23
30 2
30 32
31 4
31 14
31 30
31 33
32 6
34 28
38 6
2 1
3 17
4 24
7 6
7 24
7 31
9 15
11 28
11 39
12 1
12 20
12 33
13 17
14 5
14 18
15 14
16 5
16 14
16 24
17 6
17 12
20 29
21 2
21 5
21 17
22 19
22 30
22 39
23 11
23 17
24 32
24 33
26 22
27 10
27 13
29 10
29 13
30 20
33 13
34 9
34 20
34 27
35 14
35 20
36 21
38 8
38 13
38 21
5 17
7 3
7 5
7 8
7 9
7 17
7 29
7 34
8 1
8 24
11 14
11 20
11 24
11 32
11 37
12 10
12 22
13 2
13 24
15 10
17 7
19 2
19 5
19 14
21 20
23 6
23 9
23 28
24 28
25 4
27 5
27 19
28 6
28 15
29 5
29 19
30 4
30 15
31 20
31 28
31 38
33 4
33 19
34 4
36 1
37 4
37 21
1 25
1 27
1 30
7 4
8 17
10 1
10 24
11 9
11 19
11 36
12 5
12 29
15 1
17 8
17 11
20 2
20 5
20 27
21 21
21 24
22 13
22 23
22 25
23 2
23 5
23 14
23 29
24 16
24 29
25 20
27 9
27 17
27 26
29 9
29 17
30 26
31 32
32 4
32 15
32 21
34 15
36 5
36 10
38 3
39 20
1 13
1 16
1 18
1 24
1 29
4 17
11 1
11 15
11 29
11 34
13 0
13 6
13 16
14 22
17 17
20 13
21 18
23 22
24 26
28 14
30 14
31 26
35 4
36 2
36 11
36 12
36 26
38 9
1 14
1 19
2 17
3 1
4 1
5 24
6 1
6 17
7 10
11 33
13 9
14 1
14 15
15 13
16 1
16 13
17 2
17 9
17 18
18 3
21 15
21 19
22 28
23 27
26 0
26 20
27 6
28 4
29 6
32 14
34 14
35 26
36 0
36 6
36 7
36 16
36 20
38 20
1 15
1 21
1 26
3 24
9 1
10 3
11 10
12 27
13 4
14 14
15 3
18 16
19 13
19 26
22 29
24 3
25 16
26 1
26 7
27 2
27 15
27 22
28 20
29 2
29 15
29 21
29 22
33 15
33 21
33 26
36 8
36 13
37 20
1 20
1 23
9 17
11 3
21 23
21 25
22 3
22 16
22 22
23 13
25 3
26 12
26 18
32 20
1 1
1 22
1 28
12 24
13 10
14 3
16 3
17 4
20 16
21 3
22 27
25 26
26 8
26 13
27 4
27 14
28 26
29 4
29 14
33 14
36 3
9 3
11 13
13 5
15 16
16 16
17 15
19 3
21 28
26 10
26 26
28 16
29 26
30 16
36 9
38 4
1 31
7 1
11 17
12 3
14 13
14 24
17 14
19 16
20 3
20 26
21 14
21 29
23 3
26 5
26 11
26 17
27 20
29 20
32 26
33 20
37 26
13 13
14 17
17 10
21 22
23 16
26 9
36 15
17 5
21 27
23 26
34 26
13 1
26 6
26 15
27 3
27 16
29 16
36 14
14 16
17 13
21 13
26 2
36 4
22 26
26 14
13 3
26 4
1 17
17 16
21 16
17 3
21 26
26 16
26 3
