2 32
3 31
9 0
11 13
13 9
13 10
16 39
23 32
31 21
37 35
38 20
0 33
3 27
7 0
17 24
1 32
1 33
2 35
8 4
11 37
13 0
24 0
33 35
0 31
0 35
4 5
5 0
7 5
8 6
12 7
12 35
13 7
15 0
15 22
20 0
21 0
25 38
29 0
29 3
29 36
36 34
37 38
38 21
38 22
39 19
39 34
39 37
0 16
1 21
1 26
1 29
1 35
12 13
13 3
15 2
25 0
27 38
31 38
32 34
36 3
36 32
39 14
39 35
0 21
0 26
0 29
1 27
2 0
9 6
13 19
19 22
22 21
22 22
25 2
28 22
28 36
32 35
35 34
36 38
37 36
39 13
0 15
0 27
1 3
1 4
2 5
2 24
3 24
3 35
4 32
4 33
4 37
5 37
9 3
11 6
11 35
12 0
16 32
19 28
19 32
23 2
29 38
32 0
33 36
34 0
35 35
36 12
36 33
39 0
39 5
1 8
1 14
2 6
2 7
2 26
2 29
4 3
4 4
5 3
5 4
6 22
10 3
10 5
10 7
12 8
15 5
15 35
16 2
17 31
17 35
23 23
25 5
28 5
32 38
36 36
39 38
1 15
1 20
2 16
2 27
8 3
8 5
12 3
12 5
16 33
19 33
21 28
23 3
25 8
25 24
27 5
28 0
28 3
28 38
32 2
34 2
35 33
35 38
36 0
39 2
39 24
0 20
1 6
1 7
1 13
2 14
3 37
9 7
14 0
15 24
20 3
20 5
20 24
23 28
25 33
27 0
27 3
27 32
28 2
28 23
28 33
32 36
34 5
39 36
0 0
0 5
2 3
2 4
2 15
3 20
3 33
4 8
5 27
9 5
9 14
9 16
10 32
10 33
11 0
12 22
14 2
14 7
14 8
15 32
16 3
16 5
24 35
25 29
27 2
29 12
31 34
35 36
36 2
37 15
39 26
39 29
0 8
1 22
2 13
3 0
4 10
4 20
7 2
10 8
10 22
11 7
14 3
15 9
20 7
29 35
36 21
36 22
36 28
37 26
37 29
38 23
39 21
39 22
39 32
0 22
0 39
1 2
1 39
2 39
3 5
3 30
4 9
4 14
4 16
4 25
9 2
10 10
10 31
10 39
11 3
11 5
12 39
15 8
15 33
18 28
18 31
18 35
21 33
23 35
27 11
29 1
36 20
37 5
37 13
37 21
37 22
37 32
38 34
38 37
39 15
0 6
0 7
0 13
2 20
2 22
3 6
3 7
3 13
3 22
4 2
4 30
5 2
5 32
5 33
6 21
9 8
10 2
10 9
13 18
14 5
17 32
19 24
21 24
21 35
22 32
23 8
23 20
23 21
23 22
25 1
25 7
25 35
27 20
27 21
27 22
28 35
31 32
32 1
34 1
35 24
36 7
37 3
37 12
37 17
38 26
38 29
38 35
39 1
1 18
1 19
3 28
4 22
4 39
5 39
6 35
8 2
9 10
11 22
12 2
16 22
20 32
23 24
25 20
25 21
25 22
26 23
27 7
27 33
28 12
28 29
29 21
31 33
34 7
36 8
37 33
38 32
39 7
0 18
0 19
4 28
5 6
5 7
5 31
6 27
9 9
9 18
9 19
10 14
10 16
11 8
15 20
15 21
17 33
20 21
22 28
26 32
29 7
30 34
30 36
34 8
36 1
39 8
39 17
0 3
0 4
1 10
1 25
1 30
2 2
3 3
3 4
3 18
3 19
9 35
11 39
12 24
15 18
15 28
16 9
20 33
27 24
28 20
28 28
29 8
31 24
35 23
35 29
36 11
36 24
37 18
38 14
38 33
38 38
0 25
0 30
1 9
3 39
4 18
4 19
4 29
5 13
6 6
6 7
6 37
9 27
10 24
10 30
11 9
12 31
13 35
16 8
16 28
18 23
20 18
20 35
26 5
27 9
28 1
34 11
36 15
37 0
37 24
38 5
38 13
39 11
1 28
2 10
6 0
6 32
6 33
9 20
9 21
11 2
13 20
13 21
15 29
18 32
23 7
23 31
24 39
25 31
26 0
26 3
26 8
26 39
27 1
27 17
27 35
29 11
30 32
30 38
33 39
35 28
38 3
38 12
38 36
39 18
0 28
2 9
2 18
2 19
2 25
2 30
3 8
3 21
3 25
5 20
6 13
6 23
9 37
10 28
11 32
16 29
26 2
27 29
29 32
30 33
31 23
31 29
36 23
37 2
37 39
39 23
0 10
3 10
4 21
5 14
5 16
5 25
5 30
6 31
9 32
9 33
10 18
10 19
11 24
13 32
18 33
21 8
22 24
26 33
26 37
27 39
28 8
29 33
31 3
31 5
31 12
31 39
35 3
35 12
36 17
36 31
37 7
37 23
0 9
0 38
1 38
2 28
2 38
3 9
9 24
10 29
10 38
11 15
11 31
12 38
13 1
13 24
15 23
16 18
17 23
18 9
19 9
19 39
20 1
20 23
21 1
22 0
22 8
22 33
23 30
25 9
25 30
26 20
26 21
26 22
27 18
27 28
28 17
29 20
29 22
30 3
30 5
30 12
30 24
31 28
35 20
36 9
36 39
37 8
39 28
0 2
3 2
5 22
5 28
6 3
6 4
6 5
6 14
6 16
7 1
9 31
10 36
12 20
12 21
12 25
12 30
13 31
13 33
14 11
15 1
17 9
18 0
18 2
18 8
19 0
19 2
19 8
20 20
21 21
22 2
22 35
25 18
26 24
27 37
28 11
28 31
29 24
29 39
31 37
33 37
34 9
35 5
37 19
37 28
38 0
39 9
1 1
1 23
4 38
5 8
5 38
9 1
10 20
10 21
10 25
11 11
11 18
11 19
14 19
16 37
16 38
17 0
17 2
17 8
19 29
19 37
19 38
21 3
21 5
21 29
23 1
23 39
24 37
25 25
26 7
27 10
29 9
30 20
30 35
32 39
36 18
36 30
36 37
37 11
39 39
2 36
4 1
5 1
5 10
5 29
10 1
12 28
12 36
13 6
13 11
14 12
14 22
16 25
17 25
17 29
20 25
21 18
21 31
21 39
22 3
22 5
25 39
26 35
28 18
28 39
29 37
30 23
30 29
31 2
31 15
35 0
35 31
35 39
37 1
38 2
38 15
38 28
0 36
2 23
3 23
4 11
4 36
5 9
5 18
5 19
5 36
6 8
6 25
6 30
6 39
8 1
11 12
11 38
12 1
15 6
16 1
16 36
18 3
18 5
19 3
19 5
19 23
19 36
20 29
21 7
21 23
22 18
23 37
23 38
24 36
26 29
28 30
29 13
29 23
29 29
30 2
30 15
31 7
32 37
34 22
34 34
38 7
1 36
3 38
4 23
6 10
10 11
11 20
11 21
11 25
11 30
12 29
13 12
14 35
15 37
15 38
16 20
16 21
17 3
17 5
18 18
19 18
20 31
21 37
21 38
22 7
23 9
25 37
26 11
27 13
28 25
28 37
29 17
30 7
30 28
31 8
34 21
34 35
35 2
35 15
35 37
36 27
38 8
2 1
2 34
4 12
4 34
6 9
6 18
6 19
6 28
9 25
9 30
9 39
11 36
12 11
12 14
12 15
12 34
13 4
13 25
13 30
13 39
15 13
16 34
17 18
18 7
19 7
19 30
19 34
20 6
21 30
23 19
23 36
24 23
25 10
25 13
26 1
26 28
27 19
27 31
28 9
29 4
29 28
30 8
31 17
31 31
32 22
34 20
35 7
35 30
36 10
38 17
39 31
0 34
1 17
3 36
5 21
6 2
9 11
9 15
10 12
11 28
12 17
12 23
13 14
13 15
14 1
15 4
15 27
15 36
16 6
17 7
17 30
19 25
20 13
20 39
21 25
21 36
23 13
24 34
25 19
25 27
25 36
30 17
31 11
32 21
34 10
34 32
34 33
34 38
35 8
35 25
37 9
37 16
37 31
38 11
39 10
0 17
1 34
4 26
6 29
9 17
9 28
10 23
11 1
12 12
13 17
13 28
14 32
16 27
17 27
17 37
17 38
18 29
20 19
20 27
20 30
21 20
23 4
23 25
24 28
25 6
26 18
28 6
28 13
29 10
29 14
29 18
30 11
31 1
32 20
35 17
36 6
36 19
38 1
1 11
3 17
4 15
9 12
10 4
11 29
11 34
12 16
14 24
20 4
20 37
20 38
22 29
23 34
24 5
27 6
27 14
27 15
27 30
28 19
30 1
31 18
31 30
32 5
32 12
32 32
33 3
34 6
34 36
35 11
36 4
38 18
38 31
39 6
39 16
39 30
3 34
4 17
7 13
7 35
8 13
8 35
9 29
10 34
12 4
13 16
13 29
14 6
14 18
14 31
14 33
15 10
15 11
15 14
15 15
15 26
15 34
16 4
17 36
18 20
19 20
21 34
22 31
24 8
25 14
25 15
25 26
25 34
26 9
27 25
28 27
28 34
29 6
30 18
31 25
34 24
35 1
36 25
37 30
39 25
1 12
2 11
7 27
8 27
11 23
15 17
16 13
16 23
16 26
17 20
17 21
17 26
18 39
20 10
20 11
20 14
20 15
20 26
20 36
23 10
23 11
23 14
23 15
24 2
25 4
25 17
28 4
30 31
33 22
34 15
35 18
36 14
37 25
38 39
0 1
2 17
3 1
9 23
10 15
13 23
15 12
16 19
18 30
19 27
20 17
21 9
21 27
22 39
23 17
24 20
24 21
24 22
25 12
26 13
26 31
27 4
27 16
28 10
28 14
28 15
29 31
31 9
32 24
33 21
34 4
35 27
38 9
38 30
39 4
0 11
2 12
3 11
5 23
5 34
6 38
7 14
7 16
7 37
8 14
8 16
8 37
10 17
14 4
15 16
17 34
18 25
18 37
18 38
20 12
22 9
22 30
23 6
23 12
23 27
24 3
24 24
25 16
28 26
30 9
30 39
32 15
33 20
34 23
34 29
37 10
38 25
7 32
7 33
8 32
8 33
11 4
20 16
20 34
21 13
22 25
22 37
22 38
23 16
26 19
29 19
30 30
31 13
32 7
33 5
33 12
33 32
33 33
34 17
35 9
36 16
0 12
3 12
6 36
7 22
7 24
8 22
8 24
9 38
12 27
13 37
13 38
14 20
14 21
14 25
14 30
14 39
16 10
16 11
16 14
16 15
18 36
19 26
21 19
21 26
22 13
24 7
26 30
27 27
27 34
28 16
29 30
30 13
30 25
30 37
31 19
31 27
32 8
32 23
32 29
34 28
35 26
37 6
39 27
5 26
7 8
7 31
8 8
8 31
11 17
16 17
18 13
19 13
22 19
22 36
23 26
24 29
26 10
26 14
26 15
26 25
29 25
30 19
32 17
33 0
35 13
37 27
5 11
5 15
7 10
8 10
9 36
13 36
14 28
16 12
17 13
18 19
19 19
32 11
32 28
33 24
34 18
35 19
5 17
6 1
6 34
7 9
7 18
7 19
8 9
8 18
8 19
12 26
16 16
17 19
18 27
18 34
21 10
21 11
21 14
21 15
22 1
26 6
26 12
27 26
31 10
31 14
31 26
33 2
33 15
37 4
38 10
38 27
5 12
6 11
6 15
10 26
11 27
14 29
18 1
19 1
21 17
22 10
22 11
22 14
22 15
22 27
22 34
26 16
30 10
30 14
32 18
33 7
6 17
9 34
13 27
13 34
17 1
18 10
18 11
18 14
18 15
19 10
19 11
19 14
19 15
21 6
21 12
22 17
24 18
29 16
30 27
31 6
33 8
33 23
33 29
35 10
35 14
38 6
6 12
6 26
7 20
7 21
7 25
7 30
7 39
8 20
8 21
8 25
8 30
8 39
14 23
17 10
17 11
17 14
17 15
18 17
18 26
19 17
21 16
22 6
22 12
26 4
26 27
26 34
29 27
30 6
31 16
33 17
34 31
38 16
11 26
17 17
18 6
18 12
19 6
19 12
22 16
22 26
30 16
32 9
33 11
33 28
34 13
35 6
7 28
8 28
9 26
13 26
17 6
17 12
18 16
19 16
21 4
24 9
30 26
31 4
32 31
33 1
34 19
34 39
35 16
38 4
14 37
14 38
17 16
22 4
24 31
26 26
29 26
30 4
32 13
33 18
34 30
7 29
8 29
14 14
14 15
18 4
19 4
24 13
32 19
34 25
34 37
35 4
14 17
14 36
17 4
24 19
32 30
34 14
7 23
8 23
24 30
32 25
33 9
14 16
24 25
32 10
32 14
33 31
14 27
14 34
24 10
24 11
24 14
24 15
33 13
34 16
7 38
8 38
24 17
32 6
33 19
34 27
7 11
7 15
8 11
8 15
24 6
24 12
32 16
33 30
7 17
7 36
8 17
8 36
14 26
24 16
32 27
33 25
7 12
8 12
24 27
32 4
33 10
33 14
34 26
24 4
7 34
8 34
32 26
33 6
24 26
33 16
33 27
7 26
8 26
33 4
33 26
