0 39
15 13
25 7
26 39
16 14
18 29
19 28
23 22
32 26
37 1
0 0
0 6
13 27
15 36
17 36
26 8
27 37
27 39
33 0
33 4
33 8
34 1
34 38
35 0
36 0
39 0
39 2
39 5
1 24
3 5
3 15
5 0
5 4
5 19
7 0
7 3
7 23
8 0
12 1
13 14
13 28
14 36
17 34
18 27
18 28
18 33
19 38
20 31
20 34
21 29
21 39
24 39
35 4
37 19
39 1
0 5
1 25
3 0
3 23
9 1
9 38
10 3
13 37
15 37
16 37
18 37
19 31
20 38
20 39
21 33
22 38
23 5
23 6
28 0
29 38
31 6
32 4
33 39
35 23
35 39
36 22
36 34
36 38
38 0
38 2
39 4
3 3
7 4
8 39
9 0
12 14
13 15
14 38
15 17
15 28
16 35
16 38
17 37
18 38
19 20
19 34
20 29
22 18
25 4
26 13
28 17
31 38
31 39
32 38
32 39
34 0
35 27
38 1
38 4
39 9
0 15
0 17
3 7
3 38
4 18
6 23
6 38
8 15
10 1
12 17
13 18
13 23
13 38
15 15
15 30
16 15
16 30
16 33
17 30
17 33
17 38
19 33
19 36
21 34
23 2
23 24
25 2
26 1
26 4
26 5
27 38
28 7
28 22
31 0
31 5
33 2
33 37
35 5
36 28
37 26
0 1
0 12
0 23
0 27
3 39
4 19
5 1
6 35
6 39
7 18
10 0
10 18
12 5
12 15
12 23
14 27
15 35
15 39
18 24
19 7
19 13
22 15
22 37
22 39
25 11
25 38
28 1
28 6
28 23
29 13
29 15
31 2
31 23
31 28
32 22
32 28
33 7
34 2
34 39
35 25
35 35
36 23
36 37
37 28
39 6
3 1
3 22
3 37
4 23
4 36
5 22
6 22
6 25
6 37
7 7
8 17
10 12
10 13
11 13
11 18
11 24
14 28
14 35
14 39
15 16
16 16
18 13
18 18
19 8
20 18
20 20
20 36
21 37
22 17
24 28
24 37
25 1
28 15
28 25
31 25
32 2
32 8
32 9
34 8
34 37
35 6
0 19
0 24
0 36
1 0
1 4
3 11
3 17
3 20
5 20
6 20
9 34
10 23
10 24
11 14
11 36
12 30
13 12
13 17
13 35
13 39
14 13
14 18
14 26
14 30
14 34
15 26
16 39
18 7
18 39
19 1
19 3
20 5
20 6
20 11
21 5
21 6
22 5
22 6
22 11
28 4
28 5
28 37
29 7
30 8
30 13
30 15
31 1
32 5
32 19
32 24
32 31
34 5
35 32
36 27
37 32
37 35
37 39
38 30
39 7
39 30
0 25
0 30
1 6
1 36
3 13
5 12
6 30
8 5
11 17
11 37
12 24
13 25
13 34
14 24
15 24
16 12
16 18
16 27
17 39
18 8
18 23
19 23
19 25
20 2
20 8
20 15
20 16
21 2
21 23
21 24
22 2
22 8
22 36
23 1
24 24
24 25
26 31
28 19
29 0
29 6
32 1
32 13
35 7
36 3
36 25
36 31
37 17
37 25
37 27
37 38
38 32
38 35
38 39
39 32
39 35
39 39
0 11
1 3
1 7
1 15
1 17
1 18
1 30
2 16
4 27
7 15
8 3
8 12
8 14
8 19
10 7
10 16
11 3
11 15
11 22
12 11
12 36
13 0
14 14
16 11
16 26
19 11
20 12
20 17
21 36
22 12
22 22
22 31
24 0
24 36
25 37
26 20
28 26
29 2
30 9
31 24
31 34
32 36
33 36
34 6
34 9
35 24
35 34
36 20
37 34
38 38
39 38
0 13
0 34
1 5
1 12
1 19
3 14
3 21
3 25
3 30
4 17
4 22
4 28
4 34
4 38
5 15
5 21
6 21
7 36
10 30
11 38
12 37
14 17
16 5
16 7
16 24
18 1
18 3
19 0
19 4
19 15
19 16
21 13
21 19
24 34
25 31
26 16
26 36
28 12
28 27
29 4
29 5
30 7
31 29
32 20
32 29
32 35
33 3
36 36
38 34
39 34
0 22
1 26
1 34
2 4
4 20
4 39
5 6
7 17
8 4
10 20
11 1
11 27
11 35
12 4
13 20
14 15
15 23
17 18
17 27
17 28
18 15
18 16
19 12
19 17
20 23
20 24
20 35
21 26
22 29
23 0
23 31
23 38
24 26
25 0
26 22
26 28
26 34
28 31
28 38
29 1
30 0
30 6
31 3
31 9
31 27
32 7
32 11
34 3
34 7
34 11
34 36
35 37
36 29
37 4
37 8
37 18
37 37
0 8
0 14
0 20
0 37
1 1
2 6
2 12
3 34
4 26
4 37
5 11
5 17
5 24
7 13
7 20
8 7
8 16
8 25
10 36
11 0
11 20
11 28
11 34
12 16
12 20
12 38
15 20
17 13
17 26
18 12
18 17
18 25
20 1
20 3
21 1
21 3
21 20
21 25
21 27
22 1
22 3
23 13
24 27
25 36
26 12
26 19
26 23
28 3
30 2
30 17
31 36
32 3
32 17
35 3
35 31
36 8
36 24
37 5
37 24
37 29
37 31
38 3
38 37
39 37
0 35
1 37
2 3
2 7
3 16
4 0
4 12
4 35
5 13
5 25
5 36
6 5
7 30
9 32
10 4
10 11
10 21
10 37
11 7
11 25
11 39
12 6
12 35
13 5
13 7
14 16
16 1
16 3
16 23
17 24
18 0
18 4
18 22
19 19
19 22
22 28
22 35
23 18
23 29
25 34
26 24
26 25
30 4
30 5
31 13
31 15
31 19
31 35
32 33
35 13
35 19
36 5
37 13
38 31
39 31
1 11
1 22
1 35
2 5
4 3
4 7
4 21
6 27
7 14
8 30
9 33
11 5
11 26
12 34
13 32
14 5
14 7
14 20
14 33
15 5
15 7
16 20
18 32
20 26
21 35
23 11
23 19
23 37
23 39
24 30
24 35
28 18
28 34
29 12
29 16
30 1
35 9
36 13
36 33
37 6
37 9
39 16
39 20
39 22
39 23
0 16
0 21
1 13
1 20
3 35
4 4
4 5
5 14
5 30
6 3
6 12
6 28
7 6
7 21
7 38
8 23
8 24
10 19
10 22
10 38
12 8
12 25
12 39
13 19
13 22
13 29
13 33
14 25
15 25
18 6
20 0
20 4
20 25
20 27
21 0
21 4
21 18
21 30
22 0
22 4
22 23
22 24
23 8
23 15
23 28
25 20
26 35
28 16
29 3
30 18
32 18
35 15
35 29
36 6
36 9
37 15
39 19
39 26
1 28
2 1
2 11
3 8
3 27
4 16
4 29
7 8
7 39
8 11
10 35
11 16
11 19
12 2
12 10
12 19
12 22
12 26
13 3
13 11
15 19
15 22
16 0
16 4
16 10
17 5
17 7
17 16
17 23
18 19
20 22
20 32
21 11
23 12
23 17
24 3
25 13
26 26
28 29
29 10
30 12
30 16
30 37
31 11
31 20
32 16
35 11
35 20
35 36
36 15
37 7
37 11
37 36
39 28
0 2
0 26
1 14
2 13
3 10
3 28
4 1
4 11
5 2
5 34
5 38
6 4
6 15
6 26
7 2
7 10
7 16
7 19
7 34
7 37
9 2
9 31
10 34
11 11
14 1
14 3
14 11
15 1
15 3
15 11
15 29
15 32
16 25
16 29
16 32
17 8
17 17
17 20
17 32
18 10
19 32
20 30
21 8
21 15
21 16
23 36
24 7
25 18
25 22
25 28
25 35
26 27
28 10
28 36
31 30
31 32
31 33
32 12
32 30
34 12
36 7
36 11
38 36
39 10
39 13
39 36
0 32
1 21
3 2
4 13
4 32
5 16
5 39
6 7
6 32
7 35
8 34
10 6
10 39
11 29
11 32
13 31
14 19
14 22
15 31
16 6
16 19
16 22
16 31
17 12
17 31
19 30
21 12
21 17
21 32
22 26
23 34
24 32
24 33
25 10
25 19
25 23
26 10
28 35
30 3
31 17
34 22
34 26
34 32
35 17
36 30
0 33
1 32
2 14
2 18
3 26
4 33
5 37
6 1
6 11
6 17
6 33
7 27
8 35
10 2
10 8
10 27
11 33
13 4
17 1
17 3
17 11
18 2
22 14
22 25
22 27
24 20
25 15
25 24
25 25
26 32
26 33
34 23
36 17
39 15
39 25
39 27
1 16
1 33
2 19
2 23
2 24
2 36
3 32
4 14
5 35
6 13
7 28
8 27
10 10
10 28
11 4
12 32
14 0
14 4
14 29
15 0
15 4
17 25
20 10
22 10
23 26
24 5
24 6
24 13
25 17
26 14
26 30
29 22
29 28
29 31
34 19
37 3
38 16
38 20
38 22
38 23
0 29
1 8
2 25
2 30
3 33
5 8
5 27
6 29
8 6
8 21
8 28
12 33
13 6
14 31
17 19
17 22
23 16
23 27
24 2
24 18
25 32
25 33
29 19
29 23
30 22
30 28
30 31
30 38
30 39
31 18
33 34
34 28
35 18
35 33
37 33
38 8
38 19
38 26
0 31
1 29
4 31
5 10
5 28
6 14
6 31
7 26
8 8
9 5
9 25
10 26
11 6
11 31
13 8
14 6
15 6
16 2
17 0
17 4
20 14
23 35
24 4
24 11
24 19
25 26
25 30
28 32
28 33
29 14
29 20
29 25
30 23
31 12
31 16
34 15
34 25
34 27
35 12
35 16
35 30
36 18
37 12
38 28
38 33
39 17
39 33
1 31
2 34
2 38
3 29
7 32
8 10
8 22
8 26
9 12
9 13
9 18
10 32
11 8
12 29
13 10
14 8
15 8
24 8
24 15
25 27
28 14
28 30
29 34
30 20
30 25
32 10
33 22
33 26
33 32
34 10
34 20
34 31
36 12
36 16
38 13
39 24
1 2
2 22
2 39
3 31
5 26
7 33
8 32
10 33
11 10
12 31
14 10
15 10
17 6
19 14
22 32
24 12
24 17
30 14
30 34
33 23
37 21
38 6
38 9
2 8
2 20
2 37
4 6
5 32
6 16
8 2
8 33
9 15
9 23
9 24
13 2
18 14
22 30
23 21
25 16
28 9
29 24
29 26
29 29
32 14
33 13
33 19
34 17
38 15
38 25
38 27
39 18
2 10
2 35
4 8
5 33
7 29
9 7
10 29
11 2
14 2
15 2
17 10
19 9
23 32
23 33
25 9
26 9
28 21
29 27
29 36
30 10
30 24
30 26
30 29
33 28
34 24
34 29
38 7
38 11
39 12
2 27
4 10
6 6
7 31
8 29
9 17
10 31
12 9
16 9
23 10
23 30
29 18
29 35
30 27
30 36
33 15
33 25
33 27
2 2
2 21
2 28
3 9
5 29
6 8
7 9
8 31
17 2
18 9
18 21
19 21
20 9
22 9
30 35
31 10
33 11
33 20
33 31
34 18
35 10
37 10
38 17
4 2
5 31
6 10
9 20
21 10
23 14
24 16
34 16
36 10
36 21
38 24
2 26
9 11
9 14
9 27
13 21
31 14
32 21
33 17
35 14
37 14
2 32
6 2
9 21
9 28
10 9
12 21
15 21
20 21
21 14
29 32
29 33
33 24
33 29
36 14
38 18
2 33
27 2
27 11
29 30
30 32
30 33
34 33
38 12
1 9
5 9
9 16
9 19
9 22
9 26
14 21
16 21
25 14
26 21
27 8
27 17
30 30
33 18
34 30
2 29
8 9
13 9
33 12
33 16
39 14
2 31
9 6
11 9
14 9
15 9
22 21
23 9
24 10
27 7
27 20
9 8
17 21
27 0
27 6
27 13
27 15
31 21
35 21
2 9
9 10
9 29
17 9
21 9
21 21
24 14
27 22
27 28
27 31
33 33
34 14
4 9
27 4
27 5
27 19
27 23
33 30
38 10
25 21
27 1
27 24
27 25
6 9
27 34
33 10
38 14
39 21
27 26
27 29
29 21
33 14
24 9
24 21
27 3
27 27
30 21
34 21
27 18
27 35
27 12
27 16
38 21
9 9
27 32
27 33
33 21
27 30
27 10
27 14
27 9
27 21
