0 39
3 0
5 39
30 15
11 32
13 17
17 30
34 33
36 0
38 4
6 8
7 27
15 10
17 25
32 29
36 15
37 2
38 0
38 33
39 5
39 7
39 32
0 13
4 1
4 17
6 38
7 19
8 4
8 34
9 8
11 33
12 34
14 9
14 24
16 39
17 27
18 23
18 34
19 34
20 35
24 37
27 30
27 37
33 12
33 17
36 18
39 2
0 9
1 33
4 11
4 20
4 21
4 24
4 26
6 4
6 5
8 6
9 6
10 18
10 20
13 23
14 26
15 38
16 3
17 34
18 32
20 4
21 3
21 18
23 3
24 36
24 39
26 14
27 18
27 22
30 33
31 1
31 16
32 16
32 34
33 14
34 0
34 10
34 19
35 20
35 22
36 29
37 17
37 24
39 0
39 26
39 27
0 0
0 1
0 35
1 10
1 11
1 16
1 27
1 38
3 5
3 22
4 8
5 23
6 11
6 22
7 20
7 22
8 18
8 22
8 38
9 9
10 6
10 12
11 35
11 39
12 18
12 39
13 4
13 5
13 14
13 31
13 39
14 34
15 3
15 23
16 25
17 24
17 31
17 33
18 26
18 31
19 3
20 20
20 39
21 25
21 39
22 18
22 35
22 39
24 1
24 24
25 1
27 0
28 14
28 20
30 18
30 30
30 37
31 0
31 14
32 31
33 1
33 2
33 10
34 15
36 1
36 3
36 39
37 21
37 22
38 1
38 31
38 38
39 34
39 35
0 8
0 16
2 4
3 23
4 9
4 14
4 27
5 3
5 18
7 24
8 3
8 8
8 24
8 29
11 15
11 37
12 12
12 35
13 9
14 29
15 24
15 35
16 10
16 26
16 27
17 5
17 22
17 39
18 39
19 6
19 38
21 2
21 20
22 27
23 2
25 2
27 16
27 25
28 16
28 34
29 2
30 1
30 13
31 19
32 12
33 0
33 19
33 31
33 34
34 18
36 19
36 31
36 33
36 34
37 1
37 19
38 3
39 10
39 24
39 31
0 10
0 33
1 14
1 34
2 3
3 38
4 4
4 18
5 5
5 8
6 19
7 4
7 5
8 11
8 19
8 37
9 13
9 17
10 17
12 16
12 20
12 37
13 12
13 32
14 3
14 17
14 20
14 35
15 5
15 6
15 16
15 31
15 39
16 9
16 35
17 9
17 37
18 24
18 37
19 4
19 17
19 18
19 20
20 2
20 5
20 16
20 38
21 0
21 24
21 38
22 20
22 34
22 38
23 0
23 5
24 25
26 39
27 14
27 26
27 31
27 32
28 29
28 37
29 3
29 29
29 39
30 0
30 31
31 13
31 20
32 32
32 39
33 16
34 13
34 14
34 16
34 32
35 34
36 17
36 20
36 24
36 26
37 3
37 20
38 30
39 1
39 9
39 12
39 38
0 4
0 14
1 5
1 37
3 29
4 3
4 7
4 12
4 22
5 2
5 9
6 6
6 26
6 35
7 14
8 9
8 39
9 3
10 4
10 9
10 33
10 38
11 11
11 18
12 31
13 20
13 29
13 33
14 12
14 22
14 32
15 11
15 14
15 37
16 29
16 32
16 34
17 0
17 4
18 22
21 26
21 36
22 17
22 26
24 0
24 20
26 13
26 36
27 1
27 4
27 39
29 10
29 17
29 19
29 30
30 2
31 8
31 18
32 10
33 4
33 18
33 30
33 32
35 15
36 30
38 39
39 3
39 30
0 3
0 7
1 0
1 1
1 12
1 20
1 21
1 24
2 2
3 4
3 26
3 34
3 35
4 6
4 23
5 14
5 25
6 2
6 20
6 27
6 29
6 37
7 33
7 34
8 20
9 16
9 33
9 38
10 3
10 16
10 31
10 34
10 35
11 10
11 23
12 14
13 2
13 22
13 25
14 4
14 5
14 33
14 37
15 20
15 26
15 27
16 2
16 6
16 13
16 33
16 37
17 6
17 38
18 29
18 38
19 2
19 27
20 0
24 18
24 30
26 29
26 31
26 32
27 2
27 28
28 13
29 8
29 22
30 3
30 5
30 22
30 32
32 14
33 8
34 2
34 39
35 29
37 5
37 32
38 37
39 15
39 16
39 18
0 6
0 34
1 8
1 19
1 25
3 3
3 7
3 25
3 37
4 2
4 15
5 0
5 7
5 29
6 12
6 13
6 17
7 3
7 11
7 25
8 17
8 25
8 31
9 2
9 10
9 21
9 34
9 35
10 14
10 37
11 26
11 27
12 26
12 27
14 16
15 2
15 22
15 32
16 17
16 18
18 17
18 18
19 25
19 30
21 30
22 33
24 17
24 27
26 1
26 4
26 10
26 28
26 34
27 3
28 0
28 8
28 21
29 31
30 39
31 33
31 37
32 1
32 2
32 19
32 22
32 27
33 22
33 26
33 37
34 4
34 37
35 12
35 13
35 14
35 16
35 17
35 26
35 39
36 10
36 37
37 25
39 14
39 21
39 22
39 39
0 2
0 37
1 15
1 22
1 32
3 6
3 13
3 27
4 33
4 38
5 6
5 12
5 13
5 16
6 10
6 18
6 33
7 9
7 35
8 0
9 15
9 37
10 2
10 23
10 29
10 39
11 14
11 17
12 11
12 13
12 29
14 14
14 25
15 29
15 33
16 16
16 20
17 17
17 18
17 28
18 3
18 5
18 16
18 28
19 0
19 11
19 32
20 27
21 32
21 35
22 29
24 31
24 32
25 30
25 37
26 2
26 38
27 13
27 21
27 33
28 25
29 38
30 9
31 10
31 24
31 26
31 30
31 34
32 0
32 4
32 13
32 20
32 28
32 38
33 5
34 3
34 8
34 29
35 2
35 31
35 37
36 9
36 12
36 13
37 14
37 33
37 34
37 38
39 19
39 37
0 15
0 26
0 29
1 4
1 23
3 2
3 17
5 33
6 0
6 16
7 2
7 31
8 12
8 13
8 16
9 23
9 29
9 39
10 11
10 13
10 26
10 27
11 4
11 5
11 6
11 22
11 24
12 4
12 5
12 6
12 10
12 24
13 0
13 11
14 2
14 28
15 13
16 11
16 22
17 16
18 9
19 14
19 24
19 31
20 11
20 25
20 30
21 16
21 31
23 21
24 3
24 16
24 34
25 4
25 36
26 3
26 5
26 9
26 20
26 22
27 35
27 38
28 24
28 26
28 39
29 20
29 26
29 32
29 36
30 11
30 20
31 4
31 21
32 18
34 22
34 26
35 1
35 4
35 9
36 8
36 27
37 10
39 17
39 20
39 25
1 3
1 7
1 18
1 28
3 9
3 10
3 11
3 16
3 19
3 31
4 34
4 35
5 10
5 15
7 17
7 28
8 10
8 32
9 0
9 26
9 27
10 7
10 10
11 3
11 13
11 16
12 3
13 10
14 11
15 0
17 21
18 4
19 26
20 7
20 14
20 32
21 34
22 28
23 17
24 4
24 14
25 31
25 32
26 18
26 24
26 33
28 1
28 4
29 18
29 35
31 27
31 31
32 3
32 24
32 36
33 24
34 5
34 11
35 3
35 8
35 30
35 32
36 25
37 9
37 12
37 13
37 31
0 20
0 21
0 24
0 32
1 6
4 28
4 31
4 37
5 34
5 35
6 15
6 31
8 15
9 20
10 0
10 22
10 24
14 7
15 15
16 28
18 6
18 14
19 7
19 10
19 13
20 21
20 24
20 31
25 5
25 11
25 20
25 22
25 34
26 12
26 17
27 7
27 10
28 2
28 27
28 33
29 13
29 16
29 24
29 27
30 24
30 26
30 38
31 3
31 25
31 28
32 5
32 35
33 11
33 38
34 38
37 8
37 39
38 36
0 19
0 25
1 2
1 30
3 14
5 31
5 37
7 0
7 12
7 13
7 16
7 32
8 1
9 22
9 24
11 2
11 30
12 2
12 21
14 0
14 13
14 21
15 7
17 1
17 11
17 14
18 2
18 21
20 8
20 10
20 13
20 26
21 21
22 1
22 4
23 11
23 16
24 5
24 11
24 29
24 33
25 18
25 24
25 27
26 25
28 3
28 11
28 12
28 28
29 5
29 28
30 7
30 36
31 5
31 32
31 39
33 27
33 36
34 24
34 30
34 36
35 5
35 27
35 38
36 36
37 30
37 37
39 11
0 22
0 27
3 18
3 32
6 1
7 10
8 28
9 32
11 25
12 25
13 1
13 21
14 8
16 1
18 13
19 8
19 15
19 21
19 29
20 1
21 29
21 33
22 21
22 23
23 14
23 19
25 17
26 16
26 26
27 9
28 5
28 38
30 27
30 35
32 9
32 21
32 25
33 21
33 25
33 28
33 35
34 35
35 25
35 28
35 36
36 35
39 36
0 23
3 12
4 32
6 25
6 32
7 15
9 1
13 7
14 15
14 30
15 1
15 8
15 21
15 28
16 7
17 7
17 13
18 0
19 12
20 15
21 5
21 11
24 15
24 28
25 10
25 25
25 29
25 33
26 35
27 11
27 12
27 19
28 36
29 21
30 21
30 25
30 28
32 11
33 7
34 27
35 23
35 35
0 18
5 32
10 1
10 25
11 0
12 0
16 15
18 15
19 1
19 28
20 12
20 19
20 29
20 33
21 14
21 28
22 3
23 10
23 13
23 30
23 37
24 10
24 23
25 16
25 26
27 23
28 35
34 21
34 25
34 28
35 11
38 6
3 15
3 28
7 1
8 30
9 25
11 21
11 28
12 19
12 28
13 8
13 30
13 36
14 1
14 19
16 8
16 21
17 8
17 15
18 10
18 12
19 36
21 19
21 23
23 6
23 24
23 27
23 35
23 36
25 9
25 38
26 7
26 21
27 6
29 9
31 9
31 38
34 7
36 11
6 28
11 7
12 7
13 19
17 12
19 19
20 28
21 10
21 13
22 2
22 19
23 9
23 15
23 31
23 32
23 39
24 9
25 12
28 9
29 11
29 12
30 6
31 11
31 36
32 7
36 7
36 23
37 36
38 23
38 28
39 6
1 36
5 28
7 30
10 28
11 36
15 19
22 5
22 11
23 12
23 25
23 26
23 34
24 12
25 7
25 21
25 35
29 7
31 7
31 23
31 35
35 7
37 11
37 35
38 15
38 16
38 18
38 26
38 27
3 30
6 36
8 36
9 28
11 1
11 8
11 19
12 1
12 8
12 30
12 36
15 30
17 36
18 7
18 36
21 9
21 15
22 0
22 14
23 38
24 7
24 19
25 8
28 7
28 23
33 6
37 7
38 14
38 21
38 22
3 36
4 30
6 30
15 36
16 19
18 19
21 7
21 12
23 8
24 8
25 15
32 23
33 23
38 10
38 19
38 24
0 28
0 36
5 30
10 30
14 36
16 36
17 19
18 1
18 8
22 10
22 13
23 29
23 33
26 6
29 23
30 23
34 6
38 9
38 12
38 13
38 17
38 20
7 36
9 30
10 36
21 8
32 6
34 23
36 6
38 8
9 36
20 23
22 9
22 15
23 28
25 6
26 19
26 23
29 6
31 6
35 6
0 30
4 36
22 7
22 12
24 6
28 6
37 6
5 36
25 19
25 23
21 6
22 8
38 25
23 23
38 11
2 13
2 29
22 6
2 8
2 17
2 20
2 21
2 24
2 26
2 33
2 9
2 10
2 11
2 16
2 19
2 25
2 38
2 22
2 27
2 7
2 14
2 23
2 34
2 35
2 6
2 18
2 31
2 37
2 12
2 15
2 32
2 28
2 30
2 36
