20 27
15 22
34 25
19 26
26 1
32 15
33 23
20 23
23 28
32 10
34 12
35 0
37 2
39 0
0 0
0 1
4 10
9 1
9 3
12 38
23 31
24 24
26 11
27 1
32 11
33 24
33 33
34 7
36 26
37 0
37 26
38 25
0 10
2 13
4 5
5 3
11 36
13 22
19 24
21 1
22 2
29 26
35 6
39 3
1 25
1 31
4 1
4 25
5 7
6 31
16 24
24 26
24 31
29 0
29 12
30 9
30 24
34 8
0 3
0 7
0 8
0 9
1 22
1 24
1 34
3 35
16 9
19 30
20 25
22 1
23 26
23 29
25 32
29 8
30 26
33 34
36 32
38 23
38 24
39 4
39 7
39 36
1 35
3 26
5 1
7 0
10 0
12 22
13 4
16 38
19 29
21 28
23 25
24 2
24 29
24 38
26 39
27 0
29 2
29 10
29 25
29 34
30 23
32 6
32 36
33 37
34 37
35 3
37 14
37 23
37 24
38 22
39 6
1 28
2 12
2 34
4 12
4 15
4 36
4 37
4 39
8 35
10 12
11 4
13 12
15 1
16 1
18 4
18 21
18 24
19 25
23 38
24 4
24 8
24 39
25 27
26 4
26 8
27 6
31 34
33 26
34 3
36 1
36 36
37 15
37 16
37 20
37 22
39 37
0 33
1 32
2 35
3 22
3 24
3 36
3 37
3 39
4 0
4 4
6 3
7 10
7 38
8 1
8 3
8 32
11 9
11 39
13 1
15 39
16 25
17 39
21 31
21 38
23 39
25 24
26 37
27 2
27 37
29 23
30 25
31 3
31 24
32 7
32 39
34 4
34 33
36 4
36 7
36 27
36 34
37 12
37 27
39 1
39 13
0 31
1 36
1 37
1 39
2 3
2 5
2 7
2 8
2 9
3 28
3 31
4 28
4 31
5 6
9 0
11 1
11 5
11 35
12 24
13 6
14 21
15 31
15 35
17 27
18 12
21 30
21 39
23 2
25 23
26 36
27 36
29 14
29 37
30 3
30 32
31 0
31 4
31 26
33 17
33 21
33 39
34 39
35 2
36 6
36 9
36 10
36 11
36 37
37 1
37 4
37 7
37 33
39 12
0 4
0 34
2 1
2 32
3 32
4 6
4 32
5 0
5 4
6 35
6 36
6 37
6 39
8 13
8 38
8 39
10 4
10 38
10 39
11 19
11 32
12 39
14 4
16 21
17 30
18 0
18 11
19 32
21 21
21 24
21 29
21 32
21 36
22 9
22 12
23 4
23 8
23 22
24 0
24 21
25 0
25 26
26 9
27 39
29 4
29 9
29 29
29 36
30 0
30 4
30 15
31 37
32 3
34 2
34 15
34 16
34 20
34 22
35 1
36 8
37 6
37 9
37 10
37 11
39 39
0 35
2 36
2 37
2 39
4 38
6 1
8 25
10 7
11 0
15 36
16 12
16 28
17 9
17 21
17 24
17 31
17 32
18 25
18 27
19 35
19 38
20 22
21 0
21 18
21 23
22 11
23 1
23 9
24 6
24 10
24 12
25 25
25 37
26 6
28 32
29 6
30 6
30 11
31 2
31 36
32 0
32 4
32 38
33 27
34 1
34 32
34 34
37 8
37 17
37 36
38 29
39 9
39 10
39 11
39 14
39 21
39 26
0 6
3 38
5 10
5 15
6 7
7 13
8 7
8 11
8 24
9 12
10 5
12 31
14 1
16 6
16 31
16 32
17 35
18 6
19 28
20 31
21 4
21 9
21 12
25 36
25 38
30 2
30 12
30 34
31 1
31 25
33 9
33 14
33 29
33 38
34 38
36 39
37 32
37 34
38 33
39 15
39 16
39 25
39 29
0 20
0 26
0 32
1 38
3 10
3 19
4 16
4 19
6 5
7 7
8 5
10 9
11 22
12 32
13 38
14 12
15 0
16 0
16 26
16 35
17 4
19 36
20 30
21 11
22 0
25 30
25 39
28 27
28 34
30 1
31 8
31 27
31 39
32 2
32 32
33 6
36 14
36 23
36 24
36 31
37 21
37 37
39 33
39 38
0 14
0 36
0 37
0 39
1 21
2 4
2 11
2 26
3 3
3 5
3 7
3 8
3 9
3 13
4 11
5 13
6 9
6 38
7 5
8 9
8 16
8 19
11 10
11 26
11 28
12 21
13 0
14 24
14 25
17 11
17 36
20 29
20 32
23 6
23 14
24 11
27 38
29 21
29 31
31 22
31 29
32 1
32 22
32 23
33 10
33 12
34 17
34 27
36 15
36 16
36 20
36 22
36 28
37 28
38 36
0 15
0 16
0 25
2 15
2 16
2 25
2 38
3 1
6 0
6 4
6 22
6 30
7 2
7 9
7 12
8 0
8 4
8 37
9 13
10 2
10 37
11 11
12 37
13 8
14 6
15 9
15 26
15 28
16 29
16 36
17 1
17 25
18 17
18 30
20 35
20 38
21 26
22 7
22 14
23 17
23 37
24 30
29 16
29 22
29 28
29 38
30 37
31 10
31 15
32 35
33 7
33 11
34 29
36 30
36 38
38 32
38 34
39 23
39 24
0 13
0 22
0 24
1 10
1 14
2 6
2 22
2 24
4 23
6 15
6 29
7 4
9 7
10 6
11 8
11 24
13 10
14 38
15 3
16 3
16 10
16 39
18 22
18 29
18 31
18 32
20 39
21 25
21 37
22 3
22 17
23 35
24 35
25 10
25 12
25 22
28 37
29 30
30 36
31 7
31 11
31 38
32 24
33 18
33 31
33 35
34 21
37 39
38 37
39 17
39 20
39 22
39 32
1 15
1 16
2 28
3 21
4 2
4 21
5 9
5 12
6 6
8 6
8 26
8 28
9 5
9 36
11 16
11 27
11 30
13 3
13 7
13 11
13 17
13 23
13 31
15 12
15 23
15 37
17 14
18 35
18 38
20 36
21 6
27 7
28 36
30 14
30 17
31 12
32 26
33 3
33 8
33 28
0 38
1 3
1 5
1 7
1 8
1 9
1 13
1 27
1 30
3 12
5 16
5 19
5 28
5 31
6 13
7 6
7 22
8 21
9 2
9 9
9 31
11 3
11 29
11 37
12 26
12 28
13 18
13 32
13 35
14 0
15 2
15 27
15 30
16 2
16 8
17 6
17 16
18 3
18 8
18 10
22 27
25 4
25 8
25 28
26 35
27 35
28 39
30 29
30 39
31 31
33 0
33 4
33 30
36 17
37 18
38 19
38 27
0 2
1 29
3 0
3 4
5 2
5 32
9 16
10 10
12 4
12 12
13 2
13 14
15 29
16 23
18 36
19 37
20 2
21 17
22 10
22 21
22 24
23 0
24 3
24 14
25 11
26 3
26 27
28 29
29 18
29 35
30 21
31 9
31 28
34 31
36 35
37 38
38 2
38 3
38 13
38 39
39 27
0 12
1 23
3 27
3 30
4 27
4 30
5 25
5 35
5 36
5 37
5 39
6 25
8 27
8 30
10 11
10 19
10 31
11 2
12 23
13 36
14 31
16 7
17 22
17 26
17 28
17 37
18 7
18 39
20 18
22 23
22 28
24 17
26 24
31 30
31 35
32 25
33 2
34 28
36 21
37 31
38 0
38 12
0 19
2 19
3 6
3 17
3 29
4 14
4 17
4 29
5 24
6 12
6 24
7 31
8 29
9 6
9 22
10 8
11 21
12 1
12 5
12 27
12 30
13 39
14 3
14 8
14 32
14 35
16 37
17 0
17 15
18 14
19 2
21 10
21 22
23 18
24 7
25 9
25 35
26 7
26 23
29 7
30 38
32 27
33 1
34 18
34 30
38 4
38 7
1 12
3 18
4 18
5 21
6 8
6 16
6 19
7 11
8 8
8 14
8 17
12 9
12 29
14 10
15 6
17 10
18 16
18 23
18 28
19 18
20 1
20 4
20 9
20 12
22 31
23 3
23 16
23 34
24 22
24 34
25 6
26 26
28 38
30 31
31 14
31 17
32 17
32 29
34 35
37 30
38 6
38 9
38 10
38 11
38 14
38 38
0 30
1 4
1 19
2 2
3 23
7 8
7 25
7 35
8 18
8 23
8 34
9 25
9 35
10 22
12 16
13 15
13 26
13 28
14 2
14 7
14 11
14 36
16 14
16 17
19 21
20 11
20 37
21 3
21 8
22 5
22 16
22 30
26 25
27 32
28 3
28 31
30 28
32 13
33 19
37 35
38 8
38 15
38 16
38 20
38 31
39 18
0 29
5 11
5 38
6 2
7 14
7 24
7 32
8 2
9 10
9 24
9 32
12 6
13 19
14 39
15 34
16 16
16 18
17 3
17 8
19 1
19 4
19 9
19 12
22 26
22 29
22 32
23 7
25 14
26 34
27 10
28 8
28 28
30 18
30 30
31 21
32 21
34 13
35 5
38 28
39 31
0 21
1 6
2 21
3 11
7 16
7 19
9 11
10 25
10 35
11 14
11 17
11 34
14 14
14 17
17 18
18 15
18 37
19 11
21 7
22 25
22 38
23 15
25 17
26 14
26 29
27 5
27 27
28 1
28 10
28 30
29 13
30 16
30 35
36 18
38 30
39 28
5 14
5 17
5 26
6 21
6 26
6 34
8 15
9 8
10 24
10 32
11 18
13 27
13 30
13 37
14 16
14 18
14 26
14 28
15 10
17 2
17 7
17 13
17 23
19 34
21 16
21 34
22 15
22 39
24 18
26 17
27 11
27 12
27 24
28 35
29 19
32 31
38 35
39 30
4 34
5 18
9 14
9 17
9 38
9 39
10 16
11 23
13 29
15 11
16 15
17 34
18 19
20 6
22 36
24 16
25 34
26 21
27 23
28 11
28 12
28 24
32 28
34 5
38 1
38 17
39 5
0 27
2 27
2 30
3 2
6 11
9 18
12 10
12 34
13 13
15 8
16 5
16 34
18 5
20 17
23 19
26 22
27 9
27 26
28 23
31 5
32 30
34 19
0 17
1 11
2 17
2 29
5 27
5 30
6 27
7 21
7 26
7 28
9 21
9 26
9 28
11 15
12 11
14 15
14 27
14 30
14 37
15 14
15 17
19 6
21 15
23 33
24 5
24 33
26 5
26 31
27 25
28 0
28 4
28 9
29 5
30 5
31 18
32 18
0 18
2 18
5 29
6 14
6 17
8 33
12 3
12 8
14 29
15 7
15 16
15 18
16 19
18 13
19 17
20 0
20 34
22 22
23 13
24 15
25 3
26 28
28 6
28 25
31 16
32 5
35 25
36 5
0 23
1 17
2 23
6 18
9 15
10 21
10 26
10 28
12 14
12 17
13 20
14 5
15 33
17 19
20 10
22 13
25 18
26 30
26 33
27 14
27 29
28 2
30 19
35 12
35 26
35 33
37 5
1 2
1 18
5 23
6 23
7 27
7 30
9 27
9 30
9 37
11 33
12 2
12 7
12 18
12 20
14 19
14 23
16 13
18 34
19 0
19 22
21 19
23 5
25 7
25 16
26 18
27 17
28 14
29 33
36 19
6 33
7 17
7 29
9 29
13 34
15 15
19 10
19 33
20 3
20 8
21 5
21 13
21 33
22 37
24 19
26 16
27 21
28 17
29 20
30 13
31 33
35 9
35 10
35 11
35 14
35 23
35 24
35 36
2 33
3 33
4 33
7 18
10 27
10 30
11 13
14 13
17 5
17 33
18 20
20 14
22 35
25 33
27 22
28 21
35 8
35 15
35 16
35 20
35 22
35 32
35 34
36 13
38 18
3 20
4 20
7 23
9 23
10 14
10 17
10 29
12 15
12 33
16 33
19 3
19 8
20 7
20 16
23 20
24 13
25 15
27 31
28 22
35 37
5 34
8 20
10 18
14 34
15 19
19 14
26 15
27 28
31 19
32 19
10 23
16 20
19 7
19 16
20 33
27 30
33 5
33 13
35 27
15 5
15 13
17 20
20 15
25 19
27 18
30 20
30 33
31 13
35 17
35 29
35 39
7 34
9 34
10 15
11 20
14 20
18 33
21 20
26 19
27 16
28 18
28 33
5 20
12 13
13 33
19 15
22 34
24 20
25 5
25 13
28 7
28 16
35 21
10 34
20 19
22 19
26 13
35 38
27 15
35 31
2 20
5 33
14 33
15 20
19 19
20 5
20 13
28 15
31 20
32 20
35 28
38 5
6 20
35 30
19 5
19 13
25 20
27 19
35 18
35 35
7 33
9 33
26 20
28 19
7 20
9 20
22 33
27 13
10 33
20 20
22 20
28 5
28 13
10 20
19 20
27 33
27 20
35 19
28 20
35 13
