17 1
18 0
36 11
0 0
0 23
1 20
2 25
21 39
24 0
39 11
0 24
0 38
1 17
1 22
2 19
2 27
6 1
6 17
7 1
7 20
8 3
10 2
15 31
15 32
18 25
22 38
23 39
24 1
24 3
24 39
26 3
34 38
35 30
37 1
38 27
39 13
39 30
1 11
1 12
1 14
1 19
2 9
2 13
2 21
4 0
4 27
8 2
10 37
11 33
17 33
19 1
19 13
19 38
20 38
20 39
22 36
23 38
24 38
25 16
26 0
29 35
31 38
34 37
36 6
36 36
37 23
37 38
38 17
38 37
39 38
0 4
0 9
2 11
2 22
3 0
3 24
4 26
7 16
8 16
9 39
13 26
15 39
18 2
19 12
22 0
22 2
23 4
23 14
24 14
27 14
27 26
31 16
32 0
36 0
36 37
36 39
37 20
38 0
38 34
38 36
39 18
39 22
39 24
39 25
39 35
0 3
0 7
3 17
3 21
4 1
6 24
8 21
8 22
11 1
11 39
12 39
13 31
14 33
15 34
15 35
16 2
16 11
17 18
17 39
18 4
19 36
21 36
22 1
23 34
25 17
27 0
27 34
27 38
28 14
31 14
33 5
35 8
35 14
35 32
36 4
36 14
37 39
38 29
38 33
38 38
39 19
39 29
39 36
39 39
0 2
0 6
1 16
1 36
2 14
3 1
3 3
3 20
3 22
4 2
4 17
4 30
7 33
11 34
11 36
13 36
14 1
14 2
14 36
16 5
16 7
16 30
16 39
17 36
19 3
19 24
20 17
20 18
21 0
21 2
21 34
24 29
24 35
25 25
26 6
26 12
26 16
27 8
27 10
29 17
33 31
34 17
35 15
35 24
35 36
35 38
36 15
36 23
36 31
37 0
37 26
38 16
38 21
39 17
39 23
39 34
0 13
0 15
0 18
1 24
1 25
1 26
1 28
1 39
2 4
2 6
2 39
3 2
3 14
3 31
3 38
4 20
4 38
6 25
7 26
8 24
8 27
10 39
11 3
14 4
14 7
16 3
16 26
16 31
16 32
16 36
19 16
19 33
19 34
21 1
21 4
21 20
22 4
22 16
22 35
23 9
23 12
23 36
25 21
26 14
27 13
27 28
29 11
29 13
29 39
30 37
30 39
31 27
32 39
33 17
33 24
33 39
35 0
35 10
35 12
35 16
35 37
36 16
36 20
36 22
36 26
36 30
36 35
37 5
37 7
37 8
37 12
38 19
38 22
38 24
38 25
38 32
38 39
39 33
0 12
0 17
1 27
1 33
1 35
2 1
2 3
2 16
3 8
4 25
5 21
5 22
7 4
7 22
7 29
7 38
8 35
10 31
11 38
12 3
12 38
14 29
14 30
15 1
15 2
15 11
16 29
16 35
17 26
18 5
18 17
19 25
19 30
20 33
20 34
21 26
22 13
24 9
27 21
27 30
28 13
29 0
29 37
31 6
31 10
31 11
32 16
32 17
33 34
33 35
34 15
34 23
35 20
35 22
35 27
36 29
36 33
37 4
37 6
37 13
37 17
37 31
39 3
39 20
0 19
0 31
0 39
1 0
1 7
1 29
2 2
2 31
2 36
3 7
3 16
3 29
3 33
3 35
3 39
4 34
4 39
5 26
7 36
8 11
8 25
8 31
10 24
10 36
13 29
13 30
13 34
13 35
13 39
14 8
14 18
14 21
14 34
14 35
15 7
15 38
16 6
17 8
17 16
17 25
17 29
18 13
18 21
19 5
19 31
19 32
20 30
21 21
21 35
22 12
24 18
24 30
26 20
27 22
27 32
27 37
29 12
30 36
31 21
31 26
31 37
33 22
33 27
34 16
34 32
34 34
34 35
35 39
36 21
36 25
37 14
37 30
37 34
38 23
38 28
39 5
39 7
39 8
39 16
39 28
39 32
0 14
0 26
0 28
0 37
1 4
1 6
2 8
3 37
4 11
4 16
4 37
5 20
5 31
5 35
7 24
7 39
8 0
8 7
8 9
8 18
8 19
10 0
10 26
10 38
11 11
12 1
12 2
13 21
14 17
15 3
15 4
15 37
16 0
17 4
17 20
17 38
18 3
18 12
18 35
19 37
20 31
20 32
20 37
21 3
21 13
21 30
22 8
22 14
22 17
23 5
23 11
23 31
23 32
24 6
24 22
25 23
26 11
26 13
27 1
27 6
27 17
27 39
28 0
28 12
28 21
29 20
29 23
29 25
29 28
29 36
30 23
30 25
31 12
31 20
31 34
31 39
32 6
32 13
32 22
33 13
34 24
34 31
35 21
35 26
35 34
35 35
36 3
36 32
37 15
37 29
37 33
38 20
39 4
39 6
0 8
0 27
1 1
1 3
2 29
2 33
2 35
3 12
5 24
6 0
6 18
6 19
7 0
7 18
7 19
7 34
7 37
8 6
8 33
10 29
10 30
11 0
11 4
11 8
14 24
15 8
16 9
16 38
17 12
17 37
18 6
18 11
19 8
19 20
20 15
20 20
20 35
21 12
21 29
21 31
21 32
21 37
22 6
23 8
23 35
24 11
24 17
25 24
25 31
26 5
27 36
28 6
28 22
28 26
29 15
29 24
29 29
29 31
30 24
30 28
30 34
31 25
31 29
31 31
31 36
32 4
32 8
32 14
33 4
33 8
33 14
33 21
33 26
33 29
33 36
35 1
35 3
35 28
36 18
37 16
0 16
0 29
0 33
0 35
1 2
1 30
3 30
7 9
7 12
7 25
8 38
9 35
10 22
10 27
12 4
13 24
13 38
14 0
14 9
14 20
14 38
15 6
15 25
16 37
17 11
17 14
18 22
18 29
19 6
19 14
20 0
20 2
21 14
22 11
23 15
24 8
24 15
24 25
24 33
25 2
25 4
28 9
28 17
28 35
29 4
29 9
29 32
30 29
30 31
31 24
31 32
32 1
32 3
32 21
33 1
33 3
33 15
33 20
33 28
34 22
34 27
35 25
36 9
36 28
37 32
37 35
38 10
1 37
3 5
3 18
4 32
5 25
5 33
6 3
6 14
6 29
6 31
6 35
7 8
7 13
7 27
8 36
9 31
11 7
11 25
13 20
13 37
14 16
14 37
17 5
17 7
18 33
18 34
18 36
19 21
20 1
20 4
20 21
22 5
23 18
24 20
24 27
25 1
25 12
25 15
25 34
26 18
27 4
27 15
28 38
29 1
29 3
29 30
30 32
31 4
31 15
31 30
32 10
32 11
32 20
33 10
33 11
33 25
34 6
38 3
38 11
38 12
1 34
2 30
4 9
4 18
4 19
5 3
5 14
5 38
6 4
6 11
7 7
11 6
13 19
14 5
14 22
15 0
15 9
15 27
16 18
17 24
18 30
19 9
19 27
20 5
20 27
21 11
23 22
23 26
25 3
25 9
27 2
27 20
27 33
28 4
28 15
28 34
29 5
29 18
30 30
31 1
31 3
31 18
34 5
34 21
34 26
34 29
35 9
36 2
37 2
37 28
38 5
38 7
38 8
38 13
0 30
1 8
3 34
4 8
5 4
5 11
5 30
5 36
7 6
7 32
8 5
8 12
8 37
9 26
9 33
11 14
11 32
12 6
13 22
15 18
16 17
17 3
18 16
18 31
18 32
21 8
23 17
24 5
24 21
25 28
25 29
27 5
27 23
27 27
28 1
28 3
29 7
31 5
31 9
32 12
32 27
33 12
33 33
34 13
34 18
34 28
35 2
35 18
38 4
38 6
38 14
2 37
4 7
5 39
6 33
8 13
8 34
9 25
9 29
9 30
11 12
11 26
12 0
14 14
14 27
15 17
16 21
17 6
19 22
20 3
20 8
20 22
21 6
22 22
22 26
23 25
24 23
25 6
25 35
25 37
26 15
27 24
28 5
28 20
28 28
32 2
32 34
32 35
33 2
33 18
34 8
34 25
34 33
2 34
4 6
5 18
5 19
5 37
6 38
7 15
8 15
9 27
9 36
10 17
11 13
11 21
11 29
11 30
13 32
14 12
15 21
17 22
18 9
20 6
23 20
23 29
23 33
24 24
25 11
25 13
25 32
26 7
28 23
28 25
28 29
28 31
28 37
29 2
29 33
31 33
32 18
32 26
32 29
32 31
34 0
37 9
37 18
0 34
1 32
2 5
4 23
5 16
5 34
6 9
6 27
6 30
6 36
9 23
11 5
11 27
14 13
16 16
16 24
17 9
17 15
18 14
18 37
21 9
22 15
22 25
22 30
25 8
25 30
25 36
26 31
27 9
27 18
28 24
28 32
28 39
30 33
31 2
32 28
32 32
34 10
34 11
2 15
3 32
4 12
5 9
5 28
6 8
6 39
7 5
10 16
10 32
11 24
12 5
13 3
15 16
15 24
16 20
16 27
20 9
21 27
22 7
22 20
22 29
22 31
22 32
23 21
26 22
26 26
26 38
28 2
28 30
28 36
32 25
32 30
32 36
39 2
39 9
2 23
3 15
4 13
5 8
6 7
6 23
6 37
8 28
8 32
9 34
10 23
11 20
15 20
15 28
17 27
18 19
18 23
19 7
19 28
20 28
21 15
23 7
23 23
25 19
26 34
28 18
30 8
32 9
33 9
34 4
34 12
1 5
2 32
4 5
4 15
5 7
6 6
6 34
9 1
10 11
11 15
11 18
11 19
13 1
13 2
13 7
13 17
16 14
16 22
22 21
23 24
24 7
25 5
26 25
27 7
31 7
34 1
34 3
0 32
3 23
4 28
5 6
5 32
8 23
9 3
9 17
9 21
10 4
10 8
10 9
11 22
13 11
14 15
14 23
14 28
15 14
15 22
17 19
21 19
22 23
25 33
26 19
26 28
26 29
28 7
30 6
30 16
6 12
9 2
13 4
13 8
13 23
13 28
16 13
18 27
22 24
25 27
26 35
26 37
28 33
29 19
30 14
30 17
31 19
32 7
32 33
33 7
5 12
6 13
9 16
9 32
10 7
10 20
13 16
15 13
18 15
19 23
20 23
21 7
26 32
26 39
34 19
35 19
38 2
38 9
3 10
5 13
6 5
6 32
7 23
10 6
10 18
10 19
10 28
16 28
17 23
20 7
21 28
23 27
26 23
26 30
26 36
30 10
30 11
30 13
33 19
34 2
34 9
5 5
5 23
7 28
9 11
10 14
13 6
13 9
17 28
19 19
20 19
22 33
26 24
30 21
32 19
1 10
9 4
9 8
9 9
10 12
13 0
13 14
16 10
16 15
22 27
25 7
27 19
30 4
30 12
30 20
2 10
6 15
10 13
12 25
12 31
12 33
13 12
14 10
15 15
24 19
30 1
30 3
34 7
0 10
5 15
8 10
9 7
9 20
10 5
13 13
16 23
18 28
26 33
28 19
30 5
9 6
9 18
9 19
9 28
11 10
11 23
13 5
15 10
15 23
19 10
23 10
26 27
6 28
7 10
9 0
9 14
11 28
12 17
12 26
12 34
12 35
16 19
23 28
24 10
30 15
30 18
9 12
10 15
12 11
12 21
12 29
12 30
15 19
22 10
23 19
30 2
30 9
4 10
9 13
12 8
12 27
13 15
18 10
22 28
9 5
12 16
12 24
17 10
21 10
22 19
12 20
20 10
30 7
12 9
12 18
12 19
6 10
9 15
12 14
12 22
25 10
5 10
12 12
12 13
12 32
30 19
10 10
13 10
12 15
12 23
9 10
12 28
12 10
