10 26
37 20
0 24
13 34
14 14
15 26
18 36
20 36
22 5
34 30
34 32
36 19
37 12
38 19
39 12
0 29
1 22
9 22
15 19
15 38
16 20
17 20
20 7
22 13
24 3
26 2
27 4
27 7
28 19
33 31
33 34
36 31
37 10
37 13
38 17
38 21
39 0
39 11
3 9
5 11
7 7
9 39
12 25
17 37
20 6
22 0
26 4
26 5
27 2
31 33
33 20
33 24
33 29
36 21
36 29
37 7
37 17
38 0
38 8
38 13
38 14
39 36
0 1
0 3
0 23
0 27
1 23
4 9
14 16
14 36
18 34
18 37
19 0
19 3
22 9
23 4
23 6
23 9
24 0
24 6
25 0
25 3
25 4
25 5
30 33
31 39
33 33
34 25
36 11
36 16
36 38
37 23
38 10
38 11
38 37
39 3
39 7
1 27
1 30
2 27
2 31
2 38
3 10
3 11
3 24
3 33
4 6
4 8
10 16
10 24
11 36
14 13
14 28
15 15
15 34
16 26
16 29
18 7
18 8
18 15
19 37
20 1
20 10
20 31
21 13
23 11
24 5
28 15
30 32
32 12
34 21
36 14
37 28
37 30
37 31
38 33
38 34
38 38
39 33
39 34
39 37
0 28
1 9
1 26
2 12
2 22
2 26
3 5
3 23
3 26
3 28
4 1
4 7
4 13
5 23
5 39
9 19
9 24
11 25
12 27
12 33
12 36
14 24
15 36
18 0
18 19
18 20
19 4
20 3
20 15
21 1
21 5
21 6
21 8
21 16
22 7
22 10
23 3
23 7
24 1
24 7
25 1
26 1
28 1
28 8
29 0
29 4
32 0
32 11
34 20
35 39
36 35
36 36
37 24
37 25
37 29
39 38
1 4
1 6
1 7
1 8
1 17
1 28
2 28
2 34
2 39
3 1
3 30
4 22
5 13
5 17
7 5
7 11
7 26
8 8
11 19
11 24
14 21
15 22
16 0
16 17
16 28
17 16
17 29
18 12
18 31
21 3
21 10
22 28
22 30
22 34
23 0
24 13
24 31
24 32
24 36
24 39
25 27
26 31
27 1
27 24
28 0
28 7
29 10
29 16
30 1
34 35
34 36
36 0
36 8
36 33
36 34
36 39
37 1
38 27
39 1
0 31
1 10
1 11
1 36
1 37
2 23
3 17
3 38
4 18
5 5
5 6
5 8
5 24
5 30
5 36
7 27
11 27
14 17
14 25
14 39
15 17
16 22
16 34
16 38
17 14
17 25
17 39
18 28
18 33
18 39
20 0
20 4
20 8
20 12
22 2
22 36
22 39
24 27
25 7
25 12
26 18
27 0
27 39
28 3
28 20
29 31
29 34
30 4
30 36
31 31
32 7
32 16
32 32
33 39
35 24
35 30
35 32
37 37
38 1
38 4
38 24
38 25
38 28
38 30
38 39
0 36
0 37
1 34
2 5
2 10
2 11
2 13
2 18
2 33
3 36
4 15
4 21
5 7
5 22
5 34
7 13
7 17
7 22
7 24
8 17
9 38
10 19
11 17
11 22
13 38
15 30
15 33
15 39
16 27
16 36
17 22
17 28
18 4
20 32
20 39
21 4
22 8
23 1
23 8
24 8
24 15
25 36
25 39
26 12
26 25
28 16
29 36
30 30
31 36
32 3
32 24
32 34
33 18
35 25
35 31
36 18
36 27
37 4
37 15
37 18
37 35
37 36
37 38
38 29
39 39
0 34
1 18
1 25
2 1
2 6
2 7
2 8
2 21
2 25
2 30
3 25
3 39
5 15
8 6
8 13
10 15
11 38
12 16
12 21
12 28
13 39
14 4
14 33
16 24
16 37
17 0
17 4
17 31
18 2
18 25
18 26
18 27
19 2
19 13
19 16
19 39
20 20
21 12
24 12
24 19
25 11
25 28
25 30
25 34
26 19
27 15
27 29
29 13
29 18
31 1
31 16
31 30
32 2
32 8
32 31
33 28
34 28
34 39
35 21
35 35
35 36
37 2
37 33
37 34
39 4
0 4
1 2
1 33
1 38
3 13
4 4
4 16
4 19
5 21
6 17
6 22
7 21
7 28
8 15
9 27
10 17
12 38
13 32
14 1
14 7
14 22
16 2
16 8
16 14
17 13
17 24
17 27
17 33
18 32
24 16
24 28
24 30
24 33
25 8
25 10
25 15
25 18
25 33
26 11
26 32
26 34
27 18
27 32
27 34
28 11
29 30
29 32
31 4
32 13
32 18
32 20
32 33
33 27
34 27
35 20
35 33
35 34
36 15
36 22
38 2
38 15
38 22
0 33
0 38
1 15
2 15
2 19
3 4
3 18
3 32
4 14
5 16
6 5
6 6
6 8
6 11
7 4
7 12
7 25
7 36
10 39
11 28
11 33
12 1
12 19
12 39
13 26
13 30
15 32
16 33
17 15
19 19
20 2
20 19
22 29
23 2
23 15
24 11
24 20
26 8
26 10
26 20
26 28
26 30
26 33
27 12
27 20
27 33
27 36
28 10
29 3
29 22
30 0
30 28
31 22
32 15
32 30
33 22
36 1
36 4
37 39
1 0
1 19
1 39
3 21
3 29
5 0
5 4
5 10
5 14
5 19
5 25
5 31
6 0
6 7
6 21
7 19
7 33
7 34
8 12
9 37
10 36
12 15
12 30
13 2
13 24
13 31
13 37
14 5
14 32
14 37
15 8
16 30
17 12
18 1
18 11
18 24
19 10
20 14
21 2
22 14
24 10
25 16
25 19
25 25
27 6
28 13
29 2
29 14
30 25
30 27
31 7
31 18
31 28
32 36
34 22
38 5
0 39
1 16
2 16
3 15
5 29
5 32
5 37
6 15
7 14
7 16
7 38
8 1
8 2
8 10
8 16
8 20
9 28
9 33
9 34
11 37
12 0
12 8
12 17
12 22
12 31
13 16
13 21
13 27
13 29
14 6
14 10
14 11
14 30
16 1
16 13
17 2
17 32
18 5
19 29
19 30
20 11
20 35
21 33
22 16
22 19
23 16
23 19
23 31
23 32
24 22
24 24
24 25
26 22
27 11
27 16
27 22
27 25
29 28
30 3
31 13
31 15
31 25
31 27
36 3
37 5
37 22
38 6
39 9
0 2
0 12
0 13
0 21
1 14
2 4
2 14
3 19
3 37
4 2
4 27
6 19
8 9
8 14
11 14
11 30
12 4
12 29
12 37
13 25
14 9
14 31
16 15
16 32
16 39
17 5
17 30
18 6
19 15
19 34
20 25
20 26
20 27
21 37
22 25
22 26
23 27
23 34
25 20
25 29
26 13
26 26
26 37
27 10
29 5
29 9
29 25
29 27
30 2
30 11
30 12
30 19
30 20
30 29
31 0
31 8
32 5
32 28
35 28
36 2
36 9
36 26
37 6
37 9
39 5
0 9
0 17
2 32
3 2
3 16
6 16
6 26
7 1
7 2
7 29
8 0
9 20
11 31
12 7
12 12
13 19
14 29
15 13
16 12
17 6
19 12
20 38
21 11
21 14
21 34
21 38
22 20
23 20
23 36
23 39
24 29
26 38
28 14
28 21
29 6
29 21
30 35
31 21
31 29
32 6
32 25
32 27
33 37
35 27
39 6
0 0
0 6
0 7
0 8
3 14
4 0
4 24
5 2
6 4
6 12
6 14
6 27
7 10
7 31
8 26
9 30
10 13
10 28
10 33
10 34
11 20
11 29
11 32
13 13
13 15
13 35
16 7
17 1
17 18
19 28
19 38
24 35
25 22
26 29
28 5
28 24
28 31
28 39
29 29
29 35
30 5
30 37
31 3
31 14
31 35
33 10
33 26
33 38
34 26
36 5
38 9
39 16
39 18
39 20
39 23
39 31
0 10
0 11
1 32
3 0
4 20
4 26
7 0
7 9
7 32
7 37
8 3
8 27
9 31
10 8
10 38
12 5
13 8
13 17
13 22
14 35
15 4
15 12
16 3
16 18
18 9
18 21
19 31
20 22
20 24
21 31
22 22
22 24
22 35
23 22
23 24
23 26
23 28
23 30
23 33
24 37
26 14
27 13
28 6
29 37
30 6
30 38
31 2
31 37
32 9
32 22
33 12
33 14
33 17
34 37
35 22
36 6
37 26
39 14
39 19
39 21
39 27
0 18
0 32
2 2
2 20
4 3
4 28
4 33
4 38
5 35
6 30
6 36
8 24
9 13
9 18
9 29
9 32
10 4
10 20
11 13
11 35
12 6
13 4
14 3
14 18
14 20
15 7
15 18
16 5
17 10
17 11
19 25
19 26
19 27
19 33
21 17
21 18
21 25
21 26
21 27
21 28
21 30
22 37
24 14
24 38
25 9
25 26
25 35
29 17
29 38
30 26
31 38
33 7
33 11
34 10
34 16
34 38
35 0
39 17
39 24
39 25
39 28
39 30
1 20
3 3
3 35
4 30
4 36
5 20
6 28
6 33
6 34
6 39
7 3
7 20
8 36
9 8
9 15
10 7
10 12
10 30
11 8
11 15
11 18
12 35
13 7
13 12
15 2
15 35
16 6
17 9
22 38
24 21
25 37
26 9
26 21
26 35
27 21
27 26
27 35
28 9
28 30
28 32
28 34
30 16
31 5
31 26
32 17
34 12
34 14
35 10
35 16
38 26
39 29
0 15
2 0
2 35
4 34
4 39
5 3
6 2
6 25
6 38
8 28
8 33
8 34
9 4
10 31
11 4
12 10
12 11
15 5
17 3
18 17
18 18
25 14
25 38
27 14
27 37
28 17
28 33
28 36
29 26
30 8
30 10
31 6
32 35
33 0
33 1
33 4
33 8
34 7
34 11
35 12
35 14
35 37
0 19
3 20
4 25
6 10
6 20
8 25
8 38
9 7
9 12
10 5
10 18
10 29
10 32
10 37
11 7
11 12
12 9
12 20
13 5
15 6
16 10
16 11
19 11
19 14
19 22
19 24
19 32
21 22
21 24
21 32
23 14
27 38
31 17
32 21
32 26
32 37
35 7
35 11
35 26
0 16
1 35
2 3
6 9
7 18
7 35
8 18
10 6
13 6
15 1
16 9
16 35
19 9
23 29
25 21
26 17
27 9
28 28
30 18
31 9
32 38
33 3
34 1
34 4
34 8
0 14
0 35
6 31
8 30
9 5
9 14
9 35
10 1
10 2
11 5
12 3
13 1
15 10
15 11
20 21
21 29
22 21
23 21
24 17
28 25
28 27
30 13
30 15
33 2
33 13
33 15
35 1
35 4
35 8
4 31
6 3
6 18
6 29
6 32
6 37
8 31
9 6
10 10
10 11
11 6
12 18
13 10
13 11
15 9
30 22
34 3
34 18
4 29
4 32
4 37
8 29
8 32
8 37
9 1
9 2
10 0
10 9
11 1
11 2
13 0
13 9
13 20
23 35
25 17
27 17
28 29
33 5
34 2
34 13
34 15
35 3
35 18
39 15
9 10
9 11
10 35
11 10
11 11
15 3
19 17
19 18
19 35
20 17
20 18
21 35
22 17
22 18
23 17
23 18
23 37
30 14
33 6
35 2
35 13
35 15
39 22
9 0
9 9
10 3
10 23
11 0
11 9
13 3
15 23
19 21
21 21
23 38
34 5
0 20
9 23
13 18
16 23
28 35
29 23
30 9
30 21
31 23
33 9
33 23
34 6
35 5
6 35
9 3
11 3
11 23
17 23
28 26
28 37
34 23
35 6
4 35
8 35
28 38
34 9
39 26
14 23
18 23
30 17
35 9
24 23
26 23
27 23
34 17
12 23
32 23
35 17
35 23
25 23
20 23
22 23
23 23
13 23
19 23
21 23
8 23
30 23
28 23
