0 10 44
0 29 7
2 11 44
2 12 44
2 13 44
2 14 44
2 15 44
2 16 44
2 17 44
2 18 44
2 19 44
2 20 44
2 21 44
2 22 44
2 23 44
2 24 44
2 25 44
2 26 44
2 27 44
2 28 44
1 29 8
1 29 9
1 29 10
1 29 11
1 29 12
1 29 13
1 29 14
1 29 15
1 29 16
1 29 17
1 29 18
1 29 19
1 29 20
1 29 21
1 29 22
1 29 23
1 29 24
1 29 25
1 29 26
1 29 27
1 29 28
1 29 29
1 29 30
1 29 31
1 29 32
1 29 33
1 29 34
1 29 35
1 29 36
1 29 37
1 29 38
1 29 39
1 29 40
1 29 41
1 29 42
1 29 43
4 29 44
-1
-1
-1
-1
-1
-1
-1
-1
-1
-1
-1
-1
-1
-1
-1
-1
-1
-1
-1
-1
-1
-1
-1
-1
-1
-1
-1
-1
-1
-1
-1
-1
-1
-1
-1
-1
-1
-1
-1
-1
-1
-1
-1
-1
-1
-1
-1
-1
-1
-1
-1
-1
-1
-1
-1
-1
-1
-1
-1
-1
-1
-1
-1
-1
-1
-1
-1
-1
-1
-1
-1
-1
-1
-1
-1
-1
-1
-1
-1
-1
-1
-1
-1
-1
-1
-1
-1
-1
-1
-1
-1
-1
-1
-1
-1
-1
-1
-1
-1
-1
-1
-1
-1
-1
-1
-1
-1
-1
-1
-1
-1
-1
-1
-1
-1
-1
-1
-1
-1
-1
-1
-1
-1
-1
1 2 41
1 2 42
1 2 43
3 2 44
2 3 44
2 4 44
2 5 44
2 6 44
2 7 44
2 8 44
2 9 44
0 2 40
-1
-1
-1
-1
-1
-1
-1
-1
-1
-1
-1
-1
-1
-1
-1
-1
-1
-1
-1
-1
-1
-1
-1
-1
-1
-1
-1
-1
-1
-1
-1
-1
-1
-1
-1
-1
-1
-1
-1
-1
-1
-1
2 35 7
2 34 7
2 33 7
2 32 7
2 31 7
2 30 7
0 36 7
-1
-1
-1
-1
-1
-1
-1
-1
-1
-1
-1
-1
-1
6 35 8
2 36 8
4 37 8
1 37 7
5 37 6
2 36 6
2 35 6
2 34 6
2 33 6
2 32 6
2 31 6
2 30 6
6 29 6
0 35 9
-1
2 40 11
2 39 11
3 38 11
1 38 10
1 38 9
1 38 8
1 38 7
1 38 6
5 38 5
2 37 5
2 36 5
2 35 5
2 34 5
2 33 5
2 32 5
2 31 5
2 30 5
2 29 5
6 28 5
1 28 6
3 28 7
0 41 11
-1
-1
-1
-1
-1
-1
-1
-1
-1
-1
2 14 45
2 13 45
2 12 45
2 11 45
3 10 45
0 15 45
2 26 9
4 27 9
1 27 8
1 27 7
1 27 6
1 27 5
6 27 4
2 28 4
2 29 4
2 30 4
2 31 4
2 32 4
2 33 4
2 34 4
2 35 4
2 36 4
2 37 4
2 38 4
5 39 4
1 39 5
1 39 6
1 39 7
1 39 8
1 39 9
3 39 10
2 40 10
5 41 10
0 25 9
1 2 47
1 2 46
5 2 45
3 1 45
1 1 44
1 1 43
1 1 42
1 1 41
1 1 40
6 1 39
2 2 39
5 3 39
1 3 40
1 3 41
1 3 42
3 3 43
2 4 43
2 5 43
2 6 43
2 7 43
2 8 43
2 9 43
5 10 43
0 2 48
6 30 33
1 30 34
1 30 35
1 30 36
1 30 37
1 30 38
1 30 39
1 30 40
1 30 41
1 30 42
1 30 43
1 30 44
4 30 45
2 29 45
2 28 45
2 27 45
2 26 45
2 25 45
2 24 45
2 23 45
2 22 45
2 21 45
2 20 45
2 19 45
2 18 45
2 17 45
2 16 45
0 31 33
2 26 0
6 25 0
1 25 1
1 25 2
1 25 3
1 25 4
1 25 5
1 25 6
1 25 7
1 25 8
0 27 0
2 44 44
2 43 44
2 42 44
2 41 44
2 40 44
2 39 44
2 38 44
2 37 44
2 36 44
2 35 44
2 34 44
2 33 44
2 32 44
3 31 44
1 31 43
1 31 42
1 31 41
1 31 40
1 31 39
1 31 38
1 31 37
1 31 36
1 31 35
1 31 34
0 45 44
1 23 2
1 23 3
1 23 4
1 23 5
1 23 6
1 23 7
1 23 8
3 23 9
2 24 9
0 23 1
2 40 43
2 41 43
2 42 43
2 43 43
2 44 43
5 45 43
0 39 43
2 5 10
2 6 10
2 7 10
2 8 10
2 9 10
2 10 10
2 11 10
2 12 10
2 13 10
2 14 10
2 15 10
2 16 10
2 17 10
2 18 10
2 19 10
2 20 10
2 21 10
2 22 10
2 23 10
2 24 10
4 25 10
0 4 10
1 32 46
6 32 45
2 33 45
2 34 45
2 35 45
2 36 45
2 37 45
2 38 45
2 39 45
2 40 45
2 41 45
2 42 45
2 43 45
2 44 45
4 45 45
0 32 47
2 48 26
2 47 26
6 46 26
1 46 27
1 46 28
1 46 29
1 46 30
1 46 31
1 46 32
1 46 33
1 46 34
1 46 35
1 46 36
1 46 37
1 46 38
1 46 39
1 46 40
1 46 41
1 46 42
1 46 43
4 46 44
0 49 26
2 17 40
2 16 40
2 15 40
2 14 40
2 13 40
2 12 40
2 11 40
2 10 40
2 9 40
2 8 40
2 7 40
2 6 40
2 5 40
3 4 40
1 4 39
5 4 38
2 3 38
2 2 38
2 1 38
6 0 38
1 0 39
1 0 40
1 0 41
1 0 42
1 0 43
1 0 44
1 0 45
1 0 46
1 0 47
3 0 48
2 1 48
0 18 40
2 46 17
2 45 17
2 44 17
2 43 17
2 42 17
3 41 17
1 41 16
1 41 15
1 41 14
1 41 13
1 41 12
0 47 17
-1
-1
-1
-1
-1
-1
-1
-1
-1
-1
-1
-1
-1
-1
-1
-1
-1
-1
-1
-1
-1
-1
-1
-1
-1
-1
-1
-1
-1
-1
-1
-1
-1
-1
-1
-1
-1
-1
-1
-1
-1
-1
-1
-1
-1
-1
-1
-1
-1
-1
-1
-1
-1
-1
-1
-1
-1
-1
-1
-1
-1
-1
-1
-1
-1
-1
-1
-1
-1
-1
-1
-1
-1
-1
-1
-1
-1
-1
-1
-1
-1
-1
-1
-1
-1
-1
-1
-1
-1
-1
-1
-1
-1
-1
-1
-1
-1
-1
-1
-1
-1
-1
-1
-1
-1
-1
-1
-1
-1
-1
-1
-1
-1
-1
-1
-1
-1
-1
-1
-1
-1
-1
-1
-1
-1
-1
-1
-1
-1
-1
-1
-1
-1
-1
-1
-1
-1
-1
-1
-1
-1
-1
-1
-1
-1
-1
-1
-1
-1
-1
-1
-1
-1
-1
-1
-1
-1
-1
-1
-1
-1
-1
-1
-1
-1
-1
-1
-1
-1
-1
-1
-1
-1
-1
-1
-1
-1
-1
-1
-1
-1
-1
-1
-1
-1
-1
-1
-1
-1
-1
-1
-1
-1
-1
-1
-1
-1
-1
-1
-1
-1
-1
-1
-1
-1
-1
-1
-1
-1
-1
-1
-1
-1
-1
-1
-1
-1
-1
-1
-1
-1
-1
-1
-1
-1
-1
-1
-1
-1
-1
-1
-1
-1
-1
-1
-1
-1
-1
-1
-1
-1
-1
-1
-1
-1
-1
-1
-1
-1
-1
-1
-1
-1
-1
-1
#time = 0.6725397109985352sec
