0 39 46
0 0 4
2 1 46
2 2 46
2 3 46
2 4 46
2 5 46
2 6 46
2 7 46
2 8 46
2 9 46
2 10 46
2 11 46
2 12 46
2 13 46
2 14 46
2 15 46
2 16 46
2 17 46
2 18 46
2 19 46
2 20 46
2 21 46
2 22 46
2 23 46
2 24 46
2 25 46
2 26 46
2 27 46
2 28 46
2 29 46
2 30 46
2 31 46
2 32 46
2 33 46
2 34 46
2 35 46
2 36 46
2 37 46
2 38 46
1 0 5
1 0 6
1 0 7
1 0 8
1 0 9
1 0 10
1 0 11
1 0 12
1 0 13
1 0 14
1 0 15
1 0 16
1 0 17
1 0 18
1 0 19
1 0 20
1 0 21
1 0 22
1 0 23
1 0 24
1 0 25
1 0 26
1 0 27
1 0 28
1 0 29
1 0 30
1 0 31
1 0 32
1 0 33
1 0 34
1 0 35
1 0 36
1 0 37
1 0 38
1 0 39
1 0 40
1 0 41
1 0 42
1 0 43
1 0 44
1 0 45
3 0 46
-1
-1
-1
-1
-1
-1
-1
-1
-1
-1
-1
-1
-1
-1
-1
-1
-1
-1
-1
-1
-1
-1
-1
-1
-1
-1
-1
-1
-1
-1
-1
-1
-1
-1
-1
-1
-1
-1
-1
-1
-1
-1
-1
-1
-1
-1
-1
-1
-1
-1
-1
-1
-1
-1
-1
-1
-1
-1
-1
-1
-1
-1
-1
-1
-1
-1
-1
-1
-1
-1
-1
-1
-1
-1
-1
-1
-1
-1
-1
-1
-1
-1
-1
-1
-1
-1
2 8 14
2 7 14
2 6 14
2 5 14
2 4 14
2 3 14
2 2 14
3 1 14
1 1 13
1 1 12
1 1 11
1 1 10
1 1 9
1 1 8
1 1 7
1 1 6
1 1 5
5 1 4
0 9 14
-1
-1
-1
-1
-1
-1
-1
-1
-1
-1
-1
-1
-1
-1
-1
-1
-1
-1
-1
-1
-1
-1
2 20 22
2 19 22
2 18 22
2 17 22
2 16 22
2 15 22
2 14 22
2 13 22
2 12 22
2 11 22
3 10 22
1 10 21
1 10 20
1 10 19
1 10 18
1 10 17
1 10 16
1 10 15
1 10 14
5 10 13
2 9 13
2 8 13
2 7 13
2 6 13
2 5 13
2 4 13
2 3 13
3 2 13
1 2 12
1 2 11
1 2 10
1 2 9
1 2 8
1 2 7
1 2 6
1 2 5
1 2 4
5 2 3
2 1 3
6 0 3
0 21 22
-1
-1
-1
-1
-1
-1
-1
-1
-1
-1
-1
-1
-1
-1
-1
-1
-1
-1
-1
-1
-1
-1
2 40 37
6 39 37
1 39 38
1 39 39
1 39 40
1 39 41
1 39 42
1 39 43
1 39 44
1 39 45
0 41 37
-1
-1
-1
-1
-1
-1
-1
-1
-1
-1
-1
-1
-1
-1
-1
-1
-1
-1
-1
2 14 23
2 15 23
2 16 23
2 17 23
2 18 23
2 19 23
2 20 23
4 21 23
0 13 23
-1
-1
-1
-1
-1
1 34 35
3 34 36
2 35 36
2 36 36
2 37 36
2 38 36
2 39 36
2 40 36
2 41 36
5 42 36
1 42 37
4 42 38
2 41 38
6 40 38
1 40 39
1 40 40
1 40 41
1 40 42
1 40 43
1 40 44
1 40 45
4 40 46
0 34 34
-1
-1
-1
-1
-1
-1
-1
-1
-1
-1
2 24 14
2 23 14
2 22 14
6 21 14
1 21 15
1 21 16
1 21 17
1 21 18
1 21 19
1 21 20
1 21 21
0 25 14
-1
-1
-1
-1
-1
-1
-1
2 36 42
2 35 42
3 34 42
1 34 41
1 34 40
1 34 39
1 34 38
5 34 37
3 33 37
1 33 36
1 33 35
6 33 34
0 37 42
-1
-1
-1
-1
-1
-1
-1
-1
-1
-1
-1
-1
2 24 15
4 25 15
0 23 15
-1
-1
-1
-1
-1
-1
2 26 7
6 25 7
1 25 8
1 25 9
1 25 10
1 25 11
1 25 12
1 25 13
0 27 7
2 48 33
2 47 33
2 46 33
2 45 33
2 44 33
2 43 33
2 42 33
2 41 33
2 40 33
2 39 33
2 38 33
2 37 33
2 36 33
2 35 33
6 34 33
0 49 33
2 23 26
2 22 26
2 21 26
2 20 26
2 19 26
2 18 26
2 17 26
2 16 26
2 15 26
2 14 26
2 13 26
2 12 26
2 11 26
2 10 26
3 9 26
1 9 25
1 9 24
1 9 23
1 9 22
1 9 21
1 9 20
1 9 19
1 9 18
1 9 17
1 9 16
1 9 15
0 24 26
6 26 8
4 27 8
0 26 9
-1
-1
-1
-1
-1
-1
-1
-1
-1
-1
-1
-1
-1
-1
-1
-1
-1
-1
-1
-1
-1
-1
-1
-1
-1
-1
-1
-1
-1
-1
-1
-1
-1
-1
-1
-1
-1
-1
-1
-1
-1
-1
-1
-1
-1
-1
-1
-1
-1
-1
-1
-1
-1
-1
-1
-1
-1
-1
-1
-1
-1
-1
-1
-1
-1
-1
-1
-1
-1
-1
-1
-1
-1
-1
-1
-1
-1
-1
-1
-1
-1
-1
-1
-1
-1
-1
-1
-1
-1
-1
-1
-1
-1
-1
-1
-1
-1
-1
-1
-1
-1
-1
-1
-1
-1
-1
-1
-1
-1
-1
-1
-1
-1
-1
-1
-1
-1
-1
-1
-1
-1
-1
-1
-1
-1
-1
-1
-1
-1
-1
-1
-1
-1
-1
-1
-1
-1
-1
-1
-1
-1
-1
-1
-1
-1
-1
-1
-1
-1
-1
-1
-1
-1
-1
-1
-1
-1
-1
-1
-1
-1
-1
-1
-1
-1
-1
-1
-1
-1
-1
-1
-1
-1
-1
-1
-1
-1
-1
-1
-1
-1
-1
-1
-1
-1
-1
-1
-1
-1
-1
-1
-1
-1
-1
-1
-1
-1
-1
-1
-1
-1
-1
-1
-1
-1
-1
-1
-1
-1
-1
-1
-1
-1
-1
-1
-1
-1
-1
-1
-1
-1
-1
-1
-1
-1
-1
-1
-1
-1
-1
-1
-1
-1
-1
-1
-1
-1
-1
-1
-1
-1
-1
-1
-1
-1
-1
-1
-1
-1
-1
-1
-1
-1
-1
-1
-1
-1
-1
-1
-1
-1
-1
-1
-1
-1
-1
-1
-1
-1
-1
-1
-1
-1
-1
-1
-1
-1
-1
-1
-1
-1
-1
-1
-1
-1
-1
-1
-1
-1
-1
-1
-1
-1
-1
-1
-1
-1
-1
-1
-1
-1
-1
-1
-1
-1
-1
-1
-1
-1
-1
-1
-1
-1
-1
-1
-1
-1
-1
-1
-1
-1
-1
-1
-1
-1
-1
-1
-1
-1
-1
-1
-1
-1
-1
-1
-1
-1
-1
-1
-1
-1
-1
-1
#time = 0.31024622917175293sec
