0 49 0
0 3 43
2 4 0
2 5 0
2 6 0
2 7 0
2 8 0
2 9 0
2 10 0
2 11 0
2 12 0
2 13 0
2 14 0
2 15 0
2 16 0
2 17 0
2 18 0
2 19 0
2 20 0
2 21 0
2 22 0
2 23 0
2 24 0
2 25 0
2 26 0
2 27 0
2 28 0
2 29 0
2 30 0
2 31 0
2 32 0
2 33 0
2 34 0
2 35 0
2 36 0
2 37 0
2 38 0
2 39 0
2 40 0
2 41 0
2 42 0
2 43 0
2 44 0
2 45 0
2 46 0
2 47 0
2 48 0
1 3 1
1 3 2
1 3 3
1 3 4
1 3 5
1 3 6
1 3 7
1 3 8
1 3 9
1 3 10
1 3 11
1 3 12
1 3 13
1 3 14
1 3 15
1 3 16
1 3 17
1 3 18
1 3 19
1 3 20
1 3 21
1 3 22
1 3 23
1 3 24
1 3 25
1 3 26
1 3 27
1 3 28
1 3 29
1 3 30
1 3 31
1 3 32
1 3 33
1 3 34
1 3 35
1 3 36
1 3 37
1 3 38
1 3 39
1 3 40
1 3 41
1 3 42
6 3 0
-1
-1
-1
-1
-1
-1
-1
-1
-1
-1
-1
-1
-1
-1
-1
-1
-1
-1
-1
-1
-1
-1
-1
-1
-1
-1
-1
-1
-1
-1
-1
-1
-1
-1
-1
-1
-1
-1
-1
-1
-1
-1
-1
-1
-1
-1
-1
-1
-1
-1
-1
-1
2 7 38
2 6 38
2 5 38
6 4 38
1 4 39
1 4 40
1 4 41
1 4 42
4 4 43
0 8 38
-1
-1
-1
-1
-1
-1
-1
-1
-1
-1
-1
-1
-1
-1
-1
-1
-1
-1
-1
-1
-1
-1
-1
-1
2 13 42
2 12 42
2 11 42
2 10 42
2 9 42
2 8 42
2 7 42
2 6 42
6 5 42
1 5 43
4 5 44
2 4 44
3 3 44
0 14 42
2 16 28
6 15 28
1 15 29
1 15 30
1 15 31
1 15 32
1 15 33
1 15 34
1 15 35
1 15 36
1 15 37
1 15 38
1 15 39
1 15 40
1 15 41
1 15 42
4 15 43
2 14 43
2 13 43
2 12 43
2 11 43
2 10 43
2 9 43
2 8 43
2 7 43
6 6 43
1 6 44
4 6 45
2 5 45
2 4 45
2 3 45
3 2 45
1 2 44
6 2 43
0 17 28
1 33 18
1 33 17
1 33 16
1 33 15
1 33 14
1 33 13
1 33 12
1 33 11
1 33 10
1 33 9
1 33 8
1 33 7
1 33 6
1 33 5
1 33 4
1 33 3
1 33 2
6 33 1
2 34 1
2 35 1
2 36 1
2 37 1
2 38 1
2 39 1
2 40 1
2 41 1
2 42 1
2 43 1
2 44 1
2 45 1
2 46 1
2 47 1
2 48 1
4 49 1
0 33 19
1 9 48
1 9 47
1 9 46
1 9 45
6 9 44
2 10 44
2 11 44
2 12 44
2 13 44
2 14 44
2 15 44
4 16 44
1 16 43
1 16 42
1 16 41
1 16 40
1 16 39
1 16 38
1 16 37
1 16 36
1 16 35
1 16 34
1 16 33
1 16 32
1 16 31
1 16 30
6 16 29
4 17 29
0 9 49
1 26 20
6 26 19
2 27 19
2 28 19
2 29 19
2 30 19
2 31 19
2 32 19
0 26 21
2 36 23
2 35 23
2 34 23
3 33 23
1 33 22
1 33 21
1 33 20
0 37 23
-1
-1
-1
-1
3 4 37
2 5 37
2 6 37
2 7 37
5 8 37
0 4 36
-1
-1
2 37 17
2 36 17
2 35 17
6 34 17
1 34 18
4 34 19
0 38 17
1 1 38
1 1 39
1 1 40
1 1 41
1 1 42
1 1 43
1 1 44
1 1 45
1 1 46
1 1 47
1 1 48
3 1 49
2 2 49
2 3 49
2 4 49
2 5 49
2 6 49
2 7 49
2 8 49
0 1 37
2 42 6
2 41 6
2 40 6
2 39 6
6 38 6
1 38 7
1 38 8
1 38 9
1 38 10
1 38 11
1 38 12
1 38 13
1 38 14
1 38 15
1 38 16
0 43 6
1 39 10
1 39 11
1 39 12
1 39 13
1 39 14
1 39 15
1 39 16
4 39 17
0 39 9
2 18 48
2 17 48
2 16 48
2 15 48
2 14 48
2 13 48
2 12 48
2 11 48
6 10 48
4 10 49
0 19 48
1 42 3
1 42 4
3 42 5
5 43 5
0 42 2
3 18 31
1 18 30
1 18 29
5 18 28
0 19 31
1 14 35
1 14 36
1 14 37
1 14 38
1 14 39
1 14 40
1 14 41
0 14 34
6 44 3
1 44 4
1 44 5
1 44 6
4 44 7
2 43 7
2 42 7
2 41 7
6 40 7
1 40 8
1 40 9
1 40 10
1 40 11
1 40 12
1 40 13
1 40 14
1 40 15
1 40 16
1 40 17
4 40 18
2 39 18
3 38 18
0 45 3
1 2 40
1 2 39
1 2 38
5 2 37
0 2 41
2 43 33
2 42 33
2 41 33
2 40 33
2 39 33
2 38 33
3 37 33
1 37 32
1 37 31
1 37 30
1 37 29
1 37 28
1 37 27
1 37 26
1 37 25
1 37 24
0 44 33
2 21 21
2 20 21
2 19 21
2 18 21
6 17 21
1 17 22
1 17 23
1 17 24
1 17 25
1 17 26
1 17 27
0 22 21
6 41 16
1 41 17
1 41 18
4 41 19
2 40 19
2 39 19
2 38 19
6 37 19
1 37 20
1 37 21
1 37 22
0 42 16
1 24 22
6 24 21
2 25 21
0 24 23
2 25 42
2 24 42
2 23 42
2 22 42
2 21 42
2 20 42
6 19 42
1 19 43
1 19 44
1 19 45
1 19 46
1 19 47
0 26 42
2 41 23
2 40 23
2 39 23
2 38 23
0 42 23
2 21 22
2 22 22
5 23 22
1 23 23
3 23 24
2 24 24
4 25 24
1 25 23
6 25 22
4 26 22
0 20 22
2 28 23
3 27 23
1 27 22
5 27 21
0 29 23
6 7 39
4 8 39
0 7 40
6 37 2
2 38 2
2 39 2
2 40 2
2 41 2
0 37 3
2 23 41
2 24 41
2 25 41
5 26 41
0 22 41
3 44 35
1 44 34
0 45 35
2 11 45
2 12 45
2 13 45
2 14 45
2 15 45
2 16 45
4 17 45
1 17 44
1 17 43
1 17 42
6 17 41
2 18 41
2 19 41
2 20 41
2 21 41
0 10 45
6 41 36
2 42 36
2 43 36
2 44 36
4 45 36
0 41 37
1 15 14
1 15 15
1 15 16
1 15 17
1 15 18
1 15 19
3 15 20
2 16 20
2 17 20
2 18 20
2 19 20
2 20 20
2 21 20
5 22 20
0 15 13
1 20 13
1 20 14
1 20 15
1 20 16
1 20 17
1 20 18
3 20 19
2 21 19
2 22 19
5 23 19
1 23 20
4 23 21
0 20 12
2 45 32
6 44 32
0 46 32
2 27 47
3 26 47
1 26 46
1 26 45
1 26 44
1 26 43
0 28 47
3 12 13
2 13 13
2 14 13
0 12 12
1 40 48
1 40 47
1 40 46
1 40 45
1 40 44
1 40 43
1 40 42
1 40 41
1 40 40
1 40 39
1 40 38
6 40 37
0 40 49
2 47 9
2 46 9
3 45 9
1 45 8
1 45 7
1 45 6
1 45 5
1 45 4
0 48 9
2 23 9
2 22 9
2 21 9
6 20 9
1 20 10
1 20 11
0 24 9
2 31 46
2 30 46
2 29 46
6 28 46
0 32 46
1 21 16
1 21 15
1 21 14
1 21 13
5 21 12
0 21 17
1 45 38
6 45 37
4 46 37
1 46 36
5 46 35
0 45 39
2 42 44
6 41 44
1 41 45
1 41 46
1 41 47
1 41 48
4 41 49
0 43 44
2 47 3
2 46 3
0 48 3
1 16 18
1 16 17
1 16 16
1 16 15
1 16 14
5 16 13
0 16 19
1 12 29
1 12 30
1 12 31
1 12 32
1 12 33
3 12 34
2 13 34
0 12 28
-1
-1
-1
-1
-1
-1
-1
-1
-1
-1
-1
-1
-1
-1
-1
-1
-1
-1
-1
-1
-1
-1
-1
-1
-1
-1
-1
-1
-1
-1
-1
-1
-1
-1
-1
-1
-1
-1
-1
-1
-1
-1
-1
-1
-1
-1
-1
-1
-1
-1
-1
-1
-1
-1
-1
-1
-1
-1
-1
-1
-1
-1
-1
-1
-1
-1
-1
-1
-1
-1
-1
-1
-1
-1
-1
-1
-1
-1
-1
-1
-1
-1
-1
-1
-1
-1
-1
-1
-1
-1
-1
-1
-1
-1
-1
-1
-1
-1
-1
-1
-1
-1
-1
-1
-1
-1
-1
-1
-1
-1
-1
-1
-1
-1
-1
-1
-1
-1
-1
-1
-1
-1
-1
-1
-1
-1
-1
-1
-1
-1
-1
-1
-1
-1
-1
-1
-1
-1
-1
-1
-1
#time = 2.4026780128479004sec
