0 48 27
0 3 47
2 4 27
2 5 27
2 6 27
2 7 27
2 8 27
2 9 27
2 10 27
2 11 27
2 12 27
2 13 27
2 14 27
2 15 27
2 16 27
2 17 27
2 18 27
2 19 27
2 20 27
2 21 27
2 22 27
2 23 27
2 24 27
2 25 27
2 26 27
2 27 27
2 28 27
2 29 27
2 30 27
2 31 27
2 32 27
2 33 27
2 34 27
2 35 27
2 36 27
2 37 27
2 38 27
2 39 27
2 40 27
2 41 27
2 42 27
2 43 27
2 44 27
2 45 27
2 46 27
2 47 27
1 3 28
1 3 29
1 3 30
1 3 31
1 3 32
1 3 33
1 3 34
1 3 35
1 3 36
1 3 37
1 3 38
1 3 39
1 3 40
1 3 41
1 3 42
1 3 43
1 3 44
1 3 45
1 3 46
6 3 27
-1
-1
-1
-1
-1
-1
-1
-1
-1
-1
-1
-1
-1
-1
-1
-1
-1
-1
-1
-1
-1
-1
-1
-1
-1
-1
-1
-1
-1
-1
-1
-1
-1
-1
-1
-1
-1
-1
-1
-1
-1
-1
-1
-1
-1
-1
-1
-1
-1
-1
-1
-1
-1
-1
-1
-1
-1
-1
-1
-1
-1
-1
-1
-1
-1
-1
-1
-1
-1
-1
-1
-1
-1
1 46 19
1 46 20
1 46 21
1 46 22
1 46 23
1 46 24
1 46 25
3 46 26
2 47 26
5 48 26
0 46 18
-1
-1
-1
-1
-1
-1
-1
-1
-1
-1
-1
-1
-1
-1
-1
-1
-1
-1
-1
-1
-1
-1
-1
-1
-1
-1
-1
-1
-1
-1
2 40 19
2 41 19
2 42 19
2 43 19
2 44 19
4 45 19
1 45 18
6 45 17
2 46 17
5 47 17
1 47 18
1 47 19
1 47 20
1 47 21
1 47 22
1 47 23
1 47 24
3 47 25
2 48 25
5 49 25
1 49 26
4 49 27
0 39 19
-1
-1
-1
-1
-1
-1
-1
-1
-1
-1
-1
-1
-1
-1
-1
-1
-1
-1
-1
-1
-1
1 4 41
1 4 42
1 4 43
1 4 44
1 4 45
1 4 46
4 4 47
0 4 40
-1
-1
-1
-1
-1
-1
-1
-1
-1
6 39 3
1 39 4
1 39 5
1 39 6
1 39 7
1 39 8
1 39 9
1 39 10
1 39 11
1 39 12
1 39 13
1 39 14
1 39 15
1 39 16
1 39 17
1 39 18
0 40 3
-1
-1
-1
-1
-1
-1
-1
-1
2 12 40
2 11 40
2 10 40
2 9 40
2 8 40
2 7 40
2 6 40
2 5 40
0 13 40
-1
-1
-1
-1
-1
-1
-1
-1
-1
6 47 28
4 48 28
0 47 29
2 5 29
6 4 29
1 4 30
1 4 31
1 4 32
1 4 33
1 4 34
1 4 35
1 4 36
1 4 37
1 4 38
1 4 39
0 6 29
2 43 23
2 42 23
2 41 23
2 40 23
3 39 23
1 39 22
1 39 21
1 39 20
0 44 23
6 5 46
1 5 47
4 5 48
2 4 48
3 3 48
0 6 46
-1
1 38 4
1 38 3
6 38 2
2 39 2
5 40 2
0 38 5
-1
-1
1 2 46
3 2 47
0 2 45
1 40 12
1 40 11
1 40 10
1 40 9
1 40 8
1 40 7
1 40 6
1 40 5
1 40 4
0 40 13
2 9 39
2 10 39
2 11 39
2 12 39
5 13 39
0 8 39
2 5 28
5 6 28
0 4 28
1 42 25
6 42 24
2 43 24
4 44 24
0 42 26
3 12 38
2 13 38
5 14 38
1 14 39
4 14 40
0 12 37
2 20 40
2 19 40
2 18 40
2 17 40
2 16 40
6 15 40
4 15 41
2 14 41
3 13 41
0 21 40
3 41 9
1 41 8
1 41 7
1 41 6
1 41 5
1 41 4
5 41 3
0 42 9
2 7 47
3 6 47
0 8 47
6 6 44
1 6 45
0 7 44
2 41 14
3 40 14
0 42 14
1 33 11
1 33 10
1 33 9
1 33 8
1 33 7
1 33 6
6 33 5
2 34 5
2 35 5
2 36 5
2 37 5
0 33 12
1 10 18
3 10 19
2 11 19
2 12 19
2 13 19
2 14 19
2 15 19
2 16 19
2 17 19
2 18 19
2 19 19
2 20 19
2 21 19
2 22 19
2 23 19
2 24 19
2 25 19
2 26 19
2 27 19
2 28 19
2 29 19
2 30 19
2 31 19
2 32 19
2 33 19
2 34 19
2 35 19
2 36 19
2 37 19
2 38 19
0 10 17
2 6 24
2 5 24
2 4 24
2 3 24
6 2 24
1 2 25
1 2 26
1 2 27
1 2 28
1 2 29
1 2 30
1 2 31
1 2 32
1 2 33
1 2 34
1 2 35
1 2 36
1 2 37
1 2 38
1 2 39
1 2 40
1 2 41
1 2 42
1 2 43
1 2 44
0 7 24
1 7 38
3 7 39
0 7 37
6 34 9
1 34 10
1 34 11
4 34 12
0 35 9
6 7 28
4 7 29
0 8 28
1 45 24
5 45 23
0 45 25
1 48 22
1 48 21
1 48 20
1 48 19
1 48 18
1 48 17
5 48 16
2 47 16
2 46 16
2 45 16
2 44 16
2 43 16
3 42 16
1 42 15
0 48 23
6 12 35
1 12 36
0 13 35
2 45 2
2 44 2
2 43 2
6 42 2
1 42 3
1 42 4
1 42 5
1 42 6
1 42 7
1 42 8
0 46 2
2 10 28
2 9 28
0 11 28
1 3 22
3 3 23
2 4 23
2 5 23
2 6 23
5 7 23
0 3 21
3 8 30
1 8 29
0 9 30
1 1 30
1 1 31
1 1 32
1 1 33
1 1 34
1 1 35
1 1 36
1 1 37
1 1 38
1 1 39
1 1 40
1 1 41
1 1 42
1 1 43
1 1 44
3 1 45
0 1 29
6 37 6
4 38 6
0 37 7
3 7 22
5 8 22
1 8 23
4 8 24
0 7 21
2 45 29
2 46 29
0 44 29
2 5 25
2 6 25
4 7 25
0 4 25
2 19 39
2 20 39
5 21 39
0 18 39
2 48 1
2 47 1
6 46 1
0 49 1
2 36 10
3 35 10
0 37 10
2 14 30
2 13 30
2 12 30
2 11 30
2 10 30
0 15 30
2 13 44
2 12 44
2 11 44
2 10 44
2 9 44
2 8 44
0 14 44
2 34 15
3 33 15
1 33 14
1 33 13
0 35 15
2 47 15
2 46 15
2 45 15
2 44 15
3 43 15
5 43 14
0 48 15
1 38 22
1 38 23
1 38 24
1 38 25
3 38 26
2 39 26
2 40 26
2 41 26
0 38 21
2 46 10
2 45 10
2 44 10
2 43 10
3 42 10
0 47 10
2 10 31
3 9 31
0 11 31
6 10 14
1 10 15
1 10 16
0 11 14
1 6 16
3 6 17
2 7 17
2 8 17
2 9 17
0 6 15
3 41 22
2 42 22
2 43 22
5 44 22
0 41 21
2 8 15
2 7 15
0 9 15
1 30 9
1 30 10
1 30 11
3 30 12
2 31 12
2 32 12
0 30 8
2 14 37
2 13 37
0 15 37
2 45 11
2 46 11
4 47 11
0 44 11
3 48 12
1 48 11
5 48 10
0 49 12
3 15 32
1 15 31
0 16 32
2 48 8
6 47 8
1 47 9
0 49 8
1 5 13
1 5 14
3 5 15
0 5 12
1 36 25
1 36 24
1 36 23
1 36 22
6 36 21
2 37 21
0 36 26
6 7 34
1 7 35
1 7 36
0 8 34
2 19 38
6 18 38
0 20 38
2 47 5
3 46 5
1 46 4
1 46 3
0 48 5
1 28 4
1 28 5
1 28 6
1 28 7
3 28 8
2 29 8
0 28 3
-1
-1
-1
-1
-1
-1
-1
-1
-1
-1
-1
-1
-1
-1
-1
-1
-1
-1
-1
-1
-1
-1
-1
-1
-1
-1
-1
-1
-1
-1
-1
-1
-1
-1
-1
-1
-1
-1
-1
-1
-1
-1
-1
-1
-1
-1
-1
-1
-1
-1
-1
-1
-1
-1
-1
-1
-1
-1
-1
-1
-1
-1
-1
-1
-1
-1
-1
-1
-1
-1
-1
-1
-1
-1
-1
-1
-1
-1
-1
-1
-1
-1
-1
-1
-1
-1
-1
-1
-1
-1
-1
-1
-1
-1
-1
-1
-1
-1
-1
-1
-1
-1
-1
-1
-1
-1
-1
-1
-1
-1
-1
-1
-1
-1
-1
-1
-1
-1
-1
-1
-1
-1
-1
-1
-1
-1
-1
-1
-1
-1
-1
-1
#time = 4.30437707901001sec
