0 8 38
0 46 8
2 9 38
2 10 38
2 11 38
2 12 38
2 13 38
2 14 38
2 15 38
2 16 38
2 17 38
2 18 38
2 19 38
2 20 38
2 21 38
2 22 38
2 23 38
2 24 38
2 25 38
2 26 38
2 27 38
2 28 38
2 29 38
2 30 38
2 31 38
2 32 38
2 33 38
2 34 38
2 35 38
2 36 38
2 37 38
2 38 38
2 39 38
2 40 38
2 41 38
2 42 38
2 43 38
2 44 38
2 45 38
1 46 9
1 46 10
1 46 11
1 46 12
1 46 13
1 46 14
1 46 15
1 46 16
1 46 17
1 46 18
1 46 19
1 46 20
1 46 21
1 46 22
1 46 23
1 46 24
1 46 25
1 46 26
1 46 27
1 46 28
1 46 29
1 46 30
1 46 31
1 46 32
1 46 33
1 46 34
1 46 35
1 46 36
1 46 37
4 46 38
-1
-1
-1
-1
-1
-1
-1
-1
-1
-1
-1
-1
-1
-1
-1
-1
-1
-1
-1
-1
-1
-1
-1
-1
-1
-1
-1
-1
-1
-1
-1
-1
-1
-1
-1
-1
-1
-1
-1
-1
-1
-1
-1
-1
-1
-1
-1
-1
-1
-1
-1
-1
-1
-1
-1
-1
-1
-1
-1
-1
-1
-1
-1
-1
-1
-1
-1
-1
-1
-1
-1
-1
-1
-1
-1
-1
-1
-1
-1
-1
-1
-1
-1
-1
-1
-1
-1
-1
-1
-1
-1
-1
-1
-1
-1
-1
-1
-1
-1
-1
-1
-1
-1
-1
-1
-1
-1
-1
-1
-1
-1
-1
-1
3 8 42
1 8 41
1 8 40
1 8 39
0 9 42
-1
-1
-1
-1
-1
-1
-1
-1
-1
-1
-1
-1
-1
-1
-1
-1
-1
-1
-1
-1
-1
-1
-1
-1
-1
-1
-1
-1
-1
-1
-1
-1
2 16 43
2 15 43
2 14 43
2 13 43
2 12 43
2 11 43
2 10 43
2 9 43
2 8 43
3 7 43
1 7 42
1 7 41
1 7 40
1 7 39
6 7 38
0 17 43
-1
-1
-1
-1
-1
-1
-1
-1
-1
-1
-1
-1
-1
-1
-1
-1
-1
-1
-1
2 13 34
2 12 34
2 11 34
2 10 34
2 9 34
6 8 34
1 8 35
1 8 36
1 8 37
0 14 34
-1
-1
-1
-1
-1
1 45 28
1 45 27
1 45 26
1 45 25
1 45 24
1 45 23
1 45 22
1 45 21
1 45 20
1 45 19
1 45 18
1 45 17
1 45 16
1 45 15
1 45 14
1 45 13
1 45 12
1 45 11
1 45 10
1 45 9
6 45 8
0 45 29
-1
-1
-1
-1
-1
-1
-1
-1
-1
-1
-1
-1
-1
-1
2 16 42
5 17 42
0 15 42
-1
-1
-1
-1
-1
1 10 48
1 10 47
1 10 46
1 10 45
6 10 44
2 11 44
2 12 44
2 13 44
2 14 44
2 15 44
2 16 44
4 17 44
0 10 49
1 41 26
1 41 25
1 41 24
1 41 23
1 41 22
1 41 21
1 41 20
1 41 19
1 41 18
1 41 17
1 41 16
1 41 15
1 41 14
1 41 13
1 41 12
1 41 11
1 41 10
1 41 9
6 41 8
2 42 8
2 43 8
4 44 8
6 44 7
2 45 7
5 46 7
0 41 27
-1
3 18 46
1 18 45
1 18 44
5 18 43
0 19 46
2 29 8
2 30 8
2 31 8
2 32 8
2 33 8
2 34 8
2 35 8
2 36 8
2 37 8
2 38 8
2 39 8
4 40 8
6 40 7
2 41 7
2 42 7
4 43 7
6 43 6
2 44 6
2 45 6
2 46 6
5 47 6
1 47 7
4 47 8
0 28 8
2 44 45
2 43 45
2 42 45
2 41 45
2 40 45
2 39 45
2 38 45
2 37 45
2 36 45
2 35 45
2 34 45
2 33 45
2 32 45
2 31 45
2 30 45
2 29 45
2 28 45
2 27 45
2 26 45
2 25 45
2 24 45
2 23 45
2 22 45
2 21 45
2 20 45
6 19 45
0 45 45
1 28 4
1 28 5
1 28 6
1 28 7
0 28 3
6 11 48
4 11 49
0 12 48
1 40 23
1 40 24
1 40 25
1 40 26
3 40 27
0 40 22
2 3 34
2 4 34
2 5 34
2 6 34
4 7 34
6 7 33
2 8 33
2 9 33
2 10 33
2 11 33
2 12 33
2 13 33
5 14 33
0 2 34
1 36 15
1 36 16
1 36 17
1 36 18
1 36 19
1 36 20
1 36 21
3 36 22
2 37 22
2 38 22
2 39 22
0 36 14
1 4 16
1 4 17
1 4 18
1 4 19
1 4 20
1 4 21
1 4 22
1 4 23
1 4 24
1 4 25
1 4 26
1 4 27
1 4 28
1 4 29
1 4 30
1 4 31
3 4 32
2 5 32
2 6 32
2 7 32
2 8 32
2 9 32
2 10 32
2 11 32
2 12 32
2 13 32
2 14 32
5 15 32
1 15 33
4 15 34
0 4 15
2 10 8
2 11 8
2 12 8
2 13 8
2 14 8
2 15 8
2 16 8
2 17 8
2 18 8
2 19 8
2 20 8
2 21 8
2 22 8
2 23 8
2 24 8
2 25 8
2 26 8
2 27 8
0 9 8
2 23 43
2 22 43
2 21 43
2 20 43
3 19 43
5 19 42
3 18 42
5 18 41
2 17 41
2 16 41
6 15 41
0 24 43
1 5 2
1 5 3
1 5 4
1 5 5
1 5 6
1 5 7
3 5 8
2 6 8
2 7 8
2 8 8
0 5 1
2 7 7
2 8 7
5 9 7
0 6 7
2 25 41
6 24 41
1 24 42
0 26 41
1 28 20
1 28 19
1 28 18
1 28 17
1 28 16
1 28 15
1 28 14
1 28 13
1 28 12
1 28 11
1 28 10
1 28 9
0 28 21
1 1 37
1 1 36
1 1 35
6 1 34
0 1 38
1 27 20
3 27 21
0 27 19
1 16 25
1 16 26
1 16 27
1 16 28
1 16 29
1 16 30
1 16 31
1 16 32
1 16 33
1 16 34
4 16 35
2 15 35
3 14 35
0 16 24
2 9 5
2 8 5
2 7 5
6 6 5
1 6 6
0 10 5
2 40 5
2 39 5
2 38 5
2 37 5
2 36 5
2 35 5
2 34 5
2 33 5
2 32 5
2 31 5
2 30 5
3 29 5
1 29 4
5 29 3
0 41 5
2 31 39
2 30 39
2 29 39
2 28 39
2 27 39
6 26 39
1 26 40
0 32 39
2 11 12
2 10 12
3 9 12
1 9 11
1 9 10
1 9 9
0 12 12
1 42 14
1 42 15
1 42 16
1 42 17
1 42 18
1 42 19
1 42 20
1 42 21
1 42 22
1 42 23
1 42 24
1 42 25
1 42 26
4 42 27
0 42 13
2 31 48
2 30 48
2 29 48
2 28 48
2 27 48
2 26 48
2 25 48
2 24 48
2 23 48
2 22 48
2 21 48
2 20 48
3 19 48
1 19 47
0 32 48
-1
-1
-1
-1
-1
-1
-1
-1
-1
-1
-1
-1
-1
-1
-1
-1
-1
-1
-1
-1
-1
-1
-1
-1
-1
-1
-1
-1
-1
-1
-1
-1
-1
-1
-1
-1
-1
-1
-1
-1
-1
-1
-1
-1
-1
-1
-1
-1
-1
-1
-1
-1
-1
-1
-1
-1
-1
-1
-1
-1
-1
-1
-1
-1
-1
-1
-1
-1
-1
-1
-1
-1
-1
-1
-1
-1
-1
-1
-1
-1
-1
-1
-1
-1
-1
-1
-1
-1
-1
-1
-1
-1
-1
-1
-1
-1
-1
-1
-1
-1
-1
-1
-1
-1
-1
-1
-1
-1
-1
-1
-1
-1
-1
-1
-1
-1
-1
-1
-1
-1
-1
-1
-1
-1
-1
-1
-1
-1
-1
-1
-1
-1
-1
-1
-1
-1
-1
-1
-1
-1
-1
-1
-1
-1
-1
-1
-1
-1
-1
-1
-1
-1
-1
-1
-1
-1
-1
-1
-1
-1
-1
-1
-1
-1
-1
-1
-1
-1
-1
#time = 1.4123587608337402sec
