0 11 41
0 22 5
2 12 41
2 13 41
2 14 41
2 15 41
2 16 41
2 17 41
2 18 41
2 19 41
2 20 41
2 21 41
1 22 6
1 22 7
1 22 8
1 22 9
1 22 10
1 22 11
1 22 12
1 22 13
1 22 14
1 22 15
1 22 16
1 22 17
1 22 18
1 22 19
1 22 20
1 22 21
1 22 22
1 22 23
1 22 24
1 22 25
1 22 26
1 22 27
1 22 28
1 22 29
1 22 30
1 22 31
1 22 32
1 22 33
1 22 34
1 22 35
1 22 36
1 22 37
1 22 38
1 22 39
1 22 40
4 22 41
-1
-1
-1
-1
-1
-1
-1
-1
-1
-1
-1
-1
-1
-1
-1
-1
-1
-1
-1
-1
-1
-1
-1
-1
1 21 4
3 21 5
0 21 3
-1
-1
-1
-1
-1
-1
-1
-1
-1
-1
-1
-1
-1
-1
-1
-1
-1
-1
-1
-1
-1
-1
-1
-1
-1
-1
-1
-1
-1
-1
-1
-1
-1
-1
-1
-1
-1
-1
-1
-1
-1
-1
-1
-1
-1
-1
-1
-1
-1
-1
-1
-1
2 13 43
2 12 43
3 11 43
1 11 42
0 14 43
-1
-1
-1
-1
-1
-1
-1
-1
-1
-1
-1
-1
-1
-1
-1
-1
-1
-1
-1
-1
-1
-1
-1
-1
-1
-1
-1
-1
-1
-1
-1
-1
-1
-1
1 19 6
1 19 5
1 19 4
6 19 3
2 20 3
0 19 7
-1
-1
-1
-1
-1
-1
-1
-1
-1
-1
-1
-1
-1
-1
-1
-1
-1
-1
-1
-1
-1
2 29 11
2 28 11
2 27 11
2 26 11
2 25 11
2 24 11
3 23 11
1 23 10
1 23 9
1 23 8
1 23 7
1 23 6
5 23 5
0 30 11
-1
-1
-1
-1
-1
-1
-1
-1
-1
-1
-1
-1
-1
-1
-1
-1
-1
1 19 1
3 19 2
2 20 2
5 21 2
0 19 0
-1
-1
-1
-1
-1
-1
1 2 36
1 2 37
1 2 38
1 2 39
1 2 40
3 2 41
2 3 41
2 4 41
2 5 41
2 6 41
2 7 41
2 8 41
2 9 41
2 10 41
0 2 35
-1
-1
-1
-1
2 39 15
2 38 15
2 37 15
2 36 15
2 35 15
2 34 15
2 33 15
2 32 15
2 31 15
3 30 15
1 30 14
1 30 13
1 30 12
0 40 15
2 41 40
2 40 40
2 39 40
2 38 40
2 37 40
2 36 40
2 35 40
2 34 40
2 33 40
2 32 40
2 31 40
2 30 40
2 29 40
2 28 40
2 27 40
2 26 40
2 25 40
2 24 40
6 23 40
1 23 41
4 23 42
2 22 42
2 21 42
2 20 42
2 19 42
2 18 42
2 17 42
2 16 42
2 15 42
6 14 42
0 42 40
1 16 8
6 16 7
2 17 7
2 18 7
0 16 9
-1
1 27 9
3 27 10
2 28 10
2 29 10
5 30 10
0 27 8
-1
-1
-1
-1
-1
1 41 42
6 41 41
4 42 41
0 41 43
-1
-1
-1
-1
-1
3 16 11
1 16 10
0 17 11
1 11 25
1 11 26
1 11 27
1 11 28
1 11 29
1 11 30
1 11 31
1 11 32
1 11 33
1 11 34
1 11 35
1 11 36
1 11 37
1 11 38
1 11 39
1 11 40
0 11 24
2 17 43
2 16 43
2 15 43
0 18 43
2 41 12
2 40 12
2 39 12
2 38 12
2 37 12
2 36 12
2 35 12
2 34 12
2 33 12
2 32 12
3 31 12
1 31 11
1 31 10
5 31 9
2 30 9
2 29 9
3 28 9
1 28 8
5 28 7
2 27 7
2 26 7
2 25 7
3 24 7
1 24 6
1 24 5
5 24 4
2 23 4
6 22 4
0 42 12
2 13 23
2 12 23
6 11 23
0 14 23
2 47 44
2 46 44
2 45 44
2 44 44
2 43 44
2 42 44
3 41 44
0 48 44
1 35 37
1 35 38
3 35 39
2 36 39
2 37 39
2 38 39
2 39 39
2 40 39
2 41 39
5 42 39
0 35 36
1 10 19
1 10 20
1 10 21
1 10 22
1 10 23
3 10 24
0 10 18
6 33 43
2 34 43
2 35 43
2 36 43
2 37 43
2 38 43
2 39 43
2 40 43
0 33 44
1 25 9
6 25 8
2 26 8
0 25 10
2 6 20
2 5 20
2 4 20
2 3 20
6 2 20
1 2 21
1 2 22
1 2 23
1 2 24
1 2 25
1 2 26
1 2 27
1 2 28
1 2 29
1 2 30
1 2 31
1 2 32
1 2 33
1 2 34
0 7 20
1 24 9
3 24 10
0 24 8
2 28 0
2 27 0
2 26 0
2 25 0
2 24 0
2 23 0
6 22 0
1 22 1
1 22 2
4 22 3
0 29 0
1 34 38
1 34 37
1 34 36
6 34 35
2 35 35
5 36 35
1 36 36
1 36 37
3 36 38
2 37 38
2 38 38
2 39 38
2 40 38
2 41 38
2 42 38
5 43 38
1 43 39
4 43 40
0 34 39
2 6 17
2 7 17
2 8 17
2 9 17
2 10 17
5 11 17
1 11 18
1 11 19
1 11 20
1 11 21
3 11 22
2 12 22
2 13 22
2 14 22
5 15 22
1 15 23
4 15 24
2 14 24
2 13 24
2 12 24
0 5 17
1 47 35
1 47 36
1 47 37
1 47 38
1 47 39
1 47 40
1 47 41
1 47 42
3 47 43
5 48 43
0 47 34
1 24 13
1 24 14
3 24 15
2 25 15
2 26 15
2 27 15
2 28 15
5 29 15
3 29 16
2 30 16
2 31 16
2 32 16
2 33 16
2 34 16
2 35 16
2 36 16
2 37 16
2 38 16
2 39 16
4 40 16
0 24 12
2 28 1
4 29 1
0 27 1
2 43 21
2 42 21
3 41 21
1 41 20
1 41 19
1 41 18
1 41 17
1 41 16
5 41 15
0 44 21
2 30 46
2 29 46
2 28 46
2 27 46
2 26 46
2 25 46
2 24 46
2 23 46
2 22 46
2 21 46
2 20 46
2 19 46
2 18 46
2 17 46
2 16 46
2 15 46
3 14 46
1 14 45
1 14 44
0 31 46
1 3 23
1 3 22
6 3 21
2 4 21
2 5 21
2 6 21
4 7 21
0 3 24
2 39 47
2 38 47
2 37 47
2 36 47
2 35 47
2 34 47
2 33 47
2 32 47
3 31 47
0 40 47
2 19 17
2 18 17
3 17 17
1 17 16
1 17 15
1 17 14
1 17 13
1 17 12
0 20 17
2 5 23
6 4 23
1 4 24
4 4 25
6 3 25
1 3 26
1 3 27
1 3 28
1 3 29
1 3 30
1 3 31
1 3 32
1 3 33
1 3 34
4 3 35
0 6 23
2 48 8
2 47 8
2 46 8
2 45 8
2 44 8
2 43 8
6 42 8
1 42 9
1 42 10
1 42 11
0 49 8
1 0 40
1 0 39
1 0 38
1 0 37
1 0 36
6 0 35
2 1 35
0 0 41
2 8 9
2 9 9
2 10 9
2 11 9
2 12 9
2 13 9
2 14 9
2 15 9
0 7 9
-1
-1
-1
-1
-1
-1
-1
-1
-1
-1
-1
-1
-1
-1
-1
-1
-1
-1
-1
-1
-1
-1
-1
-1
-1
-1
-1
-1
-1
-1
-1
-1
-1
-1
-1
-1
-1
-1
-1
-1
-1
-1
-1
-1
-1
-1
-1
-1
-1
-1
-1
-1
-1
-1
-1
-1
-1
-1
-1
-1
-1
-1
-1
-1
-1
-1
-1
-1
-1
-1
-1
-1
-1
-1
-1
-1
-1
-1
-1
-1
-1
-1
-1
-1
-1
-1
-1
-1
-1
-1
-1
-1
-1
-1
-1
-1
-1
-1
-1
-1
-1
-1
-1
-1
-1
-1
-1
-1
-1
-1
-1
-1
-1
-1
-1
-1
-1
-1
-1
-1
-1
-1
-1
-1
-1
-1
-1
-1
-1
-1
-1
-1
-1
-1
-1
-1
-1
-1
-1
-1
-1
-1
-1
-1
-1
-1
-1
-1
-1
-1
-1
-1
-1
-1
-1
-1
-1
-1
-1
-1
-1
-1
-1
-1
-1
-1
-1
-1
-1
#time = 2.087538719177246sec
