0 6 47
0 47 5
2 7 47
2 8 47
2 9 47
2 10 47
2 11 47
2 12 47
2 13 47
2 14 47
2 15 47
2 16 47
2 17 47
2 18 47
2 19 47
2 20 47
2 21 47
2 22 47
2 23 47
2 24 47
2 25 47
2 26 47
2 27 47
2 28 47
2 29 47
2 30 47
2 31 47
2 32 47
2 33 47
2 34 47
2 35 47
2 36 47
2 37 47
2 38 47
2 39 47
2 40 47
2 41 47
2 42 47
2 43 47
2 44 47
2 45 47
2 46 47
1 47 6
1 47 7
1 47 8
1 47 9
1 47 10
1 47 11
1 47 12
1 47 13
1 47 14
1 47 15
1 47 16
1 47 17
1 47 18
1 47 19
1 47 20
1 47 21
1 47 22
1 47 23
1 47 24
1 47 25
1 47 26
1 47 27
1 47 28
1 47 29
1 47 30
1 47 31
1 47 32
1 47 33
1 47 34
1 47 35
1 47 36
1 47 37
1 47 38
1 47 39
1 47 40
1 47 41
1 47 42
1 47 43
1 47 44
1 47 45
1 47 46
4 47 47
-1
-1
-1
-1
-1
-1
-1
-1
-1
-1
-1
-1
-1
-1
-1
-1
-1
-1
-1
-1
-1
-1
-1
-1
-1
-1
-1
-1
-1
-1
-1
-1
-1
-1
-1
-1
-1
-1
-1
-1
-1
-1
-1
-1
-1
-1
-1
-1
-1
-1
-1
-1
-1
-1
-1
-1
-1
6 44 5
2 45 5
2 46 5
0 44 6
-1
-1
-1
-1
-1
-1
-1
-1
-1
-1
-1
-1
-1
-1
-1
-1
-1
-1
-1
-1
-1
-1
-1
-1
-1
1 44 3
3 44 4
2 45 4
2 46 4
5 47 4
0 44 2
-1
-1
-1
-1
-1
-1
-1
-1
1 4 32
1 4 33
1 4 34
1 4 35
1 4 36
1 4 37
1 4 38
1 4 39
1 4 40
1 4 41
1 4 42
1 4 43
1 4 44
1 4 45
1 4 46
3 4 47
2 5 47
0 4 31
-1
-1
-1
-1
-1
-1
-1
-1
1 48 4
4 48 5
0 48 3
-1
-1
-1
1 4 26
1 4 27
1 4 28
1 4 29
1 4 30
0 4 25
-1
-1
-1
2 45 1
6 44 1
0 46 1
-1
-1
1 3 30
3 3 31
0 3 29
2 11 49
2 10 49
2 9 49
2 8 49
2 7 49
3 6 49
1 6 48
0 12 49
1 48 7
6 48 6
4 49 6
1 49 5
1 49 4
5 49 3
0 48 8
1 43 8
1 43 7
6 43 6
0 43 9
1 6 43
1 6 44
1 6 45
1 6 46
0 6 42
1 42 1
3 42 2
2 43 2
0 42 0
1 3 22
1 3 23
1 3 24
3 3 25
0 3 21
3 44 23
1 44 22
1 44 21
1 44 20
1 44 19
1 44 18
1 44 17
1 44 16
1 44 15
1 44 14
1 44 13
1 44 12
1 44 11
1 44 10
1 44 9
1 44 8
1 44 7
0 45 23
1 2 38
1 2 37
1 2 36
1 2 35
1 2 34
1 2 33
1 2 32
1 2 31
1 2 30
6 2 29
0 2 39
1 48 20
1 48 19
1 48 18
1 48 17
1 48 16
1 48 15
1 48 14
1 48 13
1 48 12
1 48 11
1 48 10
1 48 9
0 48 21
2 24 40
2 23 40
2 22 40
2 21 40
2 20 40
2 19 40
2 18 40
2 17 40
2 16 40
2 15 40
2 14 40
2 13 40
2 12 40
2 11 40
2 10 40
2 9 40
2 8 40
2 7 40
6 6 40
1 6 41
0 25 40
2 48 0
2 47 0
6 46 0
0 49 0
2 26 36
6 25 36
1 25 37
1 25 38
1 25 39
0 27 36
2 30 40
2 29 40
2 28 40
2 27 40
2 26 40
0 31 40
3 45 9
1 45 8
1 45 7
5 45 6
0 46 9
2 7 31
2 6 31
2 5 31
0 8 31
1 41 4
1 41 3
1 41 2
1 41 1
6 41 0
0 41 5
1 1 31
1 1 30
1 1 29
6 1 28
2 2 28
5 3 28
0 1 32
2 26 41
3 25 41
0 27 41
1 7 44
1 7 43
5 7 42
0 7 45
1 24 37
1 24 36
6 24 35
2 25 35
2 26 35
5 27 35
0 24 38
2 8 25
2 7 25
2 6 25
2 5 25
0 9 25
1 41 21
1 41 22
3 41 23
2 42 23
5 43 23
3 43 24
2 44 24
4 45 24
0 41 20
1 31 38
1 31 39
0 31 37
6 28 34
1 28 35
4 28 36
0 29 34
1 0 27
1 0 26
6 0 25
2 1 25
4 2 25
1 2 24
1 2 23
1 2 22
1 2 21
6 2 20
2 3 20
5 4 20
1 4 21
1 4 22
1 4 23
1 4 24
0 0 28
3 27 39
1 27 38
1 27 37
0 28 39
1 48 28
1 48 27
1 48 26
1 48 25
1 48 24
1 48 23
6 48 22
4 49 22
1 49 21
1 49 20
1 49 19
1 49 18
1 49 17
1 49 16
1 49 15
1 49 14
1 49 13
1 49 12
1 49 11
1 49 10
1 49 9
5 49 8
0 48 29
1 2 45
1 2 44
1 2 43
1 2 42
1 2 41
1 2 40
0 2 46
1 42 21
5 42 20
0 42 22
6 38 5
2 39 5
2 40 5
0 38 6
2 8 24
5 9 24
0 7 24
1 33 11
1 33 10
6 33 9
2 34 9
2 35 9
2 36 9
2 37 9
2 38 9
2 39 9
2 40 9
2 41 9
2 42 9
0 33 12
2 6 39
6 5 39
1 5 40
1 5 41
3 5 42
0 7 39
6 38 3
4 38 4
6 37 4
1 37 5
3 37 6
0 39 3
2 41 10
2 42 10
4 43 10
0 40 10
1 41 18
1 41 19
0 41 17
2 35 32
2 34 32
2 33 32
2 32 32
2 31 32
2 30 32
6 29 32
1 29 33
0 36 32
1 45 28
1 45 27
1 45 26
6 45 25
4 46 25
1 46 24
5 46 23
0 45 29
3 5 24
2 6 24
0 5 23
3 41 29
2 42 29
2 43 29
2 44 29
0 41 28
1 9 27
1 9 26
0 9 28
1 38 21
6 38 20
2 39 20
2 40 20
0 38 22
2 32 5
2 33 5
2 34 5
2 35 5
5 36 5
1 36 6
3 36 7
2 37 7
2 38 7
4 39 7
6 39 6
2 40 6
4 41 6
0 31 5
3 7 30
5 8 30
0 7 29
1 45 21
1 45 22
0 45 20
6 7 37
1 7 38
0 8 37
1 46 28
4 46 29
0 46 27
1 42 4
4 42 5
0 42 3
6 9 30
4 9 31
0 10 30
2 6 27
2 7 27
5 8 27
1 8 28
3 8 29
2 9 29
4 10 29
1 10 28
1 10 27
1 10 26
5 10 25
0 5 27
6 41 26
1 41 27
0 42 26
6 6 32
2 7 32
4 8 32
0 6 33
2 38 2
5 39 2
0 37 2
1 39 11
6 39 10
0 39 12
1 5 34
6 5 33
0 5 35
1 43 33
1 43 32
1 43 31
6 43 30
2 44 30
4 45 30
0 43 34
2 12 44
2 11 44
2 10 44
2 9 44
6 8 44
4 8 45
0 13 44
2 38 8
2 37 8
2 36 8
2 35 8
2 34 8
2 33 8
6 32 8
1 32 9
1 32 10
1 32 11
3 32 12
0 39 8
2 45 33
6 44 33
4 44 34
0 46 33
3 0 46
2 1 46
0 0 45
1 29 7
1 29 6
6 29 5
2 30 5
0 29 8
6 1 47
4 2 47
0 1 48
2 39 23
3 38 23
0 40 23
6 31 13
2 32 13
4 33 13
0 31 14
1 36 24
1 36 23
6 36 22
2 37 22
0 36 25
1 11 42
3 11 43
2 12 43
2 13 43
5 14 43
1 14 44
4 14 45
2 13 45
2 12 45
2 11 45
2 10 45
6 9 45
4 9 46
2 8 46
3 7 46
0 11 41
3 31 44
1 31 43
1 31 42
1 31 41
0 32 44
-1
-1
-1
-1
-1
-1
-1
-1
-1
-1
-1
-1
-1
-1
-1
-1
-1
-1
-1
-1
-1
-1
-1
-1
-1
-1
-1
-1
-1
-1
-1
-1
-1
-1
-1
-1
-1
-1
-1
-1
-1
-1
-1
-1
-1
-1
-1
-1
-1
-1
-1
-1
-1
-1
-1
-1
-1
-1
-1
-1
-1
-1
-1
-1
-1
-1
-1
-1
-1
-1
-1
-1
-1
-1
-1
-1
-1
-1
-1
-1
-1
-1
-1
-1
-1
-1
-1
-1
-1
-1
-1
-1
-1
-1
-1
-1
-1
-1
-1
-1
-1
-1
-1
-1
-1
-1
-1
-1
-1
-1
-1
-1
-1
-1
-1
-1
-1
-1
-1
-1
-1
-1
-1
-1
-1
-1
-1
-1
-1
-1
-1
-1
-1
-1
-1
-1
-1
-1
#time = 6.452484369277954sec
