0 40 44
0 10 1
2 11 44
2 12 44
2 13 44
2 14 44
2 15 44
2 16 44
2 17 44
2 18 44
2 19 44
2 20 44
2 21 44
2 22 44
2 23 44
2 24 44
2 25 44
2 26 44
2 27 44
2 28 44
2 29 44
2 30 44
2 31 44
2 32 44
2 33 44
2 34 44
2 35 44
2 36 44
2 37 44
2 38 44
2 39 44
1 10 2
1 10 3
1 10 4
1 10 5
1 10 6
1 10 7
1 10 8
1 10 9
1 10 10
1 10 11
1 10 12
1 10 13
1 10 14
1 10 15
1 10 16
1 10 17
1 10 18
1 10 19
1 10 20
1 10 21
1 10 22
1 10 23
1 10 24
1 10 25
1 10 26
1 10 27
1 10 28
1 10 29
1 10 30
1 10 31
1 10 32
1 10 33
1 10 34
1 10 35
1 10 36
1 10 37
1 10 38
1 10 39
1 10 40
1 10 41
1 10 42
1 10 43
3 10 44
-1
-1
-1
-1
-1
-1
-1
-1
-1
-1
-1
-1
-1
-1
-1
-1
-1
-1
-1
-1
-1
-1
-1
-1
-1
-1
-1
-1
-1
-1
-1
-1
-1
-1
-1
-1
-1
-1
-1
-1
-1
-1
-1
-1
-1
-1
-1
-1
-1
-1
-1
-1
-1
-1
-1
-1
-1
-1
-1
-1
-1
-1
-1
-1
-1
-1
-1
-1
-1
-1
-1
-1
-1
-1
-1
-1
-1
-1
-1
-1
-1
-1
-1
-1
-1
-1
-1
-1
-1
-1
-1
-1
-1
-1
-1
-1
-1
-1
-1
-1
-1
-1
-1
-1
-1
-1
-1
-1
-1
-1
-1
-1
-1
-1
-1
-1
-1
-1
-1
-1
-1
-1
-1
-1
-1
-1
-1
-1
-1
-1
-1
-1
-1
-1
-1
-1
-1
-1
-1
-1
-1
-1
-1
-1
-1
-1
-1
-1
-1
-1
-1
-1
-1
-1
-1
-1
-1
-1
-1
-1
6 33 45
2 34 45
2 35 45
2 36 45
2 37 45
2 38 45
2 39 45
4 40 45
0 33 46
-1
-1
-1
-1
-1
-1
-1
-1
-1
-1
-1
-1
-1
-1
-1
-1
-1
-1
-1
-1
-1
-1
-1
-1
-1
-1
-1
-1
-1
-1
-1
-1
1 9 4
1 9 3
1 9 2
6 9 1
0 9 5
-1
-1
-1
-1
-1
-1
-1
-1
-1
-1
-1
-1
-1
-1
-1
1 0 4
1 0 3
1 0 2
6 0 1
2 1 1
2 2 1
2 3 1
2 4 1
2 5 1
2 6 1
2 7 1
4 8 1
6 8 0
2 9 0
5 10 0
0 0 5
-1
-1
-1
-1
-1
-1
-1
-1
-1
-1
-1
1 39 37
1 39 38
1 39 39
1 39 40
1 39 41
1 39 42
3 39 43
5 40 43
0 39 36
-1
-1
-1
-1
-1
-1
-1
-1
-1
-1
1 7 8
1 7 7
1 7 6
6 7 5
2 8 5
0 7 9
-1
-1
-1
-1
-1
1 36 41
1 36 40
1 36 39
1 36 38
1 36 37
6 36 36
2 37 36
2 38 36
0 36 42
-1
-1
-1
-1
-1
2 3 3
2 2 3
6 1 3
1 1 4
4 1 5
0 4 3
-1
-1
-1
1 38 47
6 38 46
2 39 46
2 40 46
4 41 46
1 41 45
5 41 44
0 38 48
-1
-1
-1
-1
3 4 9
2 5 9
2 6 9
0 4 8
-1
-1
-1
-1
2 35 46
2 34 46
0 36 46
1 36 31
1 36 32
1 36 33
1 36 34
3 36 35
2 37 35
2 38 35
5 39 35
0 36 30
3 11 8
1 11 7
1 11 6
1 11 5
1 11 4
1 11 3
1 11 2
5 11 1
0 12 8
1 40 37
5 40 36
0 40 38
6 4 46
2 5 46
2 6 46
2 7 46
2 8 46
2 9 46
2 10 46
2 11 46
2 12 46
2 13 46
2 14 46
2 15 46
2 16 46
2 17 46
2 18 46
2 19 46
2 20 46
2 21 46
2 22 46
2 23 46
2 24 46
2 25 46
2 26 46
2 27 46
2 28 46
2 29 46
2 30 46
2 31 46
2 32 46
0 4 47
2 37 29
6 36 29
0 38 29
2 32 30
2 33 30
2 34 30
2 35 30
0 31 30
2 3 2
5 4 2
0 2 2
2 42 43
3 41 43
5 41 42
3 40 42
1 40 41
1 40 40
1 40 39
0 43 43
2 32 36
3 31 36
1 31 35
1 31 34
1 31 33
1 31 32
1 31 31
0 33 36
1 7 11
1 7 10
0 7 12
2 33 29
2 32 29
6 31 29
0 34 29
1 4 21
1 4 20
1 4 19
1 4 18
1 4 17
1 4 16
1 4 15
1 4 14
1 4 13
1 4 12
1 4 11
5 4 10
3 3 10
1 3 9
6 3 8
0 4 22
1 1 46
3 1 47
2 2 47
2 3 47
0 1 45
2 40 31
2 39 31
2 38 31
3 37 31
5 37 30
0 41 31
2 19 8
2 18 8
2 17 8
2 16 8
2 15 8
2 14 8
2 13 8
0 20 8
2 25 4
2 24 4
2 23 4
2 22 4
2 21 4
2 20 4
2 19 4
2 18 4
2 17 4
2 16 4
2 15 4
2 14 4
2 13 4
6 12 4
1 12 5
1 12 6
1 12 7
0 26 4
6 1 43
1 1 44
0 2 43
6 34 24
1 34 25
1 34 26
1 34 27
1 34 28
0 35 24
2 6 48
2 5 48
3 4 48
0 7 48
2 30 4
2 29 4
2 28 4
2 27 4
0 31 4
1 20 13
1 20 12
1 20 11
1 20 10
1 20 9
0 20 14
2 4 49
2 5 49
2 6 49
4 7 49
0 3 49
3 32 23
2 33 23
2 34 23
5 35 23
0 32 22
1 14 2
3 14 3
2 15 3
2 16 3
2 17 3
2 18 3
2 19 3
2 20 3
2 21 3
2 22 3
2 23 3
2 24 3
2 25 3
5 26 3
0 14 1
2 46 43
2 45 43
2 44 43
0 47 43
1 18 11
1 18 12
1 18 13
3 18 14
2 19 14
0 18 10
1 43 41
1 43 42
0 43 40
6 5 12
2 6 12
0 5 13
1 17 12
1 17 11
6 17 10
0 17 13
6 28 42
2 29 42
2 30 42
2 31 42
2 32 42
2 33 42
2 34 42
2 35 42
0 28 43
1 21 13
4 21 14
0 21 12
2 39 49
3 38 49
0 40 49
6 2 5
4 2 6
2 1 6
3 0 6
0 3 5
2 32 8
3 31 8
1 31 7
1 31 6
1 31 5
0 33 8
3 47 45
1 47 44
0 48 45
3 22 16
1 22 15
1 22 14
1 22 13
1 22 12
5 22 11
3 21 11
1 21 10
1 21 9
5 21 8
0 23 16
2 42 48
2 41 48
2 40 48
2 39 48
0 43 48
3 19 7
5 20 7
0 19 6
1 15 15
1 15 14
6 15 13
2 16 13
0 15 16
-1
-1
-1
-1
-1
-1
-1
-1
-1
-1
-1
-1
-1
-1
-1
-1
-1
-1
-1
-1
-1
-1
-1
-1
-1
-1
-1
-1
-1
-1
-1
-1
-1
-1
-1
-1
-1
-1
-1
-1
-1
-1
-1
-1
-1
-1
-1
-1
-1
-1
-1
-1
-1
-1
-1
-1
-1
-1
-1
-1
-1
-1
-1
-1
-1
-1
-1
-1
-1
-1
-1
-1
-1
-1
-1
-1
-1
-1
-1
-1
-1
-1
-1
-1
-1
-1
-1
-1
-1
-1
-1
-1
-1
-1
-1
-1
-1
-1
-1
-1
-1
-1
-1
-1
-1
-1
-1
-1
-1
-1
-1
-1
-1
-1
-1
-1
-1
-1
-1
-1
-1
-1
-1
-1
-1
-1
-1
-1
-1
-1
-1
-1
-1
-1
-1
-1
-1
-1
-1
-1
-1
-1
#time = 3.9909257888793945sec
