0 1 34
0 27 4
2 2 34
2 3 34
2 4 34
2 5 34
2 6 34
2 7 34
2 8 34
2 9 34
2 10 34
2 11 34
2 12 34
2 13 34
2 14 34
2 15 34
2 16 34
2 17 34
2 18 34
2 19 34
2 20 34
2 21 34
2 22 34
2 23 34
2 24 34
2 25 34
2 26 34
1 27 5
1 27 6
1 27 7
1 27 8
1 27 9
1 27 10
1 27 11
1 27 12
1 27 13
1 27 14
1 27 15
1 27 16
1 27 17
1 27 18
1 27 19
1 27 20
1 27 21
1 27 22
1 27 23
1 27 24
1 27 25
1 27 26
1 27 27
1 27 28
1 27 29
1 27 30
1 27 31
1 27 32
1 27 33
4 27 34
-1
-1
-1
-1
-1
-1
-1
-1
-1
-1
-1
-1
-1
-1
-1
-1
-1
-1
-1
-1
-1
-1
-1
-1
-1
-1
-1
-1
-1
-1
-1
-1
-1
-1
-1
-1
-1
-1
-1
-1
-1
-1
-1
-1
-1
-1
-1
-1
-1
-1
-1
-1
-1
-1
2 9 45
2 8 45
2 7 45
2 6 45
2 5 45
2 4 45
2 3 45
2 2 45
3 1 45
1 1 44
1 1 43
1 1 42
1 1 41
1 1 40
1 1 39
1 1 38
1 1 37
1 1 36
1 1 35
0 10 45
-1
-1
-1
-1
-1
-1
-1
-1
-1
-1
-1
-1
-1
-1
-1
-1
-1
-1
-1
-1
-1
-1
-1
-1
-1
-1
-1
-1
-1
-1
-1
-1
-1
-1
-1
-1
-1
-1
-1
-1
-1
-1
1 1 31
1 1 32
1 1 33
0 1 30
-1
-1
-1
-1
-1
-1
-1
-1
-1
-1
-1
-1
-1
-1
-1
-1
-1
-1
-1
-1
-1
-1
-1
-1
-1
-1
-1
-1
-1
1 26 6
1 26 5
6 26 4
0 26 7
-1
-1
-1
-1
-1
-1
-1
1 16 19
1 16 18
1 16 17
1 16 16
1 16 15
1 16 14
1 16 13
1 16 12
1 16 11
1 16 10
1 16 9
1 16 8
1 16 7
1 16 6
1 16 5
6 16 4
2 17 4
2 18 4
2 19 4
2 20 4
2 21 4
2 22 4
2 23 4
2 24 4
4 25 4
6 25 3
2 26 3
5 27 3
0 16 20
-1
-1
-1
-1
-1
-1
-1
2 16 25
2 15 25
2 14 25
2 13 25
2 12 25
2 11 25
2 10 25
2 9 25
2 8 25
2 7 25
2 6 25
2 5 25
2 4 25
2 3 25
2 2 25
6 1 25
1 1 26
1 1 27
1 1 28
1 1 29
0 17 25
-1
-1
-1
-1
-1
-1
-1
-1
-1
-1
-1
-1
2 33 6
2 32 6
2 31 6
2 30 6
2 29 6
3 28 6
1 28 5
5 28 4
0 34 6
-1
-1
-1
-1
-1
-1
-1
-1
-1
-1
-1
-1
-1
2 19 26
2 18 26
3 17 26
0 20 26
2 37 41
2 36 41
2 35 41
2 34 41
2 33 41
2 32 41
2 31 41
2 30 41
2 29 41
2 28 41
2 27 41
2 26 41
2 25 41
2 24 41
2 23 41
2 22 41
2 21 41
2 20 41
2 19 41
2 18 41
2 17 41
2 16 41
2 15 41
2 14 41
2 13 41
2 12 41
2 11 41
6 10 41
1 10 42
1 10 43
1 10 44
0 38 41
-1
2 5 30
2 4 30
2 3 30
2 2 30
0 6 30
-1
-1
1 30 39
3 30 40
2 31 40
2 32 40
2 33 40
2 34 40
2 35 40
2 36 40
2 37 40
5 38 40
0 30 38
6 1 19
1 1 20
1 1 21
1 1 22
1 1 23
4 1 24
6 0 24
1 0 25
1 0 26
1 0 27
1 0 28
1 0 29
3 0 30
0 2 19
2 21 17
2 20 17
2 19 17
2 18 17
6 17 17
1 17 18
1 17 19
4 17 20
0 22 17
2 47 28
2 46 28
2 45 28
2 44 28
2 43 28
2 42 28
2 41 28
2 40 28
6 39 28
1 39 29
1 39 30
1 39 31
1 39 32
1 39 33
1 39 34
1 39 35
1 39 36
1 39 37
1 39 38
1 39 39
1 39 40
4 39 41
0 48 28
3 2 21
1 2 20
0 3 21
2 37 32
2 36 32
2 35 32
2 34 32
2 33 32
2 32 32
2 31 32
6 30 32
1 30 33
1 30 34
1 30 35
1 30 36
1 30 37
0 38 32
2 4 31
2 5 31
4 6 31
0 3 31
1 33 29
1 33 30
3 33 31
2 34 31
2 35 31
2 36 31
2 37 31
5 38 31
0 33 28
2 41 47
2 40 47
2 39 47
3 38 47
1 38 46
1 38 45
1 38 44
1 38 43
1 38 42
0 42 47
1 4 39
6 4 38
2 5 38
2 6 38
2 7 38
2 8 38
2 9 38
2 10 38
2 11 38
2 12 38
2 13 38
2 14 38
2 15 38
2 16 38
2 17 38
2 18 38
2 19 38
2 20 38
2 21 38
2 22 38
2 23 38
2 24 38
2 25 38
2 26 38
2 27 38
2 28 38
2 29 38
0 4 40
1 31 26
1 31 27
3 31 28
2 32 28
0 31 25
1 4 27
1 4 28
3 4 29
2 5 29
5 6 29
0 4 26
2 36 29
2 35 29
3 34 29
5 34 28
0 37 29
6 34 33
2 35 33
2 36 33
2 37 33
4 38 33
0 34 34
1 11 17
1 11 18
1 11 19
3 11 20
2 12 20
2 13 20
2 14 20
2 15 20
0 11 16
1 46 30
6 46 29
2 47 29
4 48 29
0 46 31
1 0 35
6 0 34
0 0 36
2 35 30
2 36 30
4 37 30
0 34 30
1 22 19
1 22 18
0 22 20
2 34 25
2 33 25
2 32 25
0 35 25
1 0 14
1 0 15
1 0 16
1 0 17
3 0 18
2 1 18
5 2 18
0 0 13
2 28 40
2 27 40
2 26 40
2 25 40
2 24 40
2 23 40
2 22 40
2 21 40
2 20 40
2 19 40
2 18 40
2 17 40
2 16 40
2 15 40
2 14 40
2 13 40
2 12 40
2 11 40
2 10 40
2 9 40
2 8 40
2 7 40
2 6 40
2 5 40
0 29 40
2 6 28
5 7 28
1 7 29
4 7 30
0 5 28
2 32 22
6 31 22
1 31 23
1 31 24
0 33 22
2 7 13
2 6 13
2 5 13
2 4 13
6 3 13
1 3 14
1 3 15
1 3 16
1 3 17
1 3 18
4 3 19
0 8 13
1 41 41
1 41 42
1 41 43
1 41 44
1 41 45
3 41 46
5 42 46
0 41 40
-1
-1
-1
-1
-1
-1
-1
-1
-1
-1
-1
-1
-1
-1
-1
-1
-1
-1
-1
-1
-1
-1
-1
-1
-1
-1
-1
-1
-1
-1
-1
-1
-1
-1
-1
-1
-1
-1
-1
-1
-1
-1
-1
-1
-1
-1
-1
-1
-1
-1
-1
-1
-1
-1
-1
-1
-1
-1
-1
-1
-1
-1
-1
-1
-1
-1
-1
-1
-1
-1
-1
-1
-1
-1
-1
-1
-1
-1
-1
-1
-1
-1
-1
-1
-1
-1
-1
-1
-1
-1
-1
-1
-1
-1
-1
-1
-1
-1
-1
-1
-1
-1
-1
-1
-1
-1
-1
-1
-1
-1
-1
-1
-1
-1
-1
-1
-1
-1
-1
-1
-1
-1
-1
-1
-1
-1
-1
-1
-1
-1
-1
-1
-1
-1
-1
-1
-1
-1
-1
-1
-1
-1
-1
-1
-1
-1
-1
-1
-1
-1
-1
-1
-1
-1
-1
-1
-1
-1
-1
-1
-1
-1
-1
-1
-1
-1
-1
-1
-1
-1
-1
-1
-1
-1
-1
-1
-1
-1
-1
-1
-1
-1
-1
-1
-1
-1
-1
-1
-1
-1
-1
-1
-1
-1
-1
-1
-1
-1
-1
-1
-1
-1
-1
-1
-1
-1
-1
-1
-1
-1
#time = 1.317267894744873sec
