0 4 29
0 45 13
2 5 29
2 6 29
2 7 29
2 8 29
2 9 29
2 10 29
2 11 29
2 12 29
2 13 29
2 14 29
2 15 29
2 16 29
2 17 29
2 18 29
2 19 29
2 20 29
2 21 29
2 22 29
2 23 29
2 24 29
2 25 29
2 26 29
2 27 29
2 28 29
2 29 29
2 30 29
2 31 29
2 32 29
2 33 29
2 34 29
2 35 29
2 36 29
2 37 29
2 38 29
2 39 29
2 40 29
2 41 29
2 42 29
2 43 29
2 44 29
1 45 14
1 45 15
1 45 16
1 45 17
1 45 18
1 45 19
1 45 20
1 45 21
1 45 22
1 45 23
1 45 24
1 45 25
1 45 26
1 45 27
1 45 28
4 45 29
-1
-1
-1
-1
-1
-1
-1
-1
-1
-1
-1
-1
-1
-1
-1
-1
-1
-1
-1
-1
-1
-1
-1
-1
-1
-1
-1
-1
-1
-1
-1
-1
-1
-1
-1
-1
-1
-1
-1
-1
-1
-1
-1
-1
-1
-1
-1
-1
-1
-1
-1
-1
-1
-1
-1
-1
-1
-1
-1
-1
-1
-1
-1
-1
-1
-1
-1
-1
-1
-1
-1
-1
-1
-1
-1
-1
-1
-1
-1
-1
-1
-1
-1
-1
-1
-1
-1
-1
-1
-1
-1
-1
-1
-1
-1
-1
-1
-1
-1
-1
-1
-1
-1
-1
-1
-1
-1
-1
-1
-1
-1
-1
-1
1 4 27
1 4 28
0 4 26
-1
-1
-1
-1
-1
-1
-1
-1
-1
-1
-1
-1
-1
-1
-1
-1
-1
-1
-1
-1
-1
-1
-1
-1
-1
-1
-1
-1
-1
-1
-1
-1
-1
-1
-1
-1
-1
-1
-1
-1
-1
-1
2 27 38
2 26 38
2 25 38
2 24 38
2 23 38
2 22 38
2 21 38
2 20 38
2 19 38
2 18 38
2 17 38
2 16 38
2 15 38
2 14 38
2 13 38
2 12 38
2 11 38
2 10 38
2 9 38
2 8 38
2 7 38
2 6 38
2 5 38
3 4 38
1 4 37
1 4 36
1 4 35
1 4 34
1 4 33
1 4 32
1 4 31
1 4 30
0 28 38
-1
-1
-1
-1
-1
-1
-1
-1
-1
-1
-1
-1
-1
-1
-1
-1
-1
-1
-1
-1
-1
-1
-1
-1
-1
-1
-1
-1
-1
-1
-1
-1
-1
-1
6 2 29
2 3 29
0 2 30
-1
-1
-1
-1
-1
-1
-1
-1
-1
-1
-1
-1
-1
-1
-1
-1
-1
-1
-1
-1
-1
-1
-1
-1
-1
2 30 38
2 29 38
0 31 38
-1
-1
-1
-1
-1
-1
-1
-1
-1
-1
-1
-1
-1
-1
-1
-1
-1
-1
-1
3 1 26
2 2 26
2 3 26
0 1 25
-1
-1
-1
-1
-1
-1
-1
-1
-1
-1
-1
-1
-1
-1
1 26 35
1 26 36
3 26 37
2 27 37
5 28 37
0 26 34
-1
-1
-1
2 35 43
2 34 43
2 33 43
2 32 43
2 31 43
2 30 43
2 29 43
3 28 43
1 28 42
1 28 41
1 28 40
1 28 39
0 36 43
-1
-1
-1
-1
-1
1 2 24
3 2 25
2 3 25
5 4 25
0 2 23
1 33 47
1 33 46
1 33 45
6 33 44
2 34 44
2 35 44
4 36 44
0 33 48
1 6 32
1 6 33
3 6 34
2 7 34
2 8 34
2 9 34
2 10 34
2 11 34
2 12 34
2 13 34
2 14 34
2 15 34
2 16 34
2 17 34
2 18 34
2 19 34
2 20 34
2 21 34
2 22 34
2 23 34
2 24 34
2 25 34
0 6 31
1 43 14
6 43 13
2 44 13
0 43 15
2 45 44
2 44 44
2 43 44
2 42 44
2 41 44
2 40 44
2 39 44
2 38 44
3 37 44
5 37 43
0 46 44
2 10 4
2 9 4
2 8 4
2 7 4
2 6 4
2 5 4
2 4 4
2 3 4
6 2 4
1 2 5
1 2 6
1 2 7
1 2 8
1 2 9
1 2 10
1 2 11
1 2 12
1 2 13
1 2 14
1 2 15
1 2 16
1 2 17
1 2 18
1 2 19
1 2 20
1 2 21
1 2 22
0 11 4
6 34 46
1 34 47
4 34 48
0 35 46
1 43 27
1 43 26
1 43 25
1 43 24
1 43 23
1 43 22
1 43 21
1 43 20
1 43 19
1 43 18
1 43 17
1 43 16
0 43 28
2 6 25
6 5 25
4 5 26
0 7 25
2 39 48
2 38 48
2 37 48
2 36 48
6 35 48
4 35 49
2 34 49
3 33 49
0 40 48
1 9 14
1 9 13
1 9 12
1 9 11
1 9 10
1 9 9
1 9 8
1 9 7
1 9 6
6 9 5
2 10 5
4 11 5
0 9 15
2 33 39
2 32 39
3 31 39
0 34 39
2 28 34
2 27 34
0 29 34
2 10 16
3 9 16
0 11 16
6 32 40
2 33 40
4 34 40
0 32 41
1 0 35
1 0 34
1 0 33
1 0 32
1 0 31
6 0 30
2 1 30
0 0 36
2 6 24
5 7 24
0 5 24
1 26 40
1 26 41
1 26 42
1 26 43
1 26 44
1 26 45
1 26 46
1 26 47
3 26 48
2 27 48
2 28 48
2 29 48
2 30 48
2 31 48
2 32 48
0 26 39
1 41 11
3 41 12
2 42 12
2 43 12
2 44 12
5 45 12
0 41 10
3 30 41
2 31 41
0 30 40
1 27 44
1 27 43
1 27 42
1 27 41
1 27 40
5 27 39
0 27 45
2 6 15
2 7 15
2 8 15
0 5 15
2 41 15
2 42 15
0 40 15
6 27 35
2 28 35
4 29 35
0 27 36
1 10 12
1 10 13
1 10 14
4 10 15
0 10 11
1 40 19
1 40 18
1 40 17
5 40 16
3 39 16
1 39 15
1 39 14
6 39 13
4 40 13
1 40 12
1 40 11
1 40 10
6 40 9
2 41 9
5 42 9
1 42 10
3 42 11
2 43 11
2 44 11
2 45 11
5 46 11
1 46 12
4 46 13
0 40 20
1 16 42
1 16 41
1 16 40
6 16 39
2 17 39
2 18 39
2 19 39
2 20 39
2 21 39
2 22 39
2 23 39
2 24 39
2 25 39
0 16 43
2 12 3
6 11 3
0 13 3
2 23 40
2 22 40
2 21 40
2 20 40
2 19 40
2 18 40
6 17 40
1 17 41
1 17 42
4 17 43
0 24 40
1 42 42
3 42 43
2 43 43
2 44 43
2 45 43
5 46 43
0 42 41
6 41 13
4 41 14
6 40 14
0 42 13
-1
-1
-1
-1
-1
-1
-1
-1
-1
-1
-1
-1
-1
-1
-1
-1
-1
-1
-1
-1
-1
-1
-1
-1
-1
-1
-1
-1
-1
-1
-1
-1
-1
-1
-1
-1
-1
-1
-1
-1
-1
-1
-1
-1
-1
-1
-1
-1
-1
-1
-1
-1
-1
-1
-1
-1
-1
-1
-1
-1
-1
-1
-1
-1
-1
-1
-1
-1
-1
-1
-1
-1
-1
-1
-1
-1
-1
-1
-1
-1
-1
-1
-1
-1
-1
-1
-1
-1
-1
-1
-1
-1
-1
-1
-1
-1
-1
-1
-1
-1
-1
-1
-1
-1
-1
-1
-1
-1
-1
-1
-1
-1
-1
-1
-1
-1
-1
-1
-1
-1
-1
-1
-1
-1
-1
-1
-1
-1
-1
-1
-1
-1
-1
-1
-1
-1
-1
-1
-1
-1
-1
-1
-1
-1
-1
-1
-1
-1
-1
-1
-1
-1
-1
-1
-1
-1
-1
-1
-1
-1
-1
-1
-1
#time = 2.6735031604766846sec
