0 43 6
0 16 42
2 17 6
2 18 6
2 19 6
2 20 6
2 21 6
2 22 6
2 23 6
2 24 6
2 25 6
2 26 6
2 27 6
2 28 6
2 29 6
2 30 6
2 31 6
2 32 6
2 33 6
2 34 6
2 35 6
2 36 6
2 37 6
2 38 6
2 39 6
2 40 6
2 41 6
2 42 6
1 16 7
1 16 8
1 16 9
1 16 10
1 16 11
1 16 12
1 16 13
1 16 14
1 16 15
1 16 16
1 16 17
1 16 18
1 16 19
1 16 20
1 16 21
1 16 22
1 16 23
1 16 24
1 16 25
1 16 26
1 16 27
1 16 28
1 16 29
1 16 30
1 16 31
1 16 32
1 16 33
1 16 34
1 16 35
1 16 36
1 16 37
1 16 38
1 16 39
1 16 40
1 16 41
6 16 6
-1
-1
-1
-1
-1
-1
-1
-1
-1
-1
-1
-1
-1
-1
-1
-1
-1
-1
-1
-1
-1
-1
-1
-1
-1
-1
-1
-1
-1
-1
-1
-1
-1
-1
-1
-1
-1
-1
-1
-1
-1
-1
-1
-1
-1
-1
-1
-1
-1
-1
-1
-1
-1
-1
-1
-1
-1
-1
-1
-1
-1
-1
-1
-1
-1
-1
-1
-1
-1
-1
-1
-1
-1
-1
-1
-1
-1
-1
-1
-1
-1
-1
-1
-1
-1
-1
-1
-1
-1
-1
-1
-1
-1
-1
-1
-1
-1
-1
-1
-1
-1
-1
-1
-1
-1
-1
-1
-1
-1
-1
-1
-1
-1
-1
-1
-1
-1
-1
-1
-1
-1
-1
-1
-1
-1
-1
-1
1 37 19
1 37 18
1 37 17
1 37 16
1 37 15
1 37 14
1 37 13
1 37 12
1 37 11
1 37 10
1 37 9
1 37 8
6 37 7
2 38 7
2 39 7
2 40 7
2 41 7
2 42 7
4 43 7
0 37 20
-1
-1
-1
-1
-1
-1
-1
-1
-1
-1
-1
-1
-1
-1
-1
-1
-1
-1
-1
-1
-1
-1
-1
-1
-1
-1
-1
-1
-1
-1
-1
-1
-1
-1
-1
-1
-1
-1
-1
-1
-1
-1
-1
-1
1 10 14
1 10 15
1 10 16
1 10 17
1 10 18
1 10 19
1 10 20
1 10 21
1 10 22
1 10 23
1 10 24
1 10 25
1 10 26
1 10 27
1 10 28
1 10 29
1 10 30
1 10 31
1 10 32
1 10 33
1 10 34
1 10 35
1 10 36
1 10 37
1 10 38
1 10 39
1 10 40
1 10 41
3 10 42
2 11 42
2 12 42
2 13 42
2 14 42
2 15 42
0 10 13
-1
-1
-1
-1
-1
-1
-1
-1
-1
-1
-1
-1
-1
-1
-1
-1
-1
-1
-1
-1
-1
-1
-1
-1
-1
-1
-1
-1
-1
1 5 38
1 5 39
1 5 40
1 5 41
3 5 42
2 6 42
2 7 42
2 8 42
5 9 42
3 9 43
2 10 43
2 11 43
2 12 43
2 13 43
2 14 43
2 15 43
4 16 43
0 5 37
-1
-1
-1
-1
-1
-1
-1
-1
-1
-1
-1
-1
-1
-1
-1
-1
-1
-1
-1
-1
-1
-1
-1
2 47 22
2 46 22
2 45 22
2 44 22
2 43 22
2 42 22
2 41 22
2 40 22
2 39 22
2 38 22
3 37 22
1 37 21
0 48 22
-1
-1
-1
1 18 9
1 18 10
1 18 11
1 18 12
1 18 13
1 18 14
1 18 15
1 18 16
1 18 17
1 18 18
1 18 19
3 18 20
2 19 20
2 20 20
2 21 20
2 22 20
2 23 20
2 24 20
2 25 20
2 26 20
2 27 20
2 28 20
2 29 20
2 30 20
2 31 20
2 32 20
2 33 20
2 34 20
2 35 20
2 36 20
0 18 8
-1
-1
-1
2 13 33
2 12 33
3 11 33
1 11 32
1 11 31
1 11 30
1 11 29
1 11 28
1 11 27
1 11 26
1 11 25
1 11 24
1 11 23
1 11 22
1 11 21
1 11 20
1 11 19
1 11 18
1 11 17
1 11 16
1 11 15
1 11 14
5 11 13
0 14 33
-1
-1
-1
-1
-1
-1
-1
-1
2 27 42
2 26 42
2 25 42
2 24 42
2 23 42
2 22 42
2 21 42
2 20 42
2 19 42
2 18 42
2 17 42
0 28 42
-1
-1
-1
-1
-1
-1
-1
-1
-1
-1
-1
-1
1 9 10
1 9 11
1 9 12
3 9 13
0 9 9
-1
-1
-1
-1
-1
-1
-1
2 23 41
2 24 41
2 25 41
2 26 41
2 27 41
5 28 41
0 22 41
1 15 7
1 15 6
6 15 5
2 16 5
2 17 5
2 18 5
2 19 5
2 20 5
2 21 5
2 22 5
2 23 5
2 24 5
2 25 5
2 26 5
2 27 5
2 28 5
2 29 5
2 30 5
2 31 5
2 32 5
2 33 5
2 34 5
2 35 5
2 36 5
2 37 5
2 38 5
2 39 5
2 40 5
2 41 5
2 42 5
5 43 5
0 15 8
5 36 22
3 36 23
2 37 23
2 38 23
2 39 23
2 40 23
2 41 23
2 42 23
2 43 23
2 44 23
2 45 23
2 46 23
2 47 23
4 48 23
0 35 22
-1
-1
-1
-1
-1
-1
-1
-1
-1
-1
-1
-1
-1
-1
-1
-1
-1
-1
-1
-1
-1
-1
-1
-1
-1
-1
-1
-1
-1
-1
-1
-1
-1
-1
-1
-1
-1
-1
-1
-1
-1
-1
-1
-1
-1
-1
-1
-1
-1
-1
-1
-1
-1
-1
-1
-1
-1
-1
-1
-1
-1
-1
-1
-1
-1
-1
-1
-1
-1
-1
-1
-1
-1
-1
-1
-1
-1
-1
-1
-1
-1
-1
-1
-1
-1
-1
-1
-1
-1
-1
-1
-1
-1
-1
-1
-1
-1
-1
-1
-1
-1
-1
-1
-1
-1
-1
-1
-1
-1
-1
-1
-1
-1
-1
-1
-1
-1
-1
-1
-1
-1
-1
-1
-1
-1
-1
-1
-1
-1
-1
-1
-1
-1
-1
-1
-1
-1
-1
-1
-1
-1
-1
-1
-1
-1
-1
-1
-1
-1
-1
-1
-1
-1
-1
-1
-1
-1
-1
-1
-1
-1
-1
-1
-1
-1
-1
-1
-1
-1
-1
-1
-1
-1
-1
-1
-1
-1
-1
-1
-1
-1
-1
-1
-1
-1
-1
-1
-1
-1
-1
-1
-1
-1
-1
-1
-1
-1
-1
-1
-1
-1
-1
-1
-1
-1
-1
-1
-1
-1
-1
-1
-1
-1
-1
-1
-1
-1
-1
-1
-1
-1
-1
-1
-1
-1
-1
-1
-1
-1
-1
-1
-1
-1
-1
-1
-1
-1
-1
-1
-1
-1
-1
-1
-1
-1
-1
-1
-1
-1
-1
-1
-1
-1
-1
-1
-1
-1
-1
-1
-1
-1
-1
-1
-1
-1
-1
-1
-1
#time = 0.5994784832000732sec
