0 49 9
0 5 20
2 6 9
2 7 9
2 8 9
2 9 9
2 10 9
2 11 9
2 12 9
2 13 9
2 14 9
2 15 9
2 16 9
2 17 9
2 18 9
2 19 9
2 20 9
2 21 9
2 22 9
2 23 9
2 24 9
2 25 9
2 26 9
2 27 9
2 28 9
2 29 9
2 30 9
2 31 9
2 32 9
2 33 9
2 34 9
2 35 9
2 36 9
2 37 9
2 38 9
2 39 9
2 40 9
2 41 9
2 42 9
2 43 9
2 44 9
2 45 9
2 46 9
2 47 9
2 48 9
1 5 10
1 5 11
1 5 12
1 5 13
1 5 14
1 5 15
1 5 16
1 5 17
1 5 18
1 5 19
6 5 9
-1
-1
-1
-1
-1
-1
-1
-1
-1
-1
-1
-1
-1
-1
-1
-1
-1
-1
-1
-1
-1
-1
-1
-1
-1
-1
-1
-1
-1
-1
-1
-1
-1
-1
-1
-1
-1
-1
-1
-1
-1
-1
-1
2 9 28
2 8 28
2 7 28
2 6 28
3 5 28
1 5 27
1 5 26
1 5 25
1 5 24
1 5 23
1 5 22
1 5 21
0 10 28
-1
-1
-1
-1
-1
-1
-1
-1
-1
-1
-1
-1
-1
-1
-1
-1
-1
-1
-1
-1
-1
-1
-1
-1
-1
-1
-1
-1
-1
-1
-1
-1
-1
-1
-1
-1
-1
-1
-1
-1
2 23 29
2 22 29
2 21 29
2 20 29
2 19 29
2 18 29
2 17 29
2 16 29
2 15 29
2 14 29
2 13 29
2 12 29
3 11 29
1 11 28
5 11 27
2 10 27
2 9 27
2 8 27
2 7 27
3 6 27
1 6 26
1 6 25
1 6 24
1 6 23
1 6 22
1 6 21
5 6 20
0 24 29
-1
-1
-1
-1
-1
-1
-1
-1
-1
-1
-1
-1
-1
-1
-1
-1
-1
-1
-1
-1
-1
-1
-1
-1
-1
-1
-1
-1
6 3 20
2 4 20
0 3 21
-1
-1
-1
-1
-1
-1
-1
-1
-1
-1
-1
-1
-1
-1
-1
-1
-1
-1
-1
-1
-1
-1
-1
3 24 32
1 24 31
1 24 30
0 25 32
-1
-1
-1
-1
-1
-1
-1
-1
-1
-1
-1
-1
-1
-1
-1
-1
-1
-1
-1
6 3 18
4 3 19
6 2 19
1 2 20
3 2 21
0 4 18
-1
-1
-1
-1
-1
-1
-1
-1
-1
-1
-1
-1
6 1 22
2 2 22
4 3 22
0 1 23
-1
-1
-1
-1
-1
1 44 13
1 44 12
1 44 11
6 44 10
2 45 10
2 46 10
2 47 10
2 48 10
4 49 10
0 44 14
2 11 43
3 10 43
1 10 42
1 10 41
1 10 40
1 10 39
1 10 38
1 10 37
1 10 36
1 10 35
1 10 34
1 10 33
1 10 32
1 10 31
1 10 30
1 10 29
0 12 43
-1
-1
2 26 36
3 25 36
1 25 35
1 25 34
1 25 33
0 27 36
1 7 23
1 7 24
1 7 25
3 7 26
2 8 26
2 9 26
2 10 26
2 11 26
5 12 26
1 12 27
3 12 28
2 13 28
2 14 28
2 15 28
2 16 28
2 17 28
2 18 28
2 19 28
2 20 28
2 21 28
2 22 28
2 23 28
5 24 28
0 7 22
3 25 30
5 25 29
0 26 30
6 7 19
1 7 20
1 7 21
0 8 19
1 23 32
1 23 33
1 23 34
1 23 35
3 23 36
5 24 36
3 24 37
2 25 37
2 26 37
4 27 37
0 23 31
3 1 27
1 1 26
1 1 25
1 1 24
0 2 27
1 27 39
6 27 38
4 28 38
1 28 37
5 28 36
0 27 40
2 11 24
2 10 24
2 9 24
3 8 24
1 8 23
5 8 22
0 12 24
1 12 46
1 12 45
1 12 44
0 12 47
6 8 17
1 8 18
0 9 17
2 29 39
6 28 39
4 28 40
0 30 39
1 21 34
1 21 33
1 21 32
6 21 31
2 22 31
0 21 35
1 3 11
1 3 12
1 3 13
1 3 14
1 3 15
1 3 16
3 3 17
5 4 17
0 3 10
3 25 28
5 26 28
1 26 29
0 25 27
1 41 20
1 41 19
1 41 18
1 41 17
1 41 16
1 41 15
6 41 14
2 42 14
2 43 14
0 41 21
2 27 31
2 26 31
6 25 31
0 28 31
2 43 45
2 42 45
2 41 45
2 40 45
2 39 45
2 38 45
2 37 45
2 36 45
2 35 45
2 34 45
2 33 45
2 32 45
2 31 45
2 30 45
2 29 45
2 28 45
3 27 45
1 27 44
1 27 43
1 27 42
1 27 41
0 44 45
1 0 19
1 0 20
1 0 21
1 0 22
3 0 23
0 0 18
2 33 40
2 32 40
3 31 40
1 31 39
5 31 38
2 30 38
3 29 38
1 29 37
1 29 36
5 29 35
2 28 35
6 27 35
0 34 40
2 23 26
2 24 26
2 25 26
5 26 26
3 26 27
5 27 27
1 27 28
1 27 29
4 27 30
0 22 26
5 40 17
1 40 18
1 40 19
1 40 20
1 40 21
3 40 22
2 41 22
4 42 22
1 42 21
1 42 20
1 42 19
1 42 18
1 42 17
1 42 16
6 42 15
2 43 15
4 44 15
0 39 17
1 11 40
1 11 41
3 11 42
5 12 42
0 11 39
1 48 3
1 48 4
1 48 5
1 48 6
1 48 7
3 48 8
5 49 8
0 48 2
2 47 12
2 46 12
6 45 12
1 45 13
4 45 14
0 48 12
2 13 15
2 12 15
2 11 15
2 10 15
6 9 15
1 9 16
0 14 15
2 3 47
2 4 47
2 5 47
2 6 47
2 7 47
2 8 47
2 9 47
2 10 47
2 11 47
0 2 47
2 10 18
3 9 18
0 11 18
1 7 11
1 7 12
1 7 13
3 7 14
2 8 14
2 9 14
2 10 14
2 11 14
2 12 14
2 13 14
5 14 14
0 7 10
1 16 34
3 16 35
2 17 35
2 18 35
2 19 35
2 20 35
0 16 33
1 40 5
1 40 4
1 40 3
6 40 2
2 41 2
2 42 2
2 43 2
2 44 2
2 45 2
2 46 2
2 47 2
0 40 6
2 16 46
2 15 46
2 14 46
6 13 46
4 13 47
0 17 46
2 9 25
2 10 25
2 11 25
4 12 25
0 8 25
2 23 20
6 22 20
1 22 21
1 22 22
1 22 23
1 22 24
1 22 25
0 24 20
2 46 45
2 45 45
0 47 45
2 15 18
2 14 18
2 13 18
2 12 18
0 16 18
-1
-1
-1
-1
-1
-1
-1
-1
-1
-1
-1
-1
-1
-1
-1
-1
-1
-1
-1
-1
-1
-1
-1
-1
-1
-1
-1
-1
-1
-1
-1
-1
-1
-1
-1
-1
-1
-1
-1
-1
-1
-1
-1
-1
-1
-1
-1
-1
-1
-1
-1
-1
-1
-1
-1
-1
-1
-1
-1
-1
-1
-1
-1
-1
-1
-1
-1
-1
-1
-1
-1
-1
-1
-1
-1
-1
-1
-1
-1
-1
-1
-1
-1
-1
-1
-1
-1
-1
-1
-1
-1
-1
-1
-1
-1
-1
-1
-1
-1
-1
-1
-1
-1
-1
-1
-1
-1
-1
-1
-1
-1
-1
-1
-1
-1
-1
-1
-1
-1
-1
-1
-1
-1
-1
-1
-1
-1
-1
-1
-1
-1
-1
-1
-1
-1
-1
-1
-1
-1
-1
-1
-1
-1
-1
-1
-1
-1
-1
-1
-1
-1
-1
-1
-1
-1
-1
-1
-1
-1
-1
-1
-1
-1
-1
-1
-1
-1
-1
-1
-1
-1
-1
-1
-1
-1
-1
-1
-1
-1
-1
-1
-1
-1
-1
-1
-1
-1
-1
-1
-1
-1
-1
-1
-1
-1
-1
-1
-1
-1
-1
-1
-1
-1
-1
-1
-1
-1
-1
-1
-1
-1
#time = 2.7935593128204346sec
