0 15 45
0 24 6
2 16 45
2 17 45
2 18 45
2 19 45
2 20 45
2 21 45
2 22 45
2 23 45
1 24 7
1 24 8
1 24 9
1 24 10
1 24 11
1 24 12
1 24 13
1 24 14
1 24 15
1 24 16
1 24 17
1 24 18
1 24 19
1 24 20
1 24 21
1 24 22
1 24 23
1 24 24
1 24 25
1 24 26
1 24 27
1 24 28
1 24 29
1 24 30
1 24 31
1 24 32
1 24 33
1 24 34
1 24 35
1 24 36
1 24 37
1 24 38
1 24 39
1 24 40
1 24 41
1 24 42
1 24 43
1 24 44
4 24 45
-1
-1
-1
-1
-1
-1
-1
-1
-1
-1
-1
-1
-1
-1
-1
-1
-1
-1
-1
-1
-1
-1
-1
-1
-1
-1
-1
-1
-1
-1
-1
-1
-1
-1
-1
-1
-1
-1
-1
-1
-1
-1
-1
-1
-1
-1
-1
-1
-1
-1
-1
-1
-1
-1
-1
-1
-1
-1
-1
-1
-1
-1
-1
-1
-1
-1
-1
-1
-1
-1
-1
-1
-1
-1
-1
-1
-1
-1
-1
-1
-1
-1
-1
-1
-1
-1
-1
-1
-1
1 8 44
3 8 45
2 9 45
2 10 45
2 11 45
2 12 45
2 13 45
2 14 45
0 8 43
-1
-1
-1
-1
-1
-1
-1
-1
-1
-1
-1
-1
-1
-1
-1
-1
-1
-1
-1
-1
-1
-1
-1
-1
-1
-1
-1
-1
-1
-1
-1
-1
-1
-1
-1
-1
-1
-1
-1
-1
-1
-1
-1
-1
-1
-1
-1
-1
3 16 6
2 17 6
2 18 6
2 19 6
2 20 6
2 21 6
2 22 6
2 23 6
0 16 5
-1
-1
-1
-1
-1
-1
-1
-1
-1
-1
-1
-1
-1
-1
-1
-1
-1
-1
-1
-1
-1
-1
-1
-1
-1
2 37 45
2 36 45
2 35 45
2 34 45
2 33 45
2 32 45
2 31 45
2 30 45
2 29 45
2 28 45
2 27 45
2 26 45
6 25 45
4 25 46
2 24 46
2 23 46
2 22 46
2 21 46
2 20 46
2 19 46
2 18 46
2 17 46
2 16 46
3 15 46
0 38 45
-1
-1
-1
-1
-1
-1
-1
-1
-1
-1
-1
-1
-1
-1
-1
-1
-1
-1
-1
-1
-1
-1
1 15 6
6 15 5
0 15 7
-1
2 43 15
2 42 15
2 41 15
2 40 15
2 39 15
2 38 15
2 37 15
2 36 15
2 35 15
2 34 15
2 33 15
2 32 15
2 31 15
2 30 15
2 29 15
2 28 15
2 27 15
2 26 15
3 25 15
1 25 14
1 25 13
1 25 12
1 25 11
1 25 10
1 25 9
1 25 8
1 25 7
5 25 6
0 44 15
-1
-1
-1
-1
-1
-1
-1
-1
-1
-1
1 11 43
3 11 44
2 12 44
2 13 44
2 14 44
5 15 44
0 11 42
-1
-1
-1
-1
-1
-1
-1
2 22 8
2 21 8
2 20 8
2 19 8
2 18 8
2 17 8
2 16 8
3 15 8
0 23 8
1 3 34
1 3 35
1 3 36
1 3 37
1 3 38
1 3 39
1 3 40
1 3 41
1 3 42
3 3 43
2 4 43
2 5 43
2 6 43
2 7 43
0 3 33
-1
-1
1 30 48
1 30 47
6 30 46
2 31 46
2 32 46
2 33 46
2 34 46
2 35 46
2 36 46
2 37 46
4 38 46
0 30 49
-1
2 30 8
2 29 8
2 28 8
2 27 8
3 26 8
1 26 7
1 26 6
5 26 5
2 25 5
6 24 5
0 31 8
1 5 28
1 5 29
1 5 30
1 5 31
1 5 32
1 5 33
1 5 34
1 5 35
1 5 36
1 5 37
1 5 38
1 5 39
1 5 40
1 5 41
3 5 42
2 6 42
2 7 42
5 8 42
0 5 27
1 43 24
1 43 23
1 43 22
1 43 21
1 43 20
1 43 19
1 43 18
1 43 17
6 43 16
4 44 16
0 43 25
1 6 23
1 6 24
1 6 25
1 6 26
1 6 27
1 6 28
1 6 29
1 6 30
1 6 31
1 6 32
1 6 33
1 6 34
1 6 35
1 6 36
1 6 37
1 6 38
1 6 39
1 6 40
3 6 41
2 7 41
2 8 41
5 9 41
1 9 42
4 9 43
0 6 22
1 31 5
1 31 6
1 31 7
0 31 4
3 31 44
2 32 44
2 33 44
2 34 44
2 35 44
2 36 44
2 37 44
5 38 44
0 31 43
2 44 38
2 43 38
2 42 38
2 41 38
2 40 38
6 39 38
1 39 39
1 39 40
1 39 41
1 39 42
1 39 43
1 39 44
4 39 45
0 45 38
1 26 11
1 26 10
6 26 9
2 27 9
2 28 9
2 29 9
2 30 9
4 31 9
0 26 12
2 42 39
2 43 39
2 44 39
4 45 39
0 41 39
2 8 25
3 7 25
1 7 24
1 7 23
5 7 22
0 9 25
2 34 47
2 33 47
2 32 47
6 31 47
1 31 48
4 31 49
0 35 47
2 46 5
2 45 5
6 44 5
1 44 6
1 44 7
1 44 8
1 44 9
1 44 10
1 44 11
1 44 12
1 44 13
1 44 14
0 47 5
6 27 11
4 27 12
0 28 11
1 34 29
1 34 28
1 34 27
1 34 26
6 34 25
2 35 25
2 36 25
2 37 25
2 38 25
2 39 25
2 40 25
2 41 25
2 42 25
0 34 30
6 8 26
4 9 26
0 8 27
-1
-1
-1
-1
-1
-1
-1
-1
-1
-1
-1
-1
-1
-1
-1
-1
-1
-1
-1
-1
-1
-1
-1
-1
-1
-1
-1
-1
-1
-1
-1
-1
-1
-1
-1
-1
-1
-1
-1
-1
-1
-1
-1
-1
-1
-1
-1
-1
-1
-1
-1
-1
-1
-1
-1
-1
-1
-1
-1
-1
-1
-1
-1
-1
-1
-1
-1
-1
-1
-1
-1
-1
-1
-1
-1
-1
-1
-1
-1
-1
-1
-1
-1
-1
-1
-1
-1
-1
-1
-1
-1
-1
-1
-1
-1
-1
-1
-1
-1
-1
-1
-1
-1
-1
-1
-1
-1
-1
-1
-1
-1
-1
-1
-1
-1
-1
-1
-1
-1
-1
-1
-1
-1
-1
-1
-1
-1
-1
-1
-1
-1
-1
-1
-1
-1
-1
-1
-1
-1
-1
-1
-1
-1
-1
-1
-1
-1
-1
-1
-1
-1
-1
-1
-1
-1
-1
-1
-1
-1
-1
-1
-1
-1
-1
-1
-1
-1
-1
-1
-1
-1
-1
-1
-1
-1
-1
-1
-1
-1
-1
-1
-1
-1
-1
-1
-1
-1
-1
-1
-1
-1
-1
-1
-1
-1
-1
-1
-1
-1
-1
-1
-1
-1
-1
-1
-1
-1
-1
-1
-1
-1
-1
-1
-1
-1
-1
-1
-1
-1
-1
-1
-1
-1
-1
-1
-1
-1
-1
-1
-1
-1
-1
-1
-1
-1
-1
-1
-1
-1
-1
-1
-1
-1
-1
-1
-1
-1
-1
-1
-1
-1
-1
-1
-1
-1
-1
-1
-1
-1
-1
-1
-1
-1
-1
-1
-1
-1
-1
-1
-1
-1
-1
-1
-1
-1
#time = 0.5691847801208496sec
