0 42 28
0 8 12
2 9 28
2 10 28
2 11 28
2 12 28
2 13 28
2 14 28
2 15 28
2 16 28
2 17 28
2 18 28
2 19 28
2 20 28
2 21 28
2 22 28
2 23 28
2 24 28
2 25 28
2 26 28
2 27 28
2 28 28
2 29 28
2 30 28
2 31 28
2 32 28
2 33 28
2 34 28
2 35 28
2 36 28
2 37 28
2 38 28
2 39 28
2 40 28
2 41 28
1 8 13
1 8 14
1 8 15
1 8 16
1 8 17
1 8 18
1 8 19
1 8 20
1 8 21
1 8 22
1 8 23
1 8 24
1 8 25
1 8 26
1 8 27
3 8 28
-1
-1
-1
-1
-1
-1
-1
-1
-1
-1
-1
-1
-1
-1
-1
-1
-1
-1
-1
-1
-1
-1
-1
-1
-1
-1
-1
-1
-1
-1
-1
-1
-1
-1
-1
-1
-1
-1
-1
-1
-1
-1
-1
-1
-1
-1
-1
-1
-1
3 1 12
2 2 12
2 3 12
2 4 12
2 5 12
2 6 12
2 7 12
0 1 11
-1
-1
-1
-1
-1
-1
-1
-1
-1
-1
-1
-1
-1
-1
-1
-1
-1
-1
-1
-1
-1
-1
-1
-1
-1
-1
-1
-1
-1
-1
-1
-1
-1
-1
-1
-1
-1
-1
-1
-1
-1
-1
-1
-1
-1
1 36 22
1 36 23
1 36 24
1 36 25
1 36 26
3 36 27
2 37 27
2 38 27
2 39 27
2 40 27
2 41 27
5 42 27
0 36 21
-1
-1
-1
-1
-1
-1
-1
-1
-1
-1
-1
-1
-1
-1
-1
-1
-1
-1
-1
-1
-1
-1
-1
-1
-1
-1
-1
-1
-1
-1
-1
2 4 14
2 3 14
2 2 14
3 1 14
5 1 13
3 0 13
1 0 12
6 0 11
0 5 14
-1
-1
-1
-1
-1
-1
-1
-1
-1
-1
-1
-1
-1
-1
-1
-1
-1
-1
-1
-1
-1
-1
-1
2 48 30
2 47 30
2 46 30
2 45 30
2 44 30
2 43 30
3 42 30
1 42 29
0 49 30
-1
-1
-1
-1
-1
-1
-1
-1
-1
-1
-1
-1
-1
-1
-1
6 43 22
1 43 23
1 43 24
1 43 25
1 43 26
1 43 27
4 43 28
0 44 22
-1
-1
-1
-1
-1
-1
-1
-1
-1
-1
-1
2 6 18
3 5 18
1 5 17
1 5 16
1 5 15
0 7 18
-1
-1
-1
-1
-1
-1
-1
-1
-1
6 32 21
2 33 21
2 34 21
2 35 21
0 32 22
-1
-1
2 44 17
2 43 17
2 42 17
2 41 17
2 40 17
2 39 17
2 38 17
2 37 17
6 36 17
1 36 18
1 36 19
1 36 20
0 45 17
2 15 29
2 14 29
2 13 29
2 12 29
2 11 29
2 10 29
2 9 29
2 8 29
3 7 29
1 7 28
1 7 27
1 7 26
1 7 25
1 7 24
1 7 23
1 7 22
1 7 21
1 7 20
1 7 19
0 16 29
1 46 14
1 46 15
1 46 16
1 46 17
4 46 18
2 45 18
2 44 18
2 43 18
2 42 18
2 41 18
2 40 18
2 39 18
2 38 18
6 37 18
1 37 19
1 37 20
4 37 21
0 46 13
3 16 31
1 16 30
0 17 31
1 16 24
1 16 23
6 16 22
2 17 22
2 18 22
2 19 22
2 20 22
2 21 22
2 22 22
2 23 22
2 24 22
2 25 22
2 26 22
2 27 22
2 28 22
2 29 22
2 30 22
2 31 22
0 16 25
2 12 6
2 11 6
2 10 6
2 9 6
6 8 6
1 8 7
1 8 8
1 8 9
1 8 10
1 8 11
0 13 6
2 46 19
2 45 19
6 44 19
1 44 20
1 44 21
0 47 19
2 4 32
2 5 32
2 6 32
2 7 32
2 8 32
2 9 32
2 10 32
2 11 32
2 12 32
2 13 32
2 14 32
2 15 32
2 16 32
4 17 32
0 3 32
1 46 11
1 46 12
0 46 10
2 6 6
4 7 6
6 7 5
2 8 5
2 9 5
2 10 5
2 11 5
2 12 5
5 13 5
0 5 6
2 18 26
2 17 26
2 16 26
2 15 26
2 14 26
2 13 26
2 12 26
2 11 26
2 10 26
3 9 26
1 9 25
1 9 24
1 9 23
1 9 22
1 9 21
1 9 20
1 9 19
1 9 18
1 9 17
1 9 16
1 9 15
1 9 14
1 9 13
5 9 12
0 19 26
6 1 8
1 1 9
1 1 10
0 2 8
1 47 36
1 47 35
1 47 34
1 47 33
1 47 32
6 47 31
2 48 31
4 49 31
0 47 37
2 8 4
2 7 4
2 6 4
6 5 4
1 5 5
0 9 4
6 11 33
2 12 33
2 13 33
2 14 33
2 15 33
2 16 33
2 17 33
4 18 33
1 18 32
5 18 31
0 11 34
1 47 28
3 47 29
2 48 29
5 49 29
0 47 27
6 3 16
1 3 17
1 3 18
1 3 19
1 3 20
1 3 21
1 3 22
1 3 23
1 3 24
1 3 25
1 3 26
1 3 27
1 3 28
1 3 29
1 3 30
1 3 31
0 4 16
2 5 11
2 4 11
2 3 11
2 2 11
0 6 11
2 19 2
2 18 2
2 17 2
2 16 2
2 15 2
6 14 2
1 14 3
1 14 4
1 14 5
4 14 6
0 20 2
2 33 24
3 32 24
1 32 23
0 34 24
2 20 27
3 19 27
0 21 27
3 1 32
2 2 32
0 1 31
1 29 26
6 29 25
2 30 25
2 31 25
2 32 25
2 33 25
2 34 25
4 35 25
1 35 24
5 35 23
2 34 23
3 33 23
5 33 22
0 29 27
1 0 19
1 0 18
1 0 17
6 0 16
2 1 16
4 2 16
6 2 15
2 3 15
5 4 15
0 0 20
3 39 37
2 40 37
2 41 37
2 42 37
2 43 37
2 44 37
2 45 37
2 46 37
0 39 36
2 14 10
3 13 10
1 13 9
1 13 8
1 13 7
0 15 10
2 21 25
2 20 25
6 19 25
0 22 25
3 2 10
1 2 9
0 3 10
1 17 24
4 17 25
0 17 23
2 46 22
2 45 22
0 47 22
1 0 46
1 0 45
1 0 44
1 0 43
1 0 42
1 0 41
1 0 40
1 0 39
1 0 38
1 0 37
1 0 36
1 0 35
1 0 34
1 0 33
1 0 32
6 0 31
0 0 47
1 28 25
1 28 26
3 28 27
0 28 24
2 29 30
2 28 30
2 27 30
2 26 30
2 25 30
2 24 30
2 23 30
2 22 30
2 21 30
2 20 30
2 19 30
2 18 30
6 17 30
0 30 30
3 42 10
2 43 10
2 44 10
2 45 10
0 42 9
1 3 41
1 3 40
1 3 39
1 3 38
1 3 37
1 3 36
1 3 35
1 3 34
1 3 33
0 3 42
-1
-1
-1
-1
-1
-1
-1
-1
-1
-1
-1
-1
-1
-1
-1
-1
-1
-1
-1
-1
-1
-1
-1
-1
-1
-1
-1
-1
-1
-1
-1
-1
-1
-1
-1
-1
-1
-1
-1
-1
-1
-1
-1
-1
-1
-1
-1
-1
-1
-1
-1
-1
-1
-1
-1
-1
-1
-1
-1
-1
-1
-1
-1
-1
-1
-1
-1
-1
-1
-1
-1
-1
-1
-1
-1
-1
-1
-1
-1
-1
-1
-1
-1
-1
-1
-1
-1
-1
-1
-1
-1
-1
-1
-1
-1
-1
-1
-1
-1
-1
-1
-1
-1
-1
-1
-1
-1
-1
-1
-1
-1
-1
-1
-1
-1
-1
-1
-1
-1
-1
-1
-1
-1
-1
-1
-1
-1
-1
-1
-1
-1
-1
-1
-1
-1
-1
-1
-1
-1
-1
-1
-1
-1
-1
-1
-1
-1
-1
-1
-1
-1
-1
-1
-1
-1
-1
-1
-1
-1
-1
-1
-1
-1
-1
-1
-1
-1
-1
-1
-1
-1
-1
-1
-1
-1
-1
-1
-1
-1
-1
-1
-1
-1
#time = 2.2002367973327637sec
