0 22 46
0 2 0
2 3 46
2 4 46
2 5 46
2 6 46
2 7 46
2 8 46
2 9 46
2 10 46
2 11 46
2 12 46
2 13 46
2 14 46
2 15 46
2 16 46
2 17 46
2 18 46
2 19 46
2 20 46
2 21 46
1 2 1
1 2 2
1 2 3
1 2 4
1 2 5
1 2 6
1 2 7
1 2 8
1 2 9
1 2 10
1 2 11
1 2 12
1 2 13
1 2 14
1 2 15
1 2 16
1 2 17
1 2 18
1 2 19
1 2 20
1 2 21
1 2 22
1 2 23
1 2 24
1 2 25
1 2 26
1 2 27
1 2 28
1 2 29
1 2 30
1 2 31
1 2 32
1 2 33
1 2 34
1 2 35
1 2 36
1 2 37
1 2 38
1 2 39
1 2 40
1 2 41
1 2 42
1 2 43
1 2 44
1 2 45
3 2 46
-1
-1
-1
-1
-1
-1
-1
-1
-1
-1
-1
-1
-1
-1
-1
-1
-1
-1
-1
-1
-1
-1
-1
-1
-1
-1
-1
-1
-1
-1
-1
-1
-1
-1
-1
-1
-1
-1
-1
-1
-1
-1
-1
-1
-1
-1
-1
-1
1 0 3
1 0 2
1 0 1
6 0 0
2 1 0
0 0 4
-1
-1
-1
-1
-1
-1
-1
-1
-1
-1
-1
-1
-1
-1
-1
-1
-1
-1
-1
-1
-1
-1
-1
-1
-1
-1
-1
-1
-1
-1
-1
-1
2 14 15
2 13 15
2 12 15
2 11 15
2 10 15
2 9 15
2 8 15
2 7 15
2 6 15
2 5 15
2 4 15
3 3 15
1 3 14
1 3 13
1 3 12
1 3 11
1 3 10
1 3 9
1 3 8
1 3 7
1 3 6
1 3 5
1 3 4
1 3 3
1 3 2
1 3 1
5 3 0
0 15 15
-1
-1
-1
-1
-1
-1
-1
-1
-1
-1
-1
-1
-1
-1
-1
-1
-1
-1
-1
1 7 32
1 7 33
1 7 34
1 7 35
1 7 36
1 7 37
1 7 38
1 7 39
1 7 40
1 7 41
1 7 42
1 7 43
1 7 44
3 7 45
2 8 45
2 9 45
2 10 45
2 11 45
2 12 45
2 13 45
2 14 45
2 15 45
2 16 45
2 17 45
2 18 45
2 19 45
2 20 45
2 21 45
5 22 45
0 7 31
-1
-1
-1
-1
-1
-1
-1
-1
-1
-1
-1
-1
-1
-1
-1
-1
-1
-1
-1
-1
-1
-1
-1
-1
1 23 45
4 23 46
0 23 44
-1
-1
-1
-1
-1
-1
-1
-1
-1
1 4 3
1 4 4
1 4 5
1 4 6
1 4 7
1 4 8
1 4 9
1 4 10
1 4 11
1 4 12
1 4 13
3 4 14
2 5 14
2 6 14
2 7 14
2 8 14
2 9 14
2 10 14
2 11 14
2 12 14
2 13 14
2 14 14
5 15 14
0 4 2
2 48 49
2 47 49
2 46 49
2 45 49
2 44 49
2 43 49
2 42 49
2 41 49
2 40 49
2 39 49
2 38 49
2 37 49
2 36 49
2 35 49
2 34 49
2 33 49
2 32 49
2 31 49
2 30 49
2 29 49
2 28 49
2 27 49
2 26 49
2 25 49
2 24 49
2 23 49
3 22 49
1 22 48
1 22 47
0 49 49
1 7 23
1 7 24
1 7 25
1 7 26
1 7 27
1 7 28
1 7 29
1 7 30
0 7 22
-1
-1
-1
-1
-1
-1
2 26 44
2 25 44
2 24 44
0 27 44
2 47 27
2 46 27
2 45 27
2 44 27
2 43 27
2 42 27
2 41 27
2 40 27
2 39 27
2 38 27
2 37 27
2 36 27
2 35 27
2 34 27
2 33 27
2 32 27
2 31 27
2 30 27
2 29 27
2 28 27
2 27 27
2 26 27
2 25 27
2 24 27
2 23 27
2 22 27
2 21 27
2 20 27
2 19 27
2 18 27
2 17 27
2 16 27
2 15 27
2 14 27
2 13 27
2 12 27
2 11 27
2 10 27
2 9 27
6 8 27
1 8 28
1 8 29
1 8 30
4 8 31
0 48 27
2 41 2
2 40 2
2 39 2
2 38 2
2 37 2
2 36 2
2 35 2
2 34 2
2 33 2
2 32 2
2 31 2
2 30 2
2 29 2
2 28 2
2 27 2
2 26 2
2 25 2
2 24 2
2 23 2
2 22 2
2 21 2
2 20 2
2 19 2
2 18 2
2 17 2
6 16 2
1 16 3
1 16 4
1 16 5
1 16 6
1 16 7
1 16 8
1 16 9
1 16 10
1 16 11
1 16 12
1 16 13
1 16 14
4 16 15
0 42 2
2 12 12
2 11 12
2 10 12
2 9 12
2 8 12
2 7 12
2 6 12
3 5 12
1 5 11
1 5 10
1 5 9
1 5 8
1 5 7
1 5 6
1 5 5
1 5 4
1 5 3
5 5 2
0 13 12
1 19 39
1 19 40
1 19 41
1 19 42
1 19 43
3 19 44
2 20 44
2 21 44
2 22 44
0 19 38
2 12 16
2 13 16
2 14 16
4 15 16
0 11 16
2 37 44
2 36 44
2 35 44
2 34 44
2 33 44
2 32 44
2 31 44
2 30 44
2 29 44
2 28 44
0 38 44
1 44 47
3 44 48
2 45 48
2 46 48
2 47 48
2 48 48
5 49 48
0 44 46
1 37 20
1 37 21
1 37 22
1 37 23
1 37 24
1 37 25
3 37 26
2 38 26
2 39 26
2 40 26
2 41 26
2 42 26
2 43 26
2 44 26
2 45 26
2 46 26
2 47 26
5 48 26
0 37 19
1 0 46
1 0 45
1 0 44
1 0 43
1 0 42
1 0 41
1 0 40
1 0 39
1 0 38
1 0 37
1 0 36
1 0 35
1 0 34
1 0 33
1 0 32
1 0 31
1 0 30
1 0 29
1 0 28
1 0 27
1 0 26
1 0 25
1 0 24
1 0 23
1 0 22
1 0 21
1 0 20
1 0 19
1 0 18
1 0 17
1 0 16
1 0 15
1 0 14
1 0 13
1 0 12
1 0 11
1 0 10
1 0 9
1 0 8
1 0 7
1 0 6
1 0 5
0 0 47
1 43 29
6 43 28
2 44 28
2 45 28
2 46 28
2 47 28
4 48 28
0 43 30
1 42 6
1 42 5
1 42 4
1 42 3
0 42 7
1 18 42
1 18 41
1 18 40
1 18 39
1 18 38
6 18 37
2 19 37
5 20 37
1 20 38
1 20 39
1 20 40
1 20 41
1 20 42
3 20 43
2 21 43
2 22 43
5 23 43
0 18 43
2 15 17
2 14 17
2 13 17
2 12 17
3 11 17
0 16 17
1 6 39
1 6 38
1 6 37
1 6 36
1 6 35
1 6 34
1 6 33
1 6 32
6 6 31
0 6 40
-1
-1
-1
-1
-1
-1
-1
-1
-1
-1
-1
-1
-1
-1
-1
-1
-1
-1
-1
-1
-1
-1
-1
-1
-1
-1
-1
-1
-1
-1
-1
-1
-1
-1
-1
-1
-1
-1
-1
-1
-1
-1
-1
-1
-1
-1
-1
-1
-1
-1
-1
-1
-1
-1
-1
-1
-1
-1
-1
-1
-1
-1
-1
-1
-1
-1
-1
-1
-1
-1
-1
-1
-1
-1
-1
-1
-1
-1
-1
-1
-1
-1
-1
-1
-1
-1
-1
-1
-1
-1
-1
-1
-1
-1
-1
-1
-1
-1
-1
-1
-1
-1
-1
-1
-1
-1
-1
-1
-1
-1
-1
-1
-1
-1
-1
-1
-1
-1
-1
-1
-1
-1
-1
-1
-1
-1
-1
-1
-1
-1
-1
-1
-1
-1
-1
-1
-1
-1
-1
-1
-1
-1
-1
-1
-1
-1
-1
-1
-1
-1
-1
-1
-1
-1
-1
-1
-1
-1
-1
-1
-1
-1
-1
-1
-1
-1
-1
-1
-1
-1
-1
-1
-1
-1
-1
-1
-1
-1
-1
-1
-1
-1
-1
-1
-1
-1
-1
-1
-1
-1
-1
-1
-1
-1
-1
-1
-1
-1
-1
-1
-1
-1
-1
-1
-1
-1
-1
-1
-1
-1
-1
-1
-1
-1
#time = 1.0001821517944336sec
