0 42 4
0 14 26
2 15 4
2 16 4
2 17 4
2 18 4
2 19 4
2 20 4
2 21 4
2 22 4
2 23 4
2 24 4
2 25 4
2 26 4
2 27 4
2 28 4
2 29 4
2 30 4
2 31 4
2 32 4
2 33 4
2 34 4
2 35 4
2 36 4
2 37 4
2 38 4
2 39 4
2 40 4
2 41 4
1 14 5
1 14 6
1 14 7
1 14 8
1 14 9
1 14 10
1 14 11
1 14 12
1 14 13
1 14 14
1 14 15
1 14 16
1 14 17
1 14 18
1 14 19
1 14 20
1 14 21
1 14 22
1 14 23
1 14 24
1 14 25
6 14 4
-1
-1
-1
-1
-1
-1
-1
-1
-1
-1
-1
-1
-1
-1
-1
-1
-1
-1
-1
-1
-1
-1
-1
-1
-1
-1
-1
-1
-1
-1
-1
-1
-1
-1
-1
-1
-1
-1
-1
-1
-1
-1
-1
-1
-1
-1
-1
-1
-1
-1
-1
-1
-1
-1
-1
-1
-1
-1
-1
-1
-1
-1
-1
-1
-1
-1
-1
-1
-1
-1
-1
-1
-1
-1
-1
-1
-1
-1
-1
-1
-1
-1
-1
2 17 26
2 16 26
2 15 26
0 18 26
-1
-1
-1
-1
-1
-1
-1
-1
-1
-1
-1
-1
-1
-1
-1
-1
-1
-1
-1
-1
-1
-1
-1
-1
-1
-1
-1
-1
-1
-1
-1
-1
-1
-1
-1
-1
-1
-1
-1
-1
-1
-1
-1
-1
-1
-1
-1
2 21 28
2 20 28
2 19 28
2 18 28
2 17 28
2 16 28
2 15 28
3 14 28
1 14 27
0 22 28
-1
-1
-1
-1
-1
-1
-1
-1
-1
-1
-1
-1
-1
-1
-1
-1
-1
-1
-1
2 21 27
2 22 27
5 23 27
1 23 28
4 23 29
2 22 29
2 21 29
2 20 29
2 19 29
2 18 29
2 17 29
2 16 29
2 15 29
2 14 29
3 13 29
1 13 28
1 13 27
6 13 26
0 20 27
-1
-1
-1
-1
-1
-1
-1
-1
-1
-1
-1
-1
-1
-1
-1
-1
-1
-1
-1
2 44 3
2 43 3
6 42 3
0 45 3
-1
-1
2 29 40
2 28 40
2 27 40
2 26 40
2 25 40
3 24 40
1 24 39
1 24 38
1 24 37
1 24 36
1 24 35
1 24 34
1 24 33
1 24 32
1 24 31
1 24 30
1 24 29
1 24 28
1 24 27
5 24 26
2 23 26
2 22 26
2 21 26
6 20 26
0 30 40
-1
-1
-1
-1
1 25 27
1 25 26
5 25 25
2 24 25
2 23 25
2 22 25
2 21 25
2 20 25
6 19 25
1 19 26
3 19 27
0 25 28
-1
-1
-1
-1
-1
-1
-1
-1
3 45 5
1 45 4
0 46 5
-1
-1
-1
-1
-1
2 27 39
2 28 39
2 29 39
5 30 39
0 26 39
-1
-1
-1
2 48 4
2 47 4
3 46 4
5 46 3
0 49 4
1 11 29
1 11 30
1 11 31
1 11 32
1 11 33
1 11 34
1 11 35
1 11 36
1 11 37
1 11 38
1 11 39
3 11 40
2 12 40
2 13 40
2 14 40
2 15 40
2 16 40
2 17 40
2 18 40
2 19 40
2 20 40
2 21 40
2 22 40
5 23 40
3 23 41
2 24 41
2 25 41
2 26 41
2 27 41
2 28 41
2 29 41
4 30 41
0 11 28
2 32 46
3 31 46
1 31 45
1 31 44
1 31 43
1 31 42
1 31 41
5 31 40
0 33 46
2 24 24
2 25 24
5 26 24
1 26 25
1 26 26
1 26 27
4 26 28
0 23 24
1 15 22
1 15 23
1 15 24
3 15 25
2 16 25
2 17 25
5 18 25
0 15 21
2 43 45
2 42 45
2 41 45
2 40 45
2 39 45
2 38 45
2 37 45
2 36 45
2 35 45
2 34 45
6 33 45
0 44 45
2 19 30
2 18 30
2 17 30
2 16 30
2 15 30
2 14 30
2 13 30
3 12 30
1 12 29
5 12 28
0 20 30
2 45 39
6 44 39
1 44 40
1 44 41
1 44 42
1 44 43
1 44 44
0 46 39
6 32 5
2 33 5
2 34 5
2 35 5
2 36 5
2 37 5
2 38 5
2 39 5
2 40 5
2 41 5
4 42 5
0 32 6
1 30 44
1 30 45
1 30 46
3 30 47
2 31 47
2 32 47
4 33 47
0 30 43
1 11 25
1 11 26
1 11 27
0 11 24
2 46 43
6 45 43
1 45 44
4 45 45
0 47 43
1 43 47
6 43 46
4 44 46
0 43 48
1 10 30
1 10 29
6 10 28
0 10 31
1 34 47
5 34 46
0 34 48
2 12 17
6 11 17
1 11 18
1 11 19
1 11 20
1 11 21
1 11 22
1 11 23
0 13 17
1 32 43
1 32 42
1 32 41
1 32 40
5 32 39
3 31 39
5 31 38
2 30 38
2 29 38
2 28 38
2 27 38
6 26 38
0 32 44
3 9 24
2 10 24
0 9 23
1 42 42
1 42 41
1 42 40
6 42 39
4 43 39
6 43 38
2 44 38
2 45 38
5 46 38
0 42 43
2 42 37
2 43 37
2 44 37
2 45 37
2 46 37
5 47 37
1 47 38
4 47 39
0 41 37
2 16 31
2 17 31
2 18 31
2 19 31
4 20 31
0 15 31
1 43 6
1 43 5
5 43 4
0 43 7
3 16 23
1 16 22
5 16 21
0 17 23
1 29 11
1 29 10
1 29 9
1 29 8
1 29 7
6 29 6
2 30 6
2 31 6
0 29 12
1 9 12
1 9 13
1 9 14
1 9 15
3 9 16
2 10 16
2 11 16
2 12 16
5 13 16
0 9 11
2 46 2
6 45 2
0 47 2
2 13 47
2 12 47
2 11 47
3 10 47
1 10 46
1 10 45
1 10 44
1 10 43
1 10 42
1 10 41
1 10 40
1 10 39
1 10 38
1 10 37
1 10 36
1 10 35
1 10 34
1 10 33
1 10 32
0 14 47
1 39 38
6 39 37
2 40 37
0 39 39
1 33 42
1 33 43
4 33 44
0 33 41
1 2 15
1 2 14
1 2 13
1 2 12
6 2 11
2 3 11
2 4 11
2 5 11
2 6 11
2 7 11
2 8 11
0 2 16
2 45 34
2 44 34
2 43 34
2 42 34
6 41 34
1 41 35
1 41 36
0 46 34
1 29 45
1 29 44
6 29 43
0 29 46
2 11 6
2 10 6
6 9 6
1 9 7
1 9 8
1 9 9
1 9 10
0 12 6
2 21 48
2 20 48
2 19 48
2 18 48
2 17 48
2 16 48
2 15 48
3 14 48
0 22 48
5 32 37
3 32 38
5 33 38
1 33 39
1 33 40
0 31 37
1 12 22
1 12 23
4 12 24
0 12 21
3 9 26
5 9 25
3 8 25
1 8 24
6 8 23
0 10 26
1 13 4
1 13 5
1 13 6
4 13 7
2 12 7
2 11 7
6 10 7
1 10 8
1 10 9
1 10 10
4 10 11
0 13 3
2 26 12
2 27 12
2 28 12
0 25 12
-1
-1
-1
-1
-1
-1
-1
-1
-1
-1
-1
-1
-1
-1
-1
-1
-1
-1
-1
-1
-1
-1
-1
-1
-1
-1
-1
-1
-1
-1
-1
-1
-1
-1
-1
-1
-1
-1
-1
-1
-1
-1
-1
-1
-1
-1
-1
-1
-1
-1
-1
-1
-1
-1
-1
-1
-1
-1
-1
-1
-1
-1
-1
-1
-1
-1
-1
-1
-1
-1
-1
-1
-1
-1
-1
-1
-1
-1
-1
-1
-1
-1
-1
-1
-1
-1
-1
-1
-1
-1
-1
-1
-1
-1
-1
-1
-1
-1
-1
-1
-1
-1
-1
-1
-1
-1
-1
-1
-1
-1
-1
-1
-1
-1
-1
-1
-1
-1
-1
-1
-1
-1
-1
-1
-1
-1
-1
-1
-1
-1
-1
-1
-1
-1
-1
-1
-1
-1
-1
-1
-1
-1
-1
-1
-1
-1
-1
-1
-1
-1
-1
-1
-1
-1
-1
-1
-1
-1
-1
-1
-1
-1
#time = 7.946458101272583sec
