0 39 36
0 2 15
2 3 36
2 4 36
2 5 36
2 6 36
2 7 36
2 8 36
2 9 36
2 10 36
2 11 36
2 12 36
2 13 36
2 14 36
2 15 36
2 16 36
2 17 36
2 18 36
2 19 36
2 20 36
2 21 36
2 22 36
2 23 36
2 24 36
2 25 36
2 26 36
2 27 36
2 28 36
2 29 36
2 30 36
2 31 36
2 32 36
2 33 36
2 34 36
2 35 36
2 36 36
2 37 36
2 38 36
1 2 16
1 2 17
1 2 18
1 2 19
1 2 20
1 2 21
1 2 22
1 2 23
1 2 24
1 2 25
1 2 26
1 2 27
1 2 28
1 2 29
1 2 30
1 2 31
1 2 32
1 2 33
1 2 34
1 2 35
3 2 36
-1
-1
-1
-1
-1
-1
-1
-1
-1
-1
-1
-1
-1
-1
-1
-1
-1
-1
-1
-1
-1
-1
-1
-1
-1
-1
-1
-1
-1
-1
-1
-1
-1
-1
-1
-1
-1
-1
-1
-1
-1
-1
-1
-1
-1
-1
-1
-1
-1
-1
-1
1 36 30
1 36 31
1 36 32
1 36 33
1 36 34
3 36 35
2 37 35
2 38 35
5 39 35
0 36 29
-1
-1
-1
-1
1 18 39
1 18 38
6 18 37
2 19 37
2 20 37
2 21 37
2 22 37
2 23 37
2 24 37
2 25 37
2 26 37
2 27 37
2 28 37
2 29 37
2 30 37
2 31 37
2 32 37
2 33 37
2 34 37
2 35 37
2 36 37
2 37 37
2 38 37
4 39 37
0 18 40
-1
-1
-1
-1
-1
-1
-1
-1
-1
-1
-1
-1
-1
-1
1 3 16
5 3 15
0 3 17
-1
-1
-1
-1
1 11 47
1 11 46
1 11 45
1 11 44
1 11 43
1 11 42
1 11 41
6 11 40
2 12 40
2 13 40
2 14 40
2 15 40
2 16 40
2 17 40
0 11 48
1 15 45
1 15 44
1 15 43
1 15 42
6 15 41
2 16 41
2 17 41
2 18 41
4 19 41
1 19 40
1 19 39
6 19 38
2 20 38
2 21 38
2 22 38
2 23 38
2 24 38
2 25 38
2 26 38
2 27 38
2 28 38
2 29 38
2 30 38
2 31 38
2 32 38
2 33 38
2 34 38
2 35 38
2 36 38
2 37 38
2 38 38
2 39 38
4 40 38
1 40 37
5 40 36
0 15 46
2 9 12
2 8 12
2 7 12
2 6 12
2 5 12
2 4 12
2 3 12
6 2 12
1 2 13
1 2 14
0 10 12
1 13 44
1 13 45
3 13 46
2 14 46
0 13 43
1 3 22
1 3 21
1 3 20
1 3 19
1 3 18
0 3 23
1 12 44
6 12 43
0 12 45
-1
-1
-1
1 35 30
6 35 29
0 35 31
1 9 40
1 9 41
1 9 42
1 9 43
1 9 44
1 9 45
1 9 46
1 9 47
3 9 48
2 10 48
0 9 39
3 15 48
1 15 47
0 16 48
2 29 12
2 28 12
2 27 12
2 26 12
2 25 12
2 24 12
2 23 12
2 22 12
2 21 12
2 20 12
2 19 12
2 18 12
2 17 12
2 16 12
2 15 12
2 14 12
2 13 12
2 12 12
2 11 12
0 30 12
1 6 43
1 6 42
1 6 41
1 6 40
6 6 39
2 7 39
2 8 39
0 6 44
2 31 14
3 30 14
1 30 13
0 32 14
1 6 47
1 6 46
1 6 45
0 6 48
2 31 9
6 30 9
1 30 10
1 30 11
0 32 9
3 3 48
2 4 48
5 5 48
3 5 49
2 6 49
2 7 49
2 8 49
2 9 49
2 10 49
4 11 49
0 3 47
2 37 27
6 36 27
1 36 28
0 38 27
2 14 38
2 13 38
2 12 38
2 11 38
2 10 38
6 9 38
0 15 38
2 11 35
2 10 35
2 9 35
2 8 35
2 7 35
2 6 35
2 5 35
2 4 35
3 3 35
1 3 34
1 3 33
1 3 32
1 3 31
1 3 30
1 3 29
1 3 28
1 3 27
1 3 26
1 3 25
1 3 24
0 12 35
2 18 42
2 17 42
6 16 42
1 16 43
1 16 44
1 16 45
4 16 46
0 19 42
2 38 31
3 37 31
1 37 30
5 37 29
0 39 31
2 17 14
2 16 14
2 15 14
2 14 14
2 13 14
2 12 14
2 11 14
3 10 14
1 10 13
0 18 14
1 38 40
6 38 39
2 39 39
2 40 39
4 41 39
1 41 38
1 41 37
1 41 36
5 41 35
3 40 35
5 40 34
3 39 34
1 39 33
1 39 32
0 38 41
1 2 8
1 2 9
1 2 10
4 2 11
6 1 11
1 1 12
1 1 13
1 1 14
3 1 15
0 2 7
2 21 48
2 20 48
2 19 48
2 18 48
2 17 48
0 22 48
2 20 44
3 19 44
1 19 43
0 21 44
1 7 43
4 7 44
0 7 42
1 29 34
1 29 33
1 29 32
6 29 31
2 30 31
2 31 31
2 32 31
2 33 31
2 34 31
0 29 35
1 32 34
1 32 33
6 32 32
2 33 32
2 34 32
4 35 32
0 32 35
2 26 46
2 25 46
2 24 46
2 23 46
3 22 46
1 22 45
1 22 44
5 22 43
2 21 43
3 20 43
5 20 42
0 27 46
2 12 1
2 11 1
6 10 1
1 10 2
1 10 3
1 10 4
1 10 5
1 10 6
1 10 7
1 10 8
1 10 9
1 10 10
1 10 11
0 13 1
1 3 45
1 3 46
0 3 44
1 27 3
1 27 4
1 27 5
1 27 6
1 27 7
3 27 8
2 28 8
2 29 8
2 30 8
2 31 8
5 32 8
0 27 2
2 42 40
2 41 40
2 40 40
6 39 40
4 39 41
0 43 40
1 6 32
1 6 33
3 6 34
2 7 34
2 8 34
2 9 34
2 10 34
2 11 34
5 12 34
0 6 31
1 29 21
1 29 20
1 29 19
1 29 18
1 29 17
1 29 16
6 29 15
2 30 15
2 31 15
4 32 15
0 29 22
2 14 39
4 15 39
0 13 39
6 29 28
1 29 29
4 29 30
6 28 30
1 28 31
1 28 32
1 28 33
1 28 34
3 28 35
0 30 28
3 42 39
2 43 39
5 44 39
1 44 40
4 44 41
2 43 41
2 42 41
2 41 41
6 40 41
4 40 42
2 39 42
3 38 42
0 42 38
2 22 21
2 23 21
2 24 21
2 25 21
2 26 21
2 27 21
5 28 21
1 28 22
3 28 23
2 29 23
4 30 23
1 30 22
1 30 21
1 30 20
1 30 19
1 30 18
1 30 17
6 30 16
2 31 16
2 32 16
4 33 16
1 33 15
1 33 14
5 33 13
2 32 13
3 31 13
5 31 12
0 21 21
6 3 42
1 3 43
0 4 42
1 28 25
1 28 26
3 28 27
2 29 27
5 30 27
0 28 24
1 35 24
1 35 25
3 35 26
2 36 26
2 37 26
5 38 26
0 35 23
2 16 8
2 15 8
2 14 8
3 13 8
1 13 7
1 13 6
1 13 5
1 13 4
1 13 3
1 13 2
0 17 8
1 24 44
3 24 45
2 25 45
2 26 45
5 27 45
0 24 43
1 0 8
6 0 7
2 1 7
0 0 9
3 3 14
5 4 14
1 4 15
1 4 16
4 4 17
0 3 13
2 24 48
2 23 48
0 25 48
2 6 19
2 5 19
6 4 19
1 4 20
1 4 21
1 4 22
4 4 23
0 7 19
2 32 17
2 33 17
4 34 17
1 34 16
1 34 15
1 34 14
1 34 13
5 34 12
2 33 12
3 32 12
1 32 11
1 32 10
0 31 17
1 24 7
1 24 6
1 24 5
1 24 4
1 24 3
6 24 2
2 25 2
2 26 2
0 24 8
6 1 44
2 2 44
0 1 45
1 38 20
1 38 21
1 38 22
1 38 23
1 38 24
3 38 25
5 39 25
1 39 26
4 39 27
0 38 19
2 8 30
2 7 30
6 6 30
0 9 30
2 45 22
2 44 22
2 43 22
2 42 22
2 41 22
6 40 22
1 40 23
1 40 24
1 40 25
1 40 26
1 40 27
4 40 28
2 39 28
3 38 28
0 46 22
1 0 18
1 0 17
1 0 16
1 0 15
1 0 14
1 0 13
1 0 12
1 0 11
1 0 10
0 0 19
-1
-1
-1
-1
-1
-1
-1
-1
-1
-1
-1
-1
-1
-1
-1
-1
-1
-1
-1
-1
-1
-1
-1
-1
-1
-1
-1
-1
-1
-1
-1
-1
-1
-1
-1
-1
-1
-1
-1
-1
-1
-1
-1
-1
-1
-1
-1
-1
-1
-1
-1
-1
-1
-1
-1
-1
-1
-1
-1
-1
-1
-1
-1
-1
-1
-1
-1
-1
-1
-1
-1
-1
-1
-1
-1
-1
-1
-1
-1
-1
-1
-1
-1
-1
-1
-1
-1
-1
-1
-1
-1
-1
-1
-1
-1
-1
-1
-1
-1
-1
-1
-1
-1
-1
-1
-1
-1
-1
-1
-1
-1
-1
-1
-1
-1
-1
-1
-1
-1
-1
-1
-1
-1
-1
-1
-1
-1
-1
-1
-1
-1
-1
#time = 3.712522268295288sec
