0 20 8
0 45 38
2 21 8
2 22 8
2 23 8
2 24 8
2 25 8
2 26 8
2 27 8
2 28 8
2 29 8
2 30 8
2 31 8
2 32 8
2 33 8
2 34 8
2 35 8
2 36 8
2 37 8
2 38 8
2 39 8
2 40 8
2 41 8
2 42 8
2 43 8
2 44 8
1 45 9
1 45 10
1 45 11
1 45 12
1 45 13
1 45 14
1 45 15
1 45 16
1 45 17
1 45 18
1 45 19
1 45 20
1 45 21
1 45 22
1 45 23
1 45 24
1 45 25
1 45 26
1 45 27
1 45 28
1 45 29
1 45 30
1 45 31
1 45 32
1 45 33
1 45 34
1 45 35
1 45 36
1 45 37
5 45 8
-1
-1
-1
-1
-1
-1
-1
-1
-1
-1
-1
-1
-1
-1
-1
-1
-1
-1
-1
-1
-1
-1
-1
-1
-1
-1
-1
-1
-1
-1
-1
-1
-1
-1
-1
-1
-1
-1
-1
-1
-1
-1
-1
-1
-1
-1
-1
-1
-1
-1
-1
-1
-1
-1
-1
-1
-1
-1
-1
-1
-1
-1
-1
-1
-1
-1
-1
-1
-1
-1
-1
-1
-1
-1
-1
-1
-1
-1
-1
-1
-1
-1
-1
-1
-1
-1
-1
-1
-1
-1
-1
-1
-1
-1
-1
-1
-1
-1
-1
-1
-1
-1
-1
-1
-1
-1
-1
-1
-1
-1
-1
-1
-1
-1
-1
-1
1 17 7
3 17 8
2 18 8
2 19 8
0 17 6
-1
-1
-1
-1
-1
-1
-1
-1
-1
-1
-1
-1
-1
-1
-1
-1
-1
-1
-1
-1
-1
-1
-1
-1
-1
-1
-1
-1
-1
-1
-1
-1
-1
-1
-1
-1
-1
-1
-1
-1
1 37 24
1 37 25
1 37 26
1 37 27
1 37 28
1 37 29
1 37 30
1 37 31
1 37 32
1 37 33
1 37 34
1 37 35
1 37 36
1 37 37
3 37 38
2 38 38
2 39 38
2 40 38
2 41 38
2 42 38
2 43 38
2 44 38
0 37 23
-1
-1
-1
-1
-1
-1
-1
-1
-1
-1
-1
-1
-1
-1
-1
-1
-1
-1
-1
-1
-1
-1
-1
-1
-1
-1
-1
-1
1 46 24
1 46 25
1 46 26
1 46 27
1 46 28
1 46 29
1 46 30
1 46 31
1 46 32
1 46 33
1 46 34
1 46 35
1 46 36
1 46 37
4 46 38
0 46 23
-1
-1
-1
-1
-1
-1
-1
-1
-1
-1
-1
-1
1 9 24
1 9 23
1 9 22
1 9 21
1 9 20
1 9 19
1 9 18
1 9 17
1 9 16
1 9 15
1 9 14
1 9 13
1 9 12
1 9 11
1 9 10
6 9 9
2 10 9
2 11 9
2 12 9
2 13 9
2 14 9
2 15 9
2 16 9
2 17 9
2 18 9
2 19 9
4 20 9
0 9 25
-1
-1
-1
-1
-1
-1
1 1 14
1 1 13
1 1 12
1 1 11
1 1 10
1 1 9
1 1 8
1 1 7
6 1 6
2 2 6
2 3 6
2 4 6
2 5 6
2 6 6
2 7 6
2 8 6
2 9 6
2 10 6
2 11 6
2 12 6
2 13 6
2 14 6
2 15 6
2 16 6
0 1 15
1 25 32
1 25 33
1 25 34
1 25 35
1 25 36
1 25 37
3 25 38
2 26 38
2 27 38
2 28 38
2 29 38
2 30 38
2 31 38
2 32 38
2 33 38
2 34 38
2 35 38
5 36 38
3 36 39
2 37 39
2 38 39
2 39 39
2 40 39
2 41 39
2 42 39
2 43 39
2 44 39
4 45 39
0 25 31
-1
-1
2 29 1
2 28 1
2 27 1
2 26 1
2 25 1
2 24 1
2 23 1
2 22 1
2 21 1
6 20 1
1 20 2
1 20 3
1 20 4
1 20 5
1 20 6
1 20 7
0 30 1
1 1 35
1 1 34
1 1 33
1 1 32
1 1 31
1 1 30
1 1 29
1 1 28
1 1 27
1 1 26
1 1 25
1 1 24
1 1 23
1 1 22
1 1 21
1 1 20
1 1 19
1 1 18
1 1 17
5 1 16
3 0 16
1 0 15
1 0 14
1 0 13
1 0 12
1 0 11
1 0 10
1 0 9
1 0 8
1 0 7
1 0 6
6 0 5
2 1 5
2 2 5
2 3 5
2 4 5
2 5 5
2 6 5
2 7 5
2 8 5
2 9 5
2 10 5
2 11 5
2 12 5
2 13 5
2 14 5
2 15 5
2 16 5
5 17 5
0 1 36
1 23 32
1 23 31
1 23 30
1 23 29
1 23 28
1 23 27
1 23 26
1 23 25
1 23 24
6 23 23
2 24 23
2 25 23
2 26 23
2 27 23
2 28 23
2 29 23
2 30 23
2 31 23
2 32 23
2 33 23
2 34 23
2 35 23
2 36 23
0 23 33
1 2 20
1 2 19
1 2 18
1 2 17
1 2 16
5 2 15
0 2 21
2 17 18
2 16 18
2 15 18
2 14 18
2 13 18
2 12 18
2 11 18
6 10 18
1 10 19
1 10 20
1 10 21
1 10 22
1 10 23
1 10 24
4 10 25
0 18 18
-1
-1
-1
-1
-1
-1
-1
-1
-1
-1
-1
-1
-1
-1
-1
-1
-1
-1
-1
-1
-1
-1
-1
-1
-1
-1
-1
-1
-1
-1
-1
-1
-1
-1
-1
-1
-1
-1
-1
-1
-1
-1
-1
-1
-1
-1
-1
-1
-1
-1
-1
-1
-1
-1
-1
-1
-1
-1
-1
-1
-1
-1
-1
-1
-1
-1
-1
-1
-1
-1
-1
-1
-1
-1
-1
-1
-1
-1
-1
-1
-1
-1
-1
-1
-1
-1
-1
-1
-1
-1
-1
-1
-1
-1
-1
-1
-1
-1
-1
-1
-1
-1
-1
-1
-1
-1
-1
-1
-1
-1
-1
-1
-1
-1
-1
-1
-1
-1
-1
-1
-1
-1
-1
-1
-1
-1
-1
-1
-1
-1
-1
-1
-1
-1
-1
-1
-1
-1
-1
-1
-1
-1
-1
-1
-1
-1
-1
-1
-1
-1
-1
-1
-1
-1
-1
-1
-1
-1
-1
-1
-1
-1
-1
-1
-1
-1
-1
-1
-1
-1
-1
-1
-1
-1
-1
-1
-1
-1
-1
-1
-1
-1
-1
-1
-1
-1
-1
-1
-1
-1
-1
-1
-1
-1
-1
-1
-1
-1
-1
-1
-1
-1
-1
-1
-1
-1
-1
-1
-1
-1
-1
-1
-1
-1
-1
-1
-1
-1
-1
-1
-1
-1
-1
-1
-1
-1
-1
-1
-1
-1
-1
-1
-1
-1
-1
-1
-1
-1
-1
-1
-1
-1
-1
-1
-1
-1
-1
-1
-1
-1
-1
-1
-1
-1
-1
-1
-1
-1
-1
-1
-1
-1
-1
-1
-1
-1
-1
-1
-1
-1
-1
-1
-1
-1
-1
-1
-1
-1
-1
-1
-1
-1
-1
-1
-1
-1
-1
-1
-1
-1
-1
-1
-1
-1
-1
-1
-1
-1
-1
-1
#time = 0.7096993923187256sec
