0 5 4
0 45 49
2 6 4
2 7 4
2 8 4
2 9 4
2 10 4
2 11 4
2 12 4
2 13 4
2 14 4
2 15 4
2 16 4
2 17 4
2 18 4
2 19 4
2 20 4
2 21 4
2 22 4
2 23 4
2 24 4
2 25 4
2 26 4
2 27 4
2 28 4
2 29 4
2 30 4
2 31 4
2 32 4
2 33 4
2 34 4
2 35 4
2 36 4
2 37 4
2 38 4
2 39 4
2 40 4
2 41 4
2 42 4
2 43 4
2 44 4
1 45 5
1 45 6
1 45 7
1 45 8
1 45 9
1 45 10
1 45 11
1 45 12
1 45 13
1 45 14
1 45 15
1 45 16
1 45 17
1 45 18
1 45 19
1 45 20
1 45 21
1 45 22
1 45 23
1 45 24
1 45 25
1 45 26
1 45 27
1 45 28
1 45 29
1 45 30
1 45 31
1 45 32
1 45 33
1 45 34
1 45 35
1 45 36
1 45 37
1 45 38
1 45 39
1 45 40
1 45 41
1 45 42
1 45 43
1 45 44
1 45 45
1 45 46
1 45 47
1 45 48
5 45 4
-1
-1
-1
-1
-1
-1
-1
-1
-1
-1
-1
-1
-1
-1
-1
-1
-1
-1
-1
-1
-1
-1
-1
-1
-1
-1
-1
-1
-1
-1
-1
-1
-1
-1
-1
-1
-1
-1
-1
-1
-1
-1
-1
-1
-1
-1
-1
-1
-1
-1
-1
-1
-1
-1
-1
-1
-1
-1
-1
-1
-1
-1
-1
-1
-1
-1
-1
-1
-1
-1
-1
-1
-1
-1
-1
-1
-1
-1
-1
-1
-1
-1
-1
-1
-1
-1
-1
-1
-1
-1
-1
-1
-1
-1
-1
-1
-1
-1
-1
1 40 48
3 40 49
2 41 49
2 42 49
2 43 49
2 44 49
0 40 47
-1
-1
-1
-1
-1
-1
-1
-1
-1
-1
-1
-1
-1
-1
-1
-1
-1
-1
-1
-1
-1
-1
-1
-1
2 18 2
2 17 2
2 16 2
2 15 2
2 14 2
2 13 2
2 12 2
2 11 2
2 10 2
2 9 2
2 8 2
2 7 2
2 6 2
6 5 2
1 5 3
0 19 2
-1
-1
-1
-1
-1
-1
-1
-1
-1
-1
-1
-1
2 9 15
2 8 15
2 7 15
2 6 15
3 5 15
1 5 14
1 5 13
1 5 12
1 5 11
1 5 10
1 5 9
1 5 8
1 5 7
1 5 6
1 5 5
0 10 15
1 15 45
1 15 46
3 15 47
2 16 47
2 17 47
2 18 47
2 19 47
2 20 47
2 21 47
2 22 47
2 23 47
2 24 47
2 25 47
2 26 47
2 27 47
2 28 47
2 29 47
2 30 47
2 31 47
2 32 47
2 33 47
2 34 47
2 35 47
2 36 47
2 37 47
2 38 47
2 39 47
0 15 44
1 35 29
1 35 30
1 35 31
1 35 32
1 35 33
1 35 34
1 35 35
1 35 36
1 35 37
1 35 38
1 35 39
1 35 40
1 35 41
1 35 42
1 35 43
1 35 44
1 35 45
3 35 46
2 36 46
2 37 46
2 38 46
2 39 46
5 40 46
0 35 28
2 13 24
2 12 24
2 11 24
3 10 24
1 10 23
1 10 22
1 10 21
1 10 20
1 10 19
1 10 18
1 10 17
1 10 16
0 14 24
2 8 3
2 9 3
2 10 3
2 11 3
2 12 3
2 13 3
2 14 3
2 15 3
2 16 3
2 17 3
2 18 3
4 19 3
0 7 3
-1
-1
-1
2 16 38
6 15 38
1 15 39
1 15 40
1 15 41
1 15 42
1 15 43
0 17 38
-1
2 38 33
2 37 33
3 36 33
1 36 32
1 36 31
1 36 30
1 36 29
5 36 28
0 39 33
-1
-1
1 3 1
1 3 2
1 3 3
3 3 4
2 4 4
0 3 0
1 1 43
3 1 44
2 2 44
2 3 44
2 4 44
2 5 44
2 6 44
2 7 44
2 8 44
2 9 44
2 10 44
2 11 44
2 12 44
2 13 44
2 14 44
0 1 42
3 3 6
5 3 5
3 2 5
1 2 4
1 2 3
1 2 2
1 2 1
6 2 0
0 4 6
1 46 44
1 46 45
1 46 46
1 46 47
1 46 48
4 46 49
0 46 43
1 8 9
1 8 10
1 8 11
1 8 12
1 8 13
3 8 14
2 9 14
5 10 14
0 8 8
2 41 38
2 40 38
3 39 38
1 39 37
1 39 36
1 39 35
1 39 34
0 42 38
2 38 32
5 39 32
0 37 32
6 14 18
1 14 19
1 14 20
1 14 21
1 14 22
1 14 23
0 15 18
2 6 45
2 5 45
2 4 45
2 3 45
2 2 45
2 1 45
3 0 45
1 0 44
1 0 43
6 0 42
0 7 45
6 35 24
1 35 25
1 35 26
1 35 27
0 36 24
2 4 43
2 3 43
3 2 43
5 2 42
0 5 43
3 30 28
2 31 28
2 32 28
2 33 28
2 34 28
0 30 27
1 4 19
1 4 18
1 4 17
1 4 16
1 4 15
1 4 14
1 4 13
1 4 12
1 4 11
1 4 10
1 4 9
1 4 8
1 4 7
0 4 20
3 42 41
1 42 40
1 42 39
0 43 41
2 7 42
2 6 42
2 5 42
2 4 42
3 3 42
5 3 41
2 2 41
6 1 41
0 8 42
6 27 24
2 28 24
2 29 24
2 30 24
2 31 24
2 32 24
2 33 24
4 34 24
6 34 23
2 35 23
5 36 23
0 27 25
6 8 5
1 8 6
1 8 7
0 9 5
2 29 42
2 28 42
2 27 42
2 26 42
2 25 42
2 24 42
2 23 42
2 22 42
2 21 42
2 20 42
2 19 42
2 18 42
2 17 42
6 16 42
1 16 43
4 16 44
0 30 42
1 14 28
1 14 27
1 14 26
1 14 25
0 14 29
2 19 25
2 18 25
2 17 25
2 16 25
3 15 25
5 15 24
0 20 25
2 48 43
2 47 43
0 49 43
1 7 7
3 7 8
0 7 6
2 31 35
6 30 35
1 30 36
1 30 37
1 30 38
1 30 39
1 30 40
1 30 41
0 32 35
2 11 9
2 10 9
3 9 9
5 9 8
0 12 9
1 26 11
1 26 12
1 26 13
1 26 14
1 26 15
1 26 16
1 26 17
1 26 18
1 26 19
1 26 20
1 26 21
1 26 22
1 26 23
1 26 24
3 26 25
0 26 10
1 29 28
6 29 27
0 29 29
2 40 1
2 39 1
2 38 1
2 37 1
2 36 1
2 35 1
2 34 1
2 33 1
2 32 1
2 31 1
2 30 1
2 29 1
2 28 1
2 27 1
2 26 1
2 25 1
2 24 1
2 23 1
2 22 1
2 21 1
2 20 1
6 19 1
0 41 1
1 25 29
1 25 28
1 25 27
6 25 26
2 26 26
4 27 26
0 25 30
3 14 17
5 15 17
0 14 16
-1
-1
-1
-1
-1
-1
-1
-1
-1
-1
-1
-1
-1
-1
-1
-1
-1
-1
-1
-1
-1
-1
-1
-1
-1
-1
-1
-1
-1
-1
-1
-1
-1
-1
-1
-1
-1
-1
-1
-1
-1
-1
-1
-1
-1
-1
-1
-1
-1
-1
-1
-1
-1
-1
-1
-1
-1
-1
-1
-1
-1
-1
-1
-1
-1
-1
-1
-1
-1
-1
-1
-1
-1
-1
-1
-1
-1
-1
-1
-1
-1
-1
-1
-1
-1
-1
-1
-1
-1
-1
-1
-1
-1
-1
-1
-1
-1
-1
-1
-1
-1
-1
-1
-1
-1
-1
-1
-1
-1
-1
-1
-1
-1
-1
-1
-1
-1
-1
-1
-1
-1
-1
-1
-1
-1
-1
-1
-1
-1
-1
-1
-1
-1
-1
-1
-1
-1
-1
-1
-1
-1
-1
-1
-1
-1
-1
-1
-1
-1
-1
-1
-1
-1
-1
-1
-1
-1
-1
-1
-1
-1
-1
-1
-1
-1
-1
-1
-1
-1
-1
-1
-1
-1
-1
-1
-1
-1
-1
-1
-1
-1
-1
-1
-1
-1
-1
-1
-1
-1
-1
-1
-1
-1
-1
-1
-1
-1
-1
-1
-1
-1
-1
-1
#time = 0.8145632743835449sec
