0 47 41
0 3 5
2 4 41
2 5 41
2 6 41
2 7 41
2 8 41
2 9 41
2 10 41
2 11 41
2 12 41
2 13 41
2 14 41
2 15 41
2 16 41
2 17 41
2 18 41
2 19 41
2 20 41
2 21 41
2 22 41
2 23 41
2 24 41
2 25 41
2 26 41
2 27 41
2 28 41
2 29 41
2 30 41
2 31 41
2 32 41
2 33 41
2 34 41
2 35 41
2 36 41
2 37 41
2 38 41
2 39 41
2 40 41
2 41 41
2 42 41
2 43 41
2 44 41
2 45 41
2 46 41
1 3 6
1 3 7
1 3 8
1 3 9
1 3 10
1 3 11
1 3 12
1 3 13
1 3 14
1 3 15
1 3 16
1 3 17
1 3 18
1 3 19
1 3 20
1 3 21
1 3 22
1 3 23
1 3 24
1 3 25
1 3 26
1 3 27
1 3 28
1 3 29
1 3 30
1 3 31
1 3 32
1 3 33
1 3 34
1 3 35
1 3 36
1 3 37
1 3 38
1 3 39
1 3 40
3 3 41
-1
-1
-1
-1
-1
-1
-1
-1
-1
-1
-1
-1
-1
-1
-1
-1
-1
-1
-1
-1
-1
-1
-1
-1
-1
-1
-1
-1
-1
-1
-1
-1
-1
-1
-1
-1
-1
-1
-1
-1
-1
-1
-1
-1
-1
-1
-1
-1
-1
-1
-1
-1
-1
-1
-1
-1
-1
-1
-1
-1
-1
-1
-1
1 28 43
6 28 42
2 29 42
2 30 42
2 31 42
2 32 42
2 33 42
2 34 42
2 35 42
2 36 42
2 37 42
2 38 42
2 39 42
2 40 42
2 41 42
2 42 42
2 43 42
2 44 42
2 45 42
2 46 42
4 47 42
0 28 44
-1
-1
-1
-1
-1
-1
-1
-1
-1
-1
-1
-1
-1
-1
-1
-1
-1
-1
-1
-1
-1
-1
-1
-1
-1
-1
-1
-1
1 37 32
1 37 33
1 37 34
1 37 35
1 37 36
1 37 37
1 37 38
1 37 39
3 37 40
2 38 40
2 39 40
2 40 40
2 41 40
2 42 40
2 43 40
2 44 40
2 45 40
2 46 40
5 47 40
0 37 31
-1
-1
-1
-1
-1
-1
-1
-1
-1
-1
-1
-1
-1
-1
-1
-1
2 13 9
2 12 9
2 11 9
2 10 9
2 9 9
2 8 9
2 7 9
2 6 9
2 5 9
3 4 9
1 4 8
1 4 7
1 4 6
5 4 5
0 14 9
-1
-1
-1
-1
1 48 18
1 48 19
1 48 20
1 48 21
1 48 22
1 48 23
1 48 24
1 48 25
1 48 26
1 48 27
1 48 28
1 48 29
1 48 30
1 48 31
1 48 32
1 48 33
1 48 34
1 48 35
1 48 36
1 48 37
1 48 38
1 48 39
1 48 40
4 48 41
0 48 17
-1
-1
-1
-1
-1
-1
-1
-1
3 25 31
2 26 31
2 27 31
2 28 31
2 29 31
2 30 31
2 31 31
2 32 31
2 33 31
2 34 31
2 35 31
2 36 31
0 25 30
-1
-1
-1
-1
-1
-1
-1
-1
2 7 1
2 6 1
2 5 1
2 4 1
6 3 1
1 3 2
1 3 3
1 3 4
0 8 1
-1
-1
-1
-1
2 39 23
2 38 23
6 37 23
1 37 24
1 37 25
1 37 26
1 37 27
1 37 28
1 37 29
1 37 30
0 40 23
-1
-1
-1
-1
-1
-1
-1
1 38 29
1 38 30
4 38 31
0 38 28
-1
-1
-1
-1
-1
-1
-1
2 9 0
6 8 0
0 10 0
-1
-1
-1
3 10 8
2 11 8
2 12 8
2 13 8
5 14 8
0 10 7
-1
-1
2 41 31
2 40 31
3 39 31
1 39 30
1 39 29
5 39 28
0 42 31
1 44 10
1 44 11
1 44 12
1 44 13
1 44 14
1 44 15
1 44 16
3 44 17
2 45 17
2 46 17
2 47 17
0 44 9
1 20 43
3 20 44
2 21 44
2 22 44
2 23 44
2 24 44
2 25 44
2 26 44
2 27 44
0 20 42
1 43 3
1 43 4
1 43 5
1 43 6
1 43 7
1 43 8
3 43 9
0 43 2
6 19 30
2 20 30
2 21 30
2 22 30
2 23 30
2 24 30
0 19 31
1 12 13
1 12 12
1 12 11
6 12 10
2 13 10
4 14 10
0 12 14
2 36 43
2 35 43
2 34 43
2 33 43
2 32 43
2 31 43
2 30 43
6 29 43
4 29 44
0 37 43
1 0 4
3 0 5
2 1 5
2 2 5
0 0 3
2 43 26
2 42 26
2 41 26
3 40 26
1 40 25
1 40 24
0 44 26
2 18 42
2 19 42
0 17 42
1 39 9
1 39 8
1 39 7
1 39 6
1 39 5
1 39 4
1 39 3
6 39 2
2 40 2
2 41 2
2 42 2
0 39 10
2 31 40
2 30 40
2 29 40
2 28 40
2 27 40
2 26 40
3 25 40
1 25 39
1 25 38
1 25 37
1 25 36
1 25 35
1 25 34
1 25 33
5 25 32
2 24 32
2 23 32
2 22 32
2 21 32
2 20 32
2 19 32
3 18 32
1 18 31
1 18 30
6 18 29
2 19 29
2 20 29
2 21 29
2 22 29
2 23 29
2 24 29
5 25 29
0 32 40
2 19 16
2 18 16
2 17 16
2 16 16
3 15 16
1 15 15
1 15 14
1 15 13
1 15 12
1 15 11
1 15 10
5 15 9
0 20 16
6 38 32
2 39 32
2 40 32
2 41 32
4 42 32
0 38 33
1 19 23
1 19 24
1 19 25
1 19 26
1 19 27
3 19 28
2 20 28
2 21 28
2 22 28
2 23 28
2 24 28
2 25 28
5 26 28
1 26 29
4 26 30
0 19 22
1 47 8
1 47 9
1 47 10
1 47 11
1 47 12
1 47 13
1 47 14
1 47 15
3 47 16
5 48 16
0 47 7
1 1 26
1 1 27
1 1 28
1 1 29
1 1 30
1 1 31
1 1 32
1 1 33
1 1 34
1 1 35
1 1 36
1 1 37
1 1 38
1 1 39
1 1 40
1 1 41
3 1 42
2 2 42
2 3 42
2 4 42
2 5 42
2 6 42
2 7 42
2 8 42
2 9 42
2 10 42
2 11 42
2 12 42
2 13 42
2 14 42
2 15 42
2 16 42
0 1 25
2 40 34
2 39 34
3 38 34
0 41 34
2 15 45
2 16 45
2 17 45
2 18 45
2 19 45
2 20 45
2 21 45
2 22 45
2 23 45
2 24 45
2 25 45
2 26 45
2 27 45
4 28 45
0 14 45
-1
-1
-1
-1
-1
-1
-1
-1
-1
-1
-1
-1
-1
-1
-1
-1
-1
-1
-1
-1
-1
-1
-1
-1
-1
-1
-1
-1
-1
-1
-1
-1
-1
-1
-1
-1
-1
-1
-1
-1
-1
-1
-1
-1
-1
-1
-1
-1
-1
-1
-1
-1
-1
-1
-1
-1
-1
-1
-1
-1
-1
-1
-1
-1
-1
-1
-1
-1
-1
-1
-1
-1
-1
-1
-1
-1
-1
-1
-1
-1
-1
-1
-1
-1
-1
-1
-1
-1
-1
-1
-1
-1
-1
-1
-1
-1
-1
-1
-1
-1
-1
-1
-1
-1
-1
-1
-1
-1
-1
-1
-1
-1
-1
-1
-1
-1
-1
-1
-1
-1
-1
-1
-1
-1
-1
-1
-1
-1
-1
-1
-1
-1
-1
-1
-1
-1
-1
-1
-1
-1
-1
-1
-1
-1
-1
-1
-1
-1
-1
-1
-1
-1
-1
-1
-1
-1
-1
-1
-1
-1
-1
-1
-1
-1
-1
-1
-1
-1
-1
-1
-1
-1
-1
-1
-1
-1
-1
-1
-1
-1
-1
-1
-1
-1
-1
-1
-1
-1
-1
-1
-1
-1
-1
-1
-1
-1
-1
-1
-1
-1
-1
-1
-1
-1
-1
-1
-1
-1
-1
-1
-1
-1
-1
-1
-1
-1
-1
-1
-1
-1
-1
-1
#time = 0.8228452205657959sec
