0 8 9
0 47 44
2 9 9
2 10 9
2 11 9
2 12 9
2 13 9
2 14 9
2 15 9
2 16 9
2 17 9
2 18 9
2 19 9
2 20 9
2 21 9
2 22 9
2 23 9
2 24 9
2 25 9
2 26 9
2 27 9
2 28 9
2 29 9
2 30 9
2 31 9
2 32 9
2 33 9
2 34 9
2 35 9
2 36 9
2 37 9
2 38 9
2 39 9
2 40 9
2 41 9
2 42 9
2 43 9
2 44 9
2 45 9
2 46 9
1 47 10
1 47 11
1 47 12
1 47 13
1 47 14
1 47 15
1 47 16
1 47 17
1 47 18
1 47 19
1 47 20
1 47 21
1 47 22
1 47 23
1 47 24
1 47 25
1 47 26
1 47 27
1 47 28
1 47 29
1 47 30
1 47 31
1 47 32
1 47 33
1 47 34
1 47 35
1 47 36
1 47 37
1 47 38
1 47 39
1 47 40
1 47 41
1 47 42
1 47 43
5 47 9
-1
-1
-1
-1
-1
-1
-1
-1
-1
-1
-1
-1
-1
-1
-1
-1
-1
-1
-1
-1
-1
-1
-1
-1
-1
-1
-1
-1
-1
-1
-1
-1
-1
-1
-1
-1
-1
-1
-1
-1
-1
-1
-1
-1
-1
-1
-1
-1
-1
-1
-1
-1
-1
-1
-1
-1
-1
-1
-1
-1
-1
-1
-1
-1
-1
-1
-1
-1
-1
-1
-1
-1
-1
-1
-1
-1
-1
-1
-1
-1
-1
-1
-1
-1
-1
-1
-1
-1
-1
-1
-1
-1
-1
-1
-1
-1
-1
-1
-1
-1
-1
-1
-1
-1
-1
-1
-1
-1
-1
-1
-1
-1
-1
-1
-1
-1
-1
-1
-1
-1
-1
-1
-1
-1
-1
-1
-1
-1
-1
-1
-1
-1
-1
-1
-1
-1
-1
-1
-1
-1
-1
-1
-1
-1
-1
-1
-1
-1
-1
-1
-1
-1
-1
-1
-1
-1
-1
-1
-1
-1
2 11 14
2 10 14
2 9 14
3 8 14
1 8 13
1 8 12
1 8 11
1 8 10
0 12 14
-1
-1
-1
-1
-1
-1
-1
-1
-1
-1
-1
-1
-1
-1
-1
-1
-1
-1
-1
-1
-1
-1
-1
-1
-1
-1
-1
-1
-1
-1
1 46 28
1 46 29
1 46 30
1 46 31
1 46 32
1 46 33
1 46 34
1 46 35
1 46 36
1 46 37
1 46 38
1 46 39
1 46 40
1 46 41
1 46 42
1 46 43
3 46 44
0 46 27
-1
-1
-1
-1
-1
-1
-1
-1
1 44 30
1 44 31
1 44 32
1 44 33
1 44 34
1 44 35
1 44 36
1 44 37
1 44 38
1 44 39
1 44 40
1 44 41
1 44 42
1 44 43
3 44 44
5 45 44
3 45 45
2 46 45
4 47 45
0 44 29
-1
-1
2 10 26
2 9 26
3 8 26
1 8 25
1 8 24
1 8 23
1 8 22
1 8 21
1 8 20
1 8 19
1 8 18
1 8 17
1 8 16
5 8 15
3 7 15
1 7 14
1 7 13
1 7 12
1 7 11
1 7 10
6 7 9
0 11 26
1 37 27
1 37 28
1 37 29
1 37 30
1 37 31
1 37 32
1 37 33
1 37 34
1 37 35
1 37 36
1 37 37
1 37 38
1 37 39
1 37 40
1 37 41
1 37 42
1 37 43
3 37 44
2 38 44
2 39 44
2 40 44
2 41 44
2 42 44
5 43 44
3 43 45
5 44 45
3 44 46
2 45 46
2 46 46
2 47 46
4 48 46
1 48 45
5 48 44
0 37 26
1 0 44
1 0 43
1 0 42
1 0 41
1 0 40
1 0 39
1 0 38
1 0 37
1 0 36
1 0 35
1 0 34
1 0 33
1 0 32
1 0 31
1 0 30
1 0 29
1 0 28
6 0 27
2 1 27
2 2 27
2 3 27
2 4 27
2 5 27
2 6 27
2 7 27
2 8 27
2 9 27
2 10 27
4 11 27
0 0 45
2 41 13
2 40 13
2 39 13
2 38 13
6 37 13
1 37 14
1 37 15
1 37 16
1 37 17
1 37 18
1 37 19
1 37 20
1 37 21
1 37 22
1 37 23
1 37 24
1 37 25
0 42 13
2 40 10
2 39 10
2 38 10
6 37 10
1 37 11
4 37 12
6 36 12
1 36 13
1 36 14
1 36 15
1 36 16
1 36 17
1 36 18
1 36 19
1 36 20
1 36 21
1 36 22
1 36 23
1 36 24
1 36 25
3 36 26
0 41 10
2 9 43
2 8 43
2 7 43
2 6 43
2 5 43
2 4 43
2 3 43
2 2 43
6 1 43
1 1 44
4 1 45
0 10 43
1 38 28
1 38 27
5 38 26
0 38 29
1 41 30
6 41 29
2 42 29
2 43 29
0 41 31
1 10 46
1 10 45
1 10 44
0 10 47
6 39 27
1 39 28
4 39 29
0 40 27
1 41 26
1 41 27
4 41 28
6 40 28
1 40 29
1 40 30
3 40 31
0 41 25
1 7 46
3 7 47
2 8 47
2 9 47
0 7 45
2 34 21
2 33 21
2 32 21
2 31 21
2 30 21
2 29 21
2 28 21
2 27 21
2 26 21
2 25 21
2 24 21
2 23 21
2 22 21
2 21 21
2 20 21
2 19 21
2 18 21
2 17 21
2 16 21
2 15 21
2 14 21
2 13 21
2 12 21
6 11 21
1 11 22
1 11 23
1 11 24
1 11 25
0 35 21
4 49 47
2 48 47
2 47 47
2 46 47
2 45 47
2 44 47
2 43 47
2 42 47
2 41 47
2 40 47
2 39 47
2 38 47
2 37 47
2 36 47
2 35 47
2 34 47
2 33 47
2 32 47
2 31 47
2 30 47
2 29 47
2 28 47
2 27 47
2 26 47
2 25 47
2 24 47
2 23 47
2 22 47
2 21 47
2 20 47
2 19 47
2 18 47
2 17 47
2 16 47
2 15 47
2 14 47
2 13 47
2 12 47
2 11 47
0 49 46
1 10 19
1 10 18
1 10 17
1 10 16
6 10 15
2 11 15
4 12 15
0 10 20
1 3 31
1 3 30
1 3 29
6 3 28
2 4 28
2 5 28
2 6 28
2 7 28
2 8 28
2 9 28
2 10 28
2 11 28
4 12 28
1 12 27
5 12 26
0 3 32
2 44 14
2 43 14
3 42 14
0 45 14
2 16 46
2 15 46
2 14 46
2 13 46
2 12 46
3 11 46
1 11 45
1 11 44
5 11 43
0 17 46
1 45 26
3 45 27
0 45 25
3 38 25
2 39 25
2 40 25
0 38 24
1 33 24
1 33 23
6 33 22
2 34 22
4 35 22
0 33 25
3 16 45
5 17 45
0 16 44
1 49 32
1 49 33
1 49 34
1 49 35
1 49 36
1 49 37
1 49 38
1 49 39
1 49 40
1 49 41
1 49 42
1 49 43
1 49 44
1 49 45
0 49 31
1 5 41
3 5 42
2 6 42
2 7 42
2 8 42
2 9 42
5 10 42
0 5 40
1 3 14
1 3 13
1 3 12
1 3 11
1 3 10
6 3 9
2 4 9
2 5 9
4 6 9
6 6 8
2 7 8
5 8 8
0 3 15
1 45 41
1 45 40
1 45 39
1 45 38
1 45 37
1 45 36
1 45 35
1 45 34
1 45 33
1 45 32
1 45 31
1 45 30
5 45 29
0 45 42
2 35 28
2 34 28
3 33 28
1 33 27
1 33 26
0 36 28
3 3 22
1 3 21
1 3 20
1 3 19
1 3 18
1 3 17
1 3 16
0 4 22
1 12 18
1 12 17
6 12 16
4 13 16
1 13 15
5 13 14
0 12 19
1 10 23
1 10 22
1 10 21
0 10 24
-1
-1
-1
-1
-1
-1
-1
-1
-1
-1
-1
-1
-1
-1
-1
-1
-1
-1
-1
-1
-1
-1
-1
-1
-1
-1
-1
-1
-1
-1
-1
-1
-1
-1
-1
-1
-1
-1
-1
-1
-1
-1
-1
-1
-1
-1
-1
-1
-1
-1
-1
-1
-1
-1
-1
-1
-1
-1
-1
-1
-1
-1
-1
-1
-1
-1
-1
-1
-1
-1
-1
-1
-1
-1
-1
-1
-1
-1
-1
-1
-1
-1
-1
-1
-1
-1
-1
-1
-1
-1
-1
-1
-1
-1
-1
-1
-1
-1
-1
-1
-1
-1
-1
-1
-1
-1
-1
-1
-1
-1
-1
-1
#time = 3.9610297679901123sec
