0 16 0
0 47 16
2 17 0
2 18 0
2 19 0
2 20 0
2 21 0
2 22 0
2 23 0
2 24 0
2 25 0
2 26 0
2 27 0
2 28 0
2 29 0
2 30 0
2 31 0
2 32 0
2 33 0
2 34 0
2 35 0
2 36 0
2 37 0
2 38 0
2 39 0
2 40 0
2 41 0
2 42 0
2 43 0
2 44 0
2 45 0
2 46 0
1 47 1
1 47 2
1 47 3
1 47 4
1 47 5
1 47 6
1 47 7
1 47 8
1 47 9
1 47 10
1 47 11
1 47 12
1 47 13
1 47 14
1 47 15
5 47 0
-1
-1
-1
-1
-1
-1
-1
-1
-1
-1
-1
-1
-1
-1
-1
-1
-1
-1
-1
-1
-1
-1
-1
-1
-1
-1
-1
-1
-1
-1
-1
-1
-1
-1
-1
-1
-1
-1
-1
-1
-1
-1
-1
-1
-1
-1
-1
-1
-1
-1
-1
-1
-1
-1
-1
-1
-1
-1
-1
-1
-1
-1
-1
-1
-1
-1
-1
-1
-1
-1
-1
-1
-1
-1
-1
-1
-1
-1
-1
-1
-1
-1
-1
-1
-1
-1
-1
-1
-1
-1
-1
-1
-1
-1
-1
-1
-1
-1
-1
-1
-1
-1
-1
-1
-1
-1
-1
1 2 11
1 2 10
1 2 9
1 2 8
1 2 7
1 2 6
1 2 5
1 2 4
1 2 3
1 2 2
1 2 1
6 2 0
2 3 0
2 4 0
2 5 0
2 6 0
2 7 0
2 8 0
2 9 0
2 10 0
2 11 0
2 12 0
2 13 0
2 14 0
2 15 0
0 2 12
-1
-1
-1
-1
-1
-1
-1
-1
-1
-1
-1
-1
-1
-1
-1
-1
-1
-1
-1
-1
-1
-1
-1
-1
-1
-1
-1
-1
-1
-1
-1
-1
-1
-1
-1
-1
-1
-1
-1
-1
-1
-1
-1
-1
-1
-1
-1
-1
-1
-1
-1
-1
-1
3 47 31
1 47 30
1 47 29
1 47 28
1 47 27
1 47 26
1 47 25
1 47 24
1 47 23
1 47 22
1 47 21
1 47 20
1 47 19
1 47 18
1 47 17
0 48 31
-1
-1
-1
-1
-1
-1
-1
-1
-1
-1
-1
-1
-1
-1
-1
-1
-1
-1
-1
-1
-1
-1
-1
-1
-1
-1
-1
-1
2 19 6
2 18 6
2 17 6
3 16 6
1 16 5
1 16 4
1 16 3
1 16 2
1 16 1
0 20 6
-1
-1
-1
-1
-1
1 27 37
1 27 36
1 27 35
1 27 34
1 27 33
1 27 32
1 27 31
1 27 30
1 27 29
1 27 28
1 27 27
1 27 26
1 27 25
1 27 24
1 27 23
1 27 22
1 27 21
1 27 20
1 27 19
1 27 18
1 27 17
6 27 16
2 28 16
2 29 16
2 30 16
2 31 16
2 32 16
2 33 16
2 34 16
2 35 16
2 36 16
2 37 16
2 38 16
2 39 16
2 40 16
2 41 16
2 42 16
2 43 16
2 44 16
2 45 16
2 46 16
0 27 38
-1
-1
-1
-1
-1
-1
-1
-1
-1
-1
-1
-1
1 9 4
1 9 5
3 9 6
2 10 6
2 11 6
2 12 6
2 13 6
2 14 6
5 15 6
3 15 7
2 16 7
2 17 7
2 18 7
2 19 7
4 20 7
0 9 3
-1
-1
-1
-1
1 43 18
1 43 19
1 43 20
1 43 21
1 43 22
1 43 23
1 43 24
1 43 25
1 43 26
1 43 27
1 43 28
1 43 29
1 43 30
3 43 31
2 44 31
2 45 31
5 46 31
3 46 32
2 47 32
4 48 32
0 43 17
-1
-1
-1
1 2 28
1 2 27
1 2 26
1 2 25
1 2 24
1 2 23
1 2 22
1 2 21
1 2 20
1 2 19
1 2 18
1 2 17
1 2 16
1 2 15
1 2 14
1 2 13
0 2 29
-1
-1
-1
-1
-1
-1
-1
2 26 4
2 25 4
2 24 4
2 23 4
2 22 4
2 21 4
6 20 4
1 20 5
0 27 4
-1
1 38 25
1 38 24
1 38 23
1 38 22
1 38 21
1 38 20
1 38 19
1 38 18
6 38 17
2 39 17
2 40 17
2 41 17
2 42 17
0 38 26
1 9 41
1 9 40
1 9 39
6 9 38
2 10 38
2 11 38
2 12 38
2 13 38
2 14 38
2 15 38
2 16 38
2 17 38
2 18 38
2 19 38
2 20 38
2 21 38
2 22 38
2 23 38
2 24 38
2 25 38
2 26 38
0 9 42
1 1 8
1 1 9
1 1 10
1 1 11
3 1 12
0 1 7
2 23 33
2 22 33
2 21 33
2 20 33
2 19 33
2 18 33
2 17 33
2 16 33
2 15 33
2 14 33
2 13 33
2 12 33
2 11 33
2 10 33
6 9 33
1 9 34
1 9 35
1 9 36
4 9 37
6 8 37
1 8 38
1 8 39
1 8 40
1 8 41
3 8 42
0 24 33
3 21 8
1 21 7
5 21 6
0 22 8
1 26 41
1 26 40
6 26 39
2 27 39
4 28 39
1 28 38
1 28 37
1 28 36
1 28 35
1 28 34
6 28 33
2 29 33
2 30 33
2 31 33
2 32 33
2 33 33
2 34 33
2 35 33
2 36 33
2 37 33
2 38 33
2 39 33
2 40 33
2 41 33
2 42 33
2 43 33
2 44 33
2 45 33
2 46 33
2 47 33
2 48 33
4 49 33
1 49 32
1 49 31
5 49 30
3 48 30
1 48 29
1 48 28
1 48 27
1 48 26
1 48 25
1 48 24
1 48 23
1 48 22
1 48 21
1 48 20
1 48 19
1 48 18
1 48 17
5 48 16
0 26 42
2 10 7
2 9 7
3 8 7
1 8 6
1 8 5
1 8 4
6 8 3
0 11 7
-1
-1
-1
-1
-1
-1
-1
-1
-1
-1
-1
-1
-1
-1
-1
-1
-1
-1
-1
-1
-1
-1
-1
-1
-1
-1
-1
-1
-1
-1
-1
-1
-1
-1
-1
-1
-1
-1
-1
-1
-1
-1
-1
-1
-1
-1
-1
-1
-1
-1
-1
-1
-1
-1
-1
-1
-1
-1
-1
-1
-1
-1
-1
-1
-1
-1
-1
-1
-1
-1
-1
-1
-1
-1
-1
-1
-1
-1
-1
-1
-1
-1
-1
-1
-1
-1
-1
-1
-1
-1
-1
-1
-1
-1
-1
-1
-1
-1
-1
-1
-1
-1
-1
-1
-1
-1
-1
-1
-1
-1
-1
-1
-1
-1
-1
-1
-1
-1
-1
-1
-1
-1
-1
-1
-1
-1
-1
-1
-1
-1
-1
-1
-1
-1
-1
-1
-1
-1
-1
-1
-1
-1
-1
-1
-1
-1
-1
-1
-1
-1
-1
-1
-1
-1
-1
-1
-1
-1
-1
-1
-1
-1
-1
-1
-1
-1
-1
-1
-1
-1
-1
-1
-1
-1
-1
-1
-1
-1
-1
-1
-1
-1
-1
-1
-1
-1
-1
-1
-1
-1
-1
-1
-1
-1
-1
-1
-1
-1
-1
-1
-1
-1
-1
-1
-1
-1
-1
-1
-1
-1
-1
-1
-1
-1
-1
-1
-1
-1
-1
-1
-1
-1
-1
-1
-1
-1
-1
-1
-1
-1
-1
-1
-1
-1
-1
-1
-1
-1
-1
-1
-1
-1
-1
-1
#time = 0.620445966720581sec
