0 4 9
0 40 38
2 5 9
2 6 9
2 7 9
2 8 9
2 9 9
2 10 9
2 11 9
2 12 9
2 13 9
2 14 9
2 15 9
2 16 9
2 17 9
2 18 9
2 19 9
2 20 9
2 21 9
2 22 9
2 23 9
2 24 9
2 25 9
2 26 9
2 27 9
2 28 9
2 29 9
2 30 9
2 31 9
2 32 9
2 33 9
2 34 9
2 35 9
2 36 9
2 37 9
2 38 9
2 39 9
1 40 10
1 40 11
1 40 12
1 40 13
1 40 14
1 40 15
1 40 16
1 40 17
1 40 18
1 40 19
1 40 20
1 40 21
1 40 22
1 40 23
1 40 24
1 40 25
1 40 26
1 40 27
1 40 28
1 40 29
1 40 30
1 40 31
1 40 32
1 40 33
1 40 34
1 40 35
1 40 36
1 40 37
5 40 9
-1
-1
-1
-1
-1
-1
-1
-1
-1
-1
-1
-1
-1
-1
-1
-1
-1
-1
-1
-1
-1
-1
-1
-1
-1
-1
-1
-1
-1
-1
-1
-1
-1
-1
-1
-1
-1
-1
3 2 9
2 3 9
0 2 8
-1
-1
-1
-1
-1
-1
-1
-1
-1
-1
-1
-1
-1
1 39 37
3 39 38
0 39 36
-1
-1
-1
-1
-1
-1
-1
-1
-1
-1
3 4 11
1 4 10
0 5 11
-1
-1
-1
2 42 41
2 41 41
3 40 41
1 40 40
1 40 39
0 43 41
-1
-1
-1
2 5 7
6 4 7
1 4 8
0 6 7
-1
-1
1 37 37
6 37 36
2 38 36
0 37 38
6 41 28
1 41 29
1 41 30
1 41 31
1 41 32
1 41 33
1 41 34
1 41 35
1 41 36
1 41 37
4 41 38
0 42 28
1 0 7
3 0 8
2 1 8
0 0 6
6 36 35
1 36 36
1 36 37
3 36 38
0 37 35
1 4 13
6 4 12
4 5 12
0 4 14
1 39 28
1 39 29
1 39 30
1 39 31
1 39 32
1 39 33
1 39 34
1 39 35
0 39 27
2 43 30
3 42 30
1 42 29
0 44 30
2 2 6
2 1 6
0 3 6
2 44 28
2 43 28
0 45 28
1 39 24
1 39 25
1 39 26
0 39 23
1 42 25
1 42 26
1 42 27
0 42 24
1 38 28
6 38 27
0 38 29
1 0 10
1 0 11
1 0 12
1 0 13
3 0 14
2 1 14
2 2 14
2 3 14
0 0 9
2 10 12
2 9 12
2 8 12
2 7 12
3 6 12
5 6 11
0 11 12
6 37 23
2 38 23
0 37 24
3 5 6
5 6 6
0 5 5
1 42 22
1 42 23
0 42 21
1 35 26
1 35 25
6 35 24
2 36 24
0 35 27
2 2 12
3 1 12
1 1 11
1 1 10
5 1 9
0 3 12
6 45 26
1 45 27
0 46 26
2 44 36
6 43 36
1 43 37
1 43 38
1 43 39
1 43 40
0 45 36
2 10 8
2 9 8
2 8 8
2 7 8
3 6 8
0 11 8
1 36 33
3 36 34
5 37 34
0 36 32
2 6 13
6 5 13
4 5 14
0 7 13
2 38 40
3 37 40
1 37 39
0 39 40
2 43 35
2 44 35
5 45 35
0 42 35
2 6 2
6 5 2
1 5 3
1 5 4
0 7 2
2 10 11
5 11 11
0 9 11
1 10 14
6 10 13
4 11 13
0 10 15
6 42 42
4 43 42
0 42 43
2 5 19
3 4 19
1 4 18
1 4 17
1 4 16
1 4 15
0 6 19
1 12 13
5 12 12
0 12 14
2 46 30
2 45 30
0 47 30
2 2 13
4 3 13
0 1 13
2 9 5
2 8 5
6 7 5
1 7 6
4 7 7
0 10 5
2 14 11
2 13 11
3 12 11
5 12 10
2 11 10
2 10 10
2 9 10
2 8 10
2 7 10
2 6 10
6 5 10
0 15 11
1 42 38
1 42 37
1 42 36
0 42 39
6 38 41
4 39 41
0 38 42
1 5 17
3 5 18
5 6 18
0 5 16
1 3 18
1 3 19
3 3 20
2 4 20
2 5 20
4 6 20
0 3 17
2 44 24
2 43 24
0 45 24
6 44 40
4 44 41
0 45 40
2 13 15
2 12 15
2 11 15
0 14 15
1 9 16
6 9 15
0 9 17
1 15 16
1 15 15
5 15 14
2 14 14
2 13 14
0 15 17
1 42 19
1 42 20
0 42 18
2 18 7
2 17 7
2 16 7
2 15 7
2 14 7
2 13 7
2 12 7
6 11 7
0 19 7
2 19 2
2 18 2
2 17 2
2 16 2
2 15 2
2 14 2
2 13 2
2 12 2
2 11 2
2 10 2
2 9 2
2 8 2
0 20 2
3 31 29
2 32 29
2 33 29
2 34 29
2 35 29
2 36 29
2 37 29
0 31 28
6 46 31
4 47 31
0 46 32
2 17 16
6 16 16
4 16 17
0 18 16
3 1 17
2 2 17
0 1 16
1 31 26
3 31 27
2 32 27
2 33 27
2 34 27
0 31 25
2 47 22
6 46 22
1 46 23
1 46 24
1 46 25
0 48 22
2 11 4
6 10 4
0 12 4
2 8 20
3 7 20
1 7 19
1 7 18
1 7 17
1 7 16
1 7 15
1 7 14
0 9 20
2 11 25
3 10 25
1 10 24
1 10 23
1 10 22
1 10 21
1 10 20
1 10 19
1 10 18
1 10 17
1 10 16
0 12 25
2 16 1
2 15 1
2 14 1
2 13 1
2 12 1
2 11 1
2 10 1
2 9 1
2 8 1
6 7 1
0 17 1
2 33 25
2 32 25
0 34 25
2 21 11
2 20 11
2 19 11
2 18 11
2 17 11
2 16 11
0 22 11
6 33 35
2 34 35
4 35 35
1 35 34
1 35 33
1 35 32
6 35 31
2 36 31
5 37 31
1 37 32
3 37 33
5 38 33
1 38 34
4 38 35
0 33 36
2 14 5
2 13 5
2 12 5
2 11 5
0 15 5
1 32 43
6 32 42
2 33 42
2 34 42
2 35 42
2 36 42
2 37 42
0 32 44
2 20 8
2 19 8
2 18 8
2 17 8
2 16 8
2 15 8
2 14 8
2 13 8
2 12 8
0 21 8
2 44 17
6 43 17
1 43 18
1 43 19
1 43 20
4 43 21
0 45 17
3 9 26
2 10 26
2 11 26
4 12 26
0 9 25
1 6 23
1 6 22
6 6 21
2 7 21
2 8 21
4 9 21
0 6 24
1 39 21
1 39 22
0 39 20
2 47 49
2 46 49
2 45 49
2 44 49
2 43 49
3 42 49
1 42 48
1 42 47
1 42 46
1 42 45
1 42 44
0 48 49
6 21 1
1 21 2
4 21 3
2 20 3
2 19 3
2 18 3
2 17 3
2 16 3
2 15 3
2 14 3
2 13 3
2 12 3
2 11 3
2 10 3
2 9 3
2 8 3
3 7 3
0 22 1
3 18 6
5 19 6
0 18 5
2 48 47
2 47 47
2 46 47
2 45 47
2 44 47
3 43 47
1 43 46
1 43 45
1 43 44
5 43 43
0 49 47
2 24 6
2 23 6
2 22 6
2 21 6
6 20 6
4 20 7
0 25 6
6 44 37
4 45 37
0 44 38
2 22 18
2 21 18
2 20 18
2 19 18
3 18 18
1 18 17
0 23 18
2 13 24
6 12 24
0 14 24
3 45 43
1 45 42
1 45 41
0 46 43
2 25 17
2 24 17
6 23 17
0 26 17
2 26 8
3 25 8
1 25 7
0 27 8
2 21 19
2 22 19
2 23 19
4 24 19
6 24 18
2 25 18
2 26 18
4 27 18
1 27 17
5 27 16
2 26 16
2 25 16
2 24 16
2 23 16
2 22 16
2 21 16
2 20 16
2 19 16
0 20 19
1 1 20
1 1 19
5 1 18
3 0 18
1 0 17
6 0 16
0 1 21
2 34 39
3 33 39
1 33 38
1 33 37
0 35 39
1 2 20
4 2 21
0 2 19
-1
-1
-1
-1
-1
-1
-1
-1
-1
-1
-1
-1
-1
-1
-1
-1
-1
-1
-1
-1
-1
-1
-1
-1
-1
-1
-1
-1
-1
-1
-1
-1
-1
-1
-1
-1
-1
-1
-1
-1
-1
-1
-1
-1
-1
-1
-1
-1
-1
-1
-1
-1
-1
-1
-1
-1
-1
-1
-1
-1
-1
-1
-1
-1
-1
-1
-1
-1
-1
-1
-1
-1
-1
-1
-1
-1
-1
-1
-1
-1
-1
-1
-1
-1
-1
-1
-1
-1
-1
-1
-1
-1
-1
-1
-1
-1
-1
-1
-1
-1
-1
-1
-1
-1
-1
-1
-1
-1
-1
-1
-1
-1
-1
-1
-1
-1
-1
-1
-1
-1
-1
-1
-1
-1
-1
-1
-1
-1
-1
-1
-1
-1
-1
-1
-1
-1
-1
-1
-1
-1
-1
-1
-1
-1
-1
-1
-1
-1
-1
-1
-1
-1
-1
-1
-1
-1
-1
-1
-1
-1
-1
-1
-1
#time = 7.331183433532715sec
