0 11 18
0 33 44
2 12 18
2 13 18
2 14 18
2 15 18
2 16 18
2 17 18
2 18 18
2 19 18
2 20 18
2 21 18
2 22 18
2 23 18
2 24 18
2 25 18
2 26 18
2 27 18
2 28 18
2 29 18
2 30 18
2 31 18
2 32 18
1 33 19
1 33 20
1 33 21
1 33 22
1 33 23
1 33 24
1 33 25
1 33 26
1 33 27
1 33 28
1 33 29
1 33 30
1 33 31
1 33 32
1 33 33
1 33 34
1 33 35
1 33 36
1 33 37
1 33 38
1 33 39
1 33 40
1 33 41
1 33 42
1 33 43
5 33 18
-1
-1
-1
-1
-1
-1
-1
-1
-1
-1
-1
-1
-1
-1
-1
-1
-1
-1
-1
-1
-1
-1
-1
-1
-1
-1
-1
-1
-1
-1
-1
-1
-1
-1
-1
-1
-1
-1
-1
-1
1 30 45
6 30 44
2 31 44
2 32 44
0 30 46
-1
-1
-1
-1
-1
-1
-1
-1
-1
-1
-1
-1
-1
-1
-1
-1
-1
2 34 48
3 33 48
1 33 47
1 33 46
1 33 45
0 35 48
-1
-1
-1
-1
-1
-1
-1
-1
-1
-1
-1
-1
1 11 20
1 11 19
0 11 21
-1
-1
-1
-1
-1
-1
-1
-1
3 30 49
1 30 48
1 30 47
0 31 49
-1
-1
-1
-1
-1
-1
-1
-1
6 34 43
4 34 44
0 35 43
-1
-1
-1
1 9 22
1 9 21
1 9 20
1 9 19
6 9 18
2 10 18
0 9 23
-1
-1
-1
6 11 15
1 11 16
1 11 17
0 12 15
2 41 24
2 40 24
2 39 24
2 38 24
2 37 24
2 36 24
6 35 24
1 35 25
1 35 26
1 35 27
1 35 28
1 35 29
1 35 30
1 35 31
1 35 32
1 35 33
1 35 34
1 35 35
1 35 36
1 35 37
1 35 38
1 35 39
1 35 40
1 35 41
1 35 42
0 42 24
1 29 47
6 29 46
0 29 48
1 9 16
6 9 15
4 10 15
6 10 14
2 11 14
5 12 14
0 9 17
6 41 25
4 42 25
0 41 26
2 44 23
2 43 23
6 42 23
0 45 23
2 36 49
3 35 49
0 37 49
1 8 18
6 8 17
0 8 19
3 38 26
2 39 26
2 40 26
0 38 25
6 40 27
4 41 27
0 40 28
3 25 48
2 26 48
2 27 48
2 28 48
0 25 47
2 25 24
2 24 24
2 23 24
2 22 24
2 21 24
2 20 24
2 19 24
2 18 24
2 17 24
2 16 24
2 15 24
2 14 24
2 13 24
2 12 24
2 11 24
2 10 24
3 9 24
0 26 24
6 46 21
1 46 22
1 46 23
4 46 24
2 45 24
2 44 24
2 43 24
0 47 21
3 23 47
2 24 47
0 23 46
6 12 20
4 12 21
0 13 20
6 35 46
1 35 47
0 36 46
1 24 21
1 24 22
3 24 23
2 25 23
5 26 23
0 24 20
3 31 47
5 31 46
0 32 47
1 44 21
3 44 22
5 45 22
0 44 20
1 36 42
4 36 43
0 36 41
2 26 20
2 25 20
0 27 20
3 23 49
5 23 48
3 22 48
1 22 47
6 22 46
0 24 49
2 1 45
2 2 45
2 3 45
2 4 45
2 5 45
2 6 45
2 7 45
2 8 45
2 9 45
2 10 45
2 11 45
2 12 45
2 13 45
2 14 45
2 15 45
2 16 45
2 17 45
2 18 45
2 19 45
2 20 45
2 21 45
2 22 45
5 23 45
0 0 45
3 47 24
1 47 23
1 47 22
0 48 24
2 3 42
2 2 42
2 1 42
6 0 42
1 0 43
1 0 44
0 4 42
3 35 20
2 36 20
2 37 20
2 38 20
2 39 20
2 40 20
2 41 20
2 42 20
2 43 20
0 35 19
1 22 22
1 22 21
6 22 20
2 23 20
0 22 23
3 10 44
2 11 44
2 12 44
2 13 44
2 14 44
2 15 44
2 16 44
2 17 44
2 18 44
2 19 44
2 20 44
2 21 44
2 22 44
2 23 44
5 24 44
1 24 45
4 24 46
0 10 43
3 40 31
1 40 30
1 40 29
0 41 31
2 32 17
2 33 17
5 34 17
1 34 18
3 34 19
0 31 17
1 4 16
1 4 17
1 4 18
3 4 19
2 5 19
2 6 19
2 7 19
0 4 15
2 29 43
2 28 43
2 27 43
2 26 43
6 25 43
1 25 44
1 25 45
1 25 46
0 30 43
2 41 43
2 40 43
2 39 43
2 38 43
6 37 43
4 37 44
2 36 44
3 35 44
0 42 43
2 29 19
2 28 19
6 27 19
0 30 19
2 18 11
2 17 11
2 16 11
2 15 11
2 14 11
6 13 11
1 13 12
1 13 13
1 13 14
4 13 15
0 19 11
2 43 29
2 42 29
3 41 29
5 41 28
0 44 29
2 16 12
2 17 12
2 18 12
4 19 12
0 15 12
6 47 25
4 48 25
0 47 26
2 5 44
3 4 44
1 4 43
0 6 44
2 39 39
2 38 39
2 37 39
6 36 39
1 36 40
0 40 39
3 29 17
2 30 17
0 29 16
6 31 7
1 31 8
1 31 9
1 31 10
1 31 11
1 31 12
1 31 13
1 31 14
1 31 15
1 31 16
0 32 7
3 40 19
2 41 19
2 42 19
2 43 19
5 44 19
0 40 18
6 14 15
4 14 16
2 13 16
3 12 16
0 15 15
3 7 23
2 8 23
0 7 22
2 26 49
2 25 49
0 27 49
1 19 9
1 19 10
0 19 8
6 43 25
4 43 26
2 42 26
0 44 25
6 26 45
1 26 46
4 26 47
0 27 45
6 4 39
1 4 40
1 4 41
0 5 39
6 30 39
1 30 40
1 30 41
1 30 42
0 31 39
2 16 39
2 15 39
2 14 39
2 13 39
2 12 39
2 11 39
6 10 39
1 10 40
1 10 41
1 10 42
0 17 39
4 44 27
1 44 26
0 43 27
2 28 22
3 27 22
1 27 21
0 29 22
1 45 18
1 45 19
4 45 20
0 45 17
2 13 42
2 12 42
6 11 42
4 11 43
0 14 42
2 10 12
2 9 12
2 8 12
2 7 12
2 6 12
2 5 12
6 4 12
1 4 13
1 4 14
0 11 12
2 6 16
3 5 16
5 5 15
0 7 16
2 4 20
2 5 20
2 6 20
2 7 20
4 8 20
0 3 20
2 22 3
2 21 3
2 20 3
6 19 3
1 19 4
1 19 5
1 19 6
1 19 7
0 23 3
2 40 44
2 41 44
4 42 44
0 39 44
1 30 37
3 30 38
5 31 38
0 30 36
1 36 26
6 36 25
2 37 25
0 36 27
2 6 42
2 5 42
0 7 42
4 30 7
6 30 6
2 31 6
5 32 6
0 29 7
2 39 49
2 38 49
0 40 49
2 44 41
2 43 41
6 42 41
1 42 42
0 45 41
2 10 38
6 9 38
1 9 39
1 9 40
1 9 41
1 9 42
3 9 43
0 11 38
6 30 21
1 30 22
4 30 23
2 29 23
2 28 23
6 27 23
4 27 24
0 31 21
1 13 4
1 13 5
1 13 6
1 13 7
3 13 8
2 14 8
2 15 8
2 16 8
2 17 8
2 18 8
0 13 3
2 36 8
6 35 8
1 35 9
1 35 10
1 35 11
1 35 12
1 35 13
1 35 14
1 35 15
1 35 16
1 35 17
1 35 18
0 37 8
2 16 48
2 15 48
2 14 48
2 13 48
2 12 48
2 11 48
2 10 48
2 9 48
2 8 48
2 7 48
2 6 48
2 5 48
2 4 48
2 3 48
2 2 48
2 1 48
3 0 48
1 0 47
1 0 46
0 17 48
2 2 38
2 3 38
2 4 38
5 5 38
0 1 38
-1
-1
-1
-1
-1
-1
-1
-1
-1
-1
-1
-1
-1
-1
-1
-1
-1
-1
-1
-1
-1
-1
-1
-1
-1
-1
-1
-1
-1
-1
-1
-1
-1
-1
-1
-1
-1
-1
-1
-1
-1
-1
-1
-1
-1
-1
-1
-1
-1
-1
-1
-1
-1
-1
-1
-1
-1
-1
-1
-1
-1
-1
-1
-1
-1
-1
-1
-1
-1
-1
-1
-1
-1
-1
-1
-1
-1
-1
-1
-1
-1
-1
-1
-1
-1
-1
-1
-1
-1
-1
-1
-1
-1
-1
-1
-1
-1
-1
-1
-1
-1
-1
-1
-1
-1
-1
-1
-1
-1
-1
-1
-1
-1
-1
-1
-1
-1
-1
-1
-1
-1
-1
-1
-1
-1
-1
-1
-1
-1
-1
-1
-1
-1
-1
-1
-1
-1
-1
-1
-1
-1
-1
-1
-1
-1
-1
-1
-1
-1
-1
-1
-1
-1
-1
-1
-1
-1
-1
-1
-1
-1
-1
-1
-1
-1
#time = 4.739382266998291sec
