0 41 15
0 3 45
2 4 15
2 5 15
2 6 15
2 7 15
2 8 15
2 9 15
2 10 15
2 11 15
2 12 15
2 13 15
2 14 15
2 15 15
2 16 15
2 17 15
2 18 15
2 19 15
2 20 15
2 21 15
2 22 15
2 23 15
2 24 15
2 25 15
2 26 15
2 27 15
2 28 15
2 29 15
2 30 15
2 31 15
2 32 15
2 33 15
2 34 15
2 35 15
2 36 15
2 37 15
2 38 15
2 39 15
2 40 15
1 3 16
1 3 17
1 3 18
1 3 19
1 3 20
1 3 21
1 3 22
1 3 23
1 3 24
1 3 25
1 3 26
1 3 27
1 3 28
1 3 29
1 3 30
1 3 31
1 3 32
1 3 33
1 3 34
1 3 35
1 3 36
1 3 37
1 3 38
1 3 39
1 3 40
1 3 41
1 3 42
1 3 43
1 3 44
6 3 15
-1
-1
-1
-1
-1
-1
-1
-1
-1
-1
-1
-1
-1
-1
-1
-1
-1
-1
-1
-1
-1
-1
-1
-1
-1
-1
-1
-1
-1
-1
-1
-1
-1
-1
-1
-1
-1
-1
-1
-1
-1
-1
-1
-1
-1
-1
-1
-1
-1
-1
-1
-1
-1
-1
-1
-1
-1
-1
-1
-1
-1
-1
-1
-1
-1
-1
-1
-1
-1
-1
-1
-1
-1
-1
-1
-1
-1
-1
-1
-1
-1
-1
-1
-1
-1
-1
-1
-1
-1
-1
-1
-1
-1
-1
-1
-1
-1
-1
-1
-1
-1
-1
-1
-1
-1
-1
-1
-1
-1
-1
-1
-1
-1
-1
-1
-1
-1
-1
-1
-1
-1
-1
-1
-1
-1
-1
-1
-1
-1
-1
-1
-1
-1
-1
-1
-1
-1
-1
2 13 46
2 12 46
2 11 46
2 10 46
2 9 46
2 8 46
2 7 46
2 6 46
2 5 46
2 4 46
3 3 46
0 14 46
-1
-1
-1
-1
-1
-1
-1
-1
-1
-1
-1
-1
-1
-1
-1
-1
-1
-1
-1
-1
-1
-1
-1
-1
-1
-1
-1
-1
-1
-1
-1
-1
2 22 35
2 21 35
2 20 35
2 19 35
2 18 35
2 17 35
2 16 35
2 15 35
2 14 35
2 13 35
2 12 35
2 11 35
2 10 35
2 9 35
2 8 35
2 7 35
2 6 35
2 5 35
6 4 35
1 4 36
1 4 37
1 4 38
1 4 39
1 4 40
1 4 41
1 4 42
1 4 43
1 4 44
4 4 45
0 23 35
-1
-1
-1
-1
-1
-1
-1
-1
-1
-1
-1
-1
-1
-1
-1
-1
-1
-1
-1
-1
1 30 2
1 30 3
1 30 4
1 30 5
1 30 6
1 30 7
1 30 8
1 30 9
1 30 10
1 30 11
1 30 12
1 30 13
3 30 14
2 31 14
2 32 14
2 33 14
2 34 14
2 35 14
2 36 14
2 37 14
2 38 14
2 39 14
2 40 14
5 41 14
0 30 1
-1
-1
-1
-1
-1
-1
-1
2 22 39
2 21 39
2 20 39
2 19 39
2 18 39
2 17 39
2 16 39
6 15 39
1 15 40
1 15 41
1 15 42
1 15 43
1 15 44
1 15 45
1 15 46
4 15 47
2 14 47
2 13 47
2 12 47
2 11 47
2 10 47
2 9 47
2 8 47
2 7 47
2 6 47
2 5 47
2 4 47
2 3 47
3 2 47
1 2 46
6 2 45
0 23 39
2 23 7
2 24 7
2 25 7
2 26 7
2 27 7
2 28 7
4 29 7
1 29 6
1 29 5
1 29 4
1 29 3
1 29 2
1 29 1
6 29 0
2 30 0
5 31 0
1 31 1
1 31 2
1 31 3
1 31 4
1 31 5
1 31 6
1 31 7
1 31 8
1 31 9
1 31 10
1 31 11
1 31 12
3 31 13
2 32 13
2 33 13
2 34 13
2 35 13
2 36 13
2 37 13
2 38 13
2 39 13
2 40 13
2 41 13
5 42 13
1 42 14
4 42 15
0 22 7
-1
1 36 25
1 36 24
1 36 23
1 36 22
1 36 21
1 36 20
1 36 19
1 36 18
1 36 17
6 36 16
2 37 16
2 38 16
2 39 16
2 40 16
4 41 16
0 36 26
1 42 6
1 42 7
1 42 8
1 42 9
1 42 10
1 42 11
3 42 12
5 43 12
1 43 13
1 43 14
1 43 15
4 43 16
6 42 16
4 42 17
2 41 17
2 40 17
2 39 17
2 38 17
6 37 17
1 37 18
1 37 19
1 37 20
1 37 21
1 37 22
1 37 23
1 37 24
1 37 25
4 37 26
0 42 5
1 20 25
1 20 26
1 20 27
1 20 28
1 20 29
1 20 30
1 20 31
1 20 32
1 20 33
3 20 34
2 21 34
2 22 34
5 23 34
0 20 24
-1
-1
-1
-1
-1
-1
-1
-1
-1
-1
1 40 7
1 40 6
6 40 5
2 41 5
0 40 8
-1
-1
-1
-1
-1
-1
4 39 5
6 39 4
2 40 4
2 41 4
5 42 4
0 38 5
-1
-1
-1
-1
-1
-1
-1
1 23 41
1 23 40
0 23 42
-1
1 34 11
1 34 10
1 34 9
6 34 8
2 35 8
2 36 8
2 37 8
2 38 8
2 39 8
0 34 12
-1
-1
-1
-1
-1
3 20 42
2 21 42
2 22 42
0 20 41
2 48 14
2 47 14
2 46 14
2 45 14
3 44 14
1 44 13
1 44 12
5 44 11
3 43 11
1 43 10
1 43 9
1 43 8
1 43 7
1 43 6
5 43 5
0 49 14
2 38 44
2 37 44
2 36 44
2 35 44
2 34 44
2 33 44
2 32 44
2 31 44
2 30 44
2 29 44
2 28 44
2 27 44
2 26 44
2 25 44
3 24 44
1 24 43
1 24 42
1 24 41
1 24 40
5 24 39
0 39 44
1 35 17
1 35 18
1 35 19
1 35 20
1 35 21
1 35 22
1 35 23
1 35 24
1 35 25
3 35 26
0 35 16
-1
-1
-1
-1
-1
-1
-1
-1
-1
-1
-1
-1
-1
-1
-1
-1
-1
-1
-1
-1
-1
-1
-1
-1
-1
-1
-1
-1
-1
-1
-1
-1
-1
-1
-1
-1
-1
-1
-1
-1
-1
-1
-1
-1
-1
-1
-1
-1
-1
-1
-1
-1
-1
-1
-1
-1
-1
-1
-1
-1
-1
-1
-1
-1
-1
-1
-1
-1
-1
-1
-1
-1
-1
-1
-1
-1
-1
-1
-1
-1
-1
-1
-1
-1
-1
-1
-1
-1
-1
-1
-1
-1
-1
-1
-1
-1
-1
-1
-1
-1
-1
-1
-1
-1
-1
-1
-1
-1
-1
-1
-1
-1
-1
-1
-1
-1
-1
-1
-1
-1
-1
-1
-1
-1
-1
-1
-1
-1
-1
-1
-1
-1
-1
-1
-1
-1
-1
-1
-1
-1
-1
-1
-1
-1
-1
-1
-1
-1
-1
-1
-1
-1
-1
-1
-1
-1
-1
-1
-1
-1
-1
-1
-1
-1
-1
-1
-1
-1
-1
-1
-1
-1
-1
-1
-1
-1
-1
-1
-1
-1
-1
-1
-1
-1
-1
-1
-1
-1
-1
-1
-1
-1
-1
-1
-1
-1
-1
-1
-1
-1
-1
-1
-1
-1
-1
-1
-1
-1
-1
-1
-1
-1
-1
-1
-1
-1
-1
-1
-1
-1
-1
-1
-1
-1
-1
-1
-1
#time = 0.6303455829620361sec
