0 48 40
0 18 8
2 19 40
2 20 40
2 21 40
2 22 40
2 23 40
2 24 40
2 25 40
2 26 40
2 27 40
2 28 40
2 29 40
2 30 40
2 31 40
2 32 40
2 33 40
2 34 40
2 35 40
2 36 40
2 37 40
2 38 40
2 39 40
2 40 40
2 41 40
2 42 40
2 43 40
2 44 40
2 45 40
2 46 40
2 47 40
1 18 9
1 18 10
1 18 11
1 18 12
1 18 13
1 18 14
1 18 15
1 18 16
1 18 17
1 18 18
1 18 19
1 18 20
1 18 21
1 18 22
1 18 23
1 18 24
1 18 25
1 18 26
1 18 27
1 18 28
1 18 29
1 18 30
1 18 31
1 18 32
1 18 33
1 18 34
1 18 35
1 18 36
1 18 37
1 18 38
1 18 39
3 18 40
-1
-1
-1
-1
-1
-1
-1
-1
-1
-1
-1
-1
-1
-1
-1
-1
-1
-1
-1
-1
-1
-1
-1
-1
-1
-1
-1
-1
-1
-1
-1
-1
-1
-1
-1
-1
-1
-1
-1
-1
-1
-1
-1
-1
-1
-1
-1
-1
-1
-1
-1
-1
-1
-1
-1
-1
-1
-1
-1
-1
-1
-1
-1
-1
-1
-1
-1
-1
-1
-1
-1
-1
-1
-1
-1
-1
-1
-1
-1
-1
-1
-1
-1
-1
-1
-1
-1
-1
-1
-1
-1
-1
-1
-1
-1
-1
-1
-1
-1
-1
-1
-1
-1
-1
-1
-1
-1
-1
-1
-1
-1
-1
-1
3 16 8
2 17 8
0 16 7
-1
-1
-1
-1
-1
-1
-1
-1
-1
-1
-1
-1
-1
-1
-1
-1
-1
-1
-1
-1
-1
-1
-1
-1
-1
-1
-1
-1
-1
-1
-1
-1
-1
-1
-1
-1
3 7 6
2 8 6
2 9 6
2 10 6
2 11 6
2 12 6
2 13 6
2 14 6
2 15 6
2 16 6
5 17 6
3 17 7
5 18 7
0 7 5
-1
-1
-1
-1
-1
-1
-1
-1
-1
-1
-1
-1
-1
-1
-1
-1
1 39 33
1 39 34
1 39 35
1 39 36
1 39 37
1 39 38
3 39 39
2 40 39
2 41 39
2 42 39
2 43 39
2 44 39
2 45 39
2 46 39
2 47 39
5 48 39
0 39 32
-1
-1
1 2 10
1 2 9
6 2 8
2 3 8
2 4 8
2 5 8
4 6 8
1 6 7
1 6 6
1 6 5
6 6 4
2 7 4
5 8 4
3 8 5
2 9 5
2 10 5
2 11 5
2 12 5
2 13 5
2 14 5
2 15 5
2 16 5
2 17 5
5 18 5
3 18 6
5 19 6
1 19 7
4 19 8
0 2 11
1 39 27
1 39 28
1 39 29
1 39 30
3 39 31
5 40 31
1 40 32
1 40 33
1 40 34
1 40 35
1 40 36
1 40 37
3 40 38
2 41 38
2 42 38
2 43 38
2 44 38
2 45 38
2 46 38
2 47 38
2 48 38
5 49 38
1 49 39
4 49 40
0 39 26
2 18 2
2 17 2
2 16 2
2 15 2
2 14 2
2 13 2
2 12 2
2 11 2
2 10 2
2 9 2
2 8 2
2 7 2
2 6 2
2 5 2
2 4 2
2 3 2
6 2 2
1 2 3
1 2 4
1 2 5
1 2 6
4 2 7
6 1 7
1 1 8
1 1 9
1 1 10
3 1 11
0 19 2
1 46 44
1 46 43
1 46 42
6 46 41
2 47 41
4 48 41
0 46 45
2 8 26
2 7 26
2 6 26
2 5 26
2 4 26
2 3 26
3 2 26
1 2 25
1 2 24
1 2 23
1 2 22
1 2 21
1 2 20
1 2 19
1 2 18
1 2 17
1 2 16
1 2 15
1 2 14
1 2 13
1 2 12
0 9 26
6 14 3
2 15 3
2 16 3
2 17 3
2 18 3
4 19 3
0 14 4
-1
1 38 28
1 38 27
6 38 26
0 38 29
2 46 32
2 45 32
2 44 32
2 43 32
2 42 32
3 41 32
1 41 31
5 41 30
3 40 30
1 40 29
1 40 28
1 40 27
5 40 26
0 47 32
1 12 11
1 12 10
1 12 9
1 12 8
6 12 7
2 13 7
2 14 7
2 15 7
0 12 12
-1
1 45 46
6 45 45
0 45 47
2 40 4
2 39 4
2 38 4
2 37 4
2 36 4
2 35 4
2 34 4
2 33 4
2 32 4
2 31 4
2 30 4
2 29 4
2 28 4
2 27 4
2 26 4
2 25 4
2 24 4
2 23 4
2 22 4
2 21 4
3 20 4
1 20 3
5 20 2
0 41 4
1 5 22
1 5 23
1 5 24
3 5 25
2 6 25
2 7 25
2 8 25
5 9 25
0 5 21
2 43 3
2 42 3
2 41 3
2 40 3
2 39 3
2 38 3
2 37 3
2 36 3
2 35 3
2 34 3
2 33 3
2 32 3
2 31 3
2 30 3
2 29 3
2 28 3
2 27 3
2 26 3
2 25 3
2 24 3
2 23 3
2 22 3
3 21 3
1 21 2
5 21 1
2 20 1
6 19 1
0 44 3
-1
-1
-1
-1
-1
-1
-1
-1
-1
-1
-1
-1
-1
-1
-1
-1
-1
-1
-1
-1
-1
-1
-1
-1
-1
-1
-1
-1
-1
-1
-1
-1
-1
-1
-1
-1
-1
-1
-1
-1
-1
-1
-1
-1
-1
-1
-1
-1
-1
-1
-1
-1
-1
-1
-1
-1
-1
-1
-1
-1
-1
-1
-1
-1
-1
-1
-1
-1
-1
-1
-1
-1
-1
-1
-1
-1
-1
-1
-1
-1
-1
-1
-1
-1
-1
-1
-1
-1
-1
-1
-1
-1
-1
-1
-1
-1
-1
-1
-1
-1
-1
-1
-1
-1
-1
-1
-1
-1
-1
-1
-1
-1
-1
-1
-1
-1
-1
-1
-1
-1
-1
-1
-1
-1
-1
-1
-1
-1
-1
-1
-1
-1
-1
-1
-1
-1
-1
-1
-1
-1
-1
-1
-1
-1
-1
-1
-1
-1
-1
-1
-1
-1
-1
-1
-1
-1
-1
-1
-1
-1
-1
-1
-1
-1
-1
-1
-1
-1
-1
-1
-1
-1
-1
-1
-1
-1
-1
-1
-1
-1
-1
-1
-1
-1
-1
-1
-1
-1
-1
-1
-1
-1
-1
-1
-1
-1
-1
-1
-1
-1
-1
-1
-1
-1
-1
-1
-1
-1
-1
-1
-1
-1
-1
-1
-1
-1
-1
-1
-1
-1
-1
-1
-1
-1
-1
-1
-1
-1
-1
-1
-1
-1
-1
-1
-1
-1
-1
-1
-1
-1
-1
-1
-1
-1
-1
-1
-1
-1
-1
-1
-1
-1
-1
-1
-1
-1
-1
-1
-1
-1
-1
-1
-1
-1
-1
-1
-1
-1
-1
-1
-1
-1
-1
-1
-1
-1
-1
-1
-1
-1
-1
-1
-1
-1
-1
-1
-1
-1
-1
-1
-1
-1
-1
-1
-1
-1
-1
-1
-1
-1
-1
-1
-1
-1
-1
-1
-1
-1
-1
-1
-1
-1
-1
-1
-1
-1
-1
-1
-1
-1
-1
-1
-1
-1
-1
#time = 0.42547059059143066sec
