0 3 31
0 34 11
2 4 31
2 5 31
2 6 31
2 7 31
2 8 31
2 9 31
2 10 31
2 11 31
2 12 31
2 13 31
2 14 31
2 15 31
2 16 31
2 17 31
2 18 31
2 19 31
2 20 31
2 21 31
2 22 31
2 23 31
2 24 31
2 25 31
2 26 31
2 27 31
2 28 31
2 29 31
2 30 31
2 31 31
2 32 31
2 33 31
1 34 12
1 34 13
1 34 14
1 34 15
1 34 16
1 34 17
1 34 18
1 34 19
1 34 20
1 34 21
1 34 22
1 34 23
1 34 24
1 34 25
1 34 26
1 34 27
1 34 28
1 34 29
1 34 30
4 34 31
-1
-1
-1
-1
-1
-1
-1
-1
-1
-1
-1
-1
-1
-1
-1
-1
-1
-1
-1
-1
-1
-1
-1
-1
-1
-1
-1
-1
-1
-1
-1
-1
-1
-1
-1
-1
-1
-1
-1
-1
-1
-1
-1
-1
-1
-1
-1
-1
-1
-1
-1
-1
-1
-1
-1
-1
-1
-1
-1
-1
-1
-1
-1
-1
-1
-1
-1
-1
-1
-1
-1
-1
-1
-1
-1
-1
-1
-1
-1
-1
-1
-1
-1
-1
-1
-1
-1
-1
-1
-1
-1
-1
-1
-1
-1
-1
-1
-1
-1
-1
-1
-1
-1
-1
-1
-1
-1
-1
-1
-1
-1
-1
-1
-1
-1
-1
-1
-1
-1
-1
-1
-1
-1
-1
-1
-1
-1
-1
-1
-1
-1
-1
-1
-1
-1
-1
-1
-1
-1
-1
-1
-1
-1
-1
-1
-1
-1
-1
-1
-1
-1
-1
-1
-1
-1
-1
-1
-1
-1
-1
-1
-1
-1
-1
-1
-1
-1
-1
-1
-1
-1
-1
-1
-1
-1
-1
-1
-1
-1
-1
-1
-1
-1
-1
2 39 1
2 38 1
2 37 1
2 36 1
2 35 1
6 34 1
1 34 2
1 34 3
1 34 4
1 34 5
1 34 6
1 34 7
1 34 8
1 34 9
1 34 10
0 40 1
-1
-1
-1
-1
-1
-1
-1
-1
-1
-1
-1
-1
-1
-1
-1
-1
-1
-1
-1
-1
-1
-1
-1
-1
-1
-1
-1
-1
-1
-1
-1
-1
-1
-1
-1
-1
-1
-1
-1
2 41 8
2 40 8
2 39 8
2 38 8
2 37 8
2 36 8
6 35 8
1 35 9
1 35 10
4 35 11
0 42 8
-1
-1
-1
-1
-1
-1
-1
-1
-1
-1
-1
-1
-1
-1
-1
-1
-1
-1
-1
-1
-1
-1
-1
-1
-1
1 3 35
1 3 34
1 3 33
1 3 32
0 3 36
-1
-1
-1
-1
-1
-1
-1
-1
-1
-1
-1
-1
-1
-1
-1
-1
-1
-1
2 31 11
2 32 11
2 33 11
0 30 11
-1
-1
-1
-1
-1
-1
-1
-1
-1
2 46 2
2 45 2
2 44 2
2 43 2
2 42 2
2 41 2
3 40 2
0 47 2
1 38 18
1 38 17
1 38 16
1 38 15
1 38 14
1 38 13
1 38 12
1 38 11
1 38 10
6 38 9
2 39 9
2 40 9
2 41 9
4 42 9
0 38 19
2 18 45
2 17 45
2 16 45
2 15 45
2 14 45
2 13 45
2 12 45
2 11 45
2 10 45
2 9 45
2 8 45
2 7 45
2 6 45
2 5 45
2 4 45
3 3 45
1 3 44
1 3 43
1 3 42
1 3 41
1 3 40
1 3 39
1 3 38
5 3 37
3 2 37
1 2 36
1 2 35
1 2 34
1 2 33
1 2 32
6 2 31
0 19 45
2 40 21
2 39 21
3 38 21
1 38 20
0 41 21
1 15 43
3 15 44
2 16 44
2 17 44
2 18 44
5 19 44
0 15 42
1 37 6
3 37 7
2 38 7
2 39 7
2 40 7
2 41 7
5 42 7
0 37 5
1 39 17
1 39 18
4 39 19
0 39 16
2 17 43
3 16 43
1 16 42
5 16 41
2 15 41
2 14 41
2 13 41
2 12 41
2 11 41
2 10 41
2 9 41
2 8 41
2 7 41
2 6 41
2 5 41
3 4 41
1 4 40
1 4 39
1 4 38
1 4 37
5 4 36
0 18 43
1 2 27
1 2 28
1 2 29
3 2 30
5 3 30
0 2 26
2 36 40
2 35 40
2 34 40
2 33 40
2 32 40
2 31 40
2 30 40
2 29 40
2 28 40
2 27 40
2 26 40
2 25 40
2 24 40
2 23 40
2 22 40
2 21 40
2 20 40
2 19 40
6 18 40
1 18 41
1 18 42
0 37 40
2 46 41
2 45 41
2 44 41
2 43 41
2 42 41
3 41 41
1 41 40
1 41 39
1 41 38
1 41 37
1 41 36
1 41 35
1 41 34
1 41 33
1 41 32
1 41 31
1 41 30
1 41 29
1 41 28
1 41 27
1 41 26
1 41 25
1 41 24
1 41 23
1 41 22
0 47 41
2 13 23
2 12 23
2 11 23
2 10 23
2 9 23
2 8 23
2 7 23
2 6 23
2 5 23
2 4 23
2 3 23
6 2 23
1 2 24
1 2 25
0 14 23
2 39 35
2 38 35
6 37 35
1 37 36
1 37 37
1 37 38
1 37 39
0 40 35
2 31 8
6 30 8
1 30 9
1 30 10
0 32 8
1 47 39
1 47 40
0 47 38
1 31 5
1 31 6
3 31 7
5 32 7
0 31 4
1 19 42
4 19 43
0 19 41
1 13 29
1 13 28
1 13 27
1 13 26
1 13 25
6 13 24
4 14 24
0 13 30
2 40 45
2 39 45
2 38 45
3 37 45
1 37 44
1 37 43
1 37 42
1 37 41
0 41 45
2 13 22
5 14 22
0 12 22
2 39 5
2 38 5
0 40 5
1 28 5
6 28 4
2 29 4
2 30 4
0 28 6
1 38 42
1 38 41
5 38 40
0 38 43
2 17 24
2 16 24
3 15 24
5 15 23
0 18 24
1 36 13
1 36 14
1 36 15
1 36 16
1 36 17
1 36 18
3 36 19
2 37 19
0 36 12
1 33 7
4 33 8
0 33 6
2 42 43
6 41 43
1 41 44
0 43 43
6 18 22
1 18 23
0 19 22
2 42 1
2 41 1
0 43 1
1 24 20
1 24 19
1 24 18
1 24 17
1 24 16
1 24 15
1 24 14
1 24 13
1 24 12
6 24 11
2 25 11
2 26 11
2 27 11
2 28 11
2 29 11
0 24 21
1 25 13
6 25 12
2 26 12
2 27 12
2 28 12
2 29 12
4 30 12
0 25 14
2 21 49
2 20 49
3 19 49
1 19 48
1 19 47
1 19 46
0 22 49
-1
-1
-1
-1
-1
-1
-1
-1
-1
-1
-1
-1
-1
-1
-1
-1
-1
-1
-1
-1
-1
-1
-1
-1
-1
-1
-1
-1
-1
-1
-1
-1
-1
-1
-1
-1
-1
-1
-1
-1
-1
-1
-1
-1
-1
-1
-1
-1
-1
-1
-1
-1
-1
-1
-1
-1
-1
-1
-1
-1
-1
-1
-1
-1
-1
-1
-1
-1
-1
-1
-1
-1
-1
-1
-1
-1
-1
-1
-1
-1
-1
-1
-1
-1
-1
-1
-1
-1
-1
-1
-1
-1
-1
-1
-1
-1
-1
-1
-1
-1
-1
-1
-1
-1
-1
-1
-1
-1
-1
-1
-1
-1
-1
-1
-1
-1
-1
-1
-1
-1
-1
-1
-1
-1
-1
-1
-1
-1
-1
-1
-1
-1
-1
-1
-1
-1
-1
-1
-1
-1
-1
-1
-1
-1
-1
-1
-1
-1
-1
-1
-1
-1
-1
#time = 1.9278929233551025sec
