0 40 42
0 6 17
2 7 42
2 8 42
2 9 42
2 10 42
2 11 42
2 12 42
2 13 42
2 14 42
2 15 42
2 16 42
2 17 42
2 18 42
2 19 42
2 20 42
2 21 42
2 22 42
2 23 42
2 24 42
2 25 42
2 26 42
2 27 42
2 28 42
2 29 42
2 30 42
2 31 42
2 32 42
2 33 42
2 34 42
2 35 42
2 36 42
2 37 42
2 38 42
2 39 42
1 6 18
1 6 19
1 6 20
1 6 21
1 6 22
1 6 23
1 6 24
1 6 25
1 6 26
1 6 27
1 6 28
1 6 29
1 6 30
1 6 31
1 6 32
1 6 33
1 6 34
1 6 35
1 6 36
1 6 37
1 6 38
1 6 39
1 6 40
1 6 41
3 6 42
-1
-1
-1
-1
-1
-1
-1
-1
-1
-1
-1
-1
-1
-1
-1
-1
-1
-1
-1
-1
-1
-1
-1
-1
-1
-1
-1
-1
-1
-1
-1
-1
-1
-1
-1
-1
-1
-1
-1
-1
-1
-1
-1
-1
-1
-1
-1
-1
-1
-1
-1
-1
-1
-1
-1
-1
-1
-1
-1
-1
-1
-1
-1
-1
-1
-1
-1
-1
-1
-1
-1
-1
-1
-1
-1
-1
2 8 15
2 7 15
6 6 15
1 6 16
0 9 15
-1
-1
-1
-1
-1
-1
-1
-1
-1
-1
-1
-1
-1
-1
-1
-1
-1
-1
-1
-1
-1
-1
-1
-1
-1
-1
-1
-1
-1
-1
-1
-1
-1
-1
-1
-1
-1
-1
-1
-1
-1
-1
6 38 43
2 39 43
4 40 43
0 38 44
-1
-1
-1
-1
-1
-1
-1
-1
-1
-1
-1
-1
-1
-1
-1
-1
-1
-1
-1
-1
-1
-1
-1
-1
-1
-1
2 43 40
2 42 40
2 41 40
6 40 40
1 40 41
0 44 40
-1
-1
-1
-1
-1
-1
-1
-1
-1
-1
-1
-1
-1
-1
-1
-1
-1
-1
-1
1 8 13
3 8 14
5 9 14
0 8 12
-1
-1
-1
-1
-1
-1
-1
-1
-1
-1
1 39 36
1 39 37
1 39 38
3 39 39
2 40 39
2 41 39
2 42 39
2 43 39
5 44 39
0 39 35
-1
-1
-1
-1
-1
-1
-1
-1
-1
3 9 20
1 9 19
1 9 18
1 9 17
1 9 16
0 10 20
-1
-1
-1
-1
-1
-1
-1
-1
-1
2 41 45
2 40 45
2 39 45
3 38 45
0 42 45
-1
-1
-1
-1
-1
1 3 20
1 3 19
1 3 18
6 3 17
2 4 17
2 5 17
0 3 21
2 37 38
4 38 38
1 38 37
1 38 36
1 38 35
6 38 34
2 39 34
5 40 34
1 40 35
1 40 36
1 40 37
3 40 38
2 41 38
2 42 38
2 43 38
2 44 38
5 45 38
1 45 39
1 45 40
4 45 41
2 44 41
2 43 41
2 42 41
6 41 41
4 41 42
0 36 38
6 11 17
1 11 18
1 11 19
1 11 20
4 11 21
2 10 21
2 9 21
2 8 21
3 7 21
1 7 20
1 7 19
1 7 18
5 7 17
0 12 17
2 11 9
2 10 9
2 9 9
6 8 9
1 8 10
1 8 11
0 12 9
2 16 9
2 15 9
2 14 9
6 13 9
4 13 10
2 12 10
2 11 10
6 10 10
1 10 11
1 10 12
1 10 13
1 10 14
4 10 15
0 17 9
3 36 44
2 37 44
0 36 43
2 46 35
2 45 35
2 44 35
2 43 35
2 42 35
3 41 35
1 41 34
5 41 33
2 40 33
2 39 33
2 38 33
2 37 33
6 36 33
1 36 34
1 36 35
1 36 36
1 36 37
0 47 35
1 30 40
1 30 39
6 30 38
2 31 38
2 32 38
2 33 38
2 34 38
2 35 38
0 30 41
2 20 21
2 19 21
2 18 21
2 17 21
2 16 21
2 15 21
2 14 21
3 13 21
1 13 20
1 13 19
1 13 18
1 13 17
5 13 16
2 12 16
2 11 16
6 10 16
1 10 17
1 10 18
1 10 19
0 21 21
1 1 9
1 1 10
1 1 11
3 1 12
2 2 12
2 3 12
2 4 12
2 5 12
2 6 12
2 7 12
0 1 8
1 36 31
3 36 32
2 37 32
2 38 32
2 39 32
2 40 32
2 41 32
5 42 32
1 42 33
3 42 34
2 43 34
2 44 34
2 45 34
2 46 34
5 47 34
0 36 30
1 43 21
1 43 22
1 43 23
1 43 24
1 43 25
1 43 26
1 43 27
1 43 28
1 43 29
1 43 30
1 43 31
1 43 32
3 43 33
2 44 33
2 45 33
2 46 33
2 47 33
5 48 33
1 48 34
4 48 35
0 43 20
1 27 36
1 27 37
1 27 38
1 27 39
1 27 40
3 27 41
2 28 41
2 29 41
0 27 35
2 16 31
2 15 31
2 14 31
2 13 31
3 12 31
1 12 30
1 12 29
1 12 28
1 12 27
1 12 26
1 12 25
1 12 24
1 12 23
1 12 22
1 12 21
1 12 20
1 12 19
1 12 18
0 17 31
1 47 27
1 47 28
1 47 29
1 47 30
1 47 31
3 47 32
2 48 32
5 49 32
1 49 33
1 49 34
1 49 35
4 49 36
2 48 36
3 47 36
0 47 26
2 37 47
3 36 47
1 36 46
5 36 45
3 35 45
1 35 44
6 35 43
0 38 47
1 11 13
1 11 12
6 11 11
2 12 11
2 13 11
4 14 11
6 14 10
2 15 10
2 16 10
4 17 10
0 11 14
1 42 47
1 42 46
0 42 48
1 1 29
1 1 28
1 1 27
1 1 26
1 1 25
1 1 24
1 1 23
1 1 22
6 1 21
2 2 21
0 1 30
2 40 29
2 39 29
2 38 29
2 37 29
6 36 29
0 41 29
3 1 17
1 1 16
1 1 15
1 1 14
5 1 13
3 0 13
1 0 12
1 0 11
1 0 10
1 0 9
6 0 8
0 2 17
2 28 32
6 27 32
1 27 33
1 27 34
0 29 32
6 38 20
2 39 20
2 40 20
2 41 20
2 42 20
0 38 21
1 13 39
1 13 38
1 13 37
1 13 36
1 13 35
1 13 34
1 13 33
6 13 32
2 14 32
2 15 32
2 16 32
4 17 32
0 13 40
1 45 31
1 45 30
1 45 29
1 45 28
1 45 27
6 45 26
2 46 26
0 45 32
2 4 14
2 3 14
6 2 14
1 2 15
1 2 16
0 5 14
2 22 17
6 21 17
1 21 18
1 21 19
1 21 20
0 23 17
-1
-1
-1
-1
-1
-1
-1
-1
-1
-1
-1
-1
-1
-1
-1
-1
-1
-1
-1
-1
-1
-1
-1
-1
-1
-1
-1
-1
-1
-1
-1
-1
-1
-1
-1
-1
-1
-1
-1
-1
-1
-1
-1
-1
-1
-1
-1
-1
-1
-1
-1
-1
-1
-1
-1
-1
-1
-1
-1
-1
-1
-1
-1
-1
-1
-1
-1
-1
-1
-1
-1
-1
-1
-1
-1
-1
-1
-1
-1
-1
-1
-1
-1
-1
-1
-1
-1
-1
-1
-1
-1
-1
-1
-1
-1
-1
-1
-1
-1
-1
-1
-1
-1
-1
-1
-1
-1
-1
-1
-1
-1
-1
-1
-1
-1
-1
-1
-1
-1
-1
-1
-1
-1
-1
-1
-1
-1
-1
-1
-1
-1
-1
-1
-1
-1
-1
-1
-1
-1
-1
-1
-1
-1
-1
-1
-1
-1
-1
-1
-1
-1
-1
-1
-1
-1
-1
-1
-1
-1
-1
-1
-1
-1
-1
-1
-1
-1
-1
-1
-1
-1
-1
-1
-1
-1
-1
-1
-1
-1
-1
-1
-1
-1
-1
-1
-1
-1
-1
-1
-1
-1
-1
-1
-1
-1
-1
-1
-1
-1
-1
#time = 0.8643500804901123sec
