0 24 0
0 8 32
2 9 0
2 10 0
2 11 0
2 12 0
2 13 0
2 14 0
2 15 0
2 16 0
2 17 0
2 18 0
2 19 0
2 20 0
2 21 0
2 22 0
2 23 0
1 8 1
1 8 2
1 8 3
1 8 4
1 8 5
1 8 6
1 8 7
1 8 8
1 8 9
1 8 10
1 8 11
1 8 12
1 8 13
1 8 14
1 8 15
1 8 16
1 8 17
1 8 18
1 8 19
1 8 20
1 8 21
1 8 22
1 8 23
1 8 24
1 8 25
1 8 26
1 8 27
1 8 28
1 8 29
1 8 30
1 8 31
6 8 0
-1
-1
-1
-1
-1
-1
-1
-1
-1
-1
6 23 1
4 24 1
0 23 2
-1
-1
-1
-1
-1
-1
-1
-1
-1
-1
-1
-1
-1
-1
-1
-1
-1
-1
-1
-1
-1
-1
-1
-1
-1
-1
-1
-1
-1
-1
-1
-1
-1
-1
-1
-1
-1
-1
-1
-1
-1
-1
-1
-1
-1
-1
-1
-1
-1
-1
-1
-1
2 28 1
2 27 1
2 26 1
3 25 1
5 25 0
0 29 1
-1
-1
-1
-1
-1
-1
-1
-1
-1
-1
-1
-1
-1
-1
-1
-1
-1
-1
-1
-1
-1
-1
1 5 31
3 5 32
2 6 32
2 7 32
0 5 30
-1
-1
-1
-1
-1
-1
-1
-1
-1
-1
-1
-1
-1
-1
-1
2 10 28
6 9 28
1 9 29
1 9 30
1 9 31
4 9 32
0 11 28
-1
-1
-1
-1
-1
-1
-1
-1
-1
-1
-1
-1
-1
6 10 31
1 10 32
4 10 33
2 9 33
3 8 33
0 11 31
-1
-1
-1
-1
-1
-1
-1
2 37 1
2 36 1
2 35 1
2 34 1
2 33 1
2 32 1
2 31 1
2 30 1
0 38 1
-1
-1
-1
-1
-1
-1
-1
-1
-1
1 21 3
6 21 2
2 22 2
0 21 4
-1
-1
-1
-1
-1
-1
-1
6 9 34
2 10 34
4 11 34
1 11 33
1 11 32
0 9 35
-1
-1
-1
-1
-1
-1
3 18 4
2 19 4
2 20 4
0 18 3
2 29 29
2 28 29
2 27 29
2 26 29
2 25 29
2 24 29
2 23 29
2 22 29
2 21 29
2 20 29
2 19 29
2 18 29
2 17 29
2 16 29
2 15 29
2 14 29
2 13 29
2 12 29
3 11 29
0 30 29
2 24 3
3 23 3
0 25 3
1 4 42
1 4 41
1 4 40
1 4 39
1 4 38
1 4 37
1 4 36
6 4 35
2 5 35
2 6 35
2 7 35
2 8 35
0 4 43
1 24 17
1 24 16
1 24 15
1 24 14
1 24 13
1 24 12
1 24 11
1 24 10
1 24 9
1 24 8
1 24 7
1 24 6
1 24 5
6 24 4
4 25 4
0 24 18
2 36 42
2 35 42
2 34 42
2 33 42
2 32 42
2 31 42
3 30 42
1 30 41
1 30 40
1 30 39
1 30 38
1 30 37
1 30 36
1 30 35
1 30 34
1 30 33
1 30 32
1 30 31
1 30 30
0 37 42
2 31 43
2 30 43
2 29 43
2 28 43
2 27 43
2 26 43
2 25 43
2 24 43
2 23 43
2 22 43
2 21 43
2 20 43
2 19 43
2 18 43
2 17 43
2 16 43
2 15 43
2 14 43
2 13 43
2 12 43
2 11 43
2 10 43
3 9 43
1 9 42
1 9 41
1 9 40
1 9 39
1 9 38
1 9 37
1 9 36
0 32 43
3 10 3
2 11 3
2 12 3
2 13 3
2 14 3
2 15 3
2 16 3
2 17 3
0 10 2
2 33 44
3 32 44
0 34 44
2 37 4
2 36 4
2 35 4
2 34 4
2 33 4
2 32 4
2 31 4
2 30 4
3 29 4
1 29 3
1 29 2
0 38 4
1 4 26
1 4 27
1 4 28
1 4 29
3 4 30
0 4 25
2 27 27
2 26 27
2 25 27
2 24 27
2 23 27
2 22 27
2 21 27
2 20 27
2 19 27
2 18 27
2 17 27
2 16 27
2 15 27
2 14 27
2 13 27
2 12 27
6 11 27
0 28 27
1 35 36
1 35 37
1 35 38
1 35 39
1 35 40
3 35 41
2 36 41
5 37 41
0 35 35
2 21 31
2 20 31
2 19 31
2 18 31
2 17 31
2 16 31
2 15 31
2 14 31
2 13 31
2 12 31
0 22 31
2 20 28
2 19 28
2 18 28
2 17 28
2 16 28
2 15 28
2 14 28
2 13 28
2 12 28
0 21 28
1 5 21
1 5 22
1 5 23
1 5 24
1 5 25
1 5 26
1 5 27
1 5 28
1 5 29
0 5 20
2 33 29
2 32 29
2 31 29
0 34 29
2 36 34
6 35 34
0 37 34
1 10 40
1 10 39
1 10 38
1 10 37
1 10 36
5 10 35
0 10 41
2 42 21
2 41 21
2 40 21
2 39 21
2 38 21
2 37 21
2 36 21
2 35 21
6 34 21
1 34 22
1 34 23
1 34 24
1 34 25
1 34 26
1 34 27
1 34 28
0 43 21
2 23 28
2 22 28
0 24 28
1 2 40
1 2 41
1 2 42
3 2 43
2 3 43
0 2 39
1 17 9
1 17 8
1 17 7
1 17 6
6 17 5
2 18 5
2 19 5
2 20 5
4 21 5
0 17 10
2 27 13
2 26 13
6 25 13
1 25 14
1 25 15
1 25 16
1 25 17
4 25 18
0 28 13
3 1 44
2 2 44
2 3 44
4 4 44
0 1 43
2 39 44
2 38 44
3 37 44
1 37 43
0 40 44
2 28 36
2 27 36
2 26 36
2 25 36
2 24 36
2 23 36
3 22 36
1 22 35
1 22 34
1 22 33
1 22 32
0 29 36
2 26 32
2 25 32
2 24 32
3 23 32
5 23 31
0 27 32
2 39 39
6 38 39
1 38 40
1 38 41
4 38 42
0 40 39
2 27 18
6 26 18
4 26 19
2 25 19
3 24 19
0 28 18
1 1 34
1 1 35
1 1 36
1 1 37
1 1 38
3 1 39
0 1 33
2 28 6
2 27 6
3 26 6
1 26 5
1 26 4
5 26 3
0 29 6
2 30 16
2 29 16
6 28 16
1 28 17
0 31 16
2 9 49
2 8 49
2 7 49
2 6 49
3 5 49
1 5 48
1 5 47
1 5 46
1 5 45
1 5 44
5 5 43
0 10 49
1 26 11
3 26 12
2 27 12
5 28 12
0 26 10
1 21 17
3 21 18
2 22 18
2 23 18
0 21 16
3 37 37
1 37 36
1 37 35
0 38 37
2 40 35
2 39 35
3 38 35
5 38 34
0 41 35
6 11 39
1 11 40
4 11 41
0 12 39
2 12 4
2 11 4
2 10 4
3 9 4
1 9 3
6 9 2
0 13 4
2 37 30
2 36 30
2 35 30
3 34 30
0 38 30
2 6 16
6 5 16
1 5 17
1 5 18
1 5 19
0 7 16
2 35 49
3 34 49
1 34 48
1 34 47
1 34 46
1 34 45
0 36 49
6 28 24
1 28 25
1 28 26
0 29 24
1 29 39
1 29 38
1 29 37
0 29 40
1 2 18
1 2 19
3 2 20
2 3 20
2 4 20
0 2 17
2 18 45
2 17 45
2 16 45
2 15 45
2 14 45
2 13 45
2 12 45
2 11 45
6 10 45
1 10 46
1 10 47
1 10 48
0 19 45
1 35 26
1 35 27
1 35 28
4 35 29
0 35 25
3 43 25
1 43 24
1 43 23
1 43 22
0 44 25
-1
-1
-1
-1
-1
-1
-1
-1
-1
-1
-1
-1
-1
-1
-1
-1
-1
-1
-1
-1
-1
-1
-1
-1
-1
-1
-1
-1
-1
-1
-1
-1
-1
-1
-1
-1
-1
-1
-1
-1
-1
-1
-1
-1
-1
-1
-1
-1
-1
-1
-1
-1
-1
-1
-1
-1
-1
-1
-1
-1
-1
-1
-1
-1
-1
-1
-1
-1
-1
-1
-1
-1
-1
-1
-1
-1
-1
-1
-1
-1
-1
-1
-1
-1
-1
-1
-1
-1
-1
-1
-1
-1
-1
-1
-1
-1
-1
-1
-1
-1
-1
-1
-1
-1
-1
-1
-1
-1
-1
-1
-1
-1
-1
-1
-1
-1
-1
-1
-1
-1
-1
-1
-1
-1
-1
-1
-1
-1
-1
-1
-1
-1
-1
-1
-1
-1
-1
-1
-1
-1
-1
-1
-1
-1
-1
-1
-1
-1
-1
-1
-1
-1
-1
-1
#time = 2.6277196407318115sec
