0 15 47
0 40 12
2 16 47
2 17 47
2 18 47
2 19 47
2 20 47
2 21 47
2 22 47
2 23 47
2 24 47
2 25 47
2 26 47
2 27 47
2 28 47
2 29 47
2 30 47
2 31 47
2 32 47
2 33 47
2 34 47
2 35 47
2 36 47
2 37 47
2 38 47
2 39 47
1 40 13
1 40 14
1 40 15
1 40 16
1 40 17
1 40 18
1 40 19
1 40 20
1 40 21
1 40 22
1 40 23
1 40 24
1 40 25
1 40 26
1 40 27
1 40 28
1 40 29
1 40 30
1 40 31
1 40 32
1 40 33
1 40 34
1 40 35
1 40 36
1 40 37
1 40 38
1 40 39
1 40 40
1 40 41
1 40 42
1 40 43
1 40 44
1 40 45
1 40 46
4 40 47
-1
-1
-1
-1
-1
-1
-1
-1
-1
-1
-1
-1
-1
-1
-1
-1
-1
-1
-1
-1
-1
-1
-1
-1
-1
-1
-1
-1
-1
-1
-1
-1
-1
-1
-1
-1
-1
-1
-1
-1
-1
-1
-1
-1
-1
-1
-1
-1
-1
-1
-1
-1
-1
-1
-1
-1
-1
-1
-1
-1
2 22 31
2 21 31
2 20 31
2 19 31
2 18 31
2 17 31
2 16 31
6 15 31
1 15 32
1 15 33
1 15 34
1 15 35
1 15 36
1 15 37
1 15 38
1 15 39
1 15 40
1 15 41
1 15 42
1 15 43
1 15 44
1 15 45
1 15 46
0 23 31
-1
-1
-1
-1
-1
-1
-1
-1
-1
-1
-1
-1
-1
-1
-1
-1
-1
-1
-1
-1
-1
-1
-1
-1
-1
-1
-1
-1
-1
-1
-1
-1
-1
-1
-1
-1
-1
-1
-1
-1
-1
-1
-1
-1
-1
-1
-1
-1
-1
-1
-1
2 48 13
2 47 13
2 46 13
2 45 13
2 44 13
2 43 13
2 42 13
3 41 13
5 41 12
0 49 13
-1
-1
-1
-1
-1
-1
-1
-1
-1
-1
-1
-1
-1
-1
-1
-1
-1
-1
-1
-1
-1
-1
-1
-1
-1
-1
-1
-1
-1
1 32 26
1 32 25
1 32 24
1 32 23
1 32 22
1 32 21
1 32 20
1 32 19
1 32 18
1 32 17
1 32 16
1 32 15
1 32 14
1 32 13
6 32 12
2 33 12
2 34 12
2 35 12
2 36 12
2 37 12
2 38 12
2 39 12
0 32 27
-1
-1
-1
-1
-1
-1
-1
-1
-1
-1
-1
-1
-1
-1
-1
-1
-1
-1
-1
-1
2 37 34
2 36 34
2 35 34
2 34 34
2 33 34
2 32 34
2 31 34
2 30 34
2 29 34
2 28 34
2 27 34
2 26 34
2 25 34
2 24 34
3 23 34
1 23 33
1 23 32
0 38 34
2 48 37
2 47 37
2 46 37
2 45 37
2 44 37
2 43 37
2 42 37
6 41 37
1 41 38
1 41 39
1 41 40
1 41 41
1 41 42
1 41 43
1 41 44
1 41 45
1 41 46
1 41 47
4 41 48
2 40 48
2 39 48
2 38 48
2 37 48
2 36 48
2 35 48
2 34 48
2 33 48
2 32 48
2 31 48
2 30 48
2 29 48
2 28 48
2 27 48
2 26 48
2 25 48
2 24 48
2 23 48
2 22 48
2 21 48
2 20 48
2 19 48
2 18 48
2 17 48
2 16 48
2 15 48
3 14 48
1 14 47
1 14 46
1 14 45
1 14 44
1 14 43
1 14 42
1 14 41
1 14 40
1 14 39
1 14 38
1 14 37
1 14 36
1 14 35
1 14 34
1 14 33
1 14 32
1 14 31
1 14 30
1 14 29
1 14 28
1 14 27
1 14 26
1 14 25
1 14 24
1 14 23
1 14 22
1 14 21
1 14 20
1 14 19
1 14 18
1 14 17
1 14 16
1 14 15
1 14 14
1 14 13
6 14 12
2 15 12
2 16 12
2 17 12
2 18 12
2 19 12
2 20 12
2 21 12
2 22 12
2 23 12
2 24 12
2 25 12
2 26 12
2 27 12
2 28 12
2 29 12
2 30 12
4 31 12
6 31 11
2 32 11
2 33 11
2 34 11
2 35 11
2 36 11
2 37 11
2 38 11
2 39 11
5 40 11
0 49 37
-1
-1
-1
-1
-1
-1
-1
-1
-1
-1
-1
-1
-1
-1
-1
-1
-1
-1
-1
-1
-1
-1
-1
-1
-1
-1
-1
-1
-1
-1
-1
-1
-1
-1
-1
-1
-1
-1
-1
-1
-1
-1
-1
-1
-1
-1
-1
-1
-1
-1
-1
-1
-1
-1
-1
-1
-1
-1
-1
-1
-1
-1
-1
-1
-1
-1
-1
-1
-1
-1
-1
-1
-1
-1
-1
-1
-1
-1
-1
-1
-1
-1
-1
-1
-1
-1
-1
-1
-1
-1
-1
-1
-1
-1
-1
-1
-1
-1
-1
-1
-1
-1
-1
-1
-1
-1
-1
-1
-1
-1
-1
-1
-1
-1
-1
-1
-1
-1
-1
-1
-1
-1
-1
-1
-1
-1
-1
-1
-1
-1
-1
-1
-1
-1
-1
-1
-1
-1
-1
-1
-1
-1
-1
-1
-1
-1
-1
-1
-1
-1
-1
-1
-1
-1
-1
-1
-1
-1
-1
-1
-1
-1
-1
-1
-1
-1
-1
-1
-1
-1
-1
-1
-1
-1
-1
-1
-1
-1
-1
-1
-1
-1
-1
-1
-1
-1
-1
-1
-1
-1
-1
-1
-1
-1
-1
-1
-1
-1
-1
-1
-1
-1
-1
-1
-1
-1
-1
-1
-1
-1
-1
-1
-1
-1
-1
-1
-1
-1
-1
-1
-1
-1
-1
-1
-1
-1
-1
-1
-1
-1
-1
-1
-1
-1
-1
-1
-1
-1
-1
-1
-1
-1
-1
-1
-1
-1
-1
-1
-1
-1
-1
-1
-1
-1
-1
-1
-1
-1
-1
-1
-1
-1
-1
-1
-1
-1
-1
-1
-1
-1
-1
-1
-1
-1
-1
-1
-1
-1
-1
-1
-1
-1
-1
-1
-1
-1
-1
-1
-1
-1
-1
-1
-1
-1
-1
-1
-1
-1
-1
-1
-1
-1
-1
-1
-1
-1
-1
-1
-1
-1
-1
-1
-1
-1
-1
-1
-1
-1
-1
-1
-1
-1
-1
-1
-1
-1
-1
-1
-1
-1
-1
-1
-1
-1
-1
-1
-1
-1
-1
-1
-1
-1
-1
-1
-1
-1
-1
-1
-1
-1
-1
-1
-1
-1
-1
-1
-1
-1
-1
-1
-1
-1
-1
-1
-1
-1
-1
-1
-1
-1
-1
-1
-1
-1
-1
-1
-1
-1
-1
-1
-1
-1
-1
-1
-1
-1
-1
-1
-1
-1
-1
-1
-1
-1
#time = 0.2752673625946045sec
