0 1 6
0 34 40
2 2 6
2 3 6
2 4 6
2 5 6
2 6 6
2 7 6
2 8 6
2 9 6
2 10 6
2 11 6
2 12 6
2 13 6
2 14 6
2 15 6
2 16 6
2 17 6
2 18 6
2 19 6
2 20 6
2 21 6
2 22 6
2 23 6
2 24 6
2 25 6
2 26 6
2 27 6
2 28 6
2 29 6
2 30 6
2 31 6
2 32 6
2 33 6
1 34 7
1 34 8
1 34 9
1 34 10
1 34 11
1 34 12
1 34 13
1 34 14
1 34 15
1 34 16
1 34 17
1 34 18
1 34 19
1 34 20
1 34 21
1 34 22
1 34 23
1 34 24
1 34 25
1 34 26
1 34 27
1 34 28
1 34 29
1 34 30
1 34 31
1 34 32
1 34 33
1 34 34
1 34 35
1 34 36
1 34 37
1 34 38
1 34 39
5 34 6
-1
-1
-1
-1
-1
-1
-1
-1
-1
-1
-1
-1
-1
-1
-1
-1
-1
-1
-1
-1
-1
-1
-1
-1
-1
-1
-1
-1
-1
-1
-1
-1
-1
-1
-1
-1
-1
-1
-1
-1
-1
-1
-1
-1
-1
-1
-1
-1
-1
-1
-1
-1
-1
-1
-1
-1
-1
-1
-1
-1
-1
-1
-1
-1
-1
-1
-1
-1
-1
-1
-1
-1
-1
-1
-1
-1
-1
-1
-1
-1
-1
-1
-1
-1
-1
-1
-1
-1
-1
-1
-1
-1
-1
-1
-1
-1
-1
-1
-1
-1
-1
-1
-1
-1
-1
-1
-1
-1
-1
-1
-1
-1
-1
-1
-1
-1
-1
-1
-1
1 32 37
1 32 38
1 32 39
3 32 40
2 33 40
0 32 36
-1
-1
-1
-1
-1
-1
-1
-1
-1
-1
-1
-1
-1
-1
-1
-1
-1
-1
-1
-1
-1
-1
-1
-1
-1
-1
-1
-1
-1
-1
-1
-1
-1
2 3 10
2 2 10
3 1 10
1 1 9
1 1 8
1 1 7
0 4 10
-1
-1
-1
-1
-1
-1
-1
-1
-1
-1
-1
-1
2 2 13
3 1 13
1 1 12
5 1 11
3 0 11
1 0 10
1 0 9
1 0 8
1 0 7
6 0 6
0 3 13
-1
1 33 34
4 33 35
2 32 35
6 31 35
1 31 36
1 31 37
1 31 38
1 31 39
1 31 40
3 31 41
2 32 41
2 33 41
4 34 41
0 33 33
-1
-1
-1
-1
-1
2 3 9
5 4 9
0 2 9
-1
-1
-1
6 5 8
1 5 9
4 5 10
0 6 8
1 28 35
1 28 34
6 28 33
2 29 33
2 30 33
2 31 33
2 32 33
0 28 36
1 34 43
6 34 42
4 35 42
1 35 41
5 35 40
0 34 44
2 29 32
2 30 32
2 31 32
2 32 32
5 33 32
0 28 32
2 8 16
2 7 16
2 6 16
2 5 16
2 4 16
3 3 16
1 3 15
1 3 14
0 9 16
3 28 38
1 28 37
0 29 38
2 5 11
3 4 11
0 6 11
6 29 35
4 29 36
0 30 35
2 29 40
3 28 40
5 28 39
3 27 39
1 27 38
1 27 37
6 27 36
0 30 40
2 9 11
2 8 11
2 7 11
0 10 11
1 35 38
3 35 39
5 36 39
1 36 40
1 36 41
1 36 42
4 36 43
6 35 43
4 35 44
0 35 37
1 2 16
3 2 17
2 3 17
2 4 17
2 5 17
2 6 17
2 7 17
2 8 17
4 9 17
0 2 15
6 35 34
1 35 35
1 35 36
0 36 34
3 10 17
5 10 16
0 11 17
2 7 15
2 8 15
5 9 15
0 6 15
2 8 7
2 7 7
6 6 7
0 9 7
3 37 39
5 37 38
3 36 38
5 36 37
0 38 39
2 29 31
6 28 31
0 30 31
2 4 19
2 3 19
3 2 19
5 2 18
3 1 18
1 1 17
1 1 16
6 1 15
0 5 19
6 37 40
4 38 40
0 37 41
6 27 41
2 28 41
2 29 41
4 30 41
0 27 42
2 42 3
2 41 3
2 40 3
2 39 3
2 38 3
2 37 3
6 36 3
1 36 4
1 36 5
1 36 6
1 36 7
1 36 8
1 36 9
1 36 10
1 36 11
1 36 12
1 36 13
1 36 14
1 36 15
1 36 16
1 36 17
1 36 18
1 36 19
1 36 20
1 36 21
1 36 22
1 36 23
1 36 24
1 36 25
1 36 26
1 36 27
1 36 28
1 36 29
1 36 30
1 36 31
1 36 32
1 36 33
0 43 3
1 25 40
1 25 41
3 25 42
2 26 42
0 25 39
2 46 5
2 45 5
2 44 5
3 43 5
1 43 4
0 47 5
1 13 40
1 13 41
3 13 42
2 14 42
2 15 42
2 16 42
2 17 42
2 18 42
2 19 42
2 20 42
2 21 42
2 22 42
2 23 42
5 24 42
3 24 43
2 25 43
2 26 43
4 27 43
0 13 39
1 38 1
3 38 2
2 39 2
2 40 2
2 41 2
2 42 2
5 43 2
0 38 0
3 42 6
2 43 6
2 44 6
2 45 6
2 46 6
4 47 6
0 42 5
1 10 42
1 10 41
1 10 40
6 10 39
2 11 39
2 12 39
0 10 43
1 24 36
1 24 37
1 24 38
3 24 39
0 24 35
3 42 8
5 42 7
3 41 7
1 41 6
6 41 5
0 43 8
1 32 3
1 32 2
1 32 1
6 32 0
2 33 0
2 34 0
2 35 0
2 36 0
2 37 0
0 32 4
2 1 14
5 2 14
0 0 14
2 36 2
2 35 2
2 34 2
6 33 2
1 33 3
4 33 4
0 37 2
2 7 20
2 6 20
3 5 20
0 8 20
1 48 10
1 48 9
1 48 8
1 48 7
1 48 6
5 48 5
0 48 11
2 45 10
2 44 10
3 43 10
1 43 9
0 46 10
6 24 33
1 24 34
0 25 33
2 14 38
6 13 38
0 15 38
2 17 32
2 18 32
2 19 32
2 20 32
2 21 32
2 22 32
2 23 32
2 24 32
2 25 32
2 26 32
2 27 32
0 16 32
6 1 4
1 1 5
0 2 4
2 32 26
2 31 26
6 30 26
1 30 27
1 30 28
1 30 29
1 30 30
0 33 26
1 33 43
3 33 44
0 33 42
2 7 21
4 8 21
0 6 21
6 34 3
1 34 4
4 34 5
2 33 5
3 32 5
0 35 3
6 37 5
2 38 5
2 39 5
4 40 5
6 40 4
2 41 4
5 42 4
0 37 6
3 41 1
2 42 1
2 43 1
5 44 1
1 44 2
4 44 3
0 41 0
2 24 44
2 25 44
2 26 44
2 27 44
4 28 44
1 28 43
5 28 42
0 23 44
2 22 35
2 23 35
0 21 35
1 31 28
1 31 29
1 31 30
4 31 31
0 31 27
6 32 45
2 33 45
4 34 45
0 32 46
2 15 10
2 14 10
2 13 10
2 12 10
2 11 10
6 10 10
0 16 10
2 44 11
2 45 11
4 46 11
0 43 11
2 16 45
2 15 45
2 14 45
2 13 45
2 12 45
2 11 45
3 10 45
1 10 44
0 17 45
2 7 12
3 6 12
0 8 12
2 43 34
2 42 34
2 41 34
2 40 34
2 39 34
2 38 34
2 37 34
0 44 34
2 18 44
2 17 44
2 16 44
2 15 44
2 14 44
2 13 44
2 12 44
3 11 44
5 11 43
0 19 44
3 37 9
1 37 8
1 37 7
0 38 9
1 11 41
3 11 42
5 12 42
3 12 43
2 13 43
2 14 43
2 15 43
2 16 43
2 17 43
2 18 43
5 19 43
0 11 40
2 18 40
2 17 40
2 16 40
3 15 40
1 15 39
0 19 40
3 2 43
2 3 43
2 4 43
2 5 43
2 6 43
2 7 43
2 8 43
2 9 43
0 2 42
-1
-1
-1
-1
-1
-1
-1
-1
-1
-1
-1
-1
-1
-1
-1
-1
-1
-1
-1
-1
-1
-1
-1
-1
-1
-1
-1
-1
-1
-1
-1
-1
-1
-1
-1
-1
-1
-1
-1
-1
-1
-1
-1
-1
-1
-1
-1
-1
-1
-1
-1
-1
-1
-1
-1
-1
-1
-1
-1
-1
-1
-1
-1
-1
-1
-1
-1
-1
-1
-1
-1
-1
-1
-1
-1
-1
-1
-1
-1
-1
-1
-1
-1
-1
-1
-1
-1
-1
-1
-1
-1
-1
-1
-1
-1
-1
-1
-1
-1
-1
-1
-1
-1
-1
-1
-1
-1
-1
-1
-1
-1
-1
-1
-1
-1
-1
-1
-1
-1
#time = 9.009873390197754sec
