0 24 44
0 36 1
2 25 44
2 26 44
2 27 44
2 28 44
2 29 44
2 30 44
2 31 44
2 32 44
2 33 44
2 34 44
2 35 44
1 36 2
1 36 3
1 36 4
1 36 5
1 36 6
1 36 7
1 36 8
1 36 9
1 36 10
1 36 11
1 36 12
1 36 13
1 36 14
1 36 15
1 36 16
1 36 17
1 36 18
1 36 19
1 36 20
1 36 21
1 36 22
1 36 23
1 36 24
1 36 25
1 36 26
1 36 27
1 36 28
1 36 29
1 36 30
1 36 31
1 36 32
1 36 33
1 36 34
1 36 35
1 36 36
1 36 37
1 36 38
1 36 39
1 36 40
1 36 41
1 36 42
1 36 43
4 36 44
-1
-1
-1
-1
-1
-1
-1
-1
-1
-1
-1
1 32 2
6 32 1
2 33 1
2 34 1
2 35 1
0 32 3
-1
-1
-1
-1
-1
-1
-1
-1
-1
-1
-1
-1
-1
-1
-1
-1
-1
-1
-1
-1
-1
-1
-1
1 12 32
1 12 33
1 12 34
1 12 35
1 12 36
1 12 37
1 12 38
1 12 39
1 12 40
1 12 41
1 12 42
1 12 43
3 12 44
2 13 44
2 14 44
2 15 44
2 16 44
2 17 44
2 18 44
2 19 44
2 20 44
2 21 44
2 22 44
2 23 44
0 12 31
-1
-1
-1
-1
-1
-1
-1
-1
-1
-1
-1
-1
-1
-1
-1
-1
-1
-1
-1
1 21 41
1 21 42
3 21 43
2 22 43
2 23 43
5 24 43
0 21 40
-1
-1
-1
-1
-1
-1
3 6 44
2 7 44
2 8 44
2 9 44
2 10 44
5 11 44
3 11 45
2 12 45
2 13 45
2 14 45
2 15 45
2 16 45
2 17 45
2 18 45
2 19 45
2 20 45
2 21 45
2 22 45
2 23 45
4 24 45
0 6 43
-1
-1
-1
-1
-1
-1
-1
-1
-1
-1
-1
3 32 6
1 32 5
1 32 4
0 33 6
-1
-1
-1
-1
-1
-1
-1
2 10 40
2 9 40
2 8 40
2 7 40
6 6 40
1 6 41
1 6 42
0 11 40
-1
1 28 12
1 28 11
1 28 10
1 28 9
1 28 8
1 28 7
1 28 6
1 28 5
1 28 4
6 28 3
2 29 3
2 30 3
2 31 3
0 28 13
-1
-1
-1
-1
-1
-1
-1
2 14 32
3 13 32
5 13 31
0 15 32
-1
-1
-1
-1
-1
-1
2 34 4
3 33 4
5 33 3
0 35 4
-1
-1
-1
-1
1 8 32
6 8 31
2 9 31
2 10 31
2 11 31
0 8 33
-1
-1
-1
-1
-1
3 34 3
5 35 3
0 34 2
2 11 47
2 10 47
2 9 47
2 8 47
2 7 47
3 6 47
1 6 46
5 6 45
3 5 45
1 5 44
6 5 43
0 12 47
1 26 11
1 26 12
3 26 13
2 27 13
0 26 10
-1
-1
-1
-1
1 8 35
1 8 34
0 8 36
-1
2 19 32
2 18 32
2 17 32
2 16 32
0 20 32
-1
-1
3 11 30
5 12 30
0 11 29
2 25 28
2 24 28
2 23 28
2 22 28
2 21 28
2 20 28
2 19 28
2 18 28
2 17 28
2 16 28
6 15 28
1 15 29
1 15 30
1 15 31
0 26 28
2 33 0
2 34 0
2 35 0
5 36 0
0 32 0
1 7 5
1 7 6
1 7 7
1 7 8
1 7 9
3 7 10
2 8 10
2 9 10
2 10 10
2 11 10
2 12 10
2 13 10
2 14 10
2 15 10
2 16 10
2 17 10
2 18 10
2 19 10
2 20 10
2 21 10
2 22 10
2 23 10
2 24 10
2 25 10
0 7 4
2 39 0
2 38 0
6 37 0
4 37 1
0 40 0
2 22 34
6 21 34
1 21 35
1 21 36
1 21 37
1 21 38
1 21 39
0 23 34
1 25 3
1 25 4
1 25 5
1 25 6
1 25 7
1 25 8
3 25 9
5 26 9
0 25 2
2 13 49
3 12 49
1 12 48
0 14 49
3 25 14
2 26 14
2 27 14
4 28 14
0 25 13
2 23 39
6 22 39
4 22 40
0 24 39
1 40 8
1 40 7
1 40 6
1 40 5
1 40 4
1 40 3
1 40 2
1 40 1
0 40 9
1 4 9
1 4 8
1 4 7
1 4 6
1 4 5
6 4 4
2 5 4
2 6 4
0 4 10
1 8 20
1 8 21
1 8 22
1 8 23
1 8 24
1 8 25
1 8 26
1 8 27
1 8 28
3 8 29
2 9 29
2 10 29
0 8 19
1 29 5
3 29 6
2 30 6
5 31 6
3 31 7
2 32 7
4 33 7
0 29 4
2 45 36
2 44 36
2 43 36
2 42 36
2 41 36
3 40 36
1 40 35
1 40 34
1 40 33
1 40 32
1 40 31
1 40 30
1 40 29
1 40 28
1 40 27
1 40 26
1 40 25
1 40 24
1 40 23
1 40 22
1 40 21
1 40 20
1 40 19
1 40 18
1 40 17
1 40 16
1 40 15
1 40 14
1 40 13
1 40 12
1 40 11
1 40 10
0 46 36
1 14 41
6 14 40
2 15 40
2 16 40
2 17 40
2 18 40
2 19 40
2 20 40
0 14 42
1 39 12
1 39 11
1 39 10
6 39 9
0 39 13
2 12 3
2 11 3
2 10 3
2 9 3
2 8 3
6 7 3
0 13 3
2 14 33
4 15 33
0 13 33
2 27 29
3 26 29
0 28 29
2 11 2
2 12 2
5 13 2
0 10 2
1 11 26
1 11 27
1 11 28
0 11 25
2 18 5
2 17 5
2 16 5
2 15 5
2 14 5
3 13 5
1 13 4
0 19 5
2 32 17
2 31 17
2 30 17
3 29 17
1 29 16
1 29 15
1 29 14
5 29 13
0 33 17
2 17 22
2 16 22
2 15 22
2 14 22
2 13 22
6 12 22
1 12 23
1 12 24
1 12 25
1 12 26
1 12 27
1 12 28
4 12 29
0 18 22
6 41 5
1 41 6
1 41 7
1 41 8
4 41 9
0 42 5
2 15 36
2 14 36
3 13 36
1 13 35
1 13 34
0 16 36
1 17 12
3 17 13
2 18 13
2 19 13
2 20 13
2 21 13
2 22 13
2 23 13
2 24 13
0 17 11
2 41 37
2 42 37
2 43 37
2 44 37
2 45 37
4 46 37
0 40 37
3 16 31
2 17 31
2 18 31
2 19 31
5 20 31
0 16 30
1 34 7
5 34 6
0 34 8
6 7 42
4 7 43
0 8 42
1 45 34
3 45 35
5 46 35
0 45 33
1 41 11
6 41 10
4 42 10
1 42 9
1 42 8
1 42 7
1 42 6
0 41 12
2 27 23
6 26 23
1 26 24
1 26 25
1 26 26
1 26 27
0 28 23
1 37 4
1 37 5
1 37 6
1 37 7
1 37 8
1 37 9
1 37 10
1 37 11
1 37 12
3 37 13
2 38 13
0 37 3
6 1 36
2 2 36
2 3 36
2 4 36
2 5 36
2 6 36
2 7 36
0 1 37
2 3 40
2 4 40
4 5 40
6 5 39
2 6 39
2 7 39
2 8 39
2 9 39
2 10 39
5 11 39
0 2 40
2 16 23
2 17 23
4 18 23
0 15 23
2 18 24
4 19 24
1 19 23
5 19 22
0 17 24
-1
-1
-1
-1
-1
-1
-1
-1
-1
-1
-1
-1
-1
-1
-1
-1
-1
-1
-1
-1
-1
-1
-1
-1
-1
-1
-1
-1
-1
-1
-1
-1
-1
-1
-1
-1
-1
-1
-1
-1
-1
-1
-1
-1
-1
-1
-1
-1
-1
-1
-1
-1
-1
-1
-1
-1
-1
-1
-1
-1
-1
-1
-1
-1
-1
-1
-1
-1
-1
-1
-1
-1
-1
-1
-1
-1
-1
-1
-1
-1
-1
-1
-1
-1
-1
-1
-1
-1
-1
-1
-1
-1
-1
-1
-1
-1
-1
-1
-1
-1
-1
-1
-1
-1
-1
-1
-1
-1
-1
-1
-1
-1
-1
-1
-1
-1
-1
-1
-1
-1
-1
-1
-1
-1
-1
-1
-1
-1
-1
-1
-1
-1
-1
-1
-1
-1
-1
-1
-1
-1
-1
-1
-1
-1
-1
-1
-1
-1
-1
-1
-1
-1
-1
-1
-1
-1
-1
-1
-1
-1
-1
-1
-1
-1
-1
-1
-1
-1
-1
-1
-1
-1
-1
-1
-1
-1
-1
-1
-1
-1
-1
-1
-1
-1
-1
-1
-1
-1
-1
#time = 1.0664660930633545sec
