0 45 0
0 25 38
2 26 0
2 27 0
2 28 0
2 29 0
2 30 0
2 31 0
2 32 0
2 33 0
2 34 0
2 35 0
2 36 0
2 37 0
2 38 0
2 39 0
2 40 0
2 41 0
2 42 0
2 43 0
2 44 0
1 25 1
1 25 2
1 25 3
1 25 4
1 25 5
1 25 6
1 25 7
1 25 8
1 25 9
1 25 10
1 25 11
1 25 12
1 25 13
1 25 14
1 25 15
1 25 16
1 25 17
1 25 18
1 25 19
1 25 20
1 25 21
1 25 22
1 25 23
1 25 24
1 25 25
1 25 26
1 25 27
1 25 28
1 25 29
1 25 30
1 25 31
1 25 32
1 25 33
1 25 34
1 25 35
1 25 36
1 25 37
6 25 0
-1
-1
-1
-1
-1
-1
-1
-1
-1
-1
-1
-1
-1
-1
-1
-1
-1
-1
-1
-1
-1
-1
-1
-1
-1
1 40 12
1 40 11
1 40 10
1 40 9
1 40 8
1 40 7
1 40 6
1 40 5
1 40 4
1 40 3
1 40 2
6 40 1
2 41 1
2 42 1
2 43 1
2 44 1
4 45 1
0 40 13
-1
-1
-1
-1
-1
-1
-1
-1
-1
-1
-1
-1
-1
-1
-1
-1
-1
-1
-1
-1
-1
-1
-1
-1
-1
-1
-1
-1
1 46 8
1 46 7
1 46 6
1 46 5
1 46 4
1 46 3
1 46 2
1 46 1
5 46 0
0 46 9
-1
-1
-1
-1
-1
-1
-1
-1
-1
-1
-1
-1
-1
-1
1 24 22
1 24 23
1 24 24
1 24 25
1 24 26
1 24 27
1 24 28
1 24 29
1 24 30
1 24 31
1 24 32
1 24 33
1 24 34
1 24 35
1 24 36
1 24 37
3 24 38
0 24 21
-1
-1
-1
-1
-1
-1
-1
-1
-1
-1
-1
-1
1 18 36
1 18 37
3 18 38
2 19 38
2 20 38
2 21 38
2 22 38
5 23 38
3 23 39
2 24 39
4 25 39
0 18 35
1 11 8
1 11 9
1 11 10
1 11 11
1 11 12
1 11 13
1 11 14
1 11 15
1 11 16
1 11 17
1 11 18
1 11 19
1 11 20
1 11 21
1 11 22
1 11 23
1 11 24
1 11 25
1 11 26
1 11 27
1 11 28
1 11 29
1 11 30
1 11 31
1 11 32
1 11 33
1 11 34
1 11 35
1 11 36
1 11 37
3 11 38
2 12 38
2 13 38
2 14 38
2 15 38
2 16 38
5 17 38
3 17 39
2 18 39
2 19 39
2 20 39
2 21 39
5 22 39
3 22 40
2 23 40
2 24 40
2 25 40
4 26 40
1 26 39
5 26 38
0 11 7
1 16 15
1 16 16
1 16 17
1 16 18
1 16 19
1 16 20
3 16 21
2 17 21
2 18 21
2 19 21
2 20 21
2 21 21
2 22 21
2 23 21
0 16 14
1 29 47
1 29 46
1 29 45
1 29 44
1 29 43
1 29 42
1 29 41
1 29 40
1 29 39
1 29 38
1 29 37
1 29 36
1 29 35
1 29 34
1 29 33
1 29 32
1 29 31
1 29 30
1 29 29
1 29 28
1 29 27
1 29 26
1 29 25
1 29 24
1 29 23
1 29 22
1 29 21
1 29 20
1 29 19
1 29 18
1 29 17
1 29 16
1 29 15
1 29 14
6 29 13
2 30 13
2 31 13
2 32 13
2 33 13
2 34 13
2 35 13
2 36 13
2 37 13
2 38 13
2 39 13
0 29 48
2 21 14
2 20 14
2 19 14
2 18 14
2 17 14
0 22 14
2 41 16
3 40 16
1 40 15
1 40 14
0 42 16
1 42 26
1 42 25
1 42 24
1 42 23
1 42 22
1 42 21
1 42 20
1 42 19
1 42 18
6 42 17
4 43 17
1 43 16
5 43 15
2 42 15
3 41 15
1 41 14
5 41 13
0 42 27
1 7 13
1 7 12
1 7 11
1 7 10
1 7 9
1 7 8
6 7 7
2 8 7
2 9 7
2 10 7
0 7 14
1 14 34
3 14 35
2 15 35
2 16 35
2 17 35
0 14 33
2 22 35
2 21 35
2 20 35
2 19 35
0 23 35
-1
-1
-1
2 45 28
2 44 28
2 43 28
3 42 28
0 46 28
-1
2 15 25
6 14 25
1 14 26
1 14 27
1 14 28
1 14 29
1 14 30
1 14 31
1 14 32
0 16 25
-1
1 45 15
1 45 14
1 45 13
1 45 12
1 45 11
1 45 10
6 45 9
0 45 16
1 34 17
1 34 18
1 34 19
1 34 20
1 34 21
1 34 22
1 34 23
1 34 24
1 34 25
1 34 26
3 34 27
2 35 27
2 36 27
2 37 27
2 38 27
2 39 27
2 40 27
2 41 27
0 34 16
1 27 37
1 27 38
1 27 39
1 27 40
1 27 41
1 27 42
1 27 43
1 27 44
1 27 45
1 27 46
1 27 47
3 27 48
2 28 48
0 27 36
1 2 41
1 2 40
1 2 39
1 2 38
1 2 37
1 2 36
1 2 35
1 2 34
1 2 33
1 2 32
1 2 31
1 2 30
1 2 29
1 2 28
1 2 27
1 2 26
1 2 25
1 2 24
1 2 23
1 2 22
1 2 21
1 2 20
1 2 19
1 2 18
1 2 17
1 2 16
1 2 15
6 2 14
2 3 14
2 4 14
2 5 14
2 6 14
0 2 42
1 45 21
1 45 20
1 45 19
1 45 18
1 45 17
0 45 22
6 30 43
1 30 44
1 30 45
1 30 46
1 30 47
4 30 48
0 31 43
-1
-1
-1
-1
-1
-1
-1
-1
-1
-1
-1
-1
-1
-1
-1
-1
-1
-1
-1
-1
-1
-1
-1
-1
-1
-1
-1
-1
-1
-1
-1
-1
-1
-1
-1
-1
-1
-1
-1
-1
-1
-1
-1
-1
-1
-1
-1
-1
-1
-1
-1
-1
-1
-1
-1
-1
-1
-1
-1
-1
-1
-1
-1
-1
-1
-1
-1
-1
-1
-1
-1
-1
-1
-1
-1
-1
-1
-1
-1
-1
-1
-1
-1
-1
-1
-1
-1
-1
-1
-1
-1
-1
-1
-1
-1
-1
-1
-1
-1
-1
-1
-1
-1
-1
-1
-1
-1
-1
-1
-1
-1
-1
-1
-1
-1
-1
-1
-1
-1
-1
-1
-1
-1
-1
-1
-1
-1
-1
-1
-1
-1
-1
-1
-1
-1
-1
-1
-1
-1
-1
-1
-1
-1
-1
-1
-1
-1
-1
-1
-1
-1
-1
-1
-1
-1
-1
-1
-1
-1
-1
-1
-1
-1
-1
-1
-1
-1
-1
-1
-1
-1
-1
-1
-1
-1
-1
-1
-1
-1
-1
-1
-1
-1
-1
-1
-1
-1
-1
-1
-1
-1
-1
-1
-1
-1
-1
-1
-1
-1
-1
-1
-1
-1
-1
-1
-1
-1
-1
-1
-1
-1
-1
-1
-1
-1
-1
-1
-1
-1
-1
-1
-1
-1
-1
-1
-1
-1
-1
-1
-1
-1
-1
-1
-1
-1
-1
-1
-1
-1
-1
-1
-1
-1
-1
-1
-1
-1
-1
-1
-1
-1
-1
-1
-1
-1
-1
-1
-1
-1
-1
-1
-1
-1
-1
-1
-1
-1
-1
-1
-1
-1
-1
-1
-1
-1
-1
-1
-1
-1
-1
-1
-1
-1
-1
-1
-1
-1
-1
-1
-1
-1
-1
-1
-1
-1
-1
-1
-1
-1
-1
-1
-1
-1
-1
-1
-1
-1
-1
-1
-1
-1
-1
-1
-1
-1
-1
-1
-1
-1
-1
-1
-1
-1
-1
-1
-1
-1
-1
-1
-1
-1
-1
-1
-1
#time = 0.5399820804595947sec
