0 37 49
0 12 18
2 13 49
2 14 49
2 15 49
2 16 49
2 17 49
2 18 49
2 19 49
2 20 49
2 21 49
2 22 49
2 23 49
2 24 49
2 25 49
2 26 49
2 27 49
2 28 49
2 29 49
2 30 49
2 31 49
2 32 49
2 33 49
2 34 49
2 35 49
2 36 49
1 12 19
1 12 20
1 12 21
1 12 22
1 12 23
1 12 24
1 12 25
1 12 26
1 12 27
1 12 28
1 12 29
1 12 30
1 12 31
1 12 32
1 12 33
1 12 34
1 12 35
1 12 36
1 12 37
1 12 38
1 12 39
1 12 40
1 12 41
1 12 42
1 12 43
1 12 44
1 12 45
1 12 46
1 12 47
1 12 48
3 12 49
-1
-1
-1
-1
-1
-1
-1
-1
-1
-1
-1
-1
-1
-1
-1
-1
-1
-1
-1
-1
-1
-1
-1
-1
-1
-1
-1
-1
-1
-1
-1
-1
-1
-1
-1
-1
-1
-1
-1
-1
-1
-1
-1
-1
-1
-1
-1
-1
-1
-1
-1
-1
-1
-1
-1
-1
-1
-1
-1
-1
-1
-1
-1
-1
-1
-1
-1
-1
-1
-1
-1
-1
-1
-1
-1
-1
-1
-1
-1
-1
-1
-1
-1
-1
-1
-1
-1
-1
-1
-1
-1
-1
-1
-1
-1
-1
-1
-1
-1
-1
-1
-1
1 33 32
1 33 33
1 33 34
1 33 35
1 33 36
1 33 37
1 33 38
1 33 39
1 33 40
1 33 41
1 33 42
1 33 43
1 33 44
1 33 45
1 33 46
1 33 47
3 33 48
2 34 48
2 35 48
2 36 48
5 37 48
0 33 31
-1
-1
-1
-1
-1
-1
-1
-1
-1
-1
-1
-1
-1
-1
-1
-1
-1
-1
-1
-1
-1
-1
-1
-1
-1
-1
-1
-1
-1
-1
-1
-1
-1
-1
-1
-1
-1
-1
-1
-1
-1
-1
-1
-1
-1
-1
-1
-1
-1
-1
-1
-1
-1
-1
-1
1 11 19
6 11 18
0 11 20
-1
-1
-1
-1
-1
-1
-1
-1
-1
-1
-1
-1
-1
-1
-1
-1
-1
-1
-1
-1
-1
-1
-1
-1
-1
-1
-1
-1
-1
-1
-1
-1
-1
2 26 1
2 25 1
2 24 1
2 23 1
2 22 1
2 21 1
2 20 1
2 19 1
2 18 1
2 17 1
2 16 1
2 15 1
2 14 1
2 13 1
6 12 1
1 12 2
1 12 3
1 12 4
1 12 5
1 12 6
1 12 7
1 12 8
1 12 9
1 12 10
1 12 11
1 12 12
1 12 13
1 12 14
1 12 15
1 12 16
1 12 17
0 27 1
-1
-1
-1
-1
-1
-1
-1
-1
-1
-1
-1
-1
-1
-1
-1
-1
-1
-1
-1
-1
-1
-1
-1
-1
-1
-1
6 0 20
2 1 20
2 2 20
2 3 20
2 4 20
2 5 20
2 6 20
2 7 20
2 8 20
2 9 20
2 10 20
0 0 21
-1
-1
-1
-1
-1
-1
-1
-1
-1
-1
-1
-1
-1
-1
-1
-1
-1
2 38 22
2 37 22
2 36 22
2 35 22
2 34 22
6 33 22
1 33 23
1 33 24
1 33 25
1 33 26
1 33 27
1 33 28
1 33 29
1 33 30
0 39 22
-1
-1
-1
-1
-1
-1
-1
-1
-1
-1
-1
-1
-1
1 20 4
1 20 3
6 20 2
2 21 2
2 22 2
2 23 2
2 24 2
2 25 2
2 26 2
4 27 2
0 20 5
-1
-1
-1
-1
-1
-1
-1
2 4 33
2 3 33
2 2 33
2 1 33
3 0 33
1 0 32
1 0 31
1 0 30
1 0 29
1 0 28
1 0 27
1 0 26
1 0 25
1 0 24
1 0 23
1 0 22
0 5 33
-1
-1
-1
-1
-1
-1
-1
-1
-1
-1
-1
-1
-1
6 13 17
4 13 18
0 14 17
-1
-1
-1
-1
-1
-1
-1
1 11 26
1 11 25
1 11 24
1 11 23
1 11 22
1 11 21
0 11 27
-1
2 43 14
2 42 14
2 41 14
2 40 14
6 39 14
1 39 15
1 39 16
1 39 17
1 39 18
1 39 19
1 39 20
1 39 21
0 44 14
-1
-1
-1
-1
-1
2 6 37
3 5 37
1 5 36
1 5 35
1 5 34
0 7 37
-1
-1
-1
1 13 22
1 13 21
1 13 20
6 13 19
4 14 19
1 14 18
0 13 23
1 27 11
1 27 10
1 27 9
1 27 8
1 27 7
1 27 6
1 27 5
1 27 4
6 27 3
4 28 3
1 28 2
5 28 1
0 27 12
1 22 32
6 22 31
2 23 31
2 24 31
2 25 31
2 26 31
2 27 31
2 28 31
2 29 31
2 30 31
2 31 31
2 32 31
0 22 33
2 23 5
2 22 5
2 21 5
0 24 5
2 37 37
2 36 37
2 35 37
3 34 37
1 34 36
1 34 35
1 34 34
1 34 33
1 34 32
5 34 31
0 38 37
3 13 40
1 13 39
1 13 38
1 13 37
1 13 36
1 13 35
1 13 34
1 13 33
1 13 32
1 13 31
1 13 30
1 13 29
1 13 28
1 13 27
1 13 26
1 13 25
1 13 24
0 14 40
3 37 13
2 38 13
2 39 13
2 40 13
2 41 13
2 42 13
2 43 13
5 44 13
0 37 12
1 7 24
1 7 25
1 7 26
3 7 27
2 8 27
2 9 27
2 10 27
0 7 23
4 36 15
1 36 14
1 36 13
1 36 12
6 36 11
2 37 11
5 38 11
3 38 12
2 39 12
2 40 12
2 41 12
2 42 12
2 43 12
2 44 12
5 45 12
1 45 13
1 45 14
4 45 15
2 44 15
2 43 15
2 42 15
2 41 15
6 40 15
1 40 16
1 40 17
1 40 18
1 40 19
1 40 20
1 40 21
4 40 22
0 35 15
2 41 24
2 40 24
3 39 24
1 39 23
0 42 24
3 21 4
2 22 4
2 23 4
5 24 4
0 21 3
2 39 40
3 38 40
1 38 39
1 38 38
0 40 40
3 18 33
2 19 33
2 20 33
2 21 33
0 18 32
2 39 43
6 38 43
1 38 44
1 38 45
1 38 46
1 38 47
1 38 48
4 38 49
0 40 43
-1
-1
-1
-1
-1
-1
-1
-1
-1
-1
-1
-1
-1
-1
-1
-1
-1
-1
-1
-1
-1
-1
-1
-1
-1
-1
-1
-1
-1
-1
-1
-1
-1
-1
-1
-1
-1
-1
-1
-1
-1
-1
-1
-1
-1
-1
-1
-1
-1
-1
-1
-1
-1
-1
-1
-1
-1
-1
-1
-1
-1
-1
-1
-1
-1
-1
-1
-1
-1
-1
-1
-1
-1
-1
-1
-1
-1
-1
-1
-1
-1
-1
-1
-1
-1
-1
-1
-1
-1
-1
-1
-1
-1
-1
-1
-1
-1
-1
-1
-1
-1
-1
-1
-1
-1
-1
-1
-1
-1
-1
-1
-1
-1
-1
-1
-1
-1
-1
-1
-1
-1
-1
-1
-1
-1
-1
-1
-1
-1
-1
-1
-1
-1
-1
-1
-1
-1
-1
-1
-1
-1
-1
-1
-1
-1
-1
-1
-1
-1
-1
-1
-1
-1
-1
-1
-1
-1
-1
-1
-1
-1
-1
-1
-1
-1
-1
-1
-1
-1
-1
-1
-1
-1
-1
-1
-1
-1
#time = 0.8092789649963379sec
