0 11 2
0 34 43
2 12 2
2 13 2
2 14 2
2 15 2
2 16 2
2 17 2
2 18 2
2 19 2
2 20 2
2 21 2
2 22 2
2 23 2
2 24 2
2 25 2
2 26 2
2 27 2
2 28 2
2 29 2
2 30 2
2 31 2
2 32 2
2 33 2
1 34 3
1 34 4
1 34 5
1 34 6
1 34 7
1 34 8
1 34 9
1 34 10
1 34 11
1 34 12
1 34 13
1 34 14
1 34 15
1 34 16
1 34 17
1 34 18
1 34 19
1 34 20
1 34 21
1 34 22
1 34 23
1 34 24
1 34 25
1 34 26
1 34 27
1 34 28
1 34 29
1 34 30
1 34 31
1 34 32
1 34 33
1 34 34
1 34 35
1 34 36
1 34 37
1 34 38
1 34 39
1 34 40
1 34 41
1 34 42
5 34 2
-1
-1
-1
-1
-1
-1
-1
-1
-1
-1
-1
-1
-1
-1
-1
-1
-1
-1
-1
-1
-1
-1
-1
-1
-1
-1
-1
-1
-1
-1
-1
-1
-1
-1
-1
-1
-1
-1
-1
-1
-1
-1
-1
-1
-1
-1
-1
-1
-1
-1
-1
-1
-1
-1
-1
-1
-1
-1
-1
-1
-1
-1
-1
-1
-1
-1
-1
-1
-1
-1
-1
-1
-1
-1
-1
-1
-1
-1
-1
-1
-1
-1
-1
-1
-1
-1
-1
-1
-1
-1
-1
-1
-1
-1
-1
-1
-1
-1
-1
-1
-1
-1
-1
-1
-1
-1
-1
-1
-1
-1
-1
-1
-1
-1
-1
-1
-1
-1
-1
-1
-1
2 21 6
2 20 6
2 19 6
2 18 6
2 17 6
2 16 6
2 15 6
2 14 6
2 13 6
2 12 6
3 11 6
1 11 5
1 11 4
1 11 3
0 22 6
-1
-1
-1
-1
-1
-1
-1
-1
-1
-1
-1
-1
-1
-1
-1
-1
-1
-1
-1
-1
-1
-1
-1
-1
-1
-1
-1
-1
-1
-1
-1
-1
-1
-1
-1
-1
-1
-1
-1
-1
-1
2 25 1
2 24 1
2 23 1
2 22 1
2 21 1
2 20 1
2 19 1
2 18 1
2 17 1
2 16 1
2 15 1
2 14 1
2 13 1
2 12 1
6 11 1
0 26 1
-1
-1
-1
-1
-1
-1
-1
-1
-1
-1
-1
-1
-1
-1
-1
-1
-1
1 6 38
1 6 39
1 6 40
1 6 41
1 6 42
3 6 43
2 7 43
2 8 43
2 9 43
2 10 43
2 11 43
2 12 43
2 13 43
2 14 43
2 15 43
2 16 43
2 17 43
2 18 43
2 19 43
2 20 43
2 21 43
2 22 43
2 23 43
2 24 43
2 25 43
2 26 43
2 27 43
2 28 43
2 29 43
2 30 43
2 31 43
2 32 43
2 33 43
0 6 37
-1
-1
-1
-1
-1
-1
-1
-1
-1
-1
-1
-1
-1
-1
-1
-1
-1
-1
-1
-1
1 20 12
1 20 11
1 20 10
1 20 9
1 20 8
6 20 7
2 21 7
4 22 7
0 20 13
-1
-1
-1
-1
-1
-1
-1
1 17 47
1 17 46
1 17 45
6 17 44
2 18 44
2 19 44
2 20 44
2 21 44
2 22 44
2 23 44
2 24 44
2 25 44
2 26 44
2 27 44
2 28 44
2 29 44
2 30 44
2 31 44
2 32 44
2 33 44
4 34 44
0 17 48
-1
-1
-1
-1
-1
-1
-1
2 15 9
2 14 9
2 13 9
2 12 9
3 11 9
1 11 8
5 11 7
3 10 7
1 10 6
1 10 5
1 10 4
1 10 3
6 10 2
0 16 9
2 42 23
2 41 23
2 40 23
2 39 23
2 38 23
2 37 23
2 36 23
6 35 23
1 35 24
1 35 25
1 35 26
1 35 27
1 35 28
1 35 29
1 35 30
1 35 31
1 35 32
1 35 33
1 35 34
1 35 35
1 35 36
1 35 37
1 35 38
1 35 39
1 35 40
1 35 41
1 35 42
4 35 43
0 43 23
2 25 20
2 24 20
3 23 20
1 23 19
1 23 18
1 23 17
1 23 16
1 23 15
1 23 14
1 23 13
1 23 12
1 23 11
1 23 10
1 23 9
1 23 8
1 23 7
5 23 6
0 26 20
2 2 10
2 3 10
2 4 10
2 5 10
2 6 10
2 7 10
2 8 10
2 9 10
2 10 10
2 11 10
2 12 10
2 13 10
2 14 10
2 15 10
4 16 10
0 1 10
2 31 41
2 30 41
2 29 41
2 28 41
2 27 41
3 26 41
1 26 40
1 26 39
1 26 38
1 26 37
1 26 36
1 26 35
1 26 34
1 26 33
1 26 32
1 26 31
1 26 30
1 26 29
1 26 28
1 26 27
1 26 26
1 26 25
1 26 24
1 26 23
1 26 22
1 26 21
0 32 41
3 17 10
5 17 9
0 18 10
1 2 39
1 2 38
6 2 37
2 3 37
2 4 37
2 5 37
0 2 40
2 23 45
2 22 45
2 21 45
2 20 45
2 19 45
6 18 45
1 18 46
1 18 47
4 18 48
0 24 45
2 24 5
2 23 5
6 22 5
0 25 5
1 4 32
1 4 33
1 4 34
1 4 35
3 4 36
2 5 36
5 6 36
0 4 31
2 9 39
2 8 39
3 7 39
1 7 38
5 7 37
0 10 39
-1
-1
-1
1 1 12
1 1 11
0 1 13
2 28 13
2 27 13
6 26 13
1 26 14
1 26 15
1 26 16
1 26 17
1 26 18
1 26 19
0 29 13
6 36 41
1 36 42
1 36 43
4 36 44
6 35 44
4 35 45
2 34 45
2 33 45
2 32 45
2 31 45
2 30 45
2 29 45
2 28 45
2 27 45
2 26 45
2 25 45
0 37 41
3 18 4
2 19 4
2 20 4
2 21 4
2 22 4
2 23 4
2 24 4
5 25 4
0 18 3
2 7 33
2 6 33
3 5 33
1 5 32
5 5 31
0 8 33
2 18 38
2 17 38
2 16 38
2 15 38
2 14 38
2 13 38
2 12 38
2 11 38
6 10 38
0 19 38
1 40 18
1 40 19
1 40 20
1 40 21
3 40 22
2 41 22
2 42 22
5 43 22
0 40 17
1 41 26
1 41 25
6 41 24
2 42 24
4 43 24
0 41 27
2 5 14
2 4 14
2 3 14
2 2 14
3 1 14
0 6 14
1 11 45
1 11 46
1 11 47
3 11 48
2 12 48
2 13 48
2 14 48
2 15 48
2 16 48
0 11 44
3 25 8
1 25 7
1 25 6
0 26 8
1 40 32
1 40 31
1 40 30
1 40 29
1 40 28
6 40 27
0 40 33
2 18 0
2 19 0
2 20 0
2 21 0
2 22 0
2 23 0
2 24 0
2 25 0
5 26 0
0 17 0
2 14 44
2 13 44
2 12 44
0 15 44
6 27 17
1 27 18
1 27 19
4 27 20
0 28 17
6 21 12
4 21 13
0 22 12
-1
-1
-1
-1
-1
-1
-1
-1
-1
-1
-1
-1
-1
-1
-1
-1
-1
-1
-1
-1
-1
-1
-1
-1
-1
-1
-1
-1
-1
-1
-1
-1
-1
-1
-1
-1
-1
-1
-1
-1
-1
-1
-1
-1
-1
-1
-1
-1
-1
-1
-1
-1
-1
-1
-1
-1
-1
-1
-1
-1
-1
-1
-1
-1
-1
-1
-1
-1
-1
-1
-1
-1
-1
-1
-1
-1
-1
-1
-1
-1
-1
-1
-1
-1
-1
-1
-1
-1
-1
-1
-1
-1
-1
-1
-1
-1
-1
-1
-1
-1
-1
-1
-1
-1
-1
-1
-1
-1
-1
-1
-1
-1
-1
-1
-1
-1
-1
-1
-1
-1
-1
-1
-1
-1
-1
-1
-1
-1
-1
-1
-1
-1
-1
-1
-1
-1
-1
-1
-1
-1
-1
-1
-1
-1
-1
-1
-1
-1
-1
-1
-1
-1
-1
-1
-1
-1
-1
-1
-1
-1
-1
-1
#time = 1.1497669219970703sec
