0 43 44
0 26 1
2 27 44
2 28 44
2 29 44
2 30 44
2 31 44
2 32 44
2 33 44
2 34 44
2 35 44
2 36 44
2 37 44
2 38 44
2 39 44
2 40 44
2 41 44
2 42 44
1 26 2
1 26 3
1 26 4
1 26 5
1 26 6
1 26 7
1 26 8
1 26 9
1 26 10
1 26 11
1 26 12
1 26 13
1 26 14
1 26 15
1 26 16
1 26 17
1 26 18
1 26 19
1 26 20
1 26 21
1 26 22
1 26 23
1 26 24
1 26 25
1 26 26
1 26 27
1 26 28
1 26 29
1 26 30
1 26 31
1 26 32
1 26 33
1 26 34
1 26 35
1 26 36
1 26 37
1 26 38
1 26 39
1 26 40
1 26 41
1 26 42
1 26 43
3 26 44
-1
-1
-1
-1
-1
-1
-1
-1
-1
-1
-1
-1
-1
-1
-1
-1
-1
-1
-1
-1
-1
-1
-1
-1
-1
-1
-1
-1
-1
-1
-1
-1
-1
-1
-1
-1
-1
-1
-1
-1
-1
-1
-1
-1
-1
-1
-1
-1
-1
-1
-1
-1
-1
-1
-1
-1
-1
-1
-1
-1
-1
-1
-1
-1
-1
-1
-1
-1
-1
-1
-1
-1
-1
-1
-1
-1
-1
-1
-1
-1
-1
-1
-1
-1
-1
-1
-1
-1
-1
-1
-1
-1
-1
-1
-1
-1
-1
-1
-1
-1
-1
-1
-1
-1
-1
-1
-1
-1
-1
-1
-1
-1
-1
-1
-1
-1
-1
-1
-1
-1
-1
-1
-1
-1
-1
-1
-1
-1
-1
-1
-1
-1
-1
-1
-1
-1
-1
-1
-1
-1
-1
-1
-1
-1
-1
1 40 35
1 40 36
1 40 37
1 40 38
1 40 39
1 40 40
1 40 41
1 40 42
3 40 43
2 41 43
2 42 43
5 43 43
0 40 34
-1
-1
-1
-1
-1
-1
-1
-1
-1
-1
-1
-1
-1
-1
-1
-1
-1
-1
-1
-1
-1
-1
-1
-1
-1
-1
-1
-1
-1
-1
-1
-1
-1
-1
-1
-1
-1
-1
-1
-1
-1
-1
-1
-1
-1
1 24 3
1 24 2
6 24 1
2 25 1
0 24 4
-1
-1
-1
-1
-1
-1
-1
-1
-1
-1
-1
-1
-1
-1
-1
-1
-1
-1
-1
-1
-1
-1
-1
-1
-1
-1
-1
1 41 33
1 41 34
1 41 35
1 41 36
1 41 37
1 41 38
1 41 39
1 41 40
1 41 41
3 41 42
2 42 42
2 43 42
5 44 42
1 44 43
4 44 44
0 41 32
-1
-1
-1
-1
-1
-1
-1
-1
-1
-1
-1
-1
-1
-1
-1
-1
-1
2 9 4
2 10 4
2 11 4
2 12 4
2 13 4
2 14 4
2 15 4
2 16 4
2 17 4
2 18 4
2 19 4
2 20 4
2 21 4
2 22 4
2 23 4
0 8 4
-1
-1
-1
-1
-1
-1
6 23 45
2 24 45
2 25 45
2 26 45
2 27 45
2 28 45
2 29 45
2 30 45
2 31 45
2 32 45
2 33 45
2 34 45
2 35 45
2 36 45
2 37 45
2 38 45
2 39 45
2 40 45
2 41 45
2 42 45
4 43 45
0 23 46
-1
-1
-1
-1
-1
-1
-1
6 31 34
2 32 34
2 33 34
2 34 34
2 35 34
2 36 34
2 37 34
2 38 34
2 39 34
0 31 35
-1
-1
-1
-1
-1
-1
-1
-1
1 21 6
6 21 5
2 22 5
2 23 5
4 24 5
0 21 7
2 46 48
3 45 48
1 45 47
1 45 46
1 45 45
1 45 44
1 45 43
1 45 42
5 45 41
2 44 41
2 43 41
3 42 41
1 42 40
1 42 39
1 42 38
1 42 37
1 42 36
1 42 35
1 42 34
1 42 33
5 42 32
0 47 48
-1
2 12 5
2 11 5
2 10 5
2 9 5
3 8 5
0 13 5
-1
-1
-1
-1
-1
2 24 48
3 23 48
1 23 47
0 25 48
1 6 27
1 6 26
1 6 25
1 6 24
1 6 23
1 6 22
1 6 21
1 6 20
1 6 19
1 6 18
1 6 17
1 6 16
1 6 15
1 6 14
1 6 13
1 6 12
1 6 11
1 6 10
1 6 9
6 6 8
2 7 8
2 8 8
2 9 8
2 10 8
2 11 8
2 12 8
2 13 8
2 14 8
2 15 8
2 16 8
2 17 8
2 18 8
2 19 8
2 20 8
2 21 8
4 22 8
1 22 7
6 22 6
2 23 6
2 24 6
4 25 6
1 25 5
5 25 4
0 6 28
2 27 0
6 26 0
0 28 0
1 39 30
1 39 31
3 39 32
2 40 32
0 39 29
2 31 10
2 30 10
2 29 10
2 28 10
3 27 10
1 27 9
1 27 8
1 27 7
1 27 6
1 27 5
1 27 4
1 27 3
1 27 2
5 27 1
0 32 10
1 17 39
1 17 40
1 17 41
1 17 42
1 17 43
1 17 44
1 17 45
3 17 46
2 18 46
2 19 46
2 20 46
2 21 46
2 22 46
0 17 38
2 35 11
2 34 11
2 33 11
3 32 11
0 36 11
2 34 12
2 35 12
2 36 12
4 37 12
1 37 11
5 37 10
2 36 10
2 35 10
2 34 10
2 33 10
0 33 12
1 38 31
1 38 30
6 38 29
0 38 32
2 14 3
2 13 3
2 12 3
2 11 3
2 10 3
2 9 3
6 8 3
0 15 3
2 33 30
2 32 30
6 31 30
1 31 31
1 31 32
4 31 33
6 30 33
1 30 34
3 30 35
0 34 30
2 24 40
2 23 40
2 22 40
2 21 40
2 20 40
2 19 40
3 18 40
1 18 39
5 18 38
0 25 40
1 14 37
3 14 38
2 15 38
2 16 38
0 14 36
2 14 27
2 13 27
2 12 27
2 11 27
2 10 27
2 9 27
2 8 27
6 7 27
4 7 28
0 15 27
2 35 39
2 34 39
2 33 39
2 32 39
3 31 39
1 31 38
1 31 37
1 31 36
0 36 39
-1
-1
-1
-1
-1
-1
-1
-1
-1
-1
-1
-1
-1
-1
-1
-1
-1
-1
-1
-1
-1
-1
-1
-1
-1
-1
-1
-1
-1
-1
-1
-1
-1
-1
-1
-1
-1
-1
-1
-1
-1
-1
-1
-1
-1
-1
-1
-1
-1
-1
-1
-1
-1
-1
-1
-1
-1
-1
-1
-1
-1
-1
-1
-1
-1
-1
-1
-1
-1
-1
-1
-1
-1
-1
-1
-1
-1
-1
-1
-1
-1
-1
-1
-1
-1
-1
-1
-1
-1
-1
-1
-1
-1
-1
-1
-1
-1
-1
-1
-1
-1
-1
-1
-1
-1
-1
-1
-1
-1
-1
-1
-1
-1
-1
-1
-1
-1
-1
-1
-1
-1
-1
-1
-1
-1
-1
-1
-1
-1
-1
-1
-1
-1
-1
-1
-1
-1
-1
-1
-1
-1
-1
-1
-1
-1
-1
-1
-1
-1
-1
-1
-1
-1
-1
-1
-1
-1
-1
-1
-1
-1
-1
-1
-1
-1
-1
-1
-1
-1
-1
-1
-1
-1
-1
-1
-1
-1
-1
-1
-1
-1
-1
-1
-1
-1
-1
-1
-1
-1
-1
-1
-1
-1
-1
-1
-1
-1
-1
-1
-1
-1
-1
-1
-1
-1
#time = 0.4662954807281494sec
