0 33 45
0 0 8
2 1 45
2 2 45
2 3 45
2 4 45
2 5 45
2 6 45
2 7 45
2 8 45
2 9 45
2 10 45
2 11 45
2 12 45
2 13 45
2 14 45
2 15 45
2 16 45
2 17 45
2 18 45
2 19 45
2 20 45
2 21 45
2 22 45
2 23 45
2 24 45
2 25 45
2 26 45
2 27 45
2 28 45
2 29 45
2 30 45
2 31 45
2 32 45
1 0 9
1 0 10
1 0 11
1 0 12
1 0 13
1 0 14
1 0 15
1 0 16
1 0 17
1 0 18
1 0 19
1 0 20
1 0 21
1 0 22
1 0 23
1 0 24
1 0 25
1 0 26
1 0 27
1 0 28
1 0 29
1 0 30
1 0 31
1 0 32
1 0 33
1 0 34
1 0 35
1 0 36
1 0 37
1 0 38
1 0 39
1 0 40
1 0 41
1 0 42
1 0 43
1 0 44
3 0 45
-1
-1
-1
-1
-1
-1
-1
-1
-1
-1
-1
-1
-1
-1
-1
-1
-1
-1
-1
-1
-1
-1
-1
-1
-1
-1
-1
-1
-1
-1
-1
-1
-1
-1
-1
-1
-1
-1
-1
-1
-1
-1
-1
-1
-1
-1
-1
-1
-1
-1
-1
-1
-1
-1
-1
-1
-1
-1
-1
-1
-1
-1
-1
-1
-1
-1
-1
-1
-1
-1
-1
-1
-1
-1
-1
-1
-1
-1
-1
-1
-1
-1
-1
-1
-1
-1
-1
-1
-1
-1
-1
-1
-1
-1
-1
-1
-1
-1
-1
-1
-1
-1
-1
-1
-1
-1
-1
-1
-1
-1
2 41 46
2 40 46
2 39 46
2 38 46
2 37 46
2 36 46
2 35 46
2 34 46
3 33 46
0 42 46
-1
-1
-1
-1
-1
-1
-1
-1
-1
-1
-1
-1
-1
-1
-1
-1
-1
-1
-1
-1
-1
-1
-1
-1
6 33 17
1 33 18
1 33 19
1 33 20
1 33 21
1 33 22
1 33 23
1 33 24
1 33 25
1 33 26
1 33 27
1 33 28
1 33 29
1 33 30
1 33 31
1 33 32
1 33 33
1 33 34
1 33 35
1 33 36
1 33 37
1 33 38
1 33 39
1 33 40
1 33 41
1 33 42
1 33 43
1 33 44
0 34 17
-1
-1
-1
-1
-1
-1
-1
-1
-1
-1
-1
-1
2 35 45
2 34 45
0 36 45
-1
-1
-1
-1
-1
-1
2 1 6
6 0 6
1 0 7
0 2 6
-1
-1
-1
-1
-1
-1
2 2 8
2 1 8
0 3 8
-1
-1
-1
-1
2 36 16
2 35 16
6 34 16
0 37 16
-1
-1
3 34 44
2 35 44
5 36 44
0 34 43
-1
-1
-1
3 34 19
1 34 18
0 35 19
2 39 17
2 38 17
2 37 17
2 36 17
2 35 17
0 40 17
2 36 47
2 37 47
2 38 47
2 39 47
2 40 47
2 41 47
4 42 47
0 35 47
2 33 15
2 34 15
2 35 15
2 36 15
5 37 15
0 32 15
2 35 42
6 34 42
0 36 42
3 31 47
2 32 47
2 33 47
2 34 47
0 31 46
2 8 7
2 7 7
2 6 7
2 5 7
2 4 7
6 3 7
0 9 7
1 32 19
1 32 18
1 32 17
1 32 16
0 32 20
1 30 16
6 30 15
2 31 15
0 30 17
2 11 22
2 10 22
2 9 22
2 8 22
2 7 22
2 6 22
2 5 22
2 4 22
3 3 22
1 3 21
1 3 20
1 3 19
1 3 18
1 3 17
1 3 16
1 3 15
1 3 14
1 3 13
1 3 12
1 3 11
1 3 10
1 3 9
0 12 22
2 36 14
2 37 14
5 38 14
1 38 15
4 38 16
0 35 14
1 32 6
1 32 7
1 32 8
1 32 9
1 32 10
1 32 11
1 32 12
1 32 13
1 32 14
0 32 5
2 38 45
2 37 45
0 39 45
1 20 47
6 20 46
2 21 46
2 22 46
2 23 46
2 24 46
2 25 46
2 26 46
2 27 46
2 28 46
2 29 46
2 30 46
0 20 48
1 24 8
1 24 7
1 24 6
6 24 5
2 25 5
2 26 5
2 27 5
2 28 5
2 29 5
2 30 5
2 31 5
0 24 9
2 37 20
2 36 20
3 35 20
0 38 20
1 10 20
3 10 21
2 11 21
5 12 21
0 10 19
2 5 18
3 4 18
1 4 17
1 4 16
1 4 15
1 4 14
1 4 13
1 4 12
1 4 11
1 4 10
1 4 9
5 4 8
0 6 18
1 29 43
1 29 42
1 29 41
1 29 40
1 29 39
1 29 38
1 29 37
1 29 36
1 29 35
1 29 34
1 29 33
1 29 32
1 29 31
1 29 30
1 29 29
1 29 28
1 29 27
1 29 26
1 29 25
1 29 24
1 29 23
1 29 22
1 29 21
6 29 20
2 30 20
2 31 20
0 29 44
2 37 8
2 36 8
2 35 8
2 34 8
3 33 8
1 33 7
1 33 6
5 33 5
0 38 8
2 37 43
3 36 43
0 38 43
3 22 9
2 23 9
0 22 8
6 34 48
4 35 48
0 34 49
1 11 24
6 11 23
4 12 23
0 11 25
2 33 4
6 32 4
0 34 4
1 30 43
4 30 44
0 30 42
6 2 4
1 2 5
0 3 4
1 38 34
1 38 35
1 38 36
1 38 37
1 38 38
1 38 39
1 38 40
1 38 41
1 38 42
0 38 33
2 35 1
6 34 1
1 34 2
1 34 3
0 36 1
3 27 17
2 28 17
2 29 17
0 27 16
3 39 16
5 40 16
0 39 15
6 27 18
2 28 18
2 29 18
4 30 18
0 27 19
2 22 49
2 21 49
3 20 49
0 23 49
2 14 25
2 13 25
2 12 25
0 15 25
2 16 6
2 15 6
2 14 6
2 13 6
2 12 6
2 11 6
2 10 6
2 9 6
2 8 6
2 7 6
2 6 6
2 5 6
2 4 6
2 3 6
0 17 6
2 32 49
2 33 49
0 31 49
6 27 13
1 27 14
1 27 15
0 28 13
1 43 47
5 43 46
0 43 48
1 8 24
3 8 25
2 9 25
2 10 25
0 8 23
1 25 15
3 25 16
2 26 16
0 25 14
2 12 13
2 11 13
6 10 13
1 10 14
1 10 15
1 10 16
1 10 17
1 10 18
0 13 13
3 24 44
2 25 44
2 26 44
2 27 44
2 28 44
0 24 43
1 22 5
1 22 6
1 22 7
0 22 4
2 40 39
3 39 39
1 39 38
1 39 37
1 39 36
1 39 35
1 39 34
1 39 33
5 39 32
2 38 32
2 37 32
6 36 32
1 36 33
1 36 34
1 36 35
1 36 36
1 36 37
1 36 38
1 36 39
1 36 40
1 36 41
0 41 39
2 27 8
2 26 8
6 25 8
4 25 9
0 28 8
1 14 42
3 14 43
2 15 43
2 16 43
2 17 43
2 18 43
2 19 43
2 20 43
2 21 43
2 22 43
2 23 43
0 14 41
2 25 1
2 24 1
2 23 1
6 22 1
1 22 2
1 22 3
0 26 1
1 1 30
1 1 29
1 1 28
1 1 27
1 1 26
1 1 25
1 1 24
6 1 23
2 2 23
2 3 23
2 4 23
2 5 23
2 6 23
2 7 23
0 1 31
-1
-1
-1
-1
-1
-1
-1
-1
-1
-1
-1
-1
-1
-1
-1
-1
-1
-1
-1
-1
-1
-1
-1
-1
-1
-1
-1
-1
-1
-1
-1
-1
-1
-1
-1
-1
-1
-1
-1
-1
-1
-1
-1
-1
-1
-1
-1
-1
-1
-1
-1
-1
-1
-1
-1
-1
-1
-1
-1
-1
-1
-1
-1
-1
-1
-1
-1
-1
-1
-1
-1
-1
-1
-1
-1
-1
-1
-1
-1
-1
-1
-1
-1
-1
-1
-1
-1
-1
-1
-1
-1
-1
-1
-1
-1
-1
-1
-1
-1
-1
-1
-1
-1
-1
-1
-1
-1
-1
-1
-1
-1
-1
-1
-1
-1
-1
-1
-1
-1
-1
-1
-1
-1
-1
-1
-1
-1
-1
-1
-1
-1
-1
-1
-1
-1
-1
-1
-1
-1
-1
-1
-1
-1
-1
-1
-1
-1
-1
-1
-1
-1
-1
-1
-1
-1
-1
-1
-1
-1
-1
-1
-1
#time = 5.400161504745483sec
