0 48 20
0 10 48
2 11 20
2 12 20
2 13 20
2 14 20
2 15 20
2 16 20
2 17 20
2 18 20
2 19 20
2 20 20
2 21 20
2 22 20
2 23 20
2 24 20
2 25 20
2 26 20
2 27 20
2 28 20
2 29 20
2 30 20
2 31 20
2 32 20
2 33 20
2 34 20
2 35 20
2 36 20
2 37 20
2 38 20
2 39 20
2 40 20
2 41 20
2 42 20
2 43 20
2 44 20
2 45 20
2 46 20
2 47 20
1 10 21
1 10 22
1 10 23
1 10 24
1 10 25
1 10 26
1 10 27
1 10 28
1 10 29
1 10 30
1 10 31
1 10 32
1 10 33
1 10 34
1 10 35
1 10 36
1 10 37
1 10 38
1 10 39
1 10 40
1 10 41
1 10 42
1 10 43
1 10 44
1 10 45
1 10 46
1 10 47
6 10 20
-1
-1
-1
-1
-1
-1
-1
-1
-1
-1
-1
-1
-1
-1
-1
-1
-1
-1
-1
-1
-1
-1
-1
-1
-1
-1
-1
-1
-1
-1
-1
-1
-1
-1
-1
-1
-1
-1
-1
-1
-1
-1
-1
-1
-1
-1
-1
-1
-1
-1
-1
-1
-1
-1
-1
-1
-1
-1
-1
-1
-1
-1
-1
-1
-1
-1
-1
-1
-1
-1
-1
-1
-1
2 14 18
2 13 18
2 12 18
2 11 18
6 10 18
4 10 19
6 9 19
1 9 20
1 9 21
1 9 22
1 9 23
1 9 24
1 9 25
1 9 26
1 9 27
1 9 28
1 9 29
1 9 30
1 9 31
1 9 32
1 9 33
1 9 34
1 9 35
1 9 36
1 9 37
1 9 38
1 9 39
1 9 40
1 9 41
1 9 42
1 9 43
1 9 44
1 9 45
1 9 46
1 9 47
3 9 48
0 15 18
-1
-1
-1
-1
-1
-1
-1
-1
-1
-1
-1
-1
-1
-1
-1
-1
-1
-1
-1
-1
-1
-1
-1
-1
-1
-1
-1
-1
-1
-1
-1
-1
-1
-1
-1
-1
-1
-1
-1
-1
-1
-1
-1
-1
-1
-1
-1
-1
-1
1 32 34
1 32 33
1 32 32
1 32 31
1 32 30
1 32 29
1 32 28
1 32 27
1 32 26
1 32 25
1 32 24
1 32 23
1 32 22
6 32 21
2 33 21
2 34 21
2 35 21
2 36 21
2 37 21
2 38 21
2 39 21
2 40 21
2 41 21
2 42 21
2 43 21
2 44 21
2 45 21
2 46 21
2 47 21
4 48 21
0 32 35
-1
-1
-1
-1
-1
-1
-1
-1
-1
-1
-1
-1
-1
-1
-1
-1
-1
-1
-1
-1
-1
-1
-1
-1
-1
-1
-1
-1
-1
-1
-1
-1
-1
1 41 17
1 41 18
3 41 19
2 42 19
2 43 19
2 44 19
2 45 19
2 46 19
2 47 19
5 48 19
0 41 16
-1
-1
-1
-1
-1
-1
-1
-1
-1
-1
-1
-1
-1
-1
-1
1 25 9
1 25 10
1 25 11
1 25 12
1 25 13
1 25 14
3 25 15
2 26 15
2 27 15
2 28 15
2 29 15
2 30 15
2 31 15
2 32 15
2 33 15
2 34 15
2 35 15
2 36 15
2 37 15
2 38 15
2 39 15
2 40 15
2 41 15
5 42 15
1 42 16
1 42 17
3 42 18
2 43 18
2 44 18
2 45 18
2 46 18
2 47 18
2 48 18
5 49 18
1 49 19
4 49 20
0 25 8
-1
-1
-1
-1
-1
-1
-1
-1
-1
-1
-1
-1
1 6 2
1 6 3
1 6 4
1 6 5
1 6 6
1 6 7
1 6 8
1 6 9
1 6 10
1 6 11
1 6 12
1 6 13
1 6 14
1 6 15
1 6 16
3 6 17
2 7 17
2 8 17
2 9 17
2 10 17
2 11 17
2 12 17
2 13 17
2 14 17
5 15 17
0 6 1
-1
-1
-1
-1
-1
-1
-1
-1
-1
-1
-1
-1
-1
-1
-1
-1
-1
-1
-1
-1
-1
-1
-1
-1
-1
-1
-1
-1
-1
-1
-1
-1
-1
-1
-1
-1
-1
-1
-1
-1
-1
-1
-1
-1
-1
-1
-1
-1
-1
-1
-1
-1
-1
-1
-1
-1
-1
-1
-1
-1
-1
-1
-1
-1
-1
-1
-1
-1
-1
-1
-1
-1
-1
-1
-1
-1
-1
-1
-1
-1
-1
-1
-1
-1
-1
-1
-1
-1
-1
-1
-1
-1
-1
-1
-1
-1
-1
-1
-1
-1
-1
-1
-1
-1
-1
-1
-1
-1
-1
-1
-1
-1
-1
-1
-1
-1
-1
-1
-1
-1
-1
-1
-1
-1
-1
-1
-1
-1
-1
-1
-1
-1
-1
-1
-1
-1
-1
-1
-1
-1
-1
-1
-1
-1
-1
-1
-1
-1
-1
-1
-1
-1
-1
-1
-1
-1
-1
-1
-1
-1
-1
-1
-1
-1
-1
-1
-1
-1
-1
-1
-1
-1
-1
-1
-1
-1
-1
-1
-1
-1
-1
-1
-1
-1
-1
-1
-1
-1
-1
-1
-1
-1
-1
-1
-1
-1
-1
-1
-1
-1
-1
-1
-1
-1
-1
-1
-1
-1
-1
-1
-1
-1
-1
-1
-1
-1
-1
-1
-1
-1
-1
-1
-1
-1
-1
-1
-1
-1
-1
-1
-1
-1
-1
-1
-1
-1
-1
-1
-1
-1
-1
-1
-1
-1
-1
-1
-1
-1
-1
-1
-1
-1
-1
-1
-1
-1
-1
-1
-1
-1
-1
-1
-1
-1
-1
-1
-1
-1
-1
-1
-1
-1
-1
-1
-1
-1
-1
-1
-1
-1
-1
-1
-1
-1
-1
-1
-1
-1
-1
-1
-1
-1
-1
-1
-1
-1
-1
-1
-1
-1
-1
-1
-1
-1
-1
-1
-1
-1
-1
-1
-1
-1
-1
-1
-1
-1
-1
-1
-1
-1
-1
-1
-1
-1
-1
-1
-1
-1
-1
-1
-1
-1
-1
-1
-1
-1
-1
-1
-1
-1
-1
-1
-1
-1
-1
-1
-1
-1
-1
-1
-1
-1
-1
-1
-1
-1
-1
-1
-1
-1
-1
-1
-1
-1
-1
-1
-1
-1
-1
-1
-1
-1
-1
-1
-1
-1
-1
-1
-1
-1
-1
-1
-1
-1
-1
-1
-1
-1
-1
-1
-1
-1
-1
-1
-1
-1
-1
-1
-1
-1
-1
-1
-1
-1
-1
-1
-1
-1
-1
#time = 0.18992352485656738sec
