0 6 13
0 44 45
2 7 13
2 8 13
2 9 13
2 10 13
2 11 13
2 12 13
2 13 13
2 14 13
2 15 13
2 16 13
2 17 13
2 18 13
2 19 13
2 20 13
2 21 13
2 22 13
2 23 13
2 24 13
2 25 13
2 26 13
2 27 13
2 28 13
2 29 13
2 30 13
2 31 13
2 32 13
2 33 13
2 34 13
2 35 13
2 36 13
2 37 13
2 38 13
2 39 13
2 40 13
2 41 13
2 42 13
2 43 13
1 44 14
1 44 15
1 44 16
1 44 17
1 44 18
1 44 19
1 44 20
1 44 21
1 44 22
1 44 23
1 44 24
1 44 25
1 44 26
1 44 27
1 44 28
1 44 29
1 44 30
1 44 31
1 44 32
1 44 33
1 44 34
1 44 35
1 44 36
1 44 37
1 44 38
1 44 39
1 44 40
1 44 41
1 44 42
1 44 43
1 44 44
5 44 13
-1
-1
-1
-1
-1
-1
-1
-1
-1
-1
-1
-1
-1
-1
-1
-1
-1
-1
-1
-1
-1
-1
-1
-1
-1
-1
-1
-1
-1
-1
-1
-1
-1
-1
-1
-1
-1
-1
-1
-1
-1
-1
-1
-1
-1
-1
-1
-1
-1
-1
-1
-1
-1
-1
-1
-1
-1
-1
-1
-1
-1
-1
-1
-1
-1
-1
-1
-1
-1
-1
-1
-1
-1
-1
-1
-1
-1
-1
-1
-1
-1
-1
-1
-1
-1
-1
-1
-1
-1
-1
-1
-1
-1
-1
-1
-1
-1
-1
-1
-1
-1
-1
-1
-1
-1
-1
-1
-1
-1
-1
-1
-1
-1
-1
-1
-1
-1
-1
-1
-1
-1
-1
-1
-1
-1
-1
-1
-1
-1
-1
-1
-1
-1
-1
-1
-1
-1
-1
-1
-1
-1
-1
-1
-1
-1
-1
-1
-1
-1
-1
-1
-1
-1
-1
-1
-1
-1
-1
-1
-1
3 34 45
2 35 45
2 36 45
2 37 45
2 38 45
2 39 45
2 40 45
2 41 45
2 42 45
2 43 45
0 34 44
-1
-1
-1
-1
-1
-1
-1
-1
-1
-1
-1
-1
-1
-1
-1
-1
-1
-1
-1
-1
-1
-1
-1
-1
-1
-1
-1
-1
-1
-1
-1
-1
-1
-1
-1
1 1 6
1 1 7
1 1 8
1 1 9
1 1 10
1 1 11
1 1 12
3 1 13
2 2 13
2 3 13
2 4 13
2 5 13
0 1 5
-1
-1
-1
-1
-1
-1
-1
-1
-1
-1
-1
-1
-1
-1
-1
-1
-1
-1
-1
-1
1 28 42
1 28 43
3 28 44
2 29 44
2 30 44
2 31 44
2 32 44
2 33 44
0 28 41
-1
-1
-1
-1
-1
-1
-1
-1
-1
-1
-1
-1
-1
-1
-1
2 46 47
2 45 47
3 44 47
1 44 46
0 47 47
3 19 40
2 20 40
2 21 40
2 22 40
2 23 40
2 24 40
2 25 40
2 26 40
2 27 40
2 28 40
5 29 40
1 29 41
1 29 42
3 29 43
2 30 43
2 31 43
2 32 43
2 33 43
5 34 43
0 19 39
6 37 48
2 38 48
2 39 48
2 40 48
2 41 48
2 42 48
2 43 48
2 44 48
2 45 48
2 46 48
2 47 48
4 48 48
1 48 47
5 48 46
2 47 46
2 46 46
3 45 46
5 45 45
0 37 49
2 16 28
2 15 28
2 14 28
2 13 28
2 12 28
2 11 28
2 10 28
2 9 28
2 8 28
2 7 28
3 6 28
1 6 27
1 6 26
1 6 25
1 6 24
1 6 23
1 6 22
1 6 21
1 6 20
1 6 19
1 6 18
1 6 17
1 6 16
1 6 15
1 6 14
0 17 28
2 11 41
2 12 41
2 13 41
2 14 41
2 15 41
2 16 41
2 17 41
4 18 41
1 18 40
1 18 39
6 18 38
2 19 38
5 20 38
3 20 39
2 21 39
2 22 39
2 23 39
2 24 39
2 25 39
2 26 39
2 27 39
2 28 39
2 29 39
5 30 39
1 30 40
1 30 41
3 30 42
2 31 42
2 32 42
2 33 42
2 34 42
5 35 42
1 35 43
4 35 44
0 10 41
2 33 30
2 32 30
2 31 30
2 30 30
2 29 30
2 28 30
2 27 30
2 26 30
2 25 30
2 24 30
2 23 30
2 22 30
2 21 30
2 20 30
2 19 30
2 18 30
3 17 30
1 17 29
0 34 30
2 3 3
2 2 3
6 1 3
1 1 4
0 4 3
2 36 36
2 35 36
3 34 36
1 34 35
1 34 34
1 34 33
1 34 32
1 34 31
0 37 36
1 26 42
6 26 41
2 27 41
0 26 43
1 46 36
1 46 37
1 46 38
1 46 39
1 46 40
1 46 41
1 46 42
1 46 43
1 46 44
3 46 45
2 47 45
2 48 45
5 49 45
1 49 46
1 49 47
1 49 48
4 49 49
2 48 49
2 47 49
2 46 49
2 45 49
2 44 49
2 43 49
2 42 49
2 41 49
2 40 49
2 39 49
2 38 49
0 46 35
2 7 41
2 8 41
2 9 41
0 6 41
3 4 12
2 5 12
5 6 12
0 4 11
1 35 47
1 35 48
3 35 49
2 36 49
0 35 46
1 2 9
1 2 8
1 2 7
1 2 6
5 2 5
0 2 10
3 33 29
5 34 29
0 33 28
1 22 42
3 22 43
2 23 43
2 24 43
2 25 43
0 22 41
2 3 14
2 2 14
2 1 14
3 0 14
1 0 13
1 0 12
1 0 11
1 0 10
1 0 9
1 0 8
1 0 7
1 0 6
6 0 5
0 4 14
2 48 37
3 47 37
1 47 36
5 47 35
0 49 37
2 12 6
2 11 6
2 10 6
2 9 6
2 8 6
2 7 6
2 6 6
2 5 6
3 4 6
1 4 5
1 4 4
0 13 6
1 1 37
1 1 38
1 1 39
1 1 40
3 1 41
2 2 41
2 3 41
2 4 41
2 5 41
0 1 36
1 32 15
1 32 16
1 32 17
1 32 18
1 32 19
1 32 20
1 32 21
1 32 22
1 32 23
1 32 24
1 32 25
1 32 26
1 32 27
3 32 28
0 32 14
2 41 35
2 40 35
2 39 35
2 38 35
6 37 35
0 42 35
6 4 42
2 5 42
4 6 42
0 4 43
2 24 12
2 23 12
2 22 12
2 21 12
2 20 12
2 19 12
2 18 12
2 17 12
2 16 12
2 15 12
2 14 12
2 13 12
2 12 12
2 11 12
2 10 12
2 9 12
2 8 12
3 7 12
5 7 11
2 6 11
2 5 11
0 25 12
1 0 34
1 0 35
3 0 36
0 0 33
1 26 16
1 26 15
6 26 14
2 27 14
2 28 14
2 29 14
2 30 14
2 31 14
0 26 17
3 5 40
5 6 40
0 5 39
-1
-1
-1
-1
-1
-1
-1
-1
-1
-1
-1
-1
-1
-1
-1
-1
-1
-1
-1
-1
-1
-1
-1
-1
-1
-1
-1
-1
-1
-1
-1
-1
-1
-1
-1
-1
-1
-1
-1
-1
-1
-1
-1
-1
-1
-1
-1
-1
-1
-1
-1
-1
-1
-1
-1
-1
-1
-1
-1
-1
-1
-1
-1
-1
-1
-1
-1
-1
-1
-1
-1
-1
-1
-1
-1
-1
-1
-1
-1
-1
-1
-1
-1
-1
-1
-1
-1
-1
-1
-1
-1
-1
-1
-1
-1
-1
-1
-1
-1
-1
-1
-1
-1
-1
-1
-1
-1
-1
-1
-1
-1
-1
-1
-1
-1
-1
-1
-1
-1
-1
-1
-1
-1
-1
-1
-1
-1
-1
-1
-1
-1
-1
-1
-1
-1
-1
-1
-1
-1
-1
-1
-1
-1
-1
-1
-1
-1
-1
-1
-1
-1
-1
-1
-1
-1
-1
-1
-1
-1
-1
-1
-1
-1
#time = 1.418889045715332sec
