0 8 23
0 43 36
2 9 23
2 10 23
2 11 23
2 12 23
2 13 23
2 14 23
2 15 23
2 16 23
2 17 23
2 18 23
2 19 23
2 20 23
2 21 23
2 22 23
2 23 23
2 24 23
2 25 23
2 26 23
2 27 23
2 28 23
2 29 23
2 30 23
2 31 23
2 32 23
2 33 23
2 34 23
2 35 23
2 36 23
2 37 23
2 38 23
2 39 23
2 40 23
2 41 23
2 42 23
1 43 24
1 43 25
1 43 26
1 43 27
1 43 28
1 43 29
1 43 30
1 43 31
1 43 32
1 43 33
1 43 34
1 43 35
5 43 23
-1
-1
-1
-1
-1
-1
-1
-1
-1
-1
-1
-1
-1
-1
-1
-1
-1
-1
-1
-1
-1
-1
-1
-1
-1
-1
-1
-1
-1
-1
-1
-1
-1
-1
-1
-1
-1
-1
-1
-1
-1
-1
-1
-1
-1
-1
-1
-1
-1
-1
-1
-1
-1
-1
-1
-1
-1
-1
-1
-1
-1
-1
-1
-1
-1
-1
-1
-1
-1
-1
-1
-1
-1
-1
-1
-1
-1
-1
-1
-1
-1
-1
-1
-1
-1
-1
-1
-1
-1
-1
-1
-1
-1
-1
-1
-1
-1
-1
-1
-1
-1
-1
-1
-1
-1
-1
-1
-1
-1
-1
-1
-1
-1
-1
-1
-1
-1
-1
-1
-1
-1
-1
-1
-1
-1
-1
-1
-1
-1
-1
-1
-1
-1
-1
-1
-1
-1
-1
-1
-1
-1
-1
-1
-1
-1
-1
-1
-1
-1
-1
-1
-1
-1
-1
-1
-1
-1
-1
-1
1 40 35
3 40 36
2 41 36
2 42 36
0 40 34
-1
-1
-1
-1
-1
-1
-1
-1
-1
-1
-1
-1
-1
-1
-1
-1
-1
-1
-1
-1
-1
-1
-1
-1
-1
-1
-1
-1
-1
-1
-1
-1
-1
-1
-1
-1
-1
-1
-1
-1
-1
-1
-1
-1
-1
-1
-1
-1
-1
-1
-1
-1
-1
1 40 39
1 40 38
6 40 37
2 41 37
2 42 37
4 43 37
0 40 40
-1
-1
-1
-1
-1
-1
-1
-1
-1
-1
-1
-1
-1
-1
-1
-1
-1
-1
-1
-1
-1
-1
-1
-1
-1
-1
-1
-1
-1
-1
-1
-1
-1
2 45 39
3 44 39
1 44 38
1 44 37
5 44 36
0 46 39
-1
-1
-1
-1
-1
-1
-1
-1
-1
-1
-1
-1
-1
-1
-1
-1
-1
-1
-1
-1
-1
-1
-1
-1
3 6 23
2 7 23
0 6 22
-1
-1
-1
-1
-1
-1
-1
-1
-1
-1
-1
-1
-1
-1
-1
-1
-1
-1
1 39 35
6 39 34
0 39 36
-1
-1
-1
-1
-1
-1
-1
-1
-1
-1
-1
-1
-1
-1
-1
6 7 24
4 8 24
0 7 25
-1
-1
-1
-1
-1
-1
-1
-1
-1
-1
-1
-1
2 41 33
6 40 33
0 42 33
-1
-1
-1
-1
-1
-1
1 34 42
1 34 41
6 34 40
2 35 40
2 36 40
2 37 40
2 38 40
2 39 40
0 34 43
-1
-1
-1
-1
-1
-1
-1
2 11 22
2 10 22
2 9 22
6 8 22
0 12 22
-1
-1
-1
3 44 35
5 45 35
1 45 36
1 45 37
3 45 38
5 46 38
0 44 34
-1
-1
-1
-1
-1
-1
2 8 21
2 7 21
6 6 21
0 9 21
-1
-1
-1
-1
-1
3 37 36
2 38 36
0 37 35
-1
-1
-1
-1
6 3 22
2 4 22
2 5 22
0 3 23
-1
2 48 36
6 47 36
1 47 37
1 47 38
4 47 39
0 49 36
-1
-1
-1
2 38 41
2 39 41
4 40 41
0 37 41
2 48 26
2 47 26
2 46 26
2 45 26
6 44 26
1 44 27
1 44 28
1 44 29
1 44 30
1 44 31
1 44 32
1 44 33
0 49 26
2 21 6
2 20 6
2 19 6
2 18 6
2 17 6
2 16 6
2 15 6
2 14 6
2 13 6
6 12 6
1 12 7
1 12 8
1 12 9
1 12 10
1 12 11
1 12 12
1 12 13
1 12 14
1 12 15
1 12 16
1 12 17
1 12 18
1 12 19
1 12 20
1 12 21
0 22 6
2 10 47
2 9 47
2 8 47
3 7 47
1 7 46
1 7 45
1 7 44
1 7 43
1 7 42
1 7 41
1 7 40
1 7 39
1 7 38
1 7 37
1 7 36
1 7 35
1 7 34
1 7 33
1 7 32
1 7 31
1 7 30
1 7 29
1 7 28
1 7 27
1 7 26
0 11 47
6 13 21
4 13 22
0 14 21
2 15 27
2 14 27
2 13 27
2 12 27
2 11 27
2 10 27
2 9 27
3 8 27
1 8 26
5 8 25
0 16 27
1 5 45
1 5 44
1 5 43
1 5 42
1 5 41
1 5 40
1 5 39
1 5 38
1 5 37
1 5 36
1 5 35
1 5 34
1 5 33
1 5 32
1 5 31
1 5 30
1 5 29
1 5 28
1 5 27
1 5 26
6 5 25
2 6 25
0 5 46
1 42 28
1 42 29
1 42 30
1 42 31
1 42 32
0 42 27
1 44 23
1 44 24
3 44 25
2 45 25
2 46 25
2 47 25
2 48 25
5 49 25
0 44 22
1 35 30
1 35 31
1 35 32
1 35 33
1 35 34
1 35 35
3 35 36
5 36 36
3 36 37
2 37 37
2 38 37
4 39 37
0 35 29
1 21 4
3 21 5
5 22 5
0 21 3
1 31 40
1 31 41
1 31 42
3 31 43
2 32 43
2 33 43
0 31 39
1 2 18
1 2 19
1 2 20
1 2 21
1 2 22
3 2 23
0 2 17
1 48 30
1 48 29
1 48 28
6 48 27
4 49 27
0 48 31
2 32 44
2 33 44
4 34 44
0 31 44
2 26 0
2 25 0
2 24 0
2 23 0
2 22 0
6 21 0
1 21 1
1 21 2
0 27 0
-1
-1
-1
-1
-1
-1
-1
-1
-1
-1
-1
-1
-1
-1
-1
-1
-1
-1
-1
-1
-1
-1
-1
-1
-1
-1
-1
-1
-1
-1
-1
-1
-1
-1
-1
-1
-1
-1
-1
-1
-1
-1
-1
-1
-1
-1
-1
-1
-1
-1
-1
-1
-1
-1
-1
-1
-1
-1
-1
-1
-1
-1
-1
-1
-1
-1
-1
-1
-1
-1
-1
-1
-1
-1
-1
-1
-1
-1
-1
-1
-1
-1
-1
-1
-1
-1
-1
-1
-1
-1
-1
-1
-1
-1
-1
-1
-1
-1
-1
-1
-1
-1
-1
-1
-1
-1
-1
-1
-1
-1
-1
-1
-1
-1
-1
-1
-1
-1
-1
-1
-1
-1
-1
-1
-1
-1
-1
-1
-1
-1
-1
-1
-1
-1
-1
-1
-1
-1
-1
-1
-1
-1
-1
-1
-1
-1
-1
-1
-1
-1
-1
-1
-1
-1
-1
-1
-1
-1
-1
-1
-1
-1
-1
#time = 1.7570619583129883sec
