0 47 24
0 5 36
2 6 24
2 7 24
2 8 24
2 9 24
2 10 24
2 11 24
2 12 24
2 13 24
2 14 24
2 15 24
2 16 24
2 17 24
2 18 24
2 19 24
2 20 24
2 21 24
2 22 24
2 23 24
2 24 24
2 25 24
2 26 24
2 27 24
2 28 24
2 29 24
2 30 24
2 31 24
2 32 24
2 33 24
2 34 24
2 35 24
2 36 24
2 37 24
2 38 24
2 39 24
2 40 24
2 41 24
2 42 24
2 43 24
2 44 24
2 45 24
2 46 24
1 5 25
1 5 26
1 5 27
1 5 28
1 5 29
1 5 30
1 5 31
1 5 32
1 5 33
1 5 34
1 5 35
6 5 24
-1
-1
-1
-1
-1
-1
-1
-1
-1
-1
-1
-1
-1
-1
-1
-1
-1
-1
-1
-1
-1
-1
-1
-1
-1
-1
-1
-1
-1
-1
-1
-1
-1
-1
-1
-1
-1
-1
-1
-1
-1
-1
-1
-1
-1
-1
-1
-1
-1
-1
6 47 18
1 47 19
1 47 20
1 47 21
1 47 22
1 47 23
0 48 18
-1
-1
-1
-1
-1
-1
-1
-1
-1
-1
-1
-1
-1
-1
-1
-1
-1
-1
-1
-1
-1
-1
-1
-1
-1
-1
-1
-1
-1
-1
-1
-1
-1
-1
-1
-1
-1
-1
-1
-1
-1
1 1 20
1 1 21
1 1 22
1 1 23
1 1 24
1 1 25
1 1 26
1 1 27
1 1 28
1 1 29
1 1 30
1 1 31
1 1 32
1 1 33
1 1 34
1 1 35
3 1 36
2 2 36
2 3 36
2 4 36
0 1 19
-1
-1
-1
-1
-1
-1
-1
-1
-1
-1
-1
-1
-1
-1
-1
-1
-1
-1
-1
2 25 42
2 24 42
2 23 42
2 22 42
2 21 42
2 20 42
2 19 42
2 18 42
2 17 42
2 16 42
2 15 42
2 14 42
2 13 42
2 12 42
2 11 42
2 10 42
2 9 42
2 8 42
2 7 42
2 6 42
3 5 42
1 5 41
1 5 40
1 5 39
1 5 38
1 5 37
0 26 42
-1
-1
-1
-1
-1
1 30 10
1 30 11
1 30 12
1 30 13
1 30 14
1 30 15
1 30 16
3 30 17
2 31 17
2 32 17
2 33 17
2 34 17
2 35 17
2 36 17
2 37 17
2 38 17
2 39 17
2 40 17
2 41 17
2 42 17
2 43 17
2 44 17
2 45 17
2 46 17
2 47 17
2 48 17
5 49 17
1 49 18
4 49 19
6 48 19
1 48 20
1 48 21
1 48 22
1 48 23
4 48 24
0 30 9
-1
-1
-1
-1
-1
-1
-1
-1
-1
-1
-1
-1
1 20 33
1 20 34
1 20 35
1 20 36
1 20 37
1 20 38
1 20 39
1 20 40
3 20 41
2 21 41
2 22 41
2 23 41
2 24 41
2 25 41
5 26 41
0 20 32
2 17 4
2 16 4
2 15 4
2 14 4
2 13 4
2 12 4
2 11 4
2 10 4
2 9 4
2 8 4
2 7 4
2 6 4
6 5 4
1 5 5
1 5 6
1 5 7
1 5 8
1 5 9
1 5 10
1 5 11
1 5 12
1 5 13
1 5 14
1 5 15
1 5 16
1 5 17
4 5 18
2 4 18
2 3 18
2 2 18
2 1 18
6 0 18
1 0 19
1 0 20
1 0 21
1 0 22
1 0 23
1 0 24
1 0 25
1 0 26
1 0 27
1 0 28
1 0 29
1 0 30
1 0 31
1 0 32
1 0 33
1 0 34
1 0 35
1 0 36
3 0 37
2 1 37
2 2 37
2 3 37
5 4 37
1 4 38
1 4 39
1 4 40
1 4 41
1 4 42
3 4 43
2 5 43
2 6 43
2 7 43
2 8 43
2 9 43
2 10 43
2 11 43
2 12 43
2 13 43
2 14 43
2 15 43
2 16 43
2 17 43
2 18 43
2 19 43
2 20 43
2 21 43
2 22 43
2 23 43
2 24 43
2 25 43
2 26 43
4 27 43
1 27 42
1 27 41
5 27 40
2 26 40
2 25 40
2 24 40
2 23 40
2 22 40
3 21 40
1 21 39
1 21 38
1 21 37
1 21 36
1 21 35
1 21 34
1 21 33
1 21 32
5 21 31
2 20 31
2 19 31
2 18 31
2 17 31
2 16 31
2 15 31
2 14 31
2 13 31
2 12 31
2 11 31
2 10 31
2 9 31
2 8 31
2 7 31
6 6 31
1 6 32
1 6 33
1 6 34
1 6 35
4 6 36
0 18 4
1 45 34
1 45 33
1 45 32
1 45 31
1 45 30
1 45 29
1 45 28
1 45 27
1 45 26
6 45 25
2 46 25
4 47 25
0 45 35
1 30 20
1 30 19
5 30 18
3 29 18
1 29 17
1 29 16
1 29 15
1 29 14
1 29 13
1 29 12
1 29 11
1 29 10
6 29 9
0 30 21
2 47 47
2 46 47
3 45 47
1 45 46
1 45 45
1 45 44
1 45 43
1 45 42
1 45 41
1 45 40
1 45 39
1 45 38
1 45 37
1 45 36
0 48 47
-1
-1
-1
-1
-1
-1
-1
-1
-1
-1
-1
-1
-1
-1
-1
-1
-1
-1
-1
-1
-1
-1
-1
-1
-1
-1
-1
-1
-1
-1
-1
-1
-1
-1
-1
-1
-1
-1
-1
-1
-1
-1
-1
-1
-1
-1
-1
-1
-1
-1
-1
-1
-1
-1
-1
-1
-1
-1
-1
-1
-1
-1
-1
-1
-1
-1
-1
-1
-1
-1
-1
-1
-1
-1
-1
-1
-1
-1
-1
-1
-1
-1
-1
-1
-1
-1
-1
-1
-1
-1
-1
-1
-1
-1
-1
-1
-1
-1
-1
-1
-1
-1
-1
-1
-1
-1
-1
-1
-1
-1
-1
-1
-1
-1
-1
-1
-1
-1
-1
-1
-1
-1
-1
-1
-1
-1
-1
-1
-1
-1
-1
-1
-1
-1
-1
-1
-1
-1
-1
-1
-1
-1
-1
-1
-1
-1
-1
-1
-1
-1
-1
-1
-1
-1
-1
-1
-1
-1
-1
-1
-1
-1
-1
-1
-1
-1
-1
-1
-1
-1
-1
-1
-1
-1
-1
-1
-1
-1
-1
-1
-1
-1
-1
-1
-1
-1
-1
-1
-1
-1
-1
-1
-1
-1
-1
-1
-1
-1
-1
-1
-1
-1
-1
-1
-1
-1
-1
-1
-1
-1
-1
-1
-1
-1
-1
-1
-1
-1
-1
-1
-1
-1
-1
-1
-1
-1
-1
-1
-1
-1
-1
-1
-1
-1
-1
-1
-1
-1
-1
-1
-1
-1
-1
-1
-1
-1
-1
-1
-1
-1
-1
-1
-1
-1
-1
-1
-1
-1
-1
-1
-1
-1
-1
-1
-1
-1
-1
-1
-1
-1
-1
-1
-1
-1
-1
-1
-1
-1
-1
-1
-1
-1
-1
-1
-1
-1
-1
-1
-1
-1
-1
-1
-1
-1
-1
-1
-1
-1
-1
-1
-1
-1
-1
-1
-1
-1
-1
-1
-1
-1
-1
-1
-1
-1
-1
-1
-1
-1
-1
-1
-1
-1
-1
-1
-1
-1
-1
-1
-1
-1
-1
-1
-1
-1
-1
-1
-1
-1
-1
-1
-1
-1
-1
-1
-1
-1
#time = 0.22268962860107422sec
