0 37 5
0 3 46
2 4 5
2 5 5
2 6 5
2 7 5
2 8 5
2 9 5
2 10 5
2 11 5
2 12 5
2 13 5
2 14 5
2 15 5
2 16 5
2 17 5
2 18 5
2 19 5
2 20 5
2 21 5
2 22 5
2 23 5
2 24 5
2 25 5
2 26 5
2 27 5
2 28 5
2 29 5
2 30 5
2 31 5
2 32 5
2 33 5
2 34 5
2 35 5
2 36 5
1 3 6
1 3 7
1 3 8
1 3 9
1 3 10
1 3 11
1 3 12
1 3 13
1 3 14
1 3 15
1 3 16
1 3 17
1 3 18
1 3 19
1 3 20
1 3 21
1 3 22
1 3 23
1 3 24
1 3 25
1 3 26
1 3 27
1 3 28
1 3 29
1 3 30
1 3 31
1 3 32
1 3 33
1 3 34
1 3 35
1 3 36
1 3 37
1 3 38
1 3 39
1 3 40
1 3 41
1 3 42
1 3 43
1 3 44
1 3 45
6 3 5
-1
-1
-1
-1
-1
-1
-1
-1
-1
-1
-1
-1
-1
-1
-1
-1
-1
-1
-1
-1
-1
-1
-1
-1
-1
-1
-1
-1
-1
-1
-1
-1
-1
-1
-1
-1
-1
-1
-1
-1
-1
-1
-1
-1
-1
-1
-1
-1
2 45 17
2 44 17
2 43 17
2 42 17
2 41 17
2 40 17
2 39 17
2 38 17
3 37 17
1 37 16
1 37 15
1 37 14
1 37 13
1 37 12
1 37 11
1 37 10
1 37 9
1 37 8
1 37 7
1 37 6
0 46 17
-1
-1
-1
-1
-1
-1
-1
-1
-1
-1
-1
-1
-1
-1
-1
-1
-1
-1
-1
-1
-1
-1
-1
-1
-1
-1
-1
-1
-1
-1
1 4 36
1 4 37
1 4 38
1 4 39
1 4 40
1 4 41
1 4 42
1 4 43
1 4 44
1 4 45
4 4 46
0 4 35
-1
-1
-1
-1
-1
-1
-1
-1
-1
-1
-1
-1
2 41 9
2 40 9
2 39 9
3 38 9
1 38 8
1 38 7
1 38 6
5 38 5
0 42 9
1 1 30
1 1 31
1 1 32
1 1 33
1 1 34
1 1 35
1 1 36
1 1 37
1 1 38
1 1 39
1 1 40
1 1 41
1 1 42
1 1 43
1 1 44
1 1 45
3 1 46
2 2 46
0 1 29
-1
-1
-1
-1
-1
-1
-1
-1
6 45 18
4 46 18
0 45 19
2 6 33
6 5 33
1 5 34
1 5 35
1 5 36
1 5 37
1 5 38
1 5 39
1 5 40
1 5 41
1 5 42
1 5 43
1 5 44
1 5 45
1 5 46
4 5 47
2 4 47
3 3 47
0 7 33
2 47 11
2 46 11
2 45 11
2 44 11
2 43 11
3 42 11
1 42 10
0 48 11
3 7 45
1 7 44
1 7 43
1 7 42
1 7 41
1 7 40
1 7 39
1 7 38
1 7 37
1 7 36
1 7 35
1 7 34
0 8 45
2 48 16
2 47 16
6 46 16
0 49 16
1 42 21
1 42 20
6 42 19
2 43 19
2 44 19
0 42 22
1 2 41
1 2 40
1 2 39
1 2 38
1 2 37
1 2 36
1 2 35
1 2 34
1 2 33
1 2 32
1 2 31
1 2 30
5 2 29
0 2 42
1 36 16
1 36 17
1 36 18
1 36 19
1 36 20
1 36 21
3 36 22
2 37 22
2 38 22
2 39 22
2 40 22
2 41 22
0 36 15
1 36 1
1 36 2
1 36 3
3 36 4
5 37 4
0 36 0
3 32 17
2 33 17
2 34 17
5 35 17
1 35 18
1 35 19
1 35 20
1 35 21
1 35 22
3 35 23
2 36 23
2 37 23
2 38 23
2 39 23
2 40 23
2 41 23
2 42 23
4 43 23
1 43 22
1 43 21
6 43 20
2 44 20
2 45 20
4 46 20
6 46 19
4 47 19
1 47 18
5 47 17
0 32 16
6 0 48
2 1 48
2 2 48
2 3 48
2 4 48
2 5 48
4 6 48
1 6 47
6 6 46
2 7 46
4 8 46
0 0 49
2 44 15
2 45 15
2 46 15
2 47 15
2 48 15
5 49 15
0 43 15
1 0 35
1 0 34
1 0 33
1 0 32
1 0 31
1 0 30
6 0 29
0 0 36
1 34 8
1 34 9
1 34 10
1 34 11
1 34 12
1 34 13
1 34 14
3 34 15
2 35 15
0 34 7
2 6 1
2 5 1
2 4 1
2 3 1
2 2 1
6 1 1
1 1 2
1 1 3
1 1 4
1 1 5
1 1 6
1 1 7
1 1 8
1 1 9
1 1 10
1 1 11
1 1 12
1 1 13
1 1 14
1 1 15
1 1 16
1 1 17
1 1 18
1 1 19
1 1 20
1 1 21
1 1 22
1 1 23
1 1 24
1 1 25
1 1 26
1 1 27
1 1 28
0 7 1
2 36 36
2 35 36
2 34 36
2 33 36
3 32 36
1 32 35
1 32 34
1 32 33
1 32 32
1 32 31
1 32 30
1 32 29
1 32 28
1 32 27
1 32 26
1 32 25
1 32 24
1 32 23
1 32 22
1 32 21
1 32 20
1 32 19
5 32 18
3 31 18
1 31 17
6 31 16
0 37 36
1 30 14
3 30 15
2 31 15
5 32 15
0 30 13
1 4 10
1 4 11
1 4 12
1 4 13
1 4 14
1 4 15
1 4 16
1 4 17
1 4 18
1 4 19
1 4 20
1 4 21
1 4 22
1 4 23
1 4 24
1 4 25
1 4 26
1 4 27
1 4 28
1 4 29
1 4 30
1 4 31
1 4 32
1 4 33
1 4 34
0 4 9
1 30 27
1 30 26
1 30 25
1 30 24
1 30 23
1 30 22
1 30 21
1 30 20
1 30 19
1 30 18
1 30 17
5 30 16
3 29 16
1 29 15
1 29 14
6 29 13
0 30 28
1 6 15
1 6 16
1 6 17
1 6 18
1 6 19
1 6 20
1 6 21
1 6 22
1 6 23
1 6 24
1 6 25
1 6 26
1 6 27
1 6 28
1 6 29
1 6 30
1 6 31
3 6 32
5 7 32
0 6 14
1 48 23
1 48 22
1 48 21
1 48 20
1 48 19
1 48 18
6 48 17
4 49 17
0 48 24
6 8 24
1 8 25
1 8 26
1 8 27
1 8 28
1 8 29
1 8 30
1 8 31
1 8 32
4 8 33
0 9 24
3 40 8
2 41 8
5 42 8
0 40 7
1 9 47
1 9 46
5 9 45
0 9 48
1 42 26
1 42 25
6 42 24
2 43 24
2 44 24
2 45 24
2 46 24
2 47 24
0 42 27
1 31 3
1 31 2
1 31 1
6 31 0
2 32 0
2 33 0
2 34 0
2 35 0
0 31 4
1 8 42
1 8 43
1 8 44
0 8 41
2 45 28
2 44 28
2 43 28
3 42 28
0 46 28
2 8 23
5 9 23
0 7 23
6 40 27
2 41 27
0 40 28
3 7 3
1 7 2
0 8 3
6 10 23
4 10 24
0 11 23
1 23 15
1 23 14
6 23 13
2 24 13
2 25 13
2 26 13
2 27 13
4 28 13
6 28 12
2 29 12
5 30 12
0 23 16
1 4 7
1 4 8
0 4 6
2 19 38
2 18 38
2 17 38
2 16 38
2 15 38
2 14 38
2 13 38
2 12 38
2 11 38
2 10 38
2 9 38
6 8 38
1 8 39
1 8 40
0 20 38
3 37 39
1 37 38
1 37 37
0 38 39
2 12 46
2 11 46
6 10 46
1 10 47
4 10 48
0 13 46
2 44 14
6 43 14
0 45 14
2 25 11
2 26 11
2 27 11
2 28 11
2 29 11
2 30 11
5 31 11
1 31 12
4 31 13
0 24 11
3 45 27
5 46 27
0 45 26
1 18 14
1 18 15
3 18 16
2 19 16
2 20 16
2 21 16
2 22 16
0 18 13
2 17 1
2 16 1
2 15 1
2 14 1
2 13 1
2 12 1
2 11 1
2 10 1
2 9 1
2 8 1
0 18 1
-1
-1
-1
-1
-1
-1
-1
-1
-1
-1
-1
-1
-1
-1
-1
-1
-1
-1
-1
-1
-1
-1
-1
-1
-1
-1
-1
-1
-1
-1
-1
-1
-1
-1
-1
-1
-1
-1
-1
-1
-1
-1
-1
-1
-1
-1
-1
-1
-1
-1
-1
-1
-1
-1
-1
-1
-1
-1
-1
-1
-1
-1
-1
-1
-1
-1
-1
-1
-1
-1
-1
-1
-1
-1
-1
-1
-1
-1
-1
-1
-1
-1
-1
-1
-1
-1
-1
-1
-1
-1
-1
-1
-1
-1
-1
-1
-1
-1
-1
-1
-1
-1
-1
-1
-1
-1
-1
-1
-1
-1
-1
-1
-1
-1
-1
-1
-1
-1
-1
-1
-1
-1
-1
-1
-1
-1
-1
-1
-1
-1
-1
-1
-1
-1
-1
-1
-1
-1
-1
-1
-1
-1
#time = 1.755831241607666sec
