0 36 16
0 10 44
2 11 16
2 12 16
2 13 16
2 14 16
2 15 16
2 16 16
2 17 16
2 18 16
2 19 16
2 20 16
2 21 16
2 22 16
2 23 16
2 24 16
2 25 16
2 26 16
2 27 16
2 28 16
2 29 16
2 30 16
2 31 16
2 32 16
2 33 16
2 34 16
2 35 16
1 10 17
1 10 18
1 10 19
1 10 20
1 10 21
1 10 22
1 10 23
1 10 24
1 10 25
1 10 26
1 10 27
1 10 28
1 10 29
1 10 30
1 10 31
1 10 32
1 10 33
1 10 34
1 10 35
1 10 36
1 10 37
1 10 38
1 10 39
1 10 40
1 10 41
1 10 42
1 10 43
6 10 16
-1
-1
-1
-1
-1
-1
-1
-1
-1
-1
-1
-1
-1
-1
-1
-1
-1
-1
-1
-1
-1
-1
-1
-1
-1
-1
-1
-1
-1
-1
-1
-1
-1
-1
-1
-1
-1
-1
-1
-1
-1
-1
-1
-1
-1
-1
-1
-1
-1
-1
-1
-1
-1
-1
-1
-1
-1
-1
-1
-1
-1
-1
-1
-1
-1
-1
-1
-1
-1
-1
-1
-1
-1
-1
-1
-1
-1
-1
-1
-1
-1
-1
-1
-1
-1
-1
-1
-1
-1
-1
-1
-1
-1
-1
-1
-1
-1
-1
-1
-1
-1
-1
-1
-1
-1
-1
-1
-1
-1
-1
-1
-1
-1
-1
-1
-1
-1
1 8 38
1 8 39
1 8 40
1 8 41
1 8 42
1 8 43
3 8 44
2 9 44
0 8 37
-1
-1
-1
-1
-1
-1
-1
-1
-1
-1
-1
-1
-1
-1
-1
-1
-1
-1
-1
-1
-1
-1
-1
-1
-1
-1
-1
-1
-1
-1
-1
-1
-1
-1
-1
-1
-1
-1
-1
-1
-1
-1
-1
-1
-1
-1
-1
1 7 48
1 7 47
1 7 46
6 7 45
2 8 45
2 9 45
4 10 45
0 7 49
-1
-1
-1
-1
-1
-1
-1
-1
-1
-1
-1
-1
-1
-1
-1
-1
-1
-1
-1
-1
-1
-1
-1
-1
-1
-1
-1
1 35 12
1 35 13
1 35 14
3 35 15
5 36 15
0 35 11
-1
-1
-1
-1
-1
-1
-1
-1
-1
-1
-1
-1
-1
2 37 31
3 36 31
1 36 30
1 36 29
1 36 28
1 36 27
1 36 26
1 36 25
1 36 24
1 36 23
1 36 22
1 36 21
1 36 20
1 36 19
1 36 18
1 36 17
0 38 31
-1
-1
-1
-1
-1
-1
-1
1 18 13
1 18 12
6 18 11
2 19 11
2 20 11
2 21 11
2 22 11
2 23 11
2 24 11
2 25 11
2 26 11
2 27 11
2 28 11
2 29 11
2 30 11
2 31 11
2 32 11
2 33 11
2 34 11
0 18 14
2 42 49
2 41 49
2 40 49
2 39 49
3 38 49
1 38 48
1 38 47
1 38 46
1 38 45
1 38 44
1 38 43
1 38 42
1 38 41
1 38 40
1 38 39
1 38 38
1 38 37
1 38 36
1 38 35
1 38 34
1 38 33
1 38 32
0 43 49
-1
6 4 14
2 5 14
2 6 14
2 7 14
2 8 14
2 9 14
2 10 14
2 11 14
2 12 14
2 13 14
2 14 14
2 15 14
2 16 14
2 17 14
0 4 15
-1
-1
-1
3 39 39
1 39 38
1 39 37
1 39 36
1 39 35
1 39 34
1 39 33
1 39 32
5 39 31
0 40 39
1 27 8
1 27 9
3 27 10
2 28 10
2 29 10
2 30 10
2 31 10
2 32 10
2 33 10
2 34 10
5 35 10
0 27 7
-1
-1
-1
-1
3 40 43
1 40 42
1 40 41
1 40 40
0 41 43
-1
-1
-1
-1
3 28 9
1 28 8
5 28 7
0 29 9
1 22 9
1 22 8
6 22 7
2 23 7
2 24 7
2 25 7
2 26 7
0 22 10
1 11 35
1 11 36
1 11 37
1 11 38
1 11 39
1 11 40
1 11 41
1 11 42
1 11 43
4 11 44
0 11 34
1 30 7
1 30 8
3 30 9
2 31 9
2 32 9
2 33 9
2 34 9
2 35 9
5 36 9
1 36 10
4 36 11
0 30 6
2 11 13
2 10 13
2 9 13
2 8 13
2 7 13
2 6 13
2 5 13
2 4 13
6 3 13
1 3 14
3 3 15
0 12 13
6 3 37
2 4 37
2 5 37
2 6 37
2 7 37
0 3 38
3 37 17
5 37 16
0 38 17
2 35 45
2 34 45
2 33 45
2 32 45
2 31 45
2 30 45
2 29 45
2 28 45
2 27 45
2 26 45
2 25 45
2 24 45
2 23 45
2 22 45
2 21 45
2 20 45
2 19 45
2 18 45
2 17 45
2 16 45
2 15 45
2 14 45
2 13 45
2 12 45
6 11 45
4 11 46
2 10 46
2 9 46
6 8 46
1 8 47
1 8 48
4 8 49
0 36 45
2 17 25
2 16 25
2 15 25
2 14 25
2 13 25
2 12 25
6 11 25
1 11 26
1 11 27
1 11 28
1 11 29
1 11 30
1 11 31
1 11 32
1 11 33
0 18 25
2 48 42
2 47 42
2 46 42
2 45 42
2 44 42
2 43 42
2 42 42
6 41 42
0 49 42
2 22 29
2 21 29
2 20 29
2 19 29
3 18 29
1 18 28
1 18 27
1 18 26
0 23 29
2 41 37
6 40 37
1 40 38
0 42 37
6 12 9
1 12 10
1 12 11
1 12 12
0 13 9
2 8 15
2 7 15
2 6 15
2 5 15
0 9 15
1 23 18
1 23 19
1 23 20
1 23 21
1 23 22
1 23 23
1 23 24
1 23 25
1 23 26
1 23 27
1 23 28
0 23 17
1 35 40
1 35 41
1 35 42
1 35 43
3 35 44
5 36 44
0 35 39
6 22 2
1 22 3
1 22 4
1 22 5
4 22 6
6 21 6
1 21 7
1 21 8
1 21 9
3 21 10
0 23 2
2 46 47
2 45 47
2 44 47
6 43 47
1 43 48
0 47 47
1 26 5
3 26 6
5 27 6
0 26 4
2 7 10
2 8 10
2 9 10
2 10 10
4 11 10
1 11 9
6 11 8
2 12 8
2 13 8
5 14 8
1 14 9
4 14 10
6 13 10
1 13 11
1 13 12
4 13 13
0 6 10
2 27 30
2 26 30
2 25 30
2 24 30
3 23 30
0 28 30
-1
-1
-1
-1
-1
-1
-1
-1
-1
-1
-1
-1
-1
-1
-1
-1
-1
-1
-1
-1
-1
-1
-1
-1
-1
-1
-1
-1
-1
-1
-1
-1
-1
-1
-1
-1
-1
-1
-1
-1
-1
-1
-1
-1
-1
-1
-1
-1
-1
-1
-1
-1
-1
-1
-1
-1
-1
-1
-1
-1
-1
-1
-1
-1
-1
-1
-1
-1
-1
-1
-1
-1
-1
-1
-1
-1
-1
-1
-1
-1
-1
-1
-1
-1
-1
-1
-1
-1
-1
-1
-1
-1
-1
-1
-1
-1
-1
-1
-1
-1
-1
-1
-1
-1
-1
-1
-1
-1
-1
-1
-1
-1
-1
-1
-1
-1
-1
-1
-1
-1
-1
-1
-1
-1
-1
-1
-1
-1
-1
-1
-1
-1
-1
-1
-1
-1
-1
-1
-1
-1
-1
-1
-1
-1
-1
-1
-1
-1
-1
-1
-1
-1
-1
-1
-1
-1
-1
-1
-1
-1
-1
-1
-1
-1
-1
-1
-1
-1
-1
-1
-1
-1
-1
-1
-1
-1
-1
-1
-1
-1
-1
-1
-1
-1
-1
-1
-1
-1
-1
-1
-1
-1
-1
-1
-1
-1
-1
#time = 1.3358120918273926sec
