0 49 1
0 5 46
2 6 1
2 7 1
2 8 1
2 9 1
2 10 1
2 11 1
2 12 1
2 13 1
2 14 1
2 15 1
2 16 1
2 17 1
2 18 1
2 19 1
2 20 1
2 21 1
2 22 1
2 23 1
2 24 1
2 25 1
2 26 1
2 27 1
2 28 1
2 29 1
2 30 1
2 31 1
2 32 1
2 33 1
2 34 1
2 35 1
2 36 1
2 37 1
2 38 1
2 39 1
2 40 1
2 41 1
2 42 1
2 43 1
2 44 1
2 45 1
2 46 1
2 47 1
2 48 1
1 5 2
1 5 3
1 5 4
1 5 5
1 5 6
1 5 7
1 5 8
1 5 9
1 5 10
1 5 11
1 5 12
1 5 13
1 5 14
1 5 15
1 5 16
1 5 17
1 5 18
1 5 19
1 5 20
1 5 21
1 5 22
1 5 23
1 5 24
1 5 25
1 5 26
1 5 27
1 5 28
1 5 29
1 5 30
1 5 31
1 5 32
1 5 33
1 5 34
1 5 35
1 5 36
1 5 37
1 5 38
1 5 39
1 5 40
1 5 41
1 5 42
1 5 43
1 5 44
1 5 45
6 5 1
-1
-1
-1
-1
-1
-1
-1
-1
-1
-1
-1
-1
-1
-1
-1
-1
-1
-1
-1
-1
-1
-1
-1
-1
-1
-1
-1
-1
-1
-1
-1
-1
-1
-1
-1
-1
-1
-1
-1
-1
-1
-1
-1
-1
-1
-1
-1
-1
-1
-1
-1
-1
-1
-1
-1
-1
-1
-1
-1
-1
-1
-1
-1
-1
-1
-1
-1
-1
-1
-1
-1
-1
-1
-1
-1
-1
-1
-1
-1
-1
-1
-1
-1
-1
-1
-1
-1
-1
-1
-1
-1
-1
-1
-1
-1
-1
-1
-1
-1
-1
-1
-1
-1
-1
-1
-1
-1
-1
-1
-1
-1
-1
-1
-1
-1
-1
-1
-1
-1
-1
-1
-1
-1
-1
-1
-1
6 37 2
2 38 2
2 39 2
2 40 2
2 41 2
2 42 2
2 43 2
2 44 2
2 45 2
2 46 2
2 47 2
2 48 2
4 49 2
0 37 3
-1
-1
-1
-1
-1
-1
-1
-1
-1
-1
-1
-1
-1
-1
-1
-1
-1
-1
-1
-1
-1
-1
-1
-1
-1
-1
-1
-1
-1
6 3 46
2 4 46
0 3 47
-1
-1
-1
-1
-1
-1
-1
-1
-1
-1
-1
-1
-1
-1
1 32 8
1 32 7
1 32 6
1 32 5
1 32 4
6 32 3
2 33 3
2 34 3
2 35 3
2 36 3
0 32 9
-1
-1
-1
-1
-1
-1
-1
-1
-1
-1
-1
-1
6 36 4
4 37 4
0 36 5
-1
-1
-1
-1
-1
-1
6 3 44
4 3 45
6 2 45
1 2 46
3 2 47
0 4 44
-1
-1
-1
-1
-1
-1
-1
6 34 5
2 35 5
0 34 6
-1
-1
2 40 6
2 39 6
2 38 6
2 37 6
3 36 6
0 41 6
2 32 0
2 33 0
2 34 0
2 35 0
2 36 0
2 37 0
2 38 0
2 39 0
2 40 0
2 41 0
2 42 0
2 43 0
2 44 0
2 45 0
2 46 0
2 47 0
2 48 0
5 49 0
0 31 0
2 44 7
2 43 7
3 42 7
1 42 6
5 42 5
2 41 5
2 40 5
2 39 5
3 38 5
1 38 4
5 38 3
0 45 7
2 40 10
2 39 10
2 38 10
2 37 10
2 36 10
2 35 10
2 34 10
2 33 10
3 32 10
0 41 10
2 33 2
2 32 2
6 31 2
1 31 3
1 31 4
1 31 5
1 31 6
1 31 7
1 31 8
3 31 9
0 34 2
6 38 11
2 39 11
2 40 11
2 41 11
4 42 11
1 42 10
5 42 9
2 41 9
2 40 9
2 39 9
2 38 9
2 37 9
2 36 9
2 35 9
2 34 9
2 33 9
0 38 12
2 3 43
5 4 43
0 2 43
3 38 18
1 38 17
1 38 16
1 38 15
1 38 14
1 38 13
0 39 18
1 1 47
3 1 48
2 2 48
4 3 48
0 1 46
6 39 7
2 40 7
4 41 7
0 39 8
1 27 5
1 27 6
1 27 7
1 27 8
1 27 9
1 27 10
1 27 11
3 27 12
2 28 12
2 29 12
2 30 12
2 31 12
2 32 12
2 33 12
2 34 12
2 35 12
2 36 12
2 37 12
0 27 4
2 10 44
2 9 44
2 8 44
2 7 44
6 6 44
1 6 45
4 6 46
0 11 44
2 11 46
2 10 46
2 9 46
2 8 46
6 7 46
4 7 47
2 6 47
3 5 47
0 12 46
6 36 19
2 37 19
2 38 19
4 39 19
0 36 20
2 13 39
2 12 39
6 11 39
1 11 40
1 11 41
1 11 42
1 11 43
0 14 39
2 32 15
2 33 15
2 34 15
5 35 15
1 35 16
1 35 17
1 35 18
1 35 19
1 35 20
3 35 21
2 36 21
4 37 21
6 37 20
2 38 20
2 39 20
4 40 20
1 40 19
1 40 18
5 40 17
3 39 17
1 39 16
1 39 15
1 39 14
1 39 13
5 39 12
0 31 15
2 15 49
2 14 49
2 13 49
3 12 49
1 12 48
1 12 47
0 16 49
1 2 32
1 2 33
1 2 34
1 2 35
1 2 36
1 2 37
1 2 38
1 2 39
1 2 40
1 2 41
4 2 42
6 1 42
1 1 43
1 1 44
4 1 45
6 0 45
1 0 46
1 0 47
1 0 48
3 0 49
2 1 49
2 2 49
2 3 49
4 4 49
1 4 48
5 4 47
0 2 31
2 47 3
2 46 3
6 45 3
1 45 4
1 45 5
1 45 6
0 48 3
2 26 36
2 25 36
2 24 36
2 23 36
2 22 36
2 21 36
2 20 36
2 19 36
2 18 36
2 17 36
2 16 36
2 15 36
6 14 36
1 14 37
1 14 38
0 27 36
2 47 13
2 46 13
3 45 13
1 45 12
1 45 11
1 45 10
1 45 9
1 45 8
0 48 13
3 31 30
1 31 29
1 31 28
1 31 27
1 31 26
1 31 25
1 31 24
1 31 23
1 31 22
1 31 21
1 31 20
1 31 19
1 31 18
1 31 17
1 31 16
0 32 30
2 10 45
4 11 45
0 9 45
2 34 32
2 33 32
3 32 32
1 32 31
0 35 32
-1
-1
-1
-1
-1
-1
-1
-1
-1
-1
-1
-1
-1
-1
-1
-1
-1
-1
-1
-1
-1
-1
-1
-1
-1
-1
-1
-1
-1
-1
-1
-1
-1
-1
-1
-1
-1
-1
-1
-1
-1
-1
-1
-1
-1
-1
-1
-1
-1
-1
-1
-1
-1
-1
-1
-1
-1
-1
-1
-1
-1
-1
-1
-1
-1
-1
-1
-1
-1
-1
-1
-1
-1
-1
-1
-1
-1
-1
-1
-1
-1
-1
-1
-1
-1
-1
-1
-1
-1
-1
-1
-1
-1
-1
-1
-1
-1
-1
-1
-1
-1
-1
-1
-1
-1
-1
-1
-1
-1
-1
-1
-1
-1
-1
-1
-1
-1
-1
-1
-1
-1
-1
-1
-1
-1
-1
-1
-1
-1
-1
-1
-1
-1
-1
-1
-1
-1
-1
-1
-1
-1
-1
-1
-1
-1
-1
-1
-1
-1
-1
-1
-1
-1
-1
-1
-1
-1
-1
-1
-1
-1
-1
-1
-1
-1
-1
-1
-1
-1
-1
-1
-1
-1
-1
-1
-1
-1
-1
-1
-1
-1
-1
-1
-1
-1
-1
-1
-1
-1
-1
-1
-1
-1
-1
-1
-1
-1
-1
-1
-1
-1
-1
-1
-1
-1
-1
-1
-1
-1
-1
-1
-1
-1
-1
-1
#time = 2.8157103061676025sec
