21 23
22 66
63 97
51 91
80 40
47 18
86 23
1 67
4 23
54 67
34 39
65 95
56 11
36 31
16 97
0 16
53 61
62 89
74 58
87 88
0 33
12 56
88 7
46 39
66 89
15 29
93 70
19 47
70 78
92 60
38 16
65 52
64 35
82 71
14 30
33 45
84 87
35 94
69 94
32 59
54 26
60 50
63 31
34 84
49 97
76 82
55 62
39 63
34 33
1 23
95 4
3 16
35 91
87 27
41 8
66 88
3 78
51 18
50 80
67 62
69 74
31 90
57 71
86 40
35 55
87 63
76 79
53 7
58 95
56 82
15 68
55 41
8 87
1 31
81 40
34 4
45 68
24 36
57 70
5 15
28 9
96 95
39 65
60 51
0 89
60 62
5 95
92 38
89 17
39 47
8 65
44 25
94 77
94 55
31 96
97 3
34 80
36 90
40 98
50 22
