15 33
11 54
71 49
0 88
2 30
0 87
52 64
32 81
54 90
38 32
82 18
26 72
35 22
2 21
1 33
69 21
56 44
1 4
43 28
30 73
62 33
83 29
23 89
0 86
78 78
89 44
85 23
38 32
19 77
84 41
89 71
95 31
58 96
72 11
16 92
26 21
52 23
19 7
39 16
34 61
40 59
7 42
57 77
93 42
49 0
85 81
95 43
30 21
77 94
12 38
22 39
14 18
40 19
72 64
63 12
52 18
44 9
35 72
60 78
90 71
25 92
81 6
22 43
15 7
30 1
84 15
40 87
60 26
32 36
68 43
33 43
69 40
91 89
31 12
35 88
21 44
91 41
91 40
95 61
85 4
73 35
56 6
99 39
19 73
73 16
51 0
7 61
75 72
2 18
8 92
97 11
70 63
53 94
74 60
28 87
59 39
8 52
78 3
64 33
33 41
