45 29
25 53
65 8
28 39
26 5
51 85
98 77
82 78
28 75
71 39
84 14
4 69
48 71
7 63
81 97
93 90
4 98
97 17
34 42
40 72
71 95
86 70
93 91
65 41
83 93
59 39
24 29
77 20
31 38
58 43
88 31
49 6
97 31
4 8
69 8
6 20
45 96
74 46
25 7
76 30
9 65
92 37
67 13
14 89
71 45
51 77
84 27
97 40
96 98
87 32
35 92
57 33
46 28
87 4
22 29
90 81
82 31
71 22
14 21
77 94
24 64
93 7
21 76
36 78
3 71
99 25
21 71
36 91
97 72
50 78
22 89
25 88
46 42
82 11
96 73
14 7
37 21
69 62
45 4
29 88
7 93
17 67
93 60
77 53
30 2
89 7
32 48
45 13
72 24
65 95
95 51
49 8
57 43
82 54
40 48
11 67
74 26
19 32
16 42
2 41
