61 70
77 52
98 78
59 7
81 53
52 81
45 58
79 48
48 76
78 19
55 70
83 44
59 76
78 98
70 8
31 8
94 19
81 92
63 49
50 37
84 29
63 49
42 86
38 0
98 97
97 22
38 1
56 45
77 96
89 78
96 45
50 83
23 19
56 95
58 90
10 66
23 38
22 74
81 50
78 54
33 38
48 20
23 83
81 97
62 45
33 85
99 98
86 16
52 49
45 59
27 68
46 96
15 95
32 97
42 37
89 71
74 55
52 16
20 7
9 73
47 92
25 25
31 81
82 63
69 11
74 52
23 64
48 20
50 90
38 66
32 86
76 81
92 63
38 25
75 92
18 23
1 96
51 64
51 60
20 54
47 59
30 14
29 33
79 65
76 79
89 58
56 94
22 55
85 23
42 11
49 61
2 89
2 1
99 15
18 41
16 95
25 48
62 33
60 81
35 32
