36 13
54 74
21 3
76 19
67 72
54 73
86 57
73 14
20 88
42 85
30 40
33 20
34 87
36 31
62 76
82 82
21 92
10 44
29 70
72 57
33 74
38 31
17 29
4 37
57 73
68 71
73 40
20 50
12 73
28 37
50 73
41 33
66 64
69 18
25 86
82 63
78 58
54 23
56 79
88 64
71 81
96 58
13 45
89 7
13 98
73 87
70 67
6 93
43 53
59 82
68 48
50 38
74 69
95 80
32 3
18 80
85 24
21 73
60 88
40 63
69 63
80 11
68 46
92 36
36 38
83 34
32 43
50 83
99 82
67 41
10 77
84 1
2 66
13 65
88 21
66 77
11 59
47 20
80 60
57 3
58 77
22 34
97 75
42 29
48 78
3 69
25 72
35 70
3 78
82 38
50 32
37 62
12 22
65 99
62 37
74 47
50 78
21 49
27 57
82 3
