24 66
69 5
27 56
99 45
80 67
1 0
89 81
70 40
13 80
60 24
49 82
58 83
7 61
4 94
59 12
32 45
53 12
48 92
57 8
77 9
94 84
10 19
74 86
3 40
37 83
75 61
61 81
12 54
53 51
3 59
38 95
97 41
27 66
12 63
17 49
27 62
74 36
21 76
42 5
43 79
40 54
9 25
24 30
74 68
68 94
4 7
38 83
13 94
59 40
36 98
45 47
65 21
81 54
14 92
90 19
91 5
50 63
14 65
69 95
78 37
95 4
24 57
93 10
59 2
73 50
32 92
75 2
37 3
88 20
41 39
76 59
4 94
82 24
28 43
82 49
12 66
23 72
44 67
66 91
75 57
44 25
13 24
88 55
20 56
82 65
10 38
13 80
43 8
57 87
43 70
99 69
27 84
69 74
14 99
62 28
83 30
4 10
61 4
50 22
58 21
