9 96
55 53
40 66
77 35
87 58
8 92
89 98
96 34
95 37
1 75
97 43
53 16
9 4
36 27
15 92
79 11
9 63
49 9
62 14
30 9
53 60
97 34
46 9
5 39
6 56
56 78
94 89
60 15
42 65
28 77
13 80
66 35
7 39
53 38
87 85
21 60
29 36
99 12
78 77
84 27
41 22
26 94
92 35
6 7
87 99
65 85
73 17
13 66
5 96
5 68
29 99
5 24
82 1
47 34
37 21
46 8
77 91
34 20
39 28
6 38
1 15
69 54
70 40
96 20
53 73
93 68
86 92
15 62
51 22
61 56
32 61
12 36
61 72
72 35
66 13
39 18
39 55
44 22
34 7
85 82
50 4
80 73
51 80
87 72
86 89
67 30
47 87
6 41
4 62
96 66
95 72
56 97
61 67
5 72
98 35
98 10
65 64
64 29
75 56
26 4
