52 62
24 62
31 21
49 97
9 61
14 21
37 26
43 33
33 70
39 63
86 30
69 94
72 84
17 43
28 13
56 48
13 1
79 22
31 88
4 75
97 15
86 54
45 98
52 51
17 95
9 38
66 82
43 71
78 41
87 49
1 98
35 63
21 43
26 90
37 75
27 65
22 79
63 20
56 11
0 62
97 13
27 59
35 89
21 15
75 85
98 25
84 75
89 27
60 69
4 70
44 94
91 1
43 97
40 72
46 10
8 40
95 89
83 92
60 21
30 1
91 53
82 64
48 77
75 79
3 72
30 78
33 62
70 1
82 28
35 61
23 92
98 78
37 9
95 79
14 36
27 46
69 49
34 70
63 48
33 92
40 41
58 69
72 64
4 92
10 84
0 24
32 50
69 22
83 88
69 41
55 30
8 12
89 67
28 52
28 60
94 51
63 68
81 80
5 88
63 29
