89 37
58 23
38 86
85 17
76 44
75 66
29 85
58 32
25 64
89 31
88 18
10 37
92 31
45 34
75 66
71 18
46 69
96 86
65 39
68 35
69 48
48 29
58 81
80 39
1 68
46 60
97 69
17 89
16 26
84 38
67 91
80 8
65 49
7 24
63 26
75 77
13 97
2 66
23 33
81 42
20 87
92 85
35 10
53 71
59 34
4 63
84 82
85 65
44 38
44 14
84 96
4 88
29 82
37 69
97 52
45 91
61 68
88 98
96 9
76 48
79 91
93 57
68 27
28 90
59 65
40 60
95 43
14 11
43 52
73 9
83 55
49 92
86 23
0 54
15 23
24 19
30 1
18 14
48 61
11 28
67 61
58 46
13 8
72 61
95 62
99 18
71 93
29 44
4 17
3 91
46 68
46 26
99 15
6 67
48 0
43 2
52 45
48 39
49 6
98 39
