20 96
35 50
78 25
59 83
88 85
54 95
49 7
58 27
37 72
64 96
64 13
84 43
2 30
84 17
68 66
14 35
52 55
40 43
55 14
5 93
44 13
32 8
17 2
84 21
21 8
87 56
69 91
17 42
0 85
56 70
21 51
69 94
61 68
25 86
47 55
57 56
37 63
20 84
28 2
7 50
43 72
24 67
7 87
93 7
61 88
84 49
26 91
65 45
82 84
40 32
15 38
16 9
15 92
48 82
33 32
54 7
94 30
45 34
59 24
69 65
25 29
49 34
62 40
91 10
20 50
28 12
48 82
83 97
35 51
5 8
50 70
16 56
2 9
14 0
35 15
40 95
63 41
8 61
63 84
45 34
53 86
22 20
88 69
29 76
80 3
62 68
89 34
94 8
98 61
66 91
94 55
71 95
89 47
33 86
18 47
45 44
85 17
48 60
0 2
91 8
