98 86
43 81
12 82
74 86
20 12
75 98
72 45
47 46
52 97
29 53
8 92
10 81
25 75
12 58
69 33
39 90
31 78
74 32
31 55
23 63
87 32
66 74
68 97
37 21
72 80
13 85
78 38
27 68
1 83
46 36
92 34
49 87
40 83
58 6
35 19
17 1
58 8
7 6
18 53
59 56
32 64
29 59
33 55
81 25
70 20
44 55
90 23
89 13
7 39
84 37
32 31
61 10
51 13
19 58
69 92
79 41
40 51
65 35
26 80
78 6
44 63
34 77
78 26
84 85
2 71
84 69
38 16
68 89
8 8
58 27
34 67
58 67
40 19
33 57
60 16
56 93
27 92
32 69
5 14
46 90
86 15
75 44
46 76
3 51
34 44
87 2
67 34
7 1
77 80
58 59
64 87
64 23
55 39
38 95
64 65
6 92
87 95
21 25
20 27
7 92
