37 87
6 11
26 98
0 64
52 18
26 23
8 26
28 1
70 90
21 10
69 63
74 81
5 35
58 21
79 15
48 28
36 7
41 69
80 46
6 89
58 54
32 99
21 24
66 45
87 55
50 93
99 85
76 2
60 55
52 28
7 50
82 37
10 25
50 89
83 24
64 70
54 60
52 2
42 81
80 6
60 27
41 48
3 7
94 87
44 9
45 89
91 50
84 10
97 80
22 15
92 95
65 67
25 24
48 55
21 94
16 31
70 42
63 52
60 91
51 95
81 53
55 82
47 73
56 45
20 64
62 5
11 98
67 27
14 34
59 19
56 73
52 30
0 92
65 31
26 50
26 61
42 7
14 73
24 95
59 36
17 27
14 88
33 72
14 69
46 90
8 65
25 52
0 71
43 71
33 94
63 1
91 15
97 64
0 14
3 18
60 62
7 28
31 20
74 98
88 51
