19 35
92 74
45 52
91 34
58 75
19 60
0 36
78 39
10 72
1 72
21 19
16 70
79 36
83 11
81 73
41 67
15 62
4 43
43 5
60 33
11 17
40 8
6 92
83 68
62 20
48 96
56 36
71 20
35 63
33 19
72 15
95 59
45 30
9 98
61 75
63 34
12 31
15 65
6 30
91 29
96 36
67 10
5 85
3 89
65 14
62 57
19 33
14 73
13 21
84 94
81 35
65 91
55 3
45 76
0 84
28 66
83 55
84 64
12 21
70 1
41 80
95 29
22 3
49 86
42 15
27 33
83 7
53 26
53 11
1 4
68 85
58 15
0 55
67 42
34 71
48 43
65 96
55 63
45 90
79 7
49 51
82 85
76 52
2 19
28 75
72 1
20 2
41 45
61 15
24 18
21 14
14 2
44 49
65 64
95 94
91 1
7 59
65 70
43 34
21 15
