45 74
31 62
43 65
44 25
77 58
56 8
49 80
60 15
30 4
25 94
99 65
19 10
40 94
19 72
33 16
45 46
94 27
93 29
67 22
22 82
90 64
26 29
5 60
47 51
17 18
33 43
15 40
68 98
44 40
81 78
88 30
74 46
25 32
24 46
80 16
50 55
51 74
39 55
47 88
70 25
31 91
20 10
93 40
93 45
68 99
7 48
61 17
27 76
85 72
41 27
30 55
70 17
73 80
11 8
87 25
37 49
65 75
40 3
40 22
92 24
99 41
68 5
4 14
78 34
35 34
57 72
12 20
25 94
1 69
95 56
97 52
19 10
7 79
73 47
16 46
88 46
35 92
72 34
68 82
55 58
51 12
11 23
4 49
88 41
5 46
55 43
74 82
33 4
52 22
52 52
88 7
36 35
94 39
62 24
11 92
62 51
2 46
55 12
32 0
57 54
