79 46
11 28
42 1
30 24
74 38
91 57
38 16
16 42
44 27
42 97
78 72
62 52
61 0
84 79
55 13
46 37
74 10
21 33
84 96
11 27
49 8
61 63
17 53
43 3
44 46
83 52
38 74
80 37
13 73
54 9
34 5
28 93
93 96
98 99
38 60
98 97
62 27
22 83
8 98
1 38
96 15
64 5
3 1
10 96
89 72
97 97
20 87
64 3
81 5
79 36
81 96
89 99
75 87
5 52
9 40
89 91
28 15
62 18
20 97
27 29
36 9
47 52
23 28
56 88
32 90
44 90
21 18
64 57
37 5
25 6
73 42
90 37
56 7
50 14
98 17
34 73
58 89
87 52
14 5
76 85
38 58
74 5
37 0
52 14
81 90
86 97
55 54
19 41
62 42
16 81
12 53
21 21
55 95
76 74
40 89
35 42
7 74
48 56
59 64
52 49
