66 5
5 47
45 10
99 23
42 23
20 64
54 41
34 80
49 93
40 55
92 40
94 49
67 94
26 0
30 43
17 48
78 20
42 17
85 90
91 22
85 12
10 25
84 5
13 61
84 70
74 71
60 75
16 0
42 80
40 30
82 42
85 58
42 84
45 61
16 3
48 95
16 10
26 45
53 59
0 81
29 30
43 94
36 93
66 58
47 76
82 21
26 90
49 92
83 19
52 70
92 40
15 84
64 97
70 58
85 91
0 85
11 66
73 31
90 0
46 61
45 23
99 3
81 78
16 12
12 63
74 74
40 69
98 41
25 92
63 25
15 38
46 44
43 3
38 94
44 22
16 61
86 43
54 49
12 15
58 92
71 44
15 25
84 54
0 40
86 81
33 74
13 92
86 22
16 40
25 64
46 37
82 90
83 19
49 65
93 8
90 3
73 81
55 66
4 15
58 3
