9 52
82 8
5 91
82 42
2 82
52 63
63 91
90 99
38 78
89 38
4 21
40 58
3 6
27 9
56 19
84 40
94 57
72 81
3 57
44 58
93 57
96 81
58 70
26 14
31 66
17 51
14 46
9 62
41 29
61 32
79 38
51 34
43 45
12 65
39 91
54 10
35 77
70 45
79 11
22 8
29 32
86 36
43 77
70 14
4 43
79 66
36 82
13 54
90 25
13 77
42 61
97 8
35 90
7 63
41 99
11 99
76 58
63 61
6 22
54 28
49 17
40 31
71 42
36 65
49 70
74 62
38 60
70 43
17 4
40 10
85 99
83 3
2 93
41 4
65 95
88 61
84 14
92 96
89 99
5 71
38 79
16 47
66 81
94 85
20 88
48 88
79 58
38 41
46 15
40 70
83 40
23 83
53 59
97 96
98 50
5 90
12 24
54 24
34 55
25 98
