82 56
59 88
16 81
43 0
57 89
81 89
4 4
69 63
8 30
59 20
95 74
36 70
93 14
65 84
32 58
78 12
38 60
31 45
31 86
49 90
95 40
93 4
25 86
29 91
36 50
12 13
38 82
65 98
14 65
91 46
27 41
97 85
16 42
2 14
51 92
13 10
96 35
74 51
49 79
44 94
81 6
92 14
10 89
72 91
9 99
76 58
16 92
14 83
44 4
84 17
75 94
59 63
56 5
52 75
25 92
88 45
20 65
51 30
60 70
64 34
36 48
43 14
16 25
27 9
24 77
90 95
85 65
27 97
49 91
25 53
83 9
47 24
3 23
63 17
78 43
90 2
84 34
6 37
29 72
12 27
94 0
97 45
53 8
78 85
25 82
19 25
36 70
72 99
97 24
70 88
39 49
92 60
26 77
97 13
31 53
12 0
31 74
16 74
25 32
87 90
