75 53
16 34
60 86
18 5
6 42
51 12
81 73
85 89
77 40
37 7
52 64
40 79
92 94
8 83
94 6
56 92
53 35
6 74
57 55
52 57
1 93
1 65
21 76
3 9
16 2
51 43
89 96
64 77
1 16
42 87
43 57
70 57
65 57
37 71
47 44
2 6
45 87
43 9
20 19
69 25
11 66
53 27
49 81
9 41
25 14
54 80
25 87
22 81
69 81
25 11
46 69
22 13
56 4
57 36
65 82
45 95
74 88
96 70
37 83
95 23
50 4
77 80
77 66
69 98
55 71
8 10
23 74
65 63
65 44
26 86
68 46
88 69
66 24
61 10
81 51
81 78
56 80
1 2
12 29
50 91
67 75
70 72
91 16
95 13
5 86
78 53
45 48
18 3
83 73
57 78
40 41
64 9
85 93
94 76
16 39
47 72
8 52
21 28
76 24
45 6
