34 42
51 33
12 33
51 56
48 49
17 47
92 96
47 86
19 43
61 73
96 73
23 90
12 1
44 51
42 96
9 60
58 75
3 9
34 92
37 16
3 17
96 74
22 45
80 25
28 94
15 18
5 25
58 16
34 82
97 26
4 2
47 19
96 63
43 29
77 55
24 22
87 24
85 2
5 24
87 76
43 44
29 75
79 92
88 57
30 25
98 18
14 72
69 27
92 70
30 88
63 67
32 56
18 29
88 82
30 80
52 9
17 66
70 50
60 31
2 77
45 54
42 74
50 30
54 3
37 14
44 3
4 23
14 14
52 19
10 33
58 24
45 17
51 1
78 78
57 24
16 52
64 0
33 14
40 56
89 64
52 61
78 97
45 77
77 86
70 4
31 18
89 20
58 97
19 90
78 58
43 61
3 60
21 76
84 7
42 31
88 77
21 5
61 46
96 2
57 12
