7 80
46 42
32 29
1 2
6 73
71 77
85 98
89 61
80 61
30 58
14 82
3 56
81 92
73 43
32 82
77 59
98 24
34 73
21 29
51 45
20 26
37 16
76 10
69 37
25 70
20 59
93 58
48 59
58 58
11 84
54 27
97 72
15 16
73 74
40 37
83 39
95 67
13 94
50 91
52 57
14 60
4 62
80 17
20 62
19 3
68 24
34 87
22 12
39 24
9 73
41 5
27 5
79 44
0 8
6 86
52 50
93 9
86 37
84 2
35 74
55 73
88 68
0 11
35 46
83 83
32 11
90 67
48 59
2 6
50 69
73 83
44 2
20 94
82 65
85 36
54 5
83 4
46 7
8 83
60 48
80 9
62 77
93 74
86 67
23 79
36 23
91 62
73 79
11 38
96 23
24 89
62 22
70 13
60 5
71 4
54 78
82 20
70 61
39 46
25 58
