61 80
19 16
92 39
37 56
17 92
90 38
40 49
82 61
79 34
43 31
97 42
9 88
83 34
53 64
82 49
64 49
48 3
19 78
64 76
35 29
45 26
94 70
11 80
96 22
91 81
10 70
37 97
67 97
26 39
12 78
33 34
23 67
70 25
55 44
25 70
88 28
63 1
54 0
33 70
38 86
4 93
5 24
18 31
7 47
16 31
59 95
23 78
41 23
32 19
25 36
13 63
53 90
40 10
89 53
27 12
44 95
40 19
66 65
86 91
0 84
5 47
77 5
43 22
14 31
69 19
13 82
64 16
57 24
40 78
60 88
74 0
23 18
7 91
63 78
94 28
0 29
89 63
9 11
49 84
88 67
61 68
13 74
37 66
15 44
87 39
41 88
41 63
46 40
43 87
78 50
92 30
48 18
20 2
49 61
88 67
89 85
54 90
74 25
43 24
86 48
