91 87
2 53
32 83
95 17
26 2
77 6
0 42
58 45
75 75
4 12
26 20
52 21
9 23
95 67
35 37
21 12
64 47
67 36
23 27
87 85
59 83
42 79
33 96
72 76
41 4
55 87
18 14
36 16
5 55
10 26
91 34
39 45
59 82
19 48
18 15
66 52
76 50
62 50
16 21
37 14
34 36
72 8
19 4
68 7
43 47
83 52
4 51
32 15
63 79
82 22
81 79
18 85
29 92
30 8
6 26
28 17
46 72
77 51
85 56
53 30
88 43
48 58
39 12
39 28
1 6
20 26
76 28
81 52
42 23
20 60
83 59
69 46
44 57
52 55
14 25
4 33
1 73
97 89
2 50
51 48
28 33
95 42
74 40
67 89
43 57
4 49
36 21
56 6
0 28
47 43
59 77
7 98
33 46
29 71
76 32
89 25
92 47
69 48
41 5
49 82
