7 10
97 32
82 1
48 65
8 5
8 1
4 0
72 7
38 67
82 72
48 92
85 3
55 88
4 12
81 85
95 53
14 52
60 45
46 53
55 63
97 29
65 81
51 89
45 84
22 96
17 12
12 77
16 57
76 12
94 31
54 70
24 10
91 63
2 31
54 39
37 27
51 44
17 57
95 41
69 54
24 16
58 39
27 99
84 13
35 4
9 82
77 5
11 86
71 70
23 67
38 96
82 21
92 1
81 16
79 33
78 58
6 29
12 17
46 54
88 7
37 21
5 98
89 87
65 83
31 65
76 61
42 14
11 21
97 9
23 68
36 29
55 1
23 59
38 85
57 76
54 85
2 27
39 7
58 26
39 83
35 71
70 32
5 11
98 5
36 42
37 35
55 86
0 59
77 96
68 31
43 49
38 56
99 17
56 55
62 95
92 89
76 99
62 58
48 44
16 53
