17 79
75 73
77 64
74 1
36 44
24 89
50 97
21 29
24 28
52 68
56 33
89 54
3 48
60 98
57 48
65 97
93 59
4 89
79 14
3 97
42 25
59 70
65 72
66 27
56 63
54 42
94 52
36 55
12 53
53 1
41 87
53 2
48 15
95 33
22 28
75 81
4 25
65 0
87 41
42 28
96 12
0 31
46 92
48 90
15 72
58 25
57 2
82 23
67 50
86 13
7 12
14 52
57 32
50 78
31 11
11 47
32 74
49 49
61 5
39 89
70 45
88 73
97 90
67 10
7 26
71 36
89 23
58 41
40 19
48 21
10 91
87 19
49 16
0 29
60 94
34 41
28 48
39 51
67 48
18 24
72 27
25 65
12 4
78 90
47 91
49 66
49 12
90 39
87 20
44 97
47 46
79 38
23 36
23 61
34 35
20 12
4 72
21 85
11 91
67 65
