48 68
15 26
84 9
48 10
86 79
47 76
55 37
47 40
50 15
24 19
54 31
79 9
57 70
28 12
38 27
84 66
31 81
73 80
96 75
27 34
80 18
71 97
93 73
2 22
96 95
6 81
45 93
92 3
90 26
55 15
85 8
60 23
62 37
90 2
1 24
52 67
58 78
65 95
51 16
49 73
67 19
10 56
12 91
54 67
31 58
21 26
11 48
66 83
20 86
32 47
90 95
35 86
85 64
96 50
51 42
41 59
17 20
39 74
86 11
7 99
79 0
9 15
74 99
16 75
94 28
30 62
14 98
41 8
75 63
25 98
55 37
18 62
57 29
70 83
17 25
20 49
10 70
34 77
12 75
50 18
11 21
71 65
1 60
54 10
16 7
62 52
79 84
57 98
48 15
55 67
77 51
27 8
90 42
9 48
75 98
58 25
57 12
58 52
8 65
20 27
