15 73
89 83
16 98
24 75
83 7
60 59
36 43
6 72
91 63
31 40
1 93
14 35
2 81
73 88
64 3
4 87
50 11
16 21
97 9
91 96
56 38
6 4
32 3
73 32
45 6
0 71
56 81
53 25
69 9
47 44
64 97
94 23
36 75
99 28
83 55
37 11
97 59
76 16
91 10
60 44
12 41
29 58
58 64
60 99
29 86
0 55
60 51
52 94
22 4
87 23
60 18
44 81
64 42
8 38
44 72
71 70
73 85
26 46
38 16
33 94
81 45
28 62
10 90
7 9
70 27
28 53
84 56
28 38
99 86
95 21
93 48
34 23
95 85
74 38
53 22
7 76
56 52
61 20
59 21
2 97
34 41
52 44
33 33
97 91
90 58
81 40
88 37
11 16
54 71
4 35
16 6
59 63
58 49
53 21
77 69
91 28
45 81
98 57
56 22
13 77
