64 45
32 3
75 81
87 1
27 77
94 24
93 99
51 35
96 89
59 25
80 66
27 34
13 30
65 75
37 51
43 72
90 19
98 16
26 42
27 55
70 61
26 51
98 73
59 2
47 95
9 82
34 74
88 79
31 33
13 66
24 38
50 69
85 85
51 22
31 91
30 86
59 41
99 22
24 71
53 91
41 4
16 14
45 99
74 88
79 9
93 90
32 67
40 82
28 19
72 60
28 96
72 66
61 43
2 2
76 91
70 31
67 70
72 67
61 16
67 47
86 53
47 4
27 45
44 61
17 6
33 83
33 55
94 23
24 14
54 87
16 65
80 55
2 27
53 40
77 60
19 42
94 21
38 35
41 87
3 99
70 15
86 52
74 73
4 0
73 64
34 71
44 14
8 15
50 67
66 37
4 11
1 93
16 76
54 22
47 33
86 87
24 29
38 86
0 98
9 63
