88 22
74 68
24 82
60 80
7 48
7 55
76 41
61 85
57 47
81 6
52 70
80 25
45 35
3 53
7 69
78 61
78 77
24 73
20 27
39 78
52 80
45 63
40 31
73 47
20 93
37 45
88 26
6 10
17 71
74 24
19 69
55 7
10 49
49 68
84 47
31 68
85 76
38 3
33 6
87 63
82 70
27 6
15 85
14 80
24 92
56 64
33 89
67 42
30 3
62 97
68 70
97 8
11 54
31 74
48 88
2 4
93 93
97 23
22 26
65 73
25 30
46 8
57 85
75 35
65 78
80 24
22 91
40 64
49 29
84 53
91 67
24 4
94 5
63 72
89 21
52 57
91 84
6 66
22 27
35 93
72 29
26 29
9 74
73 52
8 25
12 14
42 84
91 29
92 51
14 69
19 56
71 36
23 10
26 71
63 42
13 73
4 56
6 44
4 72
29 48
