31 11
47 55
82 29
35 38
40 0
14 55
41 2
71 82
45 76
0 27
98 82
3 17
77 72
66 42
13 8
54 57
90 3
41 29
57 21
54 44
22 69
9 14
73 7
10 44
61 32
14 89
28 98
89 39
75 43
10 57
26 68
47 18
61 24
92 74
31 50
85 49
80 7
51 72
56 17
83 14
88 44
51 15
67 69
21 31
99 4
50 22
29 58
90 54
8 24
69 91
90 8
54 31
18 28
98 62
33 2
36 24
52 28
77 63
27 36
15 44
22 88
60 56
38 2
55 65
59 24
43 66
6 0
25 83
15 24
8 33
55 18
45 45
67 91
79 95
30 94
38 57
58 40
40 87
33 35
55 12
89 38
55 72
12 36
16 91
64 88
66 44
69 39
42 98
64 17
45 72
31 74
95 39
54 90
45 32
27 85
57 38
83 88
2 29
66 45
64 11
