80 1
75 40
57 52
9 2
47 20
49 30
14 21
80 34
12 9
97 0
42 89
49 39
24 14
14 25
52 50
70 41
32 26
71 95
9 31
58 99
12 48
81 53
50 70
52 53
83 5
14 67
38 88
62 38
48 92
19 86
25 33
63 28
28 49
10 58
81 41
2 43
11 50
28 95
70 60
58 24
21 94
56 29
77 76
23 78
85 26
66 56
34 98
70 83
47 39
5 96
84 16
92 78
9 79
61 4
79 12
72 5
87 22
71 61
32 92
27 95
94 87
83 55
89 58
82 90
85 40
46 79
40 27
26 26
16 86
32 81
55 56
81 92
82 97
65 42
42 68
55 87
41 34
53 46
2 41
6 21
90 20
90 33
79 31
31 99
10 36
13 93
83 86
3 56
59 1
73 93
88 95
94 27
10 27
7 0
65 40
82 35
20 17
43 76
78 53
67 40
