69 52
63 94
98 51
77 83
24 67
36 11
22 67
13 87
20 65
43 65
26 22
17 75
46 21
73 18
90 61
65 6
21 7
34 69
16 95
98 30
71 26
94 53
88 14
28 34
82 66
60 69
97 86
53 5
16 46
74 38
35 48
42 6
29 66
21 92
46 73
77 32
82 73
53 80
83 87
36 38
1 35
19 20
84 98
41 90
15 39
79 53
5 58
6 33
8 75
67 83
9 91
62 5
44 22
91 25
64 77
73 24
40 33
16 11
62 55
8 59
59 83
99 48
84 96
9 57
52 51
78 37
28 96
92 95
26 12
97 52
75 52
34 82
29 94
77 19
5 12
91 6
48 54
28 89
24 46
40 1
88 29
92 46
54 54
2 83
28 37
94 8
39 90
67 22
33 79
20 54
70 79
81 25
48 10
92 47
14 47
44 88
44 40
43 9
47 22
84 11
