72 70
25 56
52 94
85 6
57 7
88 87
24 88
78 40
45 83
80 1
17 62
85 4
80 85
37 93
49 58
23 59
75 59
48 14
72 34
50 19
51 76
22 55
88 85
6 52
30 13
17 0
84 30
3 79
18 61
45 24
33 20
12 32
81 59
21 64
21 56
10 63
62 24
25 74
85 32
54 61
54 83
56 80
3 1
58 52
23 24
11 49
81 54
34 3
77 72
48 67
51 14
24 42
99 43
48 11
61 22
60 95
49 5
60 45
77 40
96 84
35 5
10 89
67 83
25 79
95 11
59 78
33 58
99 12
23 64
6 4
65 2
25 39
80 18
83 8
80 78
74 79
54 55
50 97
79 57
31 19
58 41
13 28
95 87
5 76
76 53
70 81
60 84
34 88
39 47
63 52
60 98
63 26
95 5
8 78
59 64
87 8
99 51
79 43
63 54
51 26
