89 5
91 62
28 76
97 25
76 57
81 22
91 27
18 60
10 76
75 61
40 45
55 6
57 95
42 5
67 33
96 6
91 91
64 51
71 96
29 8
11 51
58 49
47 86
13 5
73 53
78 5
29 61
42 48
44 20
63 19
22 36
44 93
66 18
49 67
19 53
0 24
3 35
51 10
68 11
96 35
62 18
48 44
94 60
51 4
81 52
45 28
1 70
0 99
31 11
4 60
19 61
7 36
81 75
94 14
14 52
48 92
88 2
21 36
63 83
88 83
24 59
26 87
37 43
22 37
48 3
26 75
61 13
16 0
84 72
8 55
40 58
32 33
1 18
54 8
83 81
68 50
31 88
87 10
51 90
49 52
38 23
68 78
67 18
68 62
38 95
1 33
82 83
42 57
20 76
40 94
70 11
66 30
18 31
52 83
29 18
90 48
71 4
90 89
20 95
65 76
