18 44
97 30
48 61
18 42
80 89
91 97
72 41
20 9
64 25
96 53
44 20
59 29
38 8
86 16
73 38
24 7
33 8
60 56
42 45
34 82
59 31
32 19
25 2
48 42
21 10
13 43
50 77
30 10
97 71
3 2
30 65
9 41
86 81
36 28
44 21
47 36
76 77
92 32
66 32
13 42
12 43
34 92
37 83
10 51
13 16
24 29
60 65
50 36
53 60
28 53
9 90
78 90
81 48
5 15
60 16
76 18
29 2
8 37
27 12
32 1
18 83
16 23
16 38
25 38
71 2
82 88
85 72
2 33
32 9
21 22
85 16
67 20
12 88
93 29
86 53
10 77
8 40
61 56
77 65
9 43
62 76
30 22
60 36
94 74
21 8
1 53
45 10
38 58
3 12
58 53
24 15
38 27
33 69
31 7
0 92
15 24
90 96
73 72
78 2
24 22
