35 4
26 0
56 33
26 1
73 39
15 28
53 59
84 99
6 67
38 7
83 13
23 64
17 40
5 23
0 91
8 88
52 73
43 60
40 75
15 99
3 43
63 58
5 7
75 20
4 87
83 40
78 89
30 99
87 43
37 4
85 89
9 9
64 44
72 60
44 82
78 23
80 15
70 69
55 81
56 89
90 7
31 85
21 23
7 80
87 91
43 26
23 99
67 15
74 25
31 84
73 37
37 22
32 77
21 30
1 38
40 73
49 17
10 97
57 82
77 17
20 32
21 23
78 10
4 38
23 3
29 20
16 97
2 21
9 6
77 44
32 49
32 1
87 3
1 15
30 38
25 57
0 16
82 62
97 0
32 14
46 33
13 84
84 52
16 12
51 82
51 6
81 19
85 2
88 10
47 23
2 63
53 96
78 72
69 24
53 1
26 58
78 52
33 98
19 10
58 54
