24 65
85 58
64 16
44 51
77 88
15 53
61 13
68 69
40 35
44 80
79 1
72 89
76 68
72 68
36 49
39 92
64 38
75 57
71 79
49 26
76 92
43 99
9 16
35 74
42 66
98 34
71 28
15 44
71 74
10 3
95 80
40 5
48 89
20 45
87 17
85 97
29 38
81 55
73 6
41 74
93 15
39 65
92 34
39 48
81 30
64 58
15 37
36 85
21 4
52 32
0 89
40 0
36 32
32 22
85 59
16 27
15 42
22 59
33 97
38 77
93 98
20 87
92 35
74 18
53 41
92 26
73 66
85 52
13 58
30 52
16 52
35 69
65 32
96 29
70 10
93 40
53 75
23 48
63 45
95 29
78 50
99 77
42 0
22 1
72 13
13 52
23 1
82 17
56 63
37 4
17 61
80 65
98 23
19 61
3 30
73 22
54 93
79 56
6 3
70 50
