15 6
93 28
23 46
94 70
26 29
51 54
88 24
97 15
96 42
32 35
90 85
45 54
76 14
72 93
42 22
23 81
38 83
38 83
93 0
32 77
1 47
44 89
33 12
4 31
1 57
57 39
12 1
41 94
12 33
6 59
90 62
38 32
8 2
80 63
79 30
99 13
33 18
53 0
65 6
31 52
99 33
31 20
35 25
84 3
36 5
3 9
43 88
85 8
82 13
2 16
92 88
99 82
3 99
7 34
86 22
16 6
52 52
33 12
20 94
16 70
4 31
5 29
20 36
82 73
93 79
1 16
31 48
72 83
90 41
79 91
92 7
6 12
41 7
37 36
52 3
17 71
87 78
61 25
35 24
51 71
59 11
69 62
71 71
81 59
15 91
78 89
42 54
49 42
89 24
76 9
83 48
43 27
50 73
90 79
34 99
20 16
77 42
54 47
20 6
52 41
