8 49
83 24
63 21
13 67
72 20
56 11
74 24
25 44
25 4
43 13
39 73
28 7
34 96
76 55
11 27
10 90
66 89
52 15
75 91
7 78
19 75
71 85
3 75
37 33
23 93
79 64
6 83
86 73
31 57
30 82
27 58
7 32
85 49
99 99
60 88
91 16
23 6
9 63
37 95
90 43
92 43
93 51
26 62
1 93
70 55
37 94
35 3
11 43
74 95
55 86
42 34
0 6
34 99
15 27
9 86
42 80
96 83
19 0
41 53
70 76
13 89
10 48
30 28
81 0
70 77
48 84
30 25
23 49
58 79
25 42
2 4
7 10
96 8
20 12
28 95
52 78
92 16
95 5
70 99
46 49
68 82
19 28
42 77
16 6
2 57
11 93
21 52
90 68
56 73
88 0
94 38
33 98
74 90
13 15
80 19
22 29
40 17
63 53
98 26
5 80
