69 51
72 51
87 87
36 94
13 68
94 11
74 57
56 65
58 32
45 70
3 81
94 91
8 70
69 78
6 5
93 60
44 19
36 39
21 57
53 89
74 84
2 33
51 38
87 16
99 78
26 33
45 16
0 34
92 12
84 89
19 55
90 99
88 95
39 93
69 12
26 72
24 75
49 85
75 91
84 91
6 39
16 5
22 72
59 83
69 41
6 39
36 86
58 93
73 21
74 95
59 43
67 52
3 74
24 69
81 74
74 81
48 97
31 9
53 34
15 13
26 38
16 98
89 71
67 2
16 97
42 51
71 69
76 54
75 85
49 23
54 58
41 62
8 58
5 93
72 89
92 51
56 69
36 54
88 21
59 35
26 51
93 45
52 12
62 83
10 95
50 74
42 6
73 90
18 66
80 68
16 19
36 34
95 33
91 71
52 59
61 60
85 42
53 64
59 83
57 85
