36 18
13 46
44 23
51 68
60 21
44 24
40 60
45 69
41 42
74 4
58 31
28 47
71 75
95 82
84 37
32 61
23 94
53 60
62 36
76 94
79 49
76 53
1 16
72 51
73 4
37 94
1 12
74 14
94 54
68 16
5 28
96 70
81 0
33 54
50 76
28 20
28 55
78 92
60 5
89 31
94 66
15 22
67 8
47 65
20 17
23 95
20 13
8 38
90 54
44 70
75 74
12 11
69 66
75 74
92 51
59 59
22 53
37 21
65 81
39 69
29 4
74 77
58 91
20 34
13 82
57 81
31 22
5 59
8 9
99 48
40 7
58 22
53 97
98 37
77 73
48 50
65 46
97 66
11 55
65 29
9 18
4 75
14 64
78 6
73 49
53 13
40 40
37 22
48 94
69 55
42 18
31 12
37 59
14 41
1 44
79 18
74 42
54 0
78 83
96 64
