35 37
80 51
22 56
27 60
9 55
13 62
63 9
87 25
24 85
85 58
44 60
9 46
46 25
81 34
24 31
80 18
45 49
61 72
2 54
38 57
78 12
87 64
25 74
52 35
51 17
18 87
5 61
68 73
16 10
34 56
13 27
48 32
98 67
63 78
27 64
55 71
28 9
57 77
78 58
93 73
38 93
46 78
86 65
34 22
15 36
0 31
74 0
86 60
77 13
55 74
86 56
64 96
45 72
89 77
18 39
96 46
71 18
52 70
94 60
85 72
87 63
3 69
46 44
31 1
42 78
67 2
98 77
78 56
40 8
5 42
57 34
79 60
69 67
11 42
10 20
96 59
86 57
40 46
98 77
28 58
13 61
5 60
78 22
95 11
17 88
61 18
80 11
57 26
70 61
10 63
84 74
72 63
16 55
44 34
46 37
11 34
24 99
57 94
49 0
57 13
