24 70
61 34
75 90
79 65
75 74
47 83
5 55
87 35
62 82
18 42
90 27
86 23
65 77
17 0
29 35
59 21
90 68
17 59
34 11
79 82
33 57
9 52
53 4
33 70
70 52
5 10
68 74
39 63
55 63
25 54
56 49
97 20
38 3
95 87
45 6
21 94
21 51
15 74
17 0
51 33
3 70
85 53
85 70
12 43
97 11
66 67
21 17
51 37
94 6
69 55
18 59
65 74
12 63
79 96
66 2
80 80
17 91
75 33
40 44
64 64
56 20
14 10
82 49
7 31
16 29
18 85
4 64
50 20
11 27
4 53
58 49
86 22
27 62
94 2
14 0
61 34
14 9
65 99
12 58
94 13
82 13
55 77
96 91
64 26
5 68
83 84
94 93
53 94
13 4
17 55
9 43
6 42
52 28
5 22
62 52
14 12
22 31
58 27
4 13
79 58
