98 55
1 57
56 86
18 48
44 24
32 7
48 21
0 98
97 23
10 47
44 48
20 84
95 5
47 89
71 25
83 71
90 92
4 11
36 34
58 14
19 12
97 67
41 55
74 83
21 32
78 46
12 95
66 70
7 48
72 71
6 59
41 2
63 47
98 16
11 69
4 45
1 6
45 88
88 78
41 31
70 40
98 27
30 78
55 67
73 25
94 67
31 70
8 36
26 12
92 93
71 57
74 67
40 23
3 75
78 48
68 70
50 81
1 81
78 46
57 47
73 25
26 97
90 33
6 92
48 7
30 10
54 90
44 28
39 37
9 31
77 62
56 21
24 88
74 14
53 99
82 78
5 64
63 97
94 22
6 22
18 65
29 40
78 48
98 4
87 2
28 10
62 37
19 17
9 60
29 63
20 72
67 26
18 60
5 71
79 4
23 54
12 81
63 60
68 80
17 11
