60 50
57 80
7 54
66 10
8 40
91 3
36 37
76 23
8 81
84 46
95 77
27 60
62 64
33 60
93 61
69 46
15 20
63 28
2 90
22 45
48 98
19 49
84 0
39 72
43 78
31 90
44 70
85 15
88 19
52 33
29 61
2 5
90 0
4 86
27 65
50 70
49 6
22 39
12 41
39 3
69 61
2 95
20 53
42 12
96 10
31 20
35 5
18 4
6 15
7 44
80 80
33 98
5 58
78 61
40 57
58 5
17 43
12 33
1 70
66 95
24 1
91 49
27 1
36 19
16 67
63 95
18 94
61 71
2 58
46 31
73 53
0 82
41 2
99 58
18 35
61 3
60 85
96 27
64 98
37 43
53 18
20 39
28 69
75 44
9 56
72 73
52 15
70 28
20 29
79 89
64 33
17 11
10 35
79 70
4 66
94 15
1 93
22 33
33 60
78 47
