47 32
23 50
48 34
37 51
15 90
69 49
59 52
41 32
99 32
22 33
73 67
90 32
89 1
83 55
36 16
58 58
14 88
36 6
74 48
81 54
41 32
49 91
90 9
39 38
45 24
95 58
1 67
29 89
17 66
59 54
50 53
54 93
94 27
43 69
61 3
83 26
81 49
33 34
80 82
20 73
6 40
22 3
48 51
25 35
81 0
95 50
41 73
79 14
97 36
4 66
14 69
81 73
12 25
92 38
28 68
70 85
77 92
9 59
78 33
18 73
73 22
53 18
81 3
24 93
38 13
55 38
36 71
22 71
6 39
59 89
53 68
86 62
68 35
18 86
86 16
52 16
15 6
87 82
92 9
18 89
93 40
47 7
70 63
99 72
52 88
22 72
44 34
91 71
86 59
54 93
0 89
18 9
55 73
36 38
16 15
54 59
48 68
21 48
95 16
99 82
