49 85
62 93
90 36
61 20
27 50
84 38
93 98
12 30
6 16
3 44
96 93
21 67
99 24
64 49
88 50
22 51
12 92
54 25
97 4
81 75
79 60
21 63
3 99
25 3
89 38
69 87
65 9
95 22
3 64
8 64
7 49
64 25
77 93
77 37
97 95
26 67
85 96
47 87
4 96
79 73
46 1
26 17
96 52
95 73
54 49
83 9
72 85
15 77
33 89
40 82
11 88
4 46
97 21
69 66
9 6
39 3
33 88
74 6
85 93
64 41
67 82
56 95
19 99
97 36
16 41
13 91
99 27
39 48
83 22
29 54
31 50
75 26
60 89
26 31
90 11
39 42
15 25
34 28
20 41
42 85
72 47
4 75
6 85
46 41
16 47
65 1
14 1
28 66
29 28
15 40
97 52
24 95
66 74
5 72
67 21
74 25
19 31
69 30
15 4
19 69
