19 8
53 48
24 4
60 23
80 52
65 70
92 51
9 44
86 8
54 34
96 92
7 31
60 54
52 44
34 57
57 44
56 96
78 12
54 68
86 42
73 37
68 17
40 88
54 65
76 37
90 25
88 39
90 19
45 83
58 83
82 65
21 5
73 37
25 47
69 29
7 98
19 14
7 3
18 1
94 28
2 29
86 29
38 87
55 93
91 60
63 90
51 17
4 32
21 20
99 24
36 23
73 4
50 61
57 42
70 24
74 55
7 72
56 57
49 63
97 86
45 88
7 69
96 11
91 5
89 72
34 74
89 98
18 55
96 52
72 29
43 28
55 46
72 1
6 51
97 62
34 31
42 86
55 58
33 45
56 7
86 44
8 29
86 18
39 40
98 37
37 94
38 64
88 55
92 64
49 32
0 80
12 98
35 95
50 93
25 93
25 58
4 14
10 70
17 11
65 4
