95 56
51 29
75 90
46 30
93 91
54 1
3 91
10 22
5 89
3 93
95 39
22 84
98 81
61 59
24 93
73 96
58 12
25 89
45 62
94 39
45 81
90 78
72 85
38 44
80 44
51 55
78 31
29 24
3 27
33 30
36 1
24 71
80 91
0 3
92 34
0 75
16 30
70 15
56 60
14 42
61 78
73 81
64 34
53 96
16 59
19 74
98 79
31 82
21 1
76 12
58 68
48 17
86 74
50 65
50 13
83 96
22 66
92 71
37 73
57 94
7 49
30 39
89 78
75 69
58 14
64 17
5 24
91 89
78 70
77 3
54 74
35 66
38 57
38 42
63 31
46 4
69 72
59 92
88 8
72 43
13 47
57 67
78 98
14 36
79 57
78 75
55 25
7 61
80 71
4 52
57 8
15 20
62 53
77 88
54 22
4 94
88 7
49 20
21 40
84 88
