85 7
19 30
84 68
97 90
92 67
41 98
32 78
97 61
73 64
60 55
42 11
81 42
90 55
83 6
80 69
95 72
29 40
62 38
75 49
1 86
0 48
59 19
16 94
88 4
33 48
83 81
3 74
45 8
41 59
68 65
17 51
72 36
27 60
24 14
78 94
15 79
70 35
19 65
92 2
43 55
42 67
45 49
12 65
99 22
83 29
89 18
87 94
3 59
46 30
6 36
57 49
66 73
22 73
95 99
52 83
17 4
67 1
27 43
20 73
22 66
46 49
92 22
73 79
33 41
51 33
18 52
58 26
25 30
77 9
18 95
39 59
79 52
32 10
76 19
73 42
5 66
42 14
5 18
81 33
57 89
47 76
0 63
16 36
4 96
55 36
87 29
24 95
68 98
22 17
8 93
91 14
95 42
4 78
1 27
84 35
43 91
68 65
67 73
23 16
49 52
