81 67
52 8
42 47
91 94
84 17
51 99
61 24
82 4
51 40
15 74
66 61
15 14
60 55
47 35
32 40
20 15
75 32
93 77
6 67
95 18
79 99
92 52
92 48
31 1
88 83
15 65
2 48
91 47
65 47
46 48
24 48
99 54
33 13
17 26
95 82
44 92
53 14
88 47
40 98
11 3
92 98
64 12
32 65
48 67
12 86
42 46
80 77
53 69
40 3
86 65
44 95
70 52
29 81
86 84
38 9
66 61
88 23
9 14
80 89
83 94
73 33
14 18
58 92
33 54
96 34
41 7
18 18
64 92
55 59
66 31
84 80
81 7
88 5
58 80
15 6
17 9
82 52
75 14
40 73
53 78
59 25
70 80
72 0
23 29
37 91
9 46
26 69
58 31
89 24
44 37
93 32
94 83
89 14
23 51
9 41
63 4
73 84
30 9
12 69
48 73
