12 11
14 64
94 72
48 63
52 46
38 85
83 88
37 20
51 81
61 96
91 86
29 76
77 37
97 53
24 11
1 6
14 43
17 92
88 74
4 49
20 62
8 1
10 75
64 70
47 6
10 44
0 10
88 41
82 10
3 38
54 25
28 95
78 76
90 13
78 72
88 64
13 27
90 28
2 1
25 15
85 22
39 20
52 17
22 12
19 32
75 8
6 16
11 67
60 8
81 84
1 27
20 61
34 37
5 15
43 85
44 63
95 57
54 9
24 73
58 55
93 34
27 15
59 92
34 97
94 59
79 72
52 53
62 9
97 28
58 20
80 77
70 1
57 51
29 65
22 54
93 44
86 66
30 37
84 79
19 80
94 67
97 19
73 81
89 18
0 22
28 93
97 37
65 2
70 18
54 62
76 48
1 76
3 89
64 61
0 48
44 65
29 64
14 78
29 55
10 54
