36 38
17 58
6 32
15 75
52 56
66 0
0 20
88 57
14 54
6 27
70 50
29 77
2 87
48 21
43 63
76 21
19 29
58 84
64 19
12 8
68 29
16 65
81 60
94 77
50 13
52 42
29 47
32 14
78 86
74 32
24 93
24 24
97 70
94 31
66 67
51 94
73 9
12 87
53 52
94 63
13 98
86 47
11 38
31 8
40 94
36 46
47 77
9 77
45 18
43 58
31 69
71 62
85 31
10 31
87 34
9 48
78 3
73 27
0 95
56 12
11 24
33 87
88 38
74 7
37 52
33 57
72 63
86 93
82 78
53 21
20 53
71 21
67 16
99 54
84 9
18 12
78 49
56 10
90 76
66 44
3 29
59 25
48 73
67 73
13 99
77 98
17 39
3 88
60 41
20 57
76 98
68 54
17 10
32 48
51 84
41 76
15 48
44 67
17 51
81 18
