62 11
93 97
14 57
27 90
63 24
27 73
3 82
30 24
30 62
90 51
93 12
16 32
92 51
93 23
60 68
42 78
12 91
66 93
96 88
2 35
46 99
55 0
83 75
49 11
5 9
90 49
88 22
51 17
93 13
96 13
67 79
51 15
9 26
40 44
22 9
73 68
39 70
11 51
16 16
99 58
9 74
39 83
21 48
97 55
41 7
53 13
69 35
34 63
70 89
3 19
71 90
2 71
88 75
36 35
86 9
91 55
28 97
87 45
61 16
17 29
76 55
92 38
60 18
45 26
15 46
78 67
2 38
26 49
88 15
23 57
94 63
48 12
13 70
54 17
78 40
20 14
2 3
99 56
43 23
35 40
75 3
70 62
97 77
41 8
20 26
83 41
94 45
9 88
8 64
51 90
67 54
82 55
50 90
4 70
17 22
83 25
14 44
25 75
81 13
29 64
