91 72
83 98
58 14
39 69
22 2
74 59
70 61
84 87
90 91
93 37
0 59
27 4
65 14
23 64
43 15
99 22
93 39
54 4
37 0
34 90
24 33
96 92
7 81
62 63
28 77
64 32
82 19
19 58
96 47
76 47
21 19
52 12
72 17
27 95
37 48
20 1
91 1
57 76
43 92
40 61
7 37
29 14
86 25
56 37
45 52
68 52
77 58
59 97
10 7
76 35
69 30
11 16
55 92
82 43
19 99
45 99
40 11
32 74
0 82
76 79
21 26
39 76
30 25
64 23
11 2
45 1
43 86
27 91
79 15
13 30
35 63
24 64
90 96
43 25
68 57
54 54
31 62
96 48
66 92
53 31
14 71
42 16
71 56
68 10
62 32
29 26
14 70
75 5
17 31
93 60
93 18
20 20
31 66
91 4
7 53
48 65
45 3
56 21
2 30
70 3
