71 82
67 85
60 3
17 62
19 97
3 5
90 99
93 11
3 32
18 39
28 70
92 49
79 12
91 22
42 72
77 15
76 12
23 91
32 55
71 85
22 76
6 43
84 36
67 48
77 39
95 18
43 17
51 95
79 18
85 70
23 39
80 73
81 64
18 85
73 22
75 62
44 19
99 5
30 38
26 82
36 95
41 21
27 24
97 20
84 51
62 90
81 70
55 27
60 30
33 88
85 90
70 55
41 62
0 91
28 10
62 2
49 18
40 35
67 51
40 70
78 88
76 33
12 96
9 0
5 55
5 0
84 88
86 5
75 62
7 12
35 65
61 24
25 36
81 73
89 7
0 8
71 5
41 96
74 54
72 60
73 88
99 0
21 97
74 48
77 16
47 90
22 22
82 43
25 61
43 19
30 59
79 19
54 20
27 39
5 35
75 34
44 74
54 7
39 28
92 30
