2 7
15 3
28 8
11 7
67 89
49 43
43 78
22 47
73 43
12 95
72 98
80 53
6 13
61 33
19 37
32 1
93 22
29 76
50 64
21 98
52 20
29 94
59 72
50 96
28 39
91 6
82 68
83 42
39 21
75 52
94 74
51 5
34 64
54 73
74 71
78 5
32 47
71 48
68 70
95 25
1 76
65 31
15 78
80 66
41 23
1 48
81 49
24 81
78 10
31 98
4 72
8 55
49 2
7 62
55 83
13 16
15 64
53 43
95 23
21 92
5 13
22 93
62 15
4 39
98 28
4 28
16 37
47 55
8 85
2 37
6 84
23 52
60 64
86 26
73 37
62 48
6 6
35 82
76 44
34 91
7 92
41 42
74 39
68 21
9 80
39 45
81 51
57 90
35 66
91 2
34 74
68 81
91 1
72 63
70 71
85 90
26 46
86 76
35 7
34 52
