57 26
14 0
24 48
52 95
68 41
41 29
16 41
28 52
63 85
89 42
27 75
27 91
13 8
44 75
1 15
33 98
76 53
91 13
94 11
33 38
23 51
24 55
77 47
73 58
81 62
50 24
85 21
38 9
48 28
28 55
35 25
33 24
45 5
2 49
9 98
98 46
73 61
62 27
33 55
42 11
44 86
61 27
43 25
24 18
53 88
76 33
86 52
90 46
52 9
23 97
32 26
93 84
4 46
42 70
56 5
96 94
71 58
58 44
58 36
53 13
39 32
94 51
54 68
27 2
51 38
27 90
93 39
97 12
78 45
44 64
38 90
25 71
24 83
39 17
32 70
12 89
47 25
74 53
43 26
0 96
31 29
62 87
52 38
70 83
36 31
56 29
12 75
22 37
22 29
44 16
54 63
18 54
53 51
4 14
74 95
35 43
15 51
51 69
26 76
2 24
