98 11
67 75
24 40
57 87
13 93
90 51
36 81
80 49
91 55
55 9
15 47
89 20
66 20
63 13
35 71
54 24
85 60
13 64
15 41
21 53
83 87
83 99
9 41
73 59
34 28
75 93
26 64
50 96
90 42
9 56
48 8
11 9
35 20
70 26
35 35
26 79
24 38
27 96
91 95
41 11
35 9
69 37
13 96
82 9
91 46
54 64
57 94
87 66
60 83
78 62
38 85
28 40
5 69
38 76
11 67
77 80
24 91
23 10
7 33
94 19
13 65
91 13
97 25
52 57
81 9
23 8
3 29
98 59
42 45
30 16
63 62
32 9
68 81
45 90
33 87
24 68
19 13
62 80
18 71
25 67
50 84
58 78
27 94
41 30
79 57
66 1
97 10
21 47
69 78
2 94
12 65
81 93
80 20
78 6
72 89
78 12
51 54
79 58
96 19
7 68
