16 85
35 72
69 77
85 51
26 40
94 54
27 5
90 4
93 47
74 70
88 20
6 11
77 18
18 66
78 7
94 48
95 12
60 37
82 53
38 47
90 44
68 16
56 97
92 53
55 79
7 48
69 44
33 91
56 6
38 8
99 90
47 97
73 30
14 14
7 46
12 28
44 66
81 10
93 83
83 31
11 42
94 8
80 73
30 82
29 64
94 50
50 95
23 92
24 74
14 87
83 29
95 35
81 97
45 19
56 32
24 47
75 3
58 12
44 75
88 64
54 12
12 18
1 73
88 21
78 65
21 82
73 32
94 73
35 20
71 8
36 14
21 33
72 63
81 89
13 80
26 70
64 39
43 24
15 97
63 2
79 26
63 10
30 51
71 40
73 74
71 56
71 64
78 4
95 17
33 31
96 82
44 39
93 13
43 87
3 13
25 76
94 72
46 46
17 70
51 84
