17 47
83 15
63 9
91 90
65 35
39 50
58 54
61 63
48 65
84 67
51 50
47 39
31 72
94 45
12 63
0 97
91 98
21 57
65 8
20 8
67 93
49 54
29 96
48 51
77 34
88 24
34 93
24 8
80 38
27 86
86 12
3 49
12 64
45 27
94 23
71 77
46 47
93 80
8 80
78 84
18 83
41 70
91 53
39 80
51 35
25 75
33 15
9 3
24 47
64 51
95 6
93 1
88 33
81 14
50 57
25 45
77 42
26 40
35 54
82 84
56 12
56 67
63 71
47 32
57 50
48 94
55 78
1 9
38 24
54 54
6 4
75 61
86 12
34 78
56 28
35 3
28 67
53 41
75 66
66 82
74 39
89 64
19 62
30 46
52 45
21 89
22 73
46 51
81 60
87 32
28 39
96 95
54 33
15 38
79 29
0 49
89 90
80 83
46 91
53 19
