82 8
10 33
91 69
80 76
24 1
74 79
6 91
28 41
82 14
71 15
92 56
43 63
95 31
41 18
3 58
70 15
41 20
86 79
8 32
22 37
9 41
24 10
30 52
39 37
73 93
11 37
9 25
36 19
65 18
12 0
93 79
83 93
9 81
31 50
16 19
59 37
59 99
87 91
54 60
97 29
6 91
43 74
36 24
69 17
92 93
18 58
8 91
5 82
81 87
1 6
33 13
52 58
35 87
84 70
36 63
18 72
95 70
43 74
42 54
82 0
81 28
16 62
38 39
68 60
68 58
14 97
84 99
80 89
1 55
56 46
21 59
10 53
86 62
60 87
90 7
32 90
41 24
90 30
34 91
24 54
79 80
10 52
96 46
8 82
61 61
74 45
16 38
25 67
6 98
45 58
48 69
34 19
84 34
43 94
6 71
2 12
92 27
72 95
32 32
11 20
