34 20
47 3
7 70
88 31
94 51
94 58
73 11
33 53
67 94
35 63
64 58
54 58
89 12
67 33
76 86
1 71
88 56
18 22
55 42
78 25
53 63
31 57
62 40
66 51
32 34
38 27
99 91
98 38
15 62
55 92
93 76
15 40
17 88
78 59
60 78
11 16
78 65
82 39
84 94
7 1
24 14
27 53
31 61
8 65
80 41
47 39
4 65
17 8
58 54
14 43
3 80
4 68
96 63
95 27
60 8
43 66
97 23
15 70
7 61
52 65
57 62
71 28
88 59
50 91
53 37
77 32
88 9
88 50
80 15
60 91
39 6
86 36
99 58
39 65
7 38
52 95
57 18
16 52
97 82
45 17
45 46
86 17
17 92
30 63
32 58
53 47
41 5
73 14
35 87
7 18
16 61
0 94
92 17
25 86
23 59
61 39
7 50
36 57
86 53
87 98
