49 23
52 98
71 46
14 61
98 31
28 96
21 74
78 71
11 66
4 27
91 43
26 81
50 79
56 6
37 2
7 2
89 30
44 35
19 36
82 61
61 86
49 86
5 74
51 52
17 91
75 12
12 17
88 92
13 83
32 49
95 66
54 97
79 23
24 54
81 35
46 47
53 78
43 26
9 14
12 7
80 83
79 17
96 73
77 18
72 79
92 32
45 31
85 43
71 43
42 16
34 2
79 48
25 19
83 11
20 0
61 95
98 52
2 68
62 24
72 92
91 67
65 25
95 42
97 13
87 77
17 38
82 44
17 42
11 54
62 46
52 90
4 87
16 82
75 95
91 82
77 78
0 49
5 68
78 10
83 50
65 6
70 65
95 28
68 74
74 87
71 26
75 59
21 99
75 54
96 81
78 4
48 32
83 68
47 49
59 23
49 28
85 66
0 85
31 90
51 46
