95 60
44 45
64 96
21 52
72 7
16 7
59 53
2 97
83 23
19 70
28 6
63 1
71 90
71 3
44 52
10 72
31 71
60 72
30 2
15 18
46 88
34 43
83 64
38 39
90 78
31 35
69 70
80 47
75 21
91 68
99 16
77 29
58 11
60 40
61 35
85 56
87 15
21 71
95 59
12 4
0 23
17 30
52 60
59 7
35 73
49 22
40 88
73 69
70 18
15 69
44 39
26 86
18 80
59 96
71 21
52 57
12 16
40 56
31 43
91 19
23 35
77 1
22 54
32 9
32 69
78 63
88 37
41 12
74 59
56 21
92 52
10 18
33 3
32 94
80 95
83 64
59 44
59 1
2 8
71 94
61 91
91 26
95 91
31 82
89 39
84 22
23 40
39 61
71 35
11 31
33 38
88 40
80 90
95 93
63 71
80 61
11 15
89 94
94 23
54 44
