22 60
83 59
96 49
81 8
36 0
95 15
18 79
79 92
27 39
1 32
37 92
92 95
1 15
8 7
31 17
52 1
51 10
90 51
78 1
59 73
15 94
8 81
73 66
56 79
76 90
45 18
41 60
2 50
53 30
82 45
48 60
75 37
30 83
51 27
92 93
59 95
51 90
98 38
21 74
11 22
16 29
14 90
92 8
3 40
61 62
22 83
84 45
1 49
56 49
11 98
52 51
42 44
34 44
52 95
2 42
95 20
58 18
74 16
38 12
66 46
73 23
91 58
52 45
84 17
51 60
40 66
83 51
23 46
16 85
59 77
89 30
73 56
59 14
96 71
18 86
76 37
92 89
53 41
79 31
28 83
53 79
66 48
8 45
55 77
92 90
44 38
70 82
71 76
19 20
31 30
27 49
94 18
89 20
22 38
26 89
74 53
14 22
92 75
7 33
83 1
