26 69
4 27
76 27
4 48
87 33
60 36
48 91
96 15
90 39
46 18
51 4
18 32
11 36
83 51
92 25
79 20
46 63
0 17
2 50
19 17
23 6
27 79
27 3
37 66
49 87
50 47
70 2
1 81
92 1
89 96
97 55
64 87
76 51
27 24
63 18
98 77
57 86
76 23
3 60
92 76
9 12
41 80
18 0
92 89
33 97
36 78
51 9
77 20
11 30
23 35
29 89
3 20
19 13
72 54
86 60
63 76
36 86
3 20
17 19
44 5
0 3
8 37
67 49
86 92
27 55
64 0
13 5
95 19
90 1
23 67
80 28
57 49
85 76
51 3
72 58
48 87
7 49
76 93
5 79
32 97
91 20
25 18
93 88
32 72
69 67
47 9
80 16
4 0
17 36
2 49
48 49
0 21
51 65
65 6
24 3
97 93
99 91
16 83
67 17
48 18
