94 93
40 11
64 40
9 4
13 98
43 27
49 53
96 60
93 73
77 79
53 55
42 53
40 47
96 72
40 73
89 51
79 29
22 21
74 15
24 39
40 68
75 39
99 69
93 33
60 70
66 89
35 77
39 28
53 93
66 46
65 8
73 5
16 62
79 35
73 55
65 94
54 48
96 43
80 56
6 22
22 91
20 51
37 28
47 46
35 94
79 24
79 27
56 93
26 70
9 44
72 39
92 50
7 9
95 61
30 41
38 25
7 64
85 4
73 75
79 53
34 39
29 27
15 87
42 60
96 40
18 5
65 30
97 56
15 79
8 34
46 24
74 60
13 6
0 77
80 25
46 24
71 41
92 48
47 46
55 11
48 27
89 35
13 79
47 77
85 56
29 48
51 53
50 93
98 35
18 54
49 5
3 39
32 35
97 88
86 34
7 86
91 71
9 96
56 40
13 9
