86 66
38 85
88 28
21 26
14 91
14 45
61 60
83 32
66 29
17 26
19 3
8 86
18 48
53 8
68 51
41 45
91 41
84 50
96 63
70 23
58 50
25 72
50 41
94 15
83 21
54 86
20 64
41 47
20 15
40 96
70 20
85 63
84 16
43 47
41 68
51 70
91 69
68 52
54 5
82 52
56 3
82 17
3 26
94 21
89 12
34 78
72 3
34 20
33 68
78 5
63 8
98 71
71 70
93 14
66 41
8 21
71 16
59 71
44 32
72 32
41 76
3 91
57 94
13 52
47 43
8 54
45 48
76 40
12 86
59 56
55 51
62 3
16 2
7 86
13 48
49 57
3 56
78 25
5 76
44 35
61 50
54 78
61 84
91 65
55 9
63 98
63 59
66 45
42 56
86 64
21 65
5 28
13 32
49 84
10 78
3 10
28 8
85 21
70 41
12 29
