40 64
4 27
69 75
89 21
29 13
63 29
58 34
41 31
72 61
23 68
6 89
80 38
21 74
66 68
56 89
84 16
26 98
66 58
16 98
13 1
56 7
28 83
8 39
93 47
17 1
45 34
51 5
93 90
97 66
40 82
86 15
93 32
19 51
68 69
61 33
63 69
80 12
81 84
25 91
59 84
74 35
29 69
98 84
25 82
26 75
97 59
27 87
85 56
97 46
21 64
34 91
48 89
2 68
84 2
58 43
12 58
75 55
64 58
87 49
10 18
49 46
17 80
23 12
59 27
55 37
51 79
46 89
64 74
8 34
58 43
58 92
48 85
97 98
4 80
86 85
23 32
93 61
32 26
7 34
59 25
21 53
65 54
7 59
72 6
71 2
81 1
2 98
75 77
44 20
39 0
44 38
62 1
59 89
34 67
20 93
45 56
84 56
38 34
29 53
81 55
