83 50
83 87
5 7
27 89
83 2
63 6
16 77
61 28
38 20
6 88
14 71
58 35
75 26
76 8
51 37
26 33
26 0
48 10
73 48
8 3
98 88
44 31
5 26
88 54
50 93
62 52
58 8
53 8
23 87
60 11
43 42
94 81
89 18
51 73
67 48
53 81
33 28
30 54
59 24
26 95
10 58
7 33
9 69
64 31
22 92
49 19
80 69
50 97
52 51
80 6
91 20
65 91
7 60
20 21
3 57
53 15
5 73
56 92
0 7
25 50
21 35
74 75
36 5
8 49
89 37
94 9
71 23
87 88
50 1
74 58
21 10
58 61
31 97
63 9
86 36
43 53
99 64
62 70
91 58
81 8
45 20
10 33
37 3
28 50
75 23
63 27
40 26
38 56
6 60
43 92
26 53
94 41
98 8
2 59
48 2
38 35
33 64
81 72
58 64
72 33
