52 6
86 10
72 84
20 66
88 39
38 64
29 7
3 71
16 82
42 33
21 95
79 2
82 71
5 59
51 38
74 62
90 51
0 12
11 37
22 57
71 59
77 29
95 19
51 76
94 22
42 0
43 62
68 0
44 22
2 93
61 47
18 84
75 86
39 64
75 0
11 91
84 53
16 82
69 9
5 24
33 8
97 74
19 40
57 68
45 8
91 68
19 58
97 63
43 9
90 33
4 19
63 91
40 4
0 74
72 97
22 55
78 68
0 22
93 62
76 15
87 48
0 15
68 32
34 40
49 30
15 36
62 72
62 75
79 30
87 22
18 59
74 87
30 61
60 49
58 97
78 68
54 47
80 74
36 15
44 0
76 49
50 9
30 21
17 34
95 0
68 78
51 27
44 24
18 60
10 95
59 60
48 0
70 59
51 50
30 31
3 37
7 4
31 10
57 92
91 45
