19 68
49 92
81 30
15 40
15 56
48 52
1 94
31 26
63 32
62 96
73 70
67 6
18 65
33 56
89 2
34 29
74 9
72 55
13 2
6 28
85 41
19 6
65 52
33 83
55 15
55 20
55 20
29 41
26 61
67 34
83 95
70 34
61 45
43 21
53 36
55 73
5 11
41 1
12 84
82 1
60 64
13 84
21 13
41 65
4 81
51 0
57 56
72 16
33 72
73 56
70 65
15 39
16 85
55 52
82 96
30 84
66 24
56 29
98 1
6 34
91 89
2 68
60 18
15 26
74 10
33 15
59 95
0 51
70 79
96 13
12 2
55 24
1 70
0 93
26 98
83 38
84 14
20 32
48 2
39 86
23 82
49 14
60 9
67 52
21 8
73 13
53 7
59 83
15 32
41 36
20 21
15 79
1 75
40 28
97 34
40 1
33 51
96 2
53 5
20 70
