70 27
46 54
77 41
60 98
14 30
43 35
91 73
25 56
35 93
55 87
72 3
29 57
80 45
14 15
54 35
60 48
20 51
32 0
15 72
70 10
19 74
65 16
97 91
46 32
29 91
45 93
51 3
43 40
61 88
80 40
22 45
62 25
7 72
11 32
65 74
4 82
48 45
37 35
10 76
43 49
35 55
57 37
55 91
49 29
0 4
92 93
60 69
64 68
7 87
58 82
22 6
27 5
88 76
0 65
85 35
79 83
46 98
30 74
77 32
14 82
17 45
55 62
51 72
37 20
57 88
94 55
25 90
43 11
22 64
0 24
52 19
93 32
7 60
62 93
50 24
35 40
7 32
94 69
76 32
34 31
53 4
13 4
16 65
80 43
17 46
37 54
10 27
94 46
67 7
43 8
47 64
58 31
25 34
19 90
15 5
32 53
7 92
54 51
40 7
9 82
