79 74
87 51
11 98
21 42
37 77
89 83
60 81
97 23
52 74
98 74
30 68
63 3
80 14
56 91
99 18
52 50
68 60
24 40
52 61
5 58
27 94
87 52
98 89
53 62
9 14
15 30
37 11
52 98
62 52
20 80
84 8
99 30
1 97
16 14
20 52
86 20
97 61
56 81
73 81
11 72
27 15
91 87
81 16
87 60
61 16
56 44
70 16
23 3
81 20
64 85
29 10
37 5
94 79
56 87
74 72
15 0
58 8
89 49
90 28
15 8
90 41
96 16
96 12
95 55
58 85
58 71
34 28
78 98
60 46
87 16
50 7
14 60
98 64
80 29
61 66
98 42
38 98
36 59
63 7
3 17
32 5
46 23
13 37
12 16
97 15
78 38
52 9
90 49
21 97
43 84
82 13
49 67
16 9
78 38
88 25
10 98
91 55
72 73
47 89
77 96
