11 3
71 15
58 8
63 16
30 89
91 31
15 5
15 61
97 55
36 26
13 17
84 31
49 71
85 66
97 58
49 90
75 15
43 99
29 66
37 64
55 70
40 19
79 41
90 25
20 25
86 40
4 44
71 95
43 17
58 73
42 75
46 70
52 13
29 67
18 75
37 8
32 37
86 60
67 58
12 84
41 58
94 3
19 85
81 83
76 66
8 92
98 51
49 48
55 41
67 42
31 63
82 71
66 26
12 37
3 58
42 32
18 15
40 42
40 92
65 63
79 94
97 70
19 70
49 17
25 37
93 86
29 43
42 13
71 32
36 63
66 2
82 83
61 52
67 60
52 99
20 5
92 32
93 40
66 54
45 91
84 12
61 34
38 16
82 32
52 80
23 0
22 98
6 44
94 2
30 64
42 54
10 61
17 41
82 3
78 39
58 42
67 11
26 99
30 99
53 71
