24 1
66 9
24 47
52 1
64 34
91 85
19 56
68 35
98 15
25 77
54 41
18 70
46 14
6 11
47 6
10 18
22 43
65 47
4 71
65 88
18 9
19 46
83 10
77 24
96 91
26 58
98 24
79 11
46 70
91 85
34 75
12 4
64 52
94 30
90 48
5 18
45 46
4 35
59 38
13 5
12 0
55 34
98 43
89 98
78 47
29 59
98 62
68 31
69 97
9 89
72 3
18 47
84 69
33 38
22 3
57 87
3 44
8 45
85 94
55 5
2 34
6 8
93 38
6 36
46 8
84 91
55 19
17 66
56 6
19 16
5 64
46 96
24 8
36 63
5 79
6 31
15 1
94 16
35 63
0 34
46 1
49 65
31 8
16 75
31 9
43 37
15 59
62 89
11 4
87 29
76 47
20 79
94 10
15 84
49 36
46 44
23 65
22 89
13 73
42 70
