30 63
62 38
69 30
75 60
16 6
67 3
71 82
43 41
43 83
36 47
96 33
48 94
7 77
92 12
96 56
0 94
14 74
91 55
93 85
19 15
88 74
88 95
75 0
82 53
73 10
27 0
25 55
7 19
91 85
14 30
65 5
10 91
73 2
23 25
52 81
54 36
55 12
91 19
69 8
81 92
6 96
8 62
5 63
10 12
85 39
25 8
47 8
84 23
85 92
85 36
97 41
45 94
70 81
47 84
24 95
94 57
2 82
54 5
63 90
57 65
11 24
52 1
52 48
52 36
83 9
92 14
8 54
74 27
96 49
35 42
52 80
96 15
41 24
54 52
82 11
82 58
40 57
65 13
10 84
74 42
90 25
43 53
90 24
21 55
25 8
42 30
55 13
69 19
45 51
69 2
14 97
59 1
69 3
54 90
5 30
97 45
6 38
17 65
6 73
41 59
