42 65
72 7
4 85
75 10
59 90
4 10
74 9
37 66
4 58
9 8
51 59
84 43
84 70
20 83
65 16
27 14
63 98
37 82
99 52
14 10
53 37
89 82
99 79
16 73
91 82
60 45
16 17
25 82
53 88
82 91
18 16
16 36
7 28
45 82
58 25
19 51
34 57
25 49
94 12
14 93
78 5
85 70
38 2
96 99
11 45
17 35
91 97
55 98
49 51
81 41
83 91
70 49
32 29
13 27
23 58
93 82
17 91
8 63
59 3
86 39
29 44
68 82
95 27
6 40
83 19
28 89
94 27
92 74
86 8
41 56
97 65
16 82
23 36
99 72
4 57
31 36
82 92
94 86
82 28
10 18
83 64
13 10
12 42
26 20
45 85
72 75
45 1
20 69
85 56
92 1
22 21
86 19
53 52
98 21
27 18
6 82
28 12
5 9
0 16
52 82
