66 91
39 95
8 78
28 40
1 41
23 61
71 57
27 45
41 35
51 92
79 53
19 2
9 56
28 68
1 64
53 76
68 52
85 3
42 13
85 87
65 77
63 66
2 24
95 25
86 28
28 78
56 61
46 99
86 7
22 55
3 5
6 87
5 2
83 18
71 72
65 10
56 41
2 40
77 16
47 11
35 83
61 86
44 89
87 95
1 12
23 89
60 24
18 37
45 80
9 37
9 87
81 94
66 45
74 69
36 86
82 1
65 8
82 64
22 65
85 39
10 57
80 7
35 61
87 50
94 1
83 77
61 44
25 41
51 87
16 85
68 98
36 45
94 95
14 53
80 27
18 36
97 16
83 91
93 16
85 40
53 85
5 93
47 12
75 41
16 99
3 21
57 92
75 56
68 83
57 85
1 14
87 66
22 50
64 70
2 23
37 48
63 68
76 83
16 83
42 55
