9 36
54 14
25 57
19 57
19 55
77 43
74 61
18 33
46 56
76 14
34 75
22 74
46 78
19 45
31 72
37 68
24 66
70 34
87 36
97 98
58 78
96 33
87 56
51 14
73 53
9 61
96 57
20 4
0 27
87 70
12 22
12 56
96 5
15 32
91 61
43 60
16 75
71 77
4 31
25 4
45 51
44 14
26 19
67 44
7 21
24 43
2 5
61 19
72 61
26 61
74 26
61 80
73 25
28 52
78 18
35 28
18 84
14 42
52 24
31 61
84 63
28 88
90 94
18 0
5 51
31 70
82 24
49 25
31 74
24 25
61 58
96 99
54 14
1 13
58 45
49 3
14 33
21 95
52 18
54 90
96 49
77 50
24 88
72 52
25 61
45 76
0 77
33 42
18 34
80 22
71 68
17 33
14 96
49 23
0 88
71 88
99 4
18 23
70 76
22 21
