15 62
85 52
17 79
7 8
48 20
17 81
95 13
54 3
80 94
16 4
98 56
4 23
0 23
71 70
60 71
86 92
61 60
12 5
49 5
85 95
84 16
65 20
73 82
98 92
83 43
30 2
16 60
37 94
82 89
5 60
9 48
77 94
52 0
43 9
29 27
71 40
83 82
35 91
8 48
25 70
71 88
3 94
50 58
74 44
42 41
35 62
44 74
6 43
20 3
83 84
12 70
91 98
54 7
88 82
71 77
4 94
82 89
32 29
94 59
61 57
10 91
2 70
24 85
46 3
71 5
83 15
11 82
16 77
2 42
73 70
32 15
97 34
58 7
22 66
67 43
13 74
54 94
27 83
40 25
60 62
54 16
25 50
93 89
42 88
2 35
57 3
36 67
24 6
95 40
73 23
66 60
46 9
4 83
36 66
69 25
4 24
3 84
83 6
22 84
78 44
