96 0
56 88
92 88
9 33
89 68
41 92
61 74
87 68
48 90
77 69
38 68
9 77
35 13
5 56
63 61
88 66
92 20
49 86
63 41
33 90
83 18
54 16
36 68
2 80
98 86
53 66
64 30
19 43
74 23
94 57
21 4
13 82
96 67
76 77
37 61
23 41
47 15
28 49
90 44
25 93
16 41
96 13
78 19
89 7
11 64
63 64
33 77
49 84
20 88
26 98
32 49
52 33
88 63
86 96
83 67
19 47
9 25
23 89
88 53
0 84
63 97
37 67
68 39
38 10
10 70
5 43
20 55
5 19
91 64
22 61
0 13
7 90
58 43
34 78
60 9
25 77
59 35
29 85
89 45
78 88
48 7
29 82
61 54
63 85
42 39
54 25
61 23
29 66
82 17
60 7
87 76
33 88
88 86
78 31
60 89
30 90
36 74
76 4
44 77
12 49
