87 19
93 82
2 12
3 29
15 43
27 8
37 76
97 62
51 8
7 92
27 66
8 82
87 83
5 59
13 23
74 61
88 10
29 31
26 60
22 34
74 61
94 75
97 82
51 76
79 83
29 94
47 68
84 95
44 94
21 10
60 43
12 83
41 1
82 8
16 69
3 81
51 66
8 22
59 18
82 63
93 1
31 29
0 80
38 20
13 94
74 5
87 51
22 38
46 23
96 2
60 32
29 16
87 82
74 6
16 25
74 73
90 83
52 54
1 41
31 1
96 34
23 71
31 59
18 70
77 23
5 6
82 67
10 80
1 41
92 77
30 21
42 32
69 29
77 99
76 34
15 68
54 78
70 89
66 31
38 83
29 48
26 17
97 43
99 37
26 45
92 80
71 34
66 60
69 27
70 29
17 0
79 82
25 29
90 24
73 28
84 89
53 34
71 46
94 69
26 59
