96 21
24 35
57 89
89 4
56 14
72 81
70 29
96 81
68 56
83 43
81 82
89 73
83 92
24 49
22 72
83 19
87 48
67 77
35 67
87 33
58 73
47 85
50 2
21 55
23 0
41 46
95 51
68 72
56 83
2 45
26 53
19 68
75 81
14 85
42 4
28 78
74 6
91 58
97 76
95 49
35 39
51 71
26 5
58 68
97 53
21 49
80 57
63 25
30 0
92 0
23 1
69 4
19 40
4 23
15 96
29 26
71 45
21 79
79 37
6 44
95 83
43 36
77 48
28 8
80 0
0 30
19 5
37 56
87 19
72 13
32 19
7 37
36 59
32 36
28 43
80 27
77 97
7 57
52 55
6 4
39 64
14 40
23 19
21 34
40 16
36 15
57 75
62 28
4 77
99 23
50 95
40 50
18 98
66 37
77 25
47 97
30 49
66 18
55 51
43 51
