30 51
65 41
10 44
1 18
55 70
28 24
53 65
94 17
15 17
95 76
74 15
24 80
34 7
3 22
38 22
86 79
74 18
84 94
95 61
0 46
2 74
91 19
3 96
84 94
67 75
45 63
81 93
21 76
55 32
74 36
23 35
27 83
96 68
63 68
35 66
1 0
24 38
63 32
23 94
46 80
35 27
71 24
17 20
31 17
87 76
4 34
75 68
94 54
67 10
42 11
52 32
98 1
7 80
80 11
10 14
61 90
6 61
68 10
56 9
9 61
25 34
74 34
0 32
24 51
94 73
96 71
75 18
12 75
17 51
53 49
78 3
25 54
13 46
76 86
31 16
15 84
57 0
55 87
55 69
3 91
24 48
50 91
44 69
52 98
39 78
81 32
61 54
51 29
2 97
2 29
13 55
0 24
35 27
11 52
28 42
77 44
6 58
12 76
9 32
31 97
