2 78
41 85
23 91
10 58
16 78
99 23
80 48
46 10
6 28
29 74
38 50
4 8
61 8
76 41
90 3
47 84
58 61
16 11
4 18
14 92
74 33
14 15
61 41
49 85
71 9
34 20
65 87
49 16
7 38
19 7
93 49
23 10
34 20
41 38
84 29
39 2
90 19
2 89
21 71
25 37
42 79
1 35
14 46
71 33
60 4
82 9
38 34
48 53
16 5
93 88
14 25
32 17
3 67
96 74
2 21
38 61
6 99
6 35
81 86
32 7
9 29
9 11
84 91
3 48
28 88
60 98
23 39
53 25
76 88
9 49
53 1
90 78
64 90
0 79
19 73
16 23
4 8
59 68
68 42
8 85
91 20
39 17
6 85
69 88
69 92
13 11
87 23
47 52
26 84
16 33
86 35
16 68
85 77
48 13
80 13
29 42
10 71
61 38
90 52
10 30
