70 22
75 48
65 50
56 18
3 81
20 70
22 2
22 18
31 97
58 65
79 84
7 22
6 60
25 55
65 57
70 83
24 81
16 92
10 28
65 84
57 96
96 83
27 54
19 66
8 41
31 21
47 58
99 12
49 81
15 12
71 41
51 67
73 55
31 57
65 40
95 20
34 98
38 47
85 55
12 1
40 57
45 7
95 44
50 28
16 96
52 62
26 20
24 84
31 63
86 30
23 66
44 31
48 74
31 74
62 32
35 60
4 55
4 55
37 52
6 28
2 25
55 16
29 57
81 5
41 21
58 26
99 79
75 73
99 51
71 31
21 95
99 65
22 84
85 83
65 12
7 84
12 58
90 50
4 11
11 15
26 24
55 70
59 93
17 7
14 49
10 55
49 85
11 40
20 42
21 53
81 55
74 26
12 26
8 35
73 20
53 20
11 34
55 46
25 79
50 83
