4 76
34 85
41 58
91 35
60 94
59 46
31 18
14 42
64 60
58 85
40 69
84 34
75 94
64 68
63 24
98 2
88 56
63 28
91 3
50 45
69 60
87 11
70 57
33 95
99 32
51 69
64 93
93 42
6 42
33 14
58 69
16 86
27 43
68 14
57 9
18 37
59 0
2 75
36 97
42 53
56 11
6 69
29 30
53 78
55 96
48 16
47 60
69 52
75 22
93 16
6 1
9 98
34 40
16 9
8 38
97 11
55 35
38 46
33 56
97 48
29 1
77 8
51 95
28 61
23 59
63 35
41 33
79 9
93 64
42 51
28 74
64 60
58 40
21 12
38 16
78 94
16 12
33 95
53 81
79 58
34 41
11 90
72 71
4 32
9 63
75 44
42 23
98 71
79 71
27 23
46 28
36 85
44 41
6 96
73 10
19 40
8 42
38 83
36 94
53 93
