31 80
14 89
66 25
65 6
82 47
55 50
3 59
90 1
10 82
41 87
87 16
98 27
65 67
67 69
4 86
94 80
3 75
4 37
27 87
1 20
88 25
3 77
59 66
66 55
42 44
85 98
48 33
70 16
33 83
0 47
53 98
79 54
4 29
19 98
14 71
24 8
29 73
34 33
15 24
38 47
29 31
93 65
8 30
4 72
70 14
1 96
26 44
96 52
17 12
0 87
90 77
34 35
1 96
10 13
8 44
36 76
99 61
4 40
80 87
40 99
22 48
21 64
70 50
4 9
64 52
21 9
38 34
0 99
67 79
28 81
50 15
63 90
81 19
55 41
96 48
28 73
61 10
87 95
0 86
91 99
90 71
66 79
67 99
98 28
99 33
41 27
26 53
71 59
23 25
91 86
70 86
64 44
95 90
23 79
86 73
75 31
85 72
82 44
23 54
45 51
