20 9
69 3
8 84
31 20
3 41
85 51
84 48
67 20
67 46
73 63
80 74
70 63
70 73
24 8
45 26
71 60
22 48
60 42
61 81
93 88
61 71
39 23
51 45
19 55
10 33
45 10
24 92
23 39
93 69
35 85
80 54
11 40
29 55
3 78
57 93
54 9
8 9
93 29
89 26
23 45
54 24
6 93
82 29
97 11
76 9
8 77
14 85
61 42
66 35
65 47
63 76
93 55
14 20
24 6
94 61
56 29
26 48
42 21
72 4
84 65
63 67
14 41
14 60
67 55
63 13
97 55
33 95
7 55
55 0
39 45
5 19
47 84
70 39
49 63
20 72
38 42
69 74
22 96
10 29
4 13
3 22
45 38
5 2
61 26
7 30
45 21
11 47
4 40
57 3
23 54
69 25
49 24
10 92
4 19
6 93
53 78
38 86
48 42
30 84
25 14
