69 41
68 94
82 26
93 48
32 75
43 65
85 64
51 9
78 73
80 68
6 1
28 87
15 94
81 86
84 0
35 98
48 78
40 78
19 9
2 22
77 87
27 15
29 0
75 41
94 11
8 68
13 36
65 26
68 71
8 18
58 71
51 11
22 26
32 57
7 22
94 66
79 43
9 89
43 85
58 41
43 55
89 91
3 94
41 14
22 51
79 13
42 90
53 89
55 27
38 36
3 26
69 65
3 51
19 95
17 4
76 73
57 77
70 87
31 56
70 62
43 48
13 55
51 41
55 24
80 15
54 98
93 63
95 97
63 4
62 6
7 63
98 99
71 56
77 34
86 56
55 22
38 58
67 28
41 38
29 73
26 95
18 97
17 41
43 85
66 38
50 66
35 75
98 73
26 65
0 66
74 11
90 88
49 85
27 57
3 41
93 69
13 84
86 51
92 29
80 58
