86 56
43 46
16 0
98 0
29 1
80 63
89 80
17 88
74 45
33 93
86 15
96 72
53 41
76 16
62 52
50 26
95 16
96 77
72 68
80 51
68 15
54 6
1 46
45 36
50 18
92 14
29 57
58 13
12 0
30 37
21 46
43 63
84 62
51 81
72 68
84 45
73 45
89 0
12 25
24 57
88 75
86 83
13 92
4 6
8 52
29 72
60 33
34 9
89 68
33 81
85 32
62 85
55 20
63 87
39 37
50 86
46 89
36 83
4 89
0 13
38 41
62 53
65 34
18 87
77 84
26 3
80 85
21 89
13 43
75 72
62 23
0 68
29 92
54 38
45 3
30 88
58 52
15 62
34 62
70 98
58 97
88 20
95 21
51 9
74 6
25 53
27 93
61 46
35 6
12 50
81 1
63 45
11 42
21 51
32 21
98 57
35 58
26 84
71 40
16 58
