14 33
70 52
15 82
81 28
5 70
34 73
76 61
43 63
76 72
87 30
61 33
44 70
32 99
85 87
24 82
49 84
1 41
85 58
50 59
63 17
66 65
88 94
14 64
76 2
59 78
67 52
97 86
4 59
46 79
50 43
1 4
12 5
27 77
34 82
79 7
71 1
44 48
74 82
5 4
33 40
81 47
47 98
50 18
73 64
61 28
81 59
14 70
99 73
33 50
14 43
26 90
48 63
66 56
56 9
87 13
88 2
59 4
75 97
92 87
94 95
10 45
48 60
4 21
3 89
66 70
81 27
33 78
42 58
33 41
77 89
71 26
58 28
50 63
61 98
34 1
90 34
85 0
97 31
89 58
58 83
16 28
49 5
95 31
51 72
48 73
60 48
67 33
90 55
70 93
74 92
67 48
63 48
56 16
70 74
53 23
21 12
80 82
9 12
37 21
20 82
