34 63
78 19
14 9
99 5
88 55
37 71
73 70
61 11
72 54
93 51
21 12
83 11
37 79
48 52
53 81
11 20
4 19
79 83
34 66
13 61
26 75
13 77
6 4
25 79
75 67
6 34
87 0
80 22
52 88
5 44
65 99
21 35
35 78
54 72
20 8
65 78
67 18
25 20
78 88
48 42
10 5
51 39
51 47
55 88
60 87
85 58
57 47
35 89
98 58
49 41
25 42
64 12
17 95
52 11
27 64
44 17
35 70
54 26
99 0
85 17
22 85
61 75
29 67
12 85
59 14
25 60
88 7
28 97
87 54
62 19
60 67
79 63
63 70
80 88
20 25
45 46
1 70
55 10
5 67
78 98
97 34
20 66
46 14
7 2
78 95
87 40
72 57
39 9
20 13
85 34
14 55
72 57
34 36
97 19
75 17
99 95
93 52
57 77
3 35
70 73
