6 51
4 59
64 88
0 99
19 93
94 78
91 29
49 35
60 62
89 5
13 62
11 72
0 56
77 91
63 42
3 58
0 68
90 14
68 88
96 25
46 92
27 73
85 10
52 18
90 0
70 32
96 94
19 61
4 66
0 14
40 76
75 28
63 31
86 26
96 61
60 61
68 5
94 48
57 76
35 91
55 68
21 68
68 5
61 75
57 61
33 44
18 22
36 81
5 33
61 35
31 65
72 35
25 19
76 21
26 3
14 90
31 44
52 63
32 2
7 60
32 22
82 58
4 7
5 70
31 60
36 11
36 83
59 91
83 20
67 4
71 55
73 88
59 33
91 36
33 71
51 49
67 2
40 52
23 48
11 34
0 42
5 68
38 3
33 59
4 24
37 76
88 27
91 94
11 29
40 22
40 68
14 55
10 37
0 75
96 53
99 70
78 31
52 96
33 30
0 53
