49 39
21 22
73 94
77 0
5 83
58 54
41 26
30 85
20 38
73 43
75 4
36 51
69 0
21 51
74 6
71 12
26 89
39 36
73 98
71 83
74 26
49 20
30 5
89 53
56 18
1 20
83 77
49 83
26 43
19 52
39 86
81 25
51 15
78 83
8 83
46 71
89 15
42 4
58 75
34 90
5 77
38 63
2 61
99 88
50 51
16 59
88 73
53 92
0 79
78 88
46 26
18 54
30 12
36 4
69 80
48 68
51 32
10 68
14 35
41 34
10 31
88 50
51 68
60 80
61 77
57 50
90 5
88 3
80 21
95 76
6 8
86 13
62 41
32 4
30 32
71 33
85 32
42 59
62 58
83 41
77 39
51 49
49 77
89 43
33 55
70 62
76 31
35 85
89 75
48 87
2 9
69 7
4 59
74 90
59 63
30 25
52 51
61 32
49 80
1 44
