94 17
41 95
98 69
36 26
18 16
67 98
24 41
31 65
52 4
52 83
47 27
71 58
84 86
46 83
93 5
9 34
17 83
70 81
20 60
72 35
60 82
58 84
6 28
17 34
29 44
18 24
39 9
38 6
16 96
68 41
86 17
1 43
16 70
84 73
33 42
68 59
62 20
30 16
89 51
18 36
2 82
72 34
94 92
58 89
46 41
98 93
7 89
46 82
0 58
93 94
69 38
30 12
74 7
41 88
88 20
97 18
9 40
95 66
97 98
27 70
81 88
77 4
7 70
7 82
77 52
96 37
94 78
7 45
70 18
95 6
5 29
80 37
27 55
6 97
26 78
51 13
58 5
7 84
41 60
95 78
36 20
49 90
16 83
37 39
18 97
16 83
97 81
12 60
58 82
25 76
52 98
43 58
20 35
16 77
97 80
98 53
69 23
31 27
52 69
96 35
