81 24
37 89
48 84
79 14
63 47
72 78
89 82
20 25
16 12
21 94
21 27
92 35
92 43
81 82
24 6
6 7
79 3
94 22
1 51
11 93
36 85
82 18
44 34
9 99
93 69
97 86
2 30
51 9
93 35
57 92
47 46
37 2
94 3
51 9
25 88
12 81
35 88
54 89
16 63
28 45
31 78
88 41
13 26
81 0
57 3
91 64
34 13
51 71
7 65
41 65
39 82
25 83
89 49
59 31
35 20
15 23
46 16
62 88
0 72
83 79
4 72
41 57
1 80
5 79
30 17
12 99
4 81
32 33
85 45
34 83
42 28
54 12
61 16
92 76
13 1
88 15
47 42
23 69
54 24
2 5
38 8
15 76
16 87
70 22
39 26
25 83
9 77
2 41
9 16
48 25
16 93
70 63
85 4
63 83
76 31
63 99
81 44
79 62
5 34
9 88
