40 64
15 68
74 29
13 74
14 40
86 45
88 4
96 58
53 39
18 58
43 98
85 33
78 73
98 60
22 41
29 87
13 43
34 35
73 78
12 41
37 85
78 35
75 37
43 7
28 17
96 47
71 72
30 69
32 67
95 93
18 66
30 62
33 29
30 29
85 36
77 72
90 7
19 7
1 13
6 86
48 97
26 70
86 99
30 46
93 21
20 27
96 49
85 9
32 64
63 97
87 41
41 4
37 92
18 47
17 53
43 21
12 97
33 52
16 34
93 44
41 72
6 48
82 6
35 37
46 74
37 26
30 1
44 93
48 64
73 33
9 3
9 36
42 59
70 4
30 53
88 34
60 12
53 86
45 95
39 78
74 35
17 42
67 59
75 26
33 50
52 39
83 88
82 54
51 47
32 6
6 32
75 35
98 30
21 52
35 19
29 23
24 97
58 93
23 4
34 47
