70 68
34 72
91 15
48 82
20 59
79 43
39 76
91 34
70 3
61 13
45 41
76 27
53 27
53 46
17 12
68 25
90 97
38 71
74 78
70 39
30 47
64 19
86 27
39 95
72 34
39 42
38 85
72 74
27 53
74 4
91 3
97 60
88 14
0 43
98 62
66 95
78 89
95 91
89 7
53 60
35 63
1 89
96 76
45 14
76 19
65 69
43 97
65 85
60 6
40 12
91 85
14 91
88 38
4 52
65 56
98 39
34 86
63 46
35 95
91 63
93 5
71 76
0 99
53 48
10 68
80 9
95 92
98 40
67 64
92 37
76 45
5 82
33 34
90 70
97 71
42 12
38 74
30 11
5 51
50 35
5 95
21 20
6 50
32 67
39 31
40 13
72 46
74 12
69 93
82 85
34 85
15 56
69 58
12 96
74 33
8 12
95 92
19 1
16 5
91 0
