72 87
89 75
0 88
33 62
52 89
13 52
95 80
73 57
89 75
45 57
8 72
70 58
11 82
63 83
64 31
93 34
80 19
71 32
68 85
8 53
24 33
27 90
12 25
36 69
45 68
99 14
6 71
68 53
99 50
53 69
22 7
49 7
68 74
96 69
93 87
21 64
89 34
90 16
16 54
13 33
41 24
90 41
0 99
57 19
75 72
18 34
79 39
68 90
48 95
16 25
92 24
43 44
98 92
56 35
49 5
39 8
97 81
62 60
91 36
70 97
56 90
50 65
73 34
58 59
36 42
97 39
74 48
24 6
51 53
60 49
51 39
91 96
26 9
44 78
85 14
23 0
71 74
45 76
36 72
68 94
3 31
16 70
9 91
59 95
77 26
13 98
49 75
94 92
5 34
33 71
5 50
68 13
65 76
78 69
59 74
8 78
84 12
34 8
54 9
19 16
