27 87
2 97
51 11
10 77
87 48
85 87
72 94
54 58
84 22
50 85
69 48
55 13
60 52
60 3
54 56
69 74
13 3
86 31
34 24
63 18
24 67
10 44
40 88
24 42
22 86
5 98
67 54
65 40
52 44
34 46
48 96
2 79
79 71
28 31
42 45
70 56
62 71
57 80
25 67
68 58
64 30
27 35
79 64
12 92
31 55
39 74
12 64
64 35
85 46
61 81
46 89
77 65
46 86
77 74
20 70
13 94
54 34
61 93
78 13
63 84
67 93
78 84
8 70
70 51
19 16
93 85
63 84
71 8
80 54
56 74
66 11
56 93
55 94
77 9
68 87
87 24
57 85
85 17
1 58
75 36
44 66
1 18
5 31
52 37
60 77
64 34
65 37
86 80
13 74
46 66
71 98
81 87
54 86
73 49
96 7
26 93
94 34
27 5
40 24
3 85
