82 48
48 38
93 50
60 58
93 15
10 37
22 68
89 73
93 96
42 69
73 46
25 82
91 21
25 59
27 63
57 11
8 14
96 52
44 37
45 89
63 84
83 77
38 36
78 89
63 17
17 69
64 4
27 73
77 39
31 1
14 76
19 48
24 90
41 28
38 8
63 23
76 43
46 82
4 57
53 0
96 38
12 87
31 30
17 60
91 76
92 87
74 13
44 37
92 22
89 43
19 50
31 11
69 8
79 11
69 89
57 68
18 36
76 41
79 90
0 79
46 87
23 45
7 11
69 4
37 17
17 13
38 52
4 59
64 22
56 61
44 38
8 68
96 28
40 81
4 76
93 52
85 39
67 37
97 51
39 42
82 22
1 10
23 93
12 82
32 93
64 89
48 25
53 23
25 99
3 77
1 10
66 40
66 63
44 32
52 36
53 98
64 69
96 24
74 67
33 44
