97 2
93 25
26 80
21 63
85 49
43 11
29 91
94 95
64 27
97 60
66 71
61 9
63 41
69 96
38 25
53 17
85 12
48 75
9 84
85 10
75 64
38 56
43 39
65 67
38 4
94 47
58 4
19 3
11 94
4 86
70 50
14 68
66 35
20 15
49 31
58 38
65 96
97 62
79 27
17 7
86 20
63 52
0 90
3 59
1 35
53 6
70 37
27 59
13 65
12 17
58 74
67 27
99 74
41 85
4 59
68 62
90 82
66 83
30 80
40 44
6 65
64 5
69 11
82 38
31 94
55 5
43 0
11 99
53 23
70 31
97 22
13 29
17 55
15 35
55 10
12 2
79 74
90 61
24 95
33 18
22 83
64 79
87 35
66 39
53 31
6 58
20 79
66 37
87 66
11 86
37 49
3 49
62 19
59 38
5 25
83 34
40 79
56 79
85 0
27 38
