39 70
94 61
44 93
98 4
27 86
44 66
17 44
93 94
17 91
44 78
5 31
63 66
10 42
20 50
53 93
20 85
53 27
0 12
67 28
6 49
50 93
66 1
93 35
57 42
28 2
95 42
72 33
95 12
19 62
88 24
18 61
34 86
23 93
64 17
28 5
83 42
91 3
47 1
9 67
26 98
10 0
50 97
18 76
96 17
4 47
44 47
69 72
85 33
33 24
61 23
31 20
46 76
91 64
78 54
78 64
44 84
2 6
87 43
46 73
28 49
90 95
46 26
50 35
42 60
7 20
76 90
88 60
2 98
35 0
69 85
85 80
47 16
95 8
77 62
43 93
40 47
27 45
67 20
36 46
96 46
42 91
77 40
70 71
7 43
16 53
1 94
3 23
19 18
90 40
26 90
73 83
54 1
10 24
63 17
40 78
73 16
94 82
43 45
20 96
50 46
