15 26
54 24
54 61
4 77
65 37
82 83
36 52
4 15
40 39
24 16
93 89
57 59
29 80
58 61
73 64
80 99
63 5
34 72
17 35
38 93
11 25
36 70
59 77
14 34
61 88
3 93
25 33
99 36
79 65
14 81
45 72
6 73
37 51
68 91
86 15
77 32
18 77
22 59
22 59
33 34
68 71
55 73
33 25
71 32
93 70
99 6
36 35
82 62
40 10
33 69
83 89
55 71
54 2
71 81
26 99
82 13
51 16
16 55
9 73
44 89
12 15
65 39
6 83
65 52
86 9
21 22
54 77
82 86
13 94
78 48
38 7
14 81
55 82
28 49
47 86
39 23
55 13
69 97
85 89
38 72
48 32
39 32
25 58
96 81
67 51
48 94
93 95
80 6
39 55
6 9
25 90
92 89
74 55
48 0
71 72
96 54
36 83
33 57
38 48
95 32
