64 66
0 65
95 46
7 83
79 81
65 29
44 65
3 23
29 38
67 21
11 20
50 20
64 77
51 42
64 93
6 27
17 92
74 42
67 12
3 63
97 25
36 19
12 74
47 62
89 37
31 60
65 85
40 3
49 17
69 73
20 89
72 85
16 9
6 62
7 29
72 4
4 85
27 69
89 27
79 85
67 63
12 81
19 83
92 65
21 28
5 22
12 6
85 55
6 16
98 51
67 70
57 59
47 5
40 69
81 62
10 81
16 65
48 93
63 96
52 48
11 22
63 54
29 18
52 41
7 15
54 39
40 4
60 89
40 16
96 50
63 75
35 31
21 25
97 15
79 31
54 63
44 31
54 48
88 74
6 93
75 29
1 96
66 67
89 82
65 50
13 72
93 88
4 41
69 95
49 75
67 6
90 93
12 40
3 9
79 48
30 74
1 88
28 82
73 31
40 45
