69 96
3 34
98 70
2 68
2 74
40 1
65 60
60 86
25 19
33 7
8 37
8 77
14 82
28 90
55 69
34 86
63 83
74 9
19 39
63 97
3 4
74 50
13 16
98 90
89 60
90 42
1 76
42 4
92 30
54 46
10 24
72 25
70 37
28 64
20 7
52 20
24 5
39 63
45 86
97 57
39 23
25 6
39 57
94 54
25 38
87 24
38 76
51 69
90 53
34 14
53 85
92 0
80 93
36 99
5 49
1 78
96 37
17 31
28 38
79 37
97 55
33 57
80 87
62 52
56 50
80 49
60 92
88 45
70 9
56 49
51 5
96 45
64 91
4 95
97 19
64 70
14 86
58 69
3 25
66 69
24 55
34 80
1 87
53 44
51 74
25 73
72 63
74 50
4 44
97 8
11 91
20 23
60 90
44 29
99 92
77 63
94 64
93 29
28 90
69 58
