23 53
90 52
5 35
67 63
95 20
38 27
45 99
59 17
54 0
65 6
74 92
25 7
91 44
27 97
0 51
7 45
62 85
24 12
59 34
58 62
58 89
91 0
61 1
92 64
84 70
98 3
91 95
71 25
35 5
41 85
34 14
62 0
91 44
92 2
14 95
78 2
51 61
91 11
97 4
61 51
70 61
29 84
98 80
5 23
53 66
35 68
57 96
15 7
62 15
97 73
4 11
23 3
60 25
62 51
69 99
87 45
17 65
55 40
15 1
84 10
71 82
11 37
57 14
64 65
26 58
71 5
37 66
98 52
80 7
53 91
25 45
60 32
97 5
20 2
71 96
85 71
73 78
61 30
19 82
24 87
24 3
74 87
17 34
91 51
35 98
40 51
94 88
11 61
11 66
71 5
55 38
84 54
24 18
77 76
39 2
57 5
14 11
68 54
77 72
21 32
