17 67
47 53
21 5
73 11
9 82
22 97
9 8
29 48
47 50
47 86
57 73
60 75
90 23
23 47
41 22
95 12
37 79
53 66
77 99
80 62
66 56
76 11
10 21
57 96
94 19
73 20
69 42
56 99
94 50
86 83
85 61
95 24
39 80
15 7
56 99
94 9
92 29
49 90
14 89
25 73
5 29
12 46
11 48
29 64
52 74
37 24
42 69
94 98
89 98
28 61
95 45
92 19
30 43
50 11
76 99
21 46
37 92
69 2
47 42
42 67
53 12
43 77
30 80
74 47
24 29
19 74
12 4
41 96
80 9
93 17
23 76
21 88
10 73
12 9
49 89
21 88
7 17
48 38
21 39
24 61
86 56
99 2
86 94
75 74
89 23
47 15
12 43
48 96
67 8
18 43
17 62
88 50
79 53
80 30
39 5
18 88
65 91
48 61
80 78
39 2
