2 79
46 53
88 17
94 18
8 81
35 24
44 78
95 74
63 85
42 87
94 8
71 90
64 22
71 46
23 62
28 84
78 98
60 63
23 69
48 64
22 80
24 90
46 97
4 94
17 36
95 17
54 27
71 69
3 92
68 51
28 86
71 64
77 53
64 8
70 42
86 92
71 25
95 68
36 18
65 83
4 47
72 9
41 80
3 42
36 74
79 60
72 41
96 17
68 50
7 23
71 95
39 13
33 64
73 77
59 56
70 12
46 84
51 65
15 53
66 31
51 63
18 24
83 79
56 40
68 90
22 43
39 1
79 46
78 70
81 80
57 37
3 49
95 6
44 9
68 27
63 71
60 56
74 69
92 85
72 32
30 31
65 33
39 22
23 71
20 37
18 94
72 1
70 72
71 4
7 77
53 98
1 0
77 1
8 7
62 70
59 99
66 87
47 78
24 87
98 84
