15 11
63 86
46 91
32 84
67 64
95 70
8 31
81 70
11 15
93 70
14 53
49 79
67 49
51 63
97 12
93 1
46 3
1 45
89 84
65 69
81 46
2 89
90 55
47 11
79 73
19 52
59 24
0 38
64 48
83 39
77 15
92 55
57 60
29 25
67 38
95 25
88 43
10 75
28 9
16 50
34 6
52 55
51 22
92 76
47 34
95 22
90 37
10 16
17 79
43 59
63 34
37 68
81 23
54 48
34 32
9 61
1 97
83 81
28 79
29 25
29 12
97 51
11 53
94 37
86 29
11 51
82 22
78 62
62 44
84 59
88 81
64 8
38 47
88 52
3 62
87 11
40 12
88 54
3 88
89 48
11 73
8 15
31 59
66 18
81 64
59 76
61 76
81 90
73 46
78 19
82 44
65 29
65 34
15 3
82 44
89 97
62 89
65 29
34 11
97 18
