36 4
67 30
8 74
65 7
68 48
83 38
1 26
56 8
16 73
85 9
53 57
14 90
8 50
86 2
53 1
40 13
92 67
44 34
74 86
76 96
53 10
80 55
90 48
58 38
67 73
20 44
97 2
44 51
62 83
70 37
96 18
54 21
70 44
4 92
22 38
54 14
9 48
35 79
68 24
94 19
36 7
91 50
17 57
8 63
0 12
92 39
6 44
82 99
93 74
9 82
37 99
86 14
86 40
68 39
13 35
29 67
85 6
61 51
20 79
36 73
32 1
47 22
50 26
80 21
82 49
87 57
70 75
84 75
21 70
32 61
73 63
1 2
65 92
32 93
50 60
14 74
95 64
21 18
61 88
92 83
23 39
73 61
7 59
65 21
91 18
61 13
65 69
82 22
80 12
82 7
87 17
87 2
4 80
81 20
92 2
65 82
3 86
80 82
9 86
96 16
