23 20
12 94
18 27
29 62
46 8
23 97
86 93
75 24
29 57
62 44
87 91
70 85
69 67
26 88
12 4
90 20
25 13
22 23
33 79
31 75
20 46
70 76
46 9
42 29
53 30
8 17
88 63
83 90
10 50
94 2
97 29
46 2
51 58
82 8
45 3
91 0
92 30
57 94
91 21
91 29
47 75
23 46
70 68
76 20
92 63
20 35
33 55
98 9
11 17
44 16
44 5
23 64
44 93
22 12
82 62
66 8
2 51
76 14
63 64
3 64
17 44
30 11
32 91
81 1
42 22
62 56
53 67
3 46
9 40
25 12
8 83
93 70
63 17
11 44
14 66
78 55
90 45
70 75
30 7
99 77
91 64
60 27
26 68
58 16
23 98
79 13
54 3
15 86
60 8
33 42
23 42
35 18
11 22
67 90
48 78
90 94
39 12
38 68
46 83
53 71
