18 6
27 30
44 6
39 79
76 72
70 41
67 89
25 65
9 18
64 76
96 6
55 49
24 7
1 99
55 38
40 70
0 12
41 55
23 55
80 96
81 41
75 73
77 1
33 93
11 3
36 43
92 23
21 18
30 19
77 74
21 98
76 18
99 88
55 75
74 73
44 43
28 29
85 36
3 97
61 79
59 2
2 27
9 79
32 90
44 97
73 23
68 63
36 27
81 89
18 39
81 82
3 16
24 3
22 79
85 12
77 19
54 77
11 59
40 2
48 25
19 85
56 22
73 62
23 79
71 85
63 35
90 71
43 16
6 11
5 72
88 79
60 89
88 50
15 6
33 89
16 2
18 92
5 19
33 71
51 84
59 65
85 47
48 23
27 32
20 12
84 17
26 22
77 21
25 23
6 70
92 61
27 54
27 33
65 96
80 5
79 40
62 43
79 36
38 54
90 54
