70 80
31 52
51 5
10 13
68 63
23 49
68 45
43 23
85 61
16 39
68 42
12 1
13 71
89 22
6 25
26 74
55 6
81 51
30 70
48 51
55 28
75 59
93 43
51 8
43 15
32 75
80 19
76 65
37 2
26 60
25 37
16 76
29 70
39 34
64 43
85 86
85 52
95 71
50 62
62 8
64 3
99 25
13 68
1 10
7 91
90 43
78 65
12 33
71 97
49 13
0 89
29 16
51 68
81 5
78 64
64 21
28 81
61 78
64 54
98 36
47 78
59 5
4 41
51 68
28 97
28 29
85 8
52 6
81 37
71 34
65 43
74 57
26 44
25 8
8 72
64 72
34 39
32 28
76 97
26 65
71 43
70 76
23 62
91 8
51 92
24 41
57 31
52 59
89 24
72 47
13 31
8 41
70 52
73 60
98 50
86 24
2 89
68 41
96 44
86 22
