76 28
69 42
82 55
85 84
0 51
12 73
35 90
57 50
74 26
16 10
6 18
53 45
13 75
60 18
41 92
43 45
54 52
28 14
82 96
16 17
28 26
70 85
25 45
50 55
69 57
12 91
26 27
56 94
13 90
62 86
62 69
42 13
68 22
17 38
38 40
90 26
73 48
32 29
12 13
11 22
48 9
84 13
22 56
13 51
68 64
24 1
46 23
49 13
51 56
68 24
62 69
0 56
4 56
38 31
43 12
80 70
61 55
98 38
8 98
38 58
39 95
86 64
35 21
38 29
90 4
49 35
95 43
97 56
83 53
43 13
26 98
46 85
84 36
54 47
5 48
41 13
62 46
4 0
98 74
89 16
33 41
24 4
49 44
93 24
56 75
98 89
2 97
11 97
5 62
41 29
12 47
26 2
38 9
9 35
24 74
16 52
46 45
98 62
89 9
58 97
