88 18
73 97
48 50
97 54
90 47
80 5
44 82
20 54
90 72
25 15
74 91
94 79
46 63
78 26
54 95
20 70
17 12
3 26
91 82
87 13
69 70
78 66
60 53
70 64
71 5
53 89
77 10
66 70
2 39
47 35
75 8
17 70
90 51
44 81
64 17
6 39
91 44
71 30
7 90
13 14
11 15
84 73
91 11
70 25
8 83
32 44
81 68
65 84
79 10
18 97
29 48
35 47
31 54
61 70
51 24
95 37
73 7
97 37
78 82
85 96
68 16
63 44
78 90
64 47
15 84
35 82
91 78
70 92
95 72
43 46
79 33
94 18
90 74
49 14
4 56
11 69
81 15
56 43
88 47
17 10
17 43
15 46
64 16
28 73
94 19
97 47
20 47
80 30
78 73
62 22
35 2
14 46
31 90
18 94
78 60
66 4
7 90
11 90
18 16
30 78
