45 77
1 0
40 8
49 77
18 39
84 57
30 43
92 13
0 15
64 43
46 59
21 76
37 64
71 34
60 19
16 76
91 87
73 59
32 36
30 55
75 66
71 25
49 56
26 66
4 30
23 38
64 10
84 98
59 79
60 12
60 71
85 46
3 98
52 24
2 95
0 35
41 55
34 24
52 50
57 37
75 5
51 98
9 30
32 69
79 17
90 70
20 44
72 18
50 97
2 31
15 6
40 99
80 73
85 15
48 39
55 25
86 74
84 88
57 17
3 7
98 28
80 18
21 71
17 33
8 81
7 52
94 51
93 28
75 87
79 25
60 41
31 69
3 54
24 34
12 34
56 88
13 59
9 70
64 65
51 79
36 18
45 71
3 66
10 47
80 44
94 75
99 28
15 12
52 42
59 84
81 94
24 49
44 85
54 94
80 93
56 73
33 41
64 53
63 15
48 89
