17 74
87 57
52 40
0 26
70 28
69 67
24 47
2 24
22 4
27 79
18 11
46 33
61 35
85 9
4 0
3 78
75 3
11 48
23 7
37 88
41 43
40 71
99 92
62 29
35 85
0 30
18 43
9 64
34 36
11 92
30 46
28 41
86 73
8 69
9 17
47 59
19 71
63 3
23 79
81 76
76 93
78 27
31 19
34 56
22 30
81 48
75 46
4 47
99 35
8 3
83 58
12 41
51 69
58 55
2 86
27 2
39 95
41 3
74 96
61 17
4 76
3 7
85 51
41 80
87 37
7 86
52 33
7 9
60 70
17 37
55 77
64 2
5 18
28 26
60 22
99 65
73 95
73 12
60 30
18 39
18 52
26 66
57 39
14 9
83 69
79 23
90 84
26 85
87 34
33 60
40 0
18 54
75 37
68 37
7 23
78 39
88 19
4 39
14 11
58 35
