4 38
29 52
37 61
4 80
77 5
12 84
75 31
65 97
76 9
0 57
96 15
8 12
3 27
12 26
26 56
32 79
33 42
94 6
15 75
8 75
48 63
57 48
93 50
93 77
41 48
31 2
50 15
43 89
72 84
57 64
93 8
35 63
45 82
84 81
20 81
90 32
72 34
86 74
88 79
32 71
78 41
63 0
61 57
96 78
88 54
24 25
0 48
27 72
91 46
28 27
61 14
87 67
74 27
54 74
55 94
98 25
67 30
93 62
9 1
35 15
75 67
19 52
85 66
94 8
94 39
58 21
70 64
74 2
49 83
83 93
62 73
24 77
16 51
89 39
12 90
28 68
45 59
48 75
56 65
63 64
51 28
48 83
90 69
51 93
13 72
68 56
35 39
6 86
44 71
10 46
50 13
65 45
45 72
72 96
89 83
1 41
47 49
58 77
15 33
0 35
