77 70
82 70
5 56
87 38
54 18
31 41
10 16
39 24
34 97
17 87
91 14
87 43
97 25
7 98
67 41
93 94
33 1
59 24
69 20
79 30
50 31
30 60
99 3
58 10
34 60
11 67
79 92
81 26
7 55
79 31
5 99
54 35
54 69
69 68
17 84
74 73
54 10
36 55
56 58
36 79
95 58
47 36
18 44
28 33
81 84
25 68
81 60
62 94
43 93
32 9
83 69
83 50
73 9
61 69
89 70
34 24
41 85
61 87
27 24
2 35
52 10
69 33
90 58
23 18
79 6
32 58
58 13
55 83
82 54
16 3
51 35
25 10
41 99
19 90
95 67
95 51
33 81
6 39
69 8
18 56
65 6
58 8
39 9
17 96
61 59
92 69
18 59
63 11
72 36
46 13
82 87
13 95
39 62
25 27
97 11
24 20
8 81
80 95
38 97
9 34
