77 25
28 50
98 42
24 53
76 44
96 24
8 19
84 67
95 16
98 45
33 22
33 50
79 17
23 7
47 67
74 22
72 1
51 35
17 36
22 31
51 75
30 87
85 98
94 53
33 30
73 72
27 42
8 55
44 51
27 98
88 70
44 77
84 33
59 20
17 75
33 95
84 95
18 8
43 54
98 82
22 79
81 57
23 28
65 22
55 42
13 22
48 11
68 33
14 98
4 25
58 54
56 26
34 20
1 97
56 79
17 4
45 46
15 87
70 53
0 15
30 6
36 77
55 16
43 42
36 67
34 97
77 30
79 20
64 15
48 68
83 43
45 4
94 32
46 57
64 2
76 73
5 70
98 84
9 22
70 96
41 82
95 23
50 63
66 82
34 67
34 29
75 37
94 95
48 87
36 11
70 73
55 4
42 47
46 88
13 54
0 27
47 62
17 18
6 30
29 25
