77 55
63 66
16 31
65 16
31 25
80 53
34 76
18 25
31 60
48 39
97 41
32 99
79 3
95 54
11 97
44 89
71 96
50 65
62 43
67 37
97 51
0 9
20 52
51 27
36 94
84 82
32 51
59 83
23 63
8 78
48 46
12 20
27 58
62 0
93 61
62 67
60 29
40 90
1 32
64 25
87 7
52 86
44 69
21 17
34 15
0 9
55 88
37 55
16 40
99 93
91 54
86 33
7 8
69 58
94 1
4 92
3 67
76 17
45 54
40 76
62 7
88 39
47 87
1 51
5 95
70 4
86 38
30 1
49 27
90 50
82 97
17 39
87 58
57 69
28 3
4 96
61 59
61 37
52 23
8 41
86 36
40 47
53 58
88 96
14 14
94 31
3 95
15 81
68 90
39 28
91 78
56 92
24 24
33 17
80 89
68 35
0 95
57 3
11 88
66 80
