53 13
7 70
77 27
7 78
50 26
98 74
7 28
7 61
7 61
83 7
31 29
46 79
7 99
4 17
76 82
7 2
45 32
43 29
49 48
78 7
44 14
7 45
7 79
18 92
7 14
7 26
68 46
95 71
87 56
86 28
7 7
98 18
65 26
7 59
43 7
32 61
7 7
16 26
87 88
83 71
7 28
7 6
89 67
83 99
42 46
83 71
81 85
7 42
90 54
95 96
61 59
92 62
7 71
46 99
75 86
92 7
88 0
71 68
52 79
64 56
90 7
70 23
45 88
7 71
42 14
37 85
61 7
49 28
37 23
58 7
59 43
15 97
64 28
79 90
10 91
92 75
49 67
74 61
7 7
51 79
32 31
32 81
27 97
77 16
7 97
99 73
5 53
91 61
17 2
68 7
20 97
11 57
59 54
61 14
92 7
90 20
96 50
74 77
72 98
17 67
