52 12
76 32
90 58
10 10
30 37
11 92
38 30
35 94
71 63
11 61
60 18
78 84
18 56
28 57
85 71
23 26
28 26
78 88
89 72
16 17
91 9
68 98
78 72
74 8
9 87
5 26
61 12
35 39
49 15
69 72
21 69
6 0
31 99
43 70
39 17
59 5
18 19
27 28
63 23
64 94
22 95
10 31
54 22
95 1
42 6
77 64
72 99
89 4
72 64
89 43
72 83
35 53
60 37
53 85
43 85
89 11
39 29
19 60
38 90
33 77
59 8
70 40
14 77
21 62
96 56
11 43
28 7
85 85
15 70
14 88
57 33
81 27
19 44
93 11
11 35
40 45
40 99
2 54
32 64
12 26
60 7
95 16
30 94
4 18
40 59
41 73
98 97
45 24
52 92
89 85
82 71
17 30
36 0
77 11
7 87
26 4
15 58
88 77
71 81
52 22
