3 59
63 78
87 50
31 2
58 7
36 54
81 54
70 89
72 33
16 48
97 35
22 62
17 73
21 60
78 17
97 61
62 13
63 40
92 89
66 69
78 69
57 82
24 14
1 68
70 32
88 58
92 83
87 31
39 32
31 19
58 96
98 13
37 17
99 73
93 63
73 32
56 38
3 85
76 87
37 88
86 40
62 0
93 29
83 80
69 48
61 16
7 28
72 4
90 35
58 38
99 29
74 37
84 16
0 25
20 71
42 93
36 28
59 88
70 36
68 66
67 46
31 20
79 18
21 1
93 25
6 12
34 35
60 16
2 2
35 7
92 43
37 72
65 78
31 21
3 47
83 41
26 70
34 58
33 59
79 21
41 80
60 50
65 53
10 11
37 88
42 83
28 80
75 77
25 47
84 29
78 89
6 69
96 64
93 54
46 80
57 97
3 82
40 95
18 38
44 47
