7 79
0 88
35 70
17 87
23 53
34 96
75 76
29 8
49 93
9 98
72 51
2 2
72 59
63 8
51 80
27 47
25 3
76 28
6 80
56 13
83 13
55 33
16 80
43 16
97 76
24 19
33 72
52 26
64 91
91 30
25 10
14 76
51 48
95 89
57 83
3 64
37 35
1 85
43 16
54 67
48 55
44 7
87 23
13 95
48 11
28 39
29 44
48 78
18 37
60 97
97 47
51 0
25 96
3 64
39 15
28 17
90 3
86 27
77 24
34 92
92 87
55 27
91 47
9 23
60 47
81 75
79 4
47 69
60 33
57 4
20 49
95 70
91 65
25 93
65 24
89 70
72 16
99 58
58 20
42 20
32 63
46 99
47 18
69 31
39 0
39 50
96 4
36 85
11 20
72 41
26 33
59 57
43 86
47 11
85 50
27 32
27 44
99 80
77 35
5 90
