30 83
73 57
58 94
73 95
32 50
90 36
71 56
10 89
77 44
77 84
54 9
66 14
83 11
37 92
43 13
42 58
93 87
17 26
71 50
12 22
18 54
12 49
76 73
1 80
30 83
95 17
78 3
65 88
3 61
65 60
98 80
60 36
71 19
83 59
94 57
37 74
51 2
60 4
66 4
39 12
71 43
61 5
48 59
51 59
99 62
75 23
62 3
99 44
40 69
72 24
76 99
40 62
45 99
33 70
16 4
36 70
53 85
41 50
36 25
58 96
53 62
74 99
68 80
89 4
66 72
91 71
49 88
20 4
10 52
21 25
39 56
66 82
3 5
7 14
68 45
94 23
81 61
25 92
10 37
10 26
75 65
21 38
13 9
6 44
19 20
40 75
49 16
32 15
20 28
59 65
14 53
27 5
60 41
19 13
84 67
27 42
10 32
4 88
92 99
49 69
