69 66
92 70
12 89
25 1
64 73
77 35
15 27
96 14
12 68
10 79
25 77
0 93
47 24
91 69
99 35
62 56
13 60
21 39
8 40
15 82
13 61
41 48
16 5
53 10
17 49
94 28
11 98
46 46
99 89
6 52
38 50
69 94
86 4
63 37
27 97
85 22
92 66
32 55
36 62
34 18
32 66
29 35
25 94
50 16
66 98
67 86
9 50
8 1
75 80
34 33
80 55
61 39
77 21
93 56
16 9
48 75
22 1
75 27
98 12
77 59
11 92
64 96
16 93
99 85
72 89
65 67
7 51
89 67
25 6
65 12
47 62
96 95
9 43
41 32
25 66
83 54
26 18
18 5
36 33
43 97
26 66
52 60
36 7
8 68
97 43
3 15
75 33
32 53
5 88
76 53
73 25
73 91
87 98
61 95
34 34
36 35
29 96
72 36
20 42
87 38
