94 10
83 90
89 41
3 31
46 99
86 69
39 48
33 12
54 0
1 0
84 53
56 63
21 56
89 59
45 49
67 60
68 82
62 54
19 14
5 28
69 92
68 44
24 84
13 56
23 49
3 45
30 13
21 93
94 98
88 54
41 4
33 87
79 61
97 37
36 79
22 51
48 51
72 95
77 25
24 55
72 46
24 42
46 60
14 26
25 93
15 29
19 40
16 92
28 89
91 31
61 58
64 62
27 26
79 37
12 95
68 92
67 69
92 78
77 63
89 28
40 92
95 97
52 21
22 75
27 9
82 51
67 14
5 94
19 43
45 78
39 32
9 78
70 86
40 37
72 51
65 92
0 83
99 61
75 88
2 12
83 60
82 44
75 28
26 17
77 4
22 14
35 8
2 92
33 78
83 30
36 27
45 88
72 49
84 79
98 9
10 63
27 61
6 22
50 71
65 80
