85 28
63 43
83 4
11 52
31 35
14 4
36 55
47 27
23 43
28 43
44 92
43 87
81 28
55 98
44 63
13 15
89 89
81 73
35 44
49 57
40 72
76 17
11 58
10 57
34 69
28 38
49 52
85 68
13 40
15 55
94 32
32 78
59 65
77 91
64 45
21 35
19 20
84 79
18 68
33 89
2 48
31 20
3 76
69 11
20 42
7 46
55 70
23 24
60 99
56 57
22 23
5 21
54 29
10 76
34 61
16 63
9 26
36 83
89 74
25 56
65 54
43 39
57 42
70 59
75 68
19 42
40 49
47 40
88 37
85 5
45 71
12 17
9 81
79 31
59 73
49 42
73 17
7 84
9 63
2 70
77 4
68 77
31 41
80 86
94 58
39 32
80 50
50 86
28 10
47 52
47 69
73 13
51 45
14 83
68 8
17 59
58 55
40 44
22 59
49 65
