69 9
89 88
26 41
73 97
4 37
69 3
24 35
49 86
64 66
90 11
92 80
90 35
49 38
17 95
67 8
97 23
9 4
24 52
41 76
41 29
72 14
46 48
40 17
1 66
46 52
2 62
14 92
4 45
43 63
96 84
23 68
53 15
48 85
34 3
98 37
71 1
5 18
39 68
33 49
66 4
38 41
62 58
19 80
54 46
57 14
82 75
48 23
87 44
86 65
90 96
43 17
58 44
93 21
18 65
90 26
18 44
73 9
17 85
10 60
71 61
18 71
24 73
96 10
28 65
97 63
39 50
91 14
29 26
93 79
1 81
17 67
0 40
5 61
88 14
90 35
71 98
2 41
81 14
53 14
34 84
33 72
81 76
6 5
6 92
13 45
85 55
69 32
93 24
82 28
45 11
31 42
38 69
44 61
83 68
24 76
91 30
75 38
84 59
16 31
68 24
