49 12
51 69
43 0
89 58
95 19
38 96
82 16
28 40
56 2
66 13
84 13
48 89
84 49
16 40
69 51
71 74
76 3
61 72
20 19
21 2
85 32
6 72
3 6
6 94
22 96
52 47
8 42
33 3
85 86
54 62
40 66
49 92
55 64
82 48
49 91
27 29
18 51
34 6
45 71
67 6
6 2
33 17
34 25
91 78
15 69
83 14
40 40
20 34
70 41
42 50
55 5
94 30
43 84
28 93
83 59
9 35
54 51
38 33
20 64
45 86
80 19
45 67
59 65
49 3
2 21
41 89
50 56
70 25
66 22
63 24
42 29
87 18
8 83
41 58
68 10
47 91
76 71
0 72
41 96
6 79
72 48
44 34
14 88
32 80
47 70
78 61
86 93
65 35
68 71
86 8
44 70
14 9
8 82
48 61
14 97
53 15
7 15
66 65
48 43
84 24
