32 78
18 36
85 30
90 44
90 34
82 20
20 50
76 55
27 79
52 33
63 73
49 37
75 49
34 98
23 35
90 18
8 61
66 92
42 45
31 30
79 19
21 91
38 70
78 35
71 46
17 24
7 97
30 86
18 62
33 99
33 28
54 80
67 65
61 26
58 61
17 83
11 5
99 12
31 58
23 51
27 90
2 50
43 32
46 93
39 63
10 47
82 58
71 22
51 22
32 88
80 71
23 1
97 20
30 18
23 91
85 6
24 78
28 28
43 2
61 90
34 30
28 34
11 87
98 36
30 66
76 1
25 39
95 44
20 75
91 32
32 18
26 73
35 6
8 23
48 33
49 35
93 2
39 5
53 3
12 86
83 79
17 52
23 95
21 50
86 35
86 9
39 48
76 91
63 25
45 23
66 98
99 93
42 33
9 47
10 95
19 62
52 92
54 36
6 37
7 10
