6 8
34 10
25 83
41 8
93 83
86 85
89 23
5 52
67 81
51 8
90 8
70 55
98 98
65 14
59 12
32 56
92 46
30 11
51 32
71 40
35 41
16 63
12 74
83 39
38 23
76 69
86 14
90 0
93 0
71 54
43 68
49 39
78 4
49 25
17 75
3 26
48 46
64 69
47 37
78 51
18 31
85 21
29 32
19 97
92 8
60 84
13 1
56 38
75 20
74 86
29 5
58 27
78 53
26 21
32 21
11 44
57 46
1 92
48 97
18 55
0 47
19 94
12 11
53 59
6 25
27 55
48 90
15 87
2 58
29 80
23 68
84 6
82 47
85 30
95 7
84 63
61 25
20 76
38 74
90 6
49 16
78 46
19 28
34 86
25 80
61 75
40 12
72 7
23 16
36 62
58 66
44 85
30 87
44 64
30 68
60 79
71 71
65 67
20 29
47 86
