52 10
16 49
26 38
93 47
20 0
0 82
79 5
32 48
35 72
88 94
25 46
6 63
64 72
90 80
60 2
72 5
94 31
59 76
86 99
23 27
74 89
74 3
98 27
92 66
49 57
24 60
74 69
54 67
20 25
32 64
98 21
15 56
98 80
3 59
61 77
37 42
87 44
90 40
86 89
8 90
44 51
76 34
48 64
69 30
9 89
20 88
7 77
9 91
62 88
91 28
91 10
0 56
35 33
41 50
44 72
85 72
33 45
20 53
90 11
70 42
50 72
71 90
88 95
7 41
56 92
71 52
21 26
5 87
90 80
64 83
75 30
58 31
73 84
17 99
66 58
0 45
14 76
18 1
80 8
97 61
32 86
82 58
31 19
45 70
5 53
79 20
94 36
32 37
7 81
51 65
28 53
1 17
71 94
10 53
27 69
89 94
41 33
85 80
87 6
73 58
