41 63
24 16
32 34
12 51
54 51
27 45
82 32
77 68
65 88
70 7
10 7
30 99
67 95
77 55
73 10
52 62
68 30
83 99
77 58
1 16
14 19
55 51
25 80
60 52
61 45
55 82
35 17
6 80
93 44
30 75
4 40
40 71
49 97
55 85
0 24
60 40
64 76
56 79
29 51
46 4
55 75
11 54
79 34
88 94
7 63
90 5
57 15
16 93
41 73
5 14
94 84
78 62
51 58
74 60
98 25
88 57
59 49
60 92
50 92
35 26
17 60
3 78
8 51
1 37
55 46
47 25
22 51
50 32
74 70
39 91
98 88
88 4
94 85
31 7
20 34
9 91
6 41
35 22
18 16
48 32
2 72
32 24
44 37
46 12
70 95
92 47
72 92
46 79
43 65
0 19
29 90
49 48
81 16
70 30
64 87
56 41
79 31
80 63
27 69
17 20
