61 52
89 31
35 54
55 80
28 60
30 52
15 52
19 29
58 37
4 17
98 43
83 26
36 25
99 45
86 93
40 49
12 18
44 94
85 58
90 45
0 16
30 32
39 61
0 69
18 93
35 82
92 79
6 60
74 93
34 93
22 75
15 17
60 47
75 98
69 92
53 19
37 64
0 90
42 55
85 81
3 83
11 47
46 42
23 8
84 63
54 78
90 70
22 28
57 31
26 15
85 89
94 64
12 99
28 76
94 84
73 4
31 12
92 26
16 66
0 37
58 10
30 18
92 12
25 94
71 4
84 71
8 92
99 95
22 39
42 63
16 55
61 12
65 58
10 33
91 20
80 9
97 26
63 8
97 93
31 40
71 28
38 76
67 5
90 23
31 81
51 73
31 3
23 49
26 52
79 5
41 19
23 16
45 86
13 65
43 44
66 13
64 75
29 11
89 21
67 49
