0 41
92 92
14 19
55 97
64 86
82 40
82 73
92 27
53 92
50 19
23 23
57 47
70 81
7 85
34 75
5 20
61 42
94 33
56 56
80 19
54 71
97 35
0 7
96 45
12 13
69 36
83 20
8 13
71 56
93 98
91 13
62 63
10 11
11 95
2 82
92 76
15 38
66 51
52 25
24 90
82 6
94 73
71 55
24 0
11 3
67 97
4 43
2 96
29 84
71 33
6 86
41 6
83 11
36 12
14 37
30 39
25 84
75 55
61 71
5 33
33 78
20 1
14 80
24 55
70 39
36 49
91 23
94 88
6 12
64 74
33 38
23 43
73 15
43 5
24 9
88 30
34 77
56 5
66 33
71 84
55 67
74 16
56 48
25 34
54 64
39 3
40 6
39 38
66 21
62 27
10 94
35 81
57 65
73 74
52 43
61 14
10 54
33 6
31 38
48 73
