44 56
90 31
78 62
99 94
70 10
46 48
58 48
65 14
0 14
63 2
6 29
39 40
25 13
26 41
90 59
9 0
16 39
86 9
21 15
55 17
96 72
98 29
30 12
95 85
9 14
1 4
58 59
59 73
24 42
13 27
6 15
30 3
34 82
94 28
37 80
4 76
53 12
12 14
16 90
49 51
81 95
19 91
60 38
1 99
27 94
70 26
65 85
90 45
72 16
85 82
65 89
0 62
17 97
32 97
10 66
3 26
36 84
70 95
77 17
83 4
7 9
56 9
20 89
81 31
60 1
50 53
39 60
29 75
65 30
48 89
74 52
95 29
14 12
76 60
93 48
94 45
45 51
57 95
27 57
30 90
51 99
50 82
86 28
31 42
11 75
89 75
79 35
82 25
18 49
8 74
92 91
49 16
37 99
20 95
45 56
88 36
36 97
40 99
12 35
46 33
