14 65
39 36
56 83
16 2
65 43
91 46
25 52
76 34
53 75
48 96
13 96
95 56
71 85
49 64
51 6
22 93
20 74
70 76
7 55
8 81
44 8
77 60
67 16
62 64
40 99
14 57
30 92
48 65
88 95
58 5
5 53
88 48
41 1
57 58
54 50
4 96
66 80
52 24
22 76
70 45
16 95
9 63
25 19
82 41
27 18
41 45
53 57
15 68
1 47
81 68
16 61
1 89
87 61
76 77
74 23
16 1
64 19
57 80
68 58
51 86
58 23
12 3
28 39
92 55
70 35
44 69
60 92
6 25
26 93
16 21
72 10
10 50
86 87
86 94
78 89
36 18
18 2
14 40
9 88
48 98
87 24
69 23
52 8
94 83
86 86
67 50
47 48
42 88
43 13
91 3
16 48
2 23
82 22
55 97
2 65
46 73
12 77
61 56
44 45
95 10
