89 66
77 40
44 63
75 24
84 18
92 30
47 29
74 88
92 63
58 17
28 96
60 20
51 87
57 29
72 70
10 79
87 88
42 47
49 41
63 1
85 94
43 42
29 20
73 88
65 25
57 46
0 68
74 48
54 53
29 14
56 73
33 19
33 97
21 60
68 12
90 87
23 61
76 50
10 15
29 78
22 65
34 86
15 54
15 11
52 76
55 29
8 30
4 68
78 36
16 61
33 26
82 37
78 17
71 26
19 2
18 40
64 53
94 66
21 96
15 78
51 74
45 70
48 10
23 14
43 92
57 52
0 82
32 88
64 5
65 88
47 12
3 32
16 15
32 97
32 88
7 27
26 55
31 75
25 77
90 2
82 17
88 96
82 9
79 10
78 34
37 58
28 31
4 90
61 24
14 63
58 34
24 16
48 24
3 26
3 56
44 73
31 34
80 18
13 64
18 12
