0 46
60 11
70 96
15 34
60 2
57 20
63 79
67 4
11 74
9 84
57 14
72 11
72 81
80 74
7 17
32 13
82 91
85 46
52 41
11 5
44 48
41 66
83 72
50 77
93 7
30 8
86 2
2 4
23 7
5 20
54 98
11 36
23 0
40 59
69 8
98 70
94 58
80 59
36 79
60 67
91 50
69 53
15 48
36 94
3 42
91 92
39 73
20 67
40 0
32 33
85 53
68 42
89 26
86 98
83 10
42 79
2 23
36 71
59 69
6 10
71 70
32 14
62 54
26 80
36 73
19 36
3 43
55 86
23 42
16 66
25 24
6 27
83 37
32 62
39 92
93 2
83 71
28 88
95 80
70 23
35 73
97 13
72 5
44 29
81 6
95 40
82 85
56 57
93 87
60 16
50 21
43 84
93 45
22 39
52 9
21 56
69 55
58 67
89 19
9 0
