7 81
15 65
29 47
47 55
85 85
92 47
91 28
35 37
52 42
18 70
34 21
39 33
28 39
53 72
81 23
81 72
78 87
55 36
82 89
9 20
80 5
95 22
21 87
4 1
95 55
18 85
57 28
24 46
83 89
95 32
25 41
96 75
36 91
56 49
44 0
48 42
46 76
77 52
0 73
23 72
0 87
8 26
98 31
45 34
66 58
32 79
43 56
10 2
85 92
19 60
4 39
65 22
78 5
58 48
98 85
7 6
67 97
58 46
19 44
74 27
18 87
73 60
68 6
55 18
50 46
59 19
37 36
37 18
56 39
85 50
82 13
83 17
2 51
5 12
53 90
19 79
97 43
26 71
32 81
68 42
34 37
72 30
49 4
52 62
42 79
40 35
42 31
39 89
32 65
14 12
29 4
45 78
79 6
30 52
91 81
33 59
77 7
77 82
72 98
45 52
