24 59
72 63
22 98
31 67
80 5
13 20
72 27
40 74
53 13
75 7
95 81
49 99
9 95
97 33
62 38
30 29
6 5
90 0
78 52
78 31
56 62
17 32
77 54
13 45
56 43
39 7
47 93
1 60
80 33
55 76
27 99
18 36
70 94
25 85
80 95
88 64
71 81
1 18
25 1
52 42
47 17
65 12
78 4
58 84
96 60
69 70
52 91
30 30
10 35
43 17
62 85
56 1
32 17
85 24
61 12
2 44
31 20
17 87
98 10
35 66
83 68
1 2
27 76
69 26
64 42
50 83
92 8
94 59
67 82
76 26
58 22
58 79
92 84
27 70
30 69
85 37
9 49
99 96
46 68
54 24
80 82
58 45
41 46
27 47
56 24
86 61
31 85
39 44
81 45
31 58
16 87
45 82
40 85
72 49
54 23
22 64
96 87
7 80
3 25
68 3
