86 63
72 44
88 74
2 68
79 55
69 39
57 19
68 87
35 18
24 78
91 84
20 35
48 35
29 17
52 75
94 94
91 47
61 33
56 16
22 80
63 18
13 48
94 22
35 19
41 42
53 3
4 56
51 85
83 2
68 81
45 81
55 50
35 45
16 62
87 26
49 67
41 71
53 24
54 28
89 29
40 30
46 84
75 80
89 32
12 28
15 10
86 60
15 25
42 17
32 71
46 5
77 38
41 87
7 72
0 6
1 2
9 98
64 66
1 69
52 52
2 6
31 61
16 81
31 17
67 9
39 51
86 91
55 95
84 40
4 58
34 96
69 78
0 93
57 48
65 32
16 56
10 37
35 46
52 18
99 12
76 11
26 97
46 30
33 61
90 29
75 97
80 9
76 51
95 3
97 53
75 30
23 96
96 15
51 48
27 64
20 65
74 58
76 58
52 70
37 37
