80 59
98 18
2 29
20 30
61 75
9 91
32 4
93 59
98 14
7 22
49 4
80 2
20 54
7 19
41 6
28 15
35 82
67 42
64 61
8 75
24 97
60 81
39 2
8 10
39 3
31 11
58 61
3 34
71 23
27 76
48 38
33 4
95 40
14 46
86 93
83 10
94 23
71 74
41 25
9 11
87 79
5 60
36 80
21 3
41 35
50 48
17 35
48 85
77 52
41 92
26 44
60 7
3 19
17 48
10 39
21 69
17 32
21 66
16 19
16 78
14 59
68 46
6 25
41 20
99 34
97 71
10 73
39 48
18 47
13 58
24 74
89 37
59 53
49 53
69 35
1 69
98 55
17 26
90 87
26 21
81 88
78 12
46 27
47 98
38 71
40 42
17 70
66 23
48 70
38 86
6 83
20 19
33 33
85 49
7 49
64 50
7 46
70 42
84 15
29 71
