7 65
99 8
11 58
45 24
55 83
2 98
44 61
20 97
29 72
21 44
35 33
53 38
87 51
36 4
16 53
6 45
89 1
85 7
69 46
41 36
51 99
31 16
59 39
76 77
1 86
6 69
56 1
14 88
55 87
70 84
45 36
2 27
23 40
65 23
11 95
41 12
43 68
94 63
39 18
81 62
57 70
36 43
16 59
31 37
54 41
12 42
9 63
35 10
74 17
60 8
27 61
39 52
32 31
52 95
11 2
82 61
42 54
56 1
92 1
69 78
65 71
97 45
49 95
57 5
72 96
85 95
56 3
72 8
1 1
11 72
16 55
88 82
97 45
16 27
67 35
29 7
55 17
27 37
58 48
82 42
76 9
96 92
4 14
80 80
60 88
46 86
65 86
56 13
32 97
76 5
68 61
0 65
9 39
51 99
58 82
22 37
91 30
27 10
80 72
96 12
