86 88
95 28
78 86
10 1
58 49
32 66
24 42
53 70
61 41
49 15
88 67
8 29
54 5
53 69
52 90
23 11
12 55
3 47
80 40
0 28
10 10
55 73
51 27
46 60
79 53
79 25
12 10
49 70
15 96
52 92
74 41
41 56
13 13
23 23
15 41
89 14
56 0
27 76
56 8
6 36
36 47
12 4
12 36
61 40
65 21
17 22
36 50
74 24
18 89
64 20
7 54
72 25
48 87
77 5
25 3
94 91
44 4
23 14
97 21
79 86
44 48
98 36
17 24
29 88
15 91
43 16
29 52
23 92
58 67
50 50
58 72
27 67
7 59
98 71
57 85
23 36
46 81
81 75
60 83
6 35
28 24
49 31
25 19
17 59
71 62
49 39
72 1
27 78
45 87
31 34
82 31
11 74
12 33
90 46
19 70
94 39
50 37
91 17
65 31
16 41
