29 28
26 70
86 17
70 53
26 82
9 73
64 54
50 98
25 56
72 32
89 20
88 82
52 4
96 66
70 64
79 4
5 97
97 10
47 44
26 37
14 73
41 17
65 14
46 37
88 72
63 36
92 24
41 61
54 71
71 35
19 43
89 32
28 97
85 36
46 38
77 46
38 21
91 8
53 22
63 90
77 94
9 50
33 54
94 51
40 99
7 45
75 42
22 55
17 49
24 31
42 50
57 17
51 44
75 60
79 20
86 89
4 23
25 23
29 30
46 62
53 30
55 35
41 0
54 35
91 9
69 18
13 95
32 85
44 60
36 17
43 86
68 95
85 30
39 24
66 52
52 85
30 46
83 18
49 13
12 30
18 81
52 44
78 55
23 74
82 55
78 82
69 59
74 24
22 45
77 93
5 64
92 4
88 90
0 38
44 4
64 59
92 83
63 83
44 62
32 93
