72 0
88 8
88 93
81 74
42 31
69 64
0 40
76 28
3 16
17 93
40 33
79 47
69 54
41 71
27 13
80 39
61 26
33 64
4 69
38 59
54 55
98 66
44 72
34 54
87 26
90 18
98 35
50 19
32 22
77 2
1 23
87 55
44 60
30 79
45 76
85 94
3 22
56 25
21 22
75 87
23 96
90 26
48 61
87 66
67 3
17 34
37 30
86 10
48 30
29 45
99 47
67 2
80 63
96 87
9 15
47 15
0 61
18 22
76 99
69 79
13 55
59 43
90 6
0 30
73 90
9 99
19 37
70 74
19 90
31 14
27 82
17 86
29 70
73 1
52 47
40 95
16 1
33 53
51 88
72 6
25 51
44 89
69 77
9 98
91 4
31 51
4 86
65 28
89 38
16 9
43 85
34 73
64 80
91 26
6 91
65 27
98 9
51 16
69 3
41 43
