54 47
35 22
67 18
14 22
37 11
5 6
21 91
20 73
12 97
99 33
71 75
80 49
26 48
76 7
97 85
9 93
51 39
96 91
69 88
30 2
80 48
67 10
24 30
82 71
29 99
46 7
15 3
54 64
51 26
31 78
27 47
80 8
68 12
29 74
40 88
29 19
27 53
23 76
66 82
36 79
0 10
91 30
23 96
11 11
5 84
4 22
70 56
60 25
57 9
40 95
3 75
7 51
61 73
3 80
68 35
52 8
38 74
26 94
74 88
7 65
92 31
45 35
64 7
65 72
67 5
91 4
10 89
81 89
41 53
7 69
51 72
27 12
75 61
92 91
67 89
49 47
44 39
8 92
20 19
72 48
56 6
12 39
3 13
75 61
48 42
10 52
56 64
62 70
89 4
93 4
25 22
63 55
24 88
69 42
84 57
62 51
40 93
10 91
47 8
53 37
