7 91
89 21
78 77
83 78
93 14
43 17
85 66
28 82
95 68
28 88
90 91
58 24
47 29
86 85
33 7
71 88
71 7
5 44
40 47
49 29
30 14
54 61
24 69
24 13
56 22
85 40
77 98
95 31
28 33
95 12
15 55
30 19
82 51
0 42
0 17
67 28
76 40
7 68
4 39
99 64
43 36
64 40
67 56
50 47
2 62
27 38
2 42
27 92
18 72
15 87
90 11
2 51
31 57
42 27
80 72
10 12
45 73
93 17
68 65
59 25
31 9
15 41
61 35
85 59
55 38
66 64
80 11
17 8
18 74
59 22
95 66
52 63
64 0
87 21
36 11
61 75
32 27
21 24
13 99
57 95
89 60
74 68
32 3
80 0
39 87
91 54
51 58
2 83
75 89
4 61
96 98
44 18
57 85
66 90
47 3
11 42
42 65
16 65
8 14
56 82
