52 3
29 75
81 62
60 78
16 3
8 58
46 30
54 54
68 12
50 29
65 37
65 91
51 33
2 95
17 92
84 37
35 40
27 86
50 26
2 72
16 25
74 53
42 65
50 76
38 63
73 57
20 34
3 98
60 53
52 39
14 79
72 57
11 81
4 88
63 46
26 13
21 65
87 96
65 9
91 62
15 97
18 33
37 18
92 26
80 24
92 7
30 23
79 24
22 41
84 29
89 59
24 12
18 45
80 27
74 5
31 61
56 42
79 13
23 86
72 32
28 32
34 61
96 72
13 11
61 45
88 99
96 88
61 42
42 24
59 34
11 56
90 25
86 8
48 85
82 6
55 0
75 33
53 14
89 32
81 24
68 42
21 93
74 45
2 83
22 23
27 12
99 94
6 54
37 85
43 71
21 20
97 1
30 62
96 21
4 0
84 72
41 75
80 35
67 68
85 64
