99 28
38 75
49 83
98 93
29 81
48 35
16 92
88 79
34 30
12 67
73 83
97 57
51 90
35 88
42 53
70 73
67 25
86 28
63 89
40 76
70 70
65 85
52 72
58 94
7 26
23 6
0 65
81 83
97 24
39 89
16 28
76 53
5 63
53 73
17 88
2 47
32 53
66 34
21 76
98 79
39 27
30 53
72 87
4 33
6 55
50 55
94 80
14 20
92 35
23 44
44 13
92 50
7 21
1 63
39 86
33 61
5 28
90 31
40 14
82 31
74 61
82 43
46 67
9 60
47 15
12 32
95 94
70 95
66 28
96 39
78 22
50 34
56 98
90 95
86 50
59 25
28 52
97 59
97 41
32 56
81 38
5 1
14 89
66 76
12 41
58 40
71 7
50 61
34 20
84 10
62 87
39 10
49 55
53 78
48 63
99 10
55 63
4 27
46 61
21 28
