48 42
42 20
26 81
73 92
66 94
20 17
30 97
33 65
53 36
70 94
69 8
82 37
73 86
11 14
28 62
14 77
54 54
87 85
86 81
58 34
5 30
11 65
33 92
26 63
48 11
44 75
63 97
72 36
15 47
19 96
51 52
17 89
91 29
59 55
82 20
36 62
67 55
53 16
90 64
22 56
27 37
6 92
76 6
75 99
46 83
83 35
75 16
88 88
73 98
55 61
61 84
40 57
7 48
32 28
1 21
12 98
41 59
69 81
65 16
73 8
37 11
9 43
70 75
30 84
28 77
73 91
47 54
53 44
41 8
65 16
92 64
28 38
24 97
39 80
70 20
35 86
32 77
43 61
94 78
38 61
91 32
22 34
63 29
8 46
48 19
22 17
94 61
12 25
6 81
70 37
38 86
83 79
47 20
66 30
2 89
95 61
41 54
67 78
63 82
91 25
