83 66
95 22
75 51
5 1
46 46
92 84
88 70
7 11
83 96
6 27
13 91
91 32
16 89
63 0
97 14
94 75
22 82
58 90
5 40
89 20
44 36
51 94
22 64
68 29
78 33
82 52
1 75
11 70
96 3
72 62
42 53
75 94
20 73
53 18
91 62
4 21
18 37
72 62
34 94
94 25
10 18
87 87
55 19
1 61
59 94
19 90
19 76
50 90
63 67
60 51
11 97
6 58
64 14
68 55
71 75
24 77
72 33
56 2
11 8
27 42
59 95
65 55
86 61
36 4
71 49
83 7
42 57
29 48
71 81
28 92
72 67
26 81
76 20
49 80
29 33
68 52
28 48
23 0
29 58
80 80
45 60
25 85
75 88
47 21
2 30
20 53
61 51
94 66
72 81
35 10
13 0
4 80
90 7
19 71
38 26
78 31
29 33
90 3
64 70
61 94
