22 22
12 8
16 50
82 58
96 73
6 1
45 16
18 74
42 29
87 49
9 33
18 75
41 21
81 77
16 96
24 1
25 24
5 8
3 19
2 40
36 25
7 70
71 38
59 90
85 49
76 85
45 74
88 32
58 38
91 88
44 20
0 4
2 20
33 85
45 10
22 36
75 76
18 71
97 15
23 13
65 28
38 50
86 37
7 4
62 7
3 94
30 69
92 86
29 83
22 78
70 31
40 26
70 49
30 59
24 25
12 42
67 2
24 9
45 90
12 48
71 67
84 73
69 70
19 42
9 80
64 49
21 94
73 43
83 88
24 62
97 77
8 43
39 90
40 60
61 90
96 88
89 32
55 16
86 5
13 88
92 42
37 96
64 80
34 56
66 61
10 66
13 26
48 76
10 39
73 32
53 53
40 23
36 7
31 73
30 31
72 7
91 16
82 83
22 58
74 3
