75 19
26 1
14 43
30 50
36 91
17 15
63 15
80 23
78 90
16 59
28 41
21 24
70 87
15 14
0 83
99 41
4 68
91 7
86 75
52 84
51 49
88 33
76 14
23 24
16 44
19 72
68 76
46 39
74 5
2 63
95 99
76 30
48 69
25 5
39 51
5 39
30 75
24 22
56 62
60 92
34 9
77 50
85 47
4 4
39 71
14 63
36 38
2 22
6 83
31 8
49 90
40 42
32 58
4 40
54 46
55 79
13 71
54 8
12 21
30 79
80 8
2 91
77 10
87 61
90 55
50 70
80 41
32 21
58 48
97 58
83 0
54 94
83 46
1 39
56 26
80 92
74 40
29 18
60 21
42 32
86 62
88 71
87 88
13 44
55 59
9 89
98 1
67 38
49 81
92 56
73 53
16 35
8 97
55 40
68 33
0 35
68 16
19 79
78 86
59 20
