71 0
4 40
37 33
39 74
1 43
6 62
80 34
13 14
43 23
69 51
63 47
3 8
60 69
5 97
37 2
31 2
38 73
36 41
7 57
6 19
63 43
87 58
20 67
49 22
10 72
26 53
89 52
82 78
73 35
60 35
23 94
3 4
15 84
82 82
15 57
64 35
66 21
97 38
5 32
52 1
70 21
26 32
21 27
55 16
19 98
7 8
8 1
25 53
22 89
8 40
9 40
38 3
7 30
33 60
78 45
94 60
97 12
78 24
10 58
85 83
30 88
35 81
89 31
97 3
82 52
52 24
74 81
14 28
78 35
78 35
72 99
26 23
91 40
85 5
83 26
45 26
1 15
7 52
84 9
21 9
91 73
60 73
77 57
64 3
97 78
71 58
56 91
88 0
99 53
44 22
98 35
46 89
89 7
57 81
17 21
35 60
8 4
94 5
33 82
60 35
