23 88
88 20
84 74
44 17
97 86
83 36
68 63
43 95
37 81
24 97
60 47
31 49
20 23
29 16
26 5
55 41
0 76
70 47
86 82
0 16
17 22
82 78
53 21
35 58
41 96
62 72
52 46
38 84
42 86
28 21
45 18
51 7
21 5
29 93
31 77
31 39
5 43
49 80
66 29
17 77
84 7
21 30
39 65
73 19
82 76
83 37
94 69
52 81
34 78
40 27
86 96
45 25
68 12
21 8
6 51
7 21
53 94
62 81
70 30
36 58
72 59
0 47
9 37
94 63
6 43
47 88
21 76
68 12
41 49
94 35
19 29
53 55
59 90
77 70
98 94
59 48
58 38
62 68
12 88
42 21
93 40
39 9
42 93
60 21
54 69
6 53
81 89
53 12
2 53
83 97
24 90
82 54
21 16
24 34
98 50
76 46
26 52
60 4
69 7
77 77
