95 42
1 38
55 85
27 7
71 35
57 51
78 62
45 65
74 6
17 75
70 65
16 84
41 38
61 63
52 87
1 99
22 63
70 56
96 13
17 93
97 3
57 63
23 72
79 89
34 19
49 52
20 99
28 85
13 1
4 11
0 57
65 29
92 98
36 77
81 29
73 56
99 22
96 64
73 85
26 54
78 57
95 73
10 11
20 66
22 70
36 52
22 7
20 54
65 24
57 61
55 71
16 66
51 55
35 64
97 85
26 34
0 29
74 82
34 43
40 95
95 15
20 88
81 81
62 58
69 68
0 64
24 40
34 22
92 86
53 25
69 93
81 49
99 14
6 79
93 92
58 80
3 5
23 32
37 0
52 48
30 75
9 44
29 1
39 3
89 40
77 40
93 80
29 86
71 92
32 4
0 97
66 99
33 18
98 39
44 40
60 76
58 38
50 35
48 23
61 95
