89 44
35 81
39 92
24 54
39 11
27 45
52 85
9 41
14 5
6 89
89 3
56 99
9 3
43 35
7 39
61 38
22 20
5 21
66 36
14 91
2 61
99 18
37 85
65 93
59 46
23 46
28 72
81 11
81 77
30 82
83 33
58 69
79 11
17 16
57 24
21 54
23 7
31 48
48 94
7 77
57 16
21 91
91 62
87 63
15 16
88 37
97 0
92 29
13 12
13 83
17 2
15 88
3 42
65 93
2 78
94 0
46 58
80 79
82 16
70 72
29 48
78 82
85 88
79 21
86 97
99 49
55 83
39 21
25 58
76 44
30 26
77 88
52 34
44 90
94 85
13 83
59 1
83 28
51 86
48 9
59 31
64 71
93 41
47 33
79 79
8 32
76 1
20 23
25 44
57 25
12 3
29 34
33 1
13 73
25 82
10 9
41 94
76 6
6 2
42 38
