88 56
95 63
51 96
73 55
27 8
22 21
86 51
22 99
21 11
98 2
15 4
53 44
56 8
95 56
24 80
71 26
40 37
28 24
14 88
88 61
30 66
22 35
16 83
90 46
38 47
76 57
89 59
97 35
84 98
61 68
47 84
0 89
34 57
52 50
46 2
32 12
52 19
27 74
72 54
25 18
19 32
95 85
23 35
71 85
55 73
80 53
18 92
13 86
32 19
9 1
82 79
36 94
53 19
26 73
89 3
53 63
86 97
65 76
40 61
9 34
38 11
14 66
31 53
87 85
39 18
26 79
20 33
69 28
98 55
13 74
88 86
67 54
15 42
67 93
16 52
9 27
49 31
57 32
71 37
93 13
85 17
92 14
16 21
54 6
6 82
91 30
99 4
50 30
46 90
29 22
40 41
41 43
3 89
87 39
35 75
52 44
97 32
63 66
38 24
77 88
