6 59
27 43
17 93
21 20
25 39
16 93
80 66
25 40
35 34
78 40
74 93
78 3
3 6
63 64
42 92
78 13
4 85
96 98
55 25
35 91
83 92
69 33
6 98
80 80
27 41
71 12
96 4
39 1
17 58
94 39
17 92
20 98
17 96
67 26
11 97
19 14
5 53
53 72
6 70
76 0
56 35
67 90
81 37
95 13
91 21
25 63
18 44
86 40
38 44
39 25
45 9
39 88
97 17
36 1
86 56
14 20
18 43
16 92
98 74
48 89
10 64
51 13
56 96
50 95
1 5
69 20
85 50
97 37
7 37
70 8
90 60
85 39
89 5
66 56
42 0
93 41
95 62
86 9
74 28
80 34
38 69
82 68
45 58
88 54
34 72
47 91
71 12
65 98
64 72
65 31
17 25
42 97
61 12
8 48
81 45
82 75
96 56
51 41
10 78
35 50
