96 39
64 23
17 20
79 0
10 19
11 72
92 75
99 41
55 21
70 31
1 48
19 89
90 66
51 97
27 34
88 72
6 25
63 82
83 16
30 16
56 55
42 95
94 93
32 49
25 79
90 40
82 52
34 15
91 2
79 15
21 2
77 86
77 29
71 7
52 58
16 51
34 6
22 74
69 43
27 3
63 75
24 98
5 46
3 86
26 56
25 33
31 97
66 7
93 45
28 70
73 99
48 84
52 45
21 10
23 21
6 10
8 59
42 7
1 68
87 3
99 62
95 26
73 76
10 85
1 0
21 3
94 43
84 46
42 74
37 49
58 82
57 90
15 80
70 78
98 88
60 66
43 73
16 58
52 30
23 73
5 55
51 20
95 93
44 28
7 33
49 71
87 45
11 76
7 4
9 63
30 83
3 80
83 8
34 28
31 56
77 38
28 75
97 27
37 11
20 84
