32 95
49 68
36 21
3 8
98 34
19 83
68 55
69 54
68 44
33 31
54 39
36 8
26 67
53 22
12 31
15 97
58 85
65 89
74 31
71 39
41 93
50 41
86 36
69 63
82 99
90 73
89 84
45 19
55 55
73 18
11 57
11 84
13 92
39 59
16 48
16 73
46 78
7 54
94 70
16 62
22 22
26 76
51 38
93 64
24 34
61 72
69 62
75 41
91 50
3 14
3 33
79 91
81 42
12 54
89 6
71 71
35 5
0 37
15 8
58 31
34 68
56 9
62 22
9 24
98 60
23 75
15 99
89 59
85 52
11 60
26 81
13 43
93 0
44 2
44 92
38 45
41 91
41 93
56 5
88 53
53 75
76 2
74 42
83 41
71 96
90 95
7 80
50 25
73 72
65 87
95 74
45 65
69 21
51 74
10 26
53 66
19 75
80 19
12 98
91 9
