31 39
99 50
90 1
88 55
47 55
58 19
10 50
60 73
74 76
99 46
31 40
99 17
77 61
67 44
42 46
59 90
75 75
41 55
42 7
67 42
17 8
17 7
15 48
12 41
3 48
40 53
49 14
57 53
69 70
65 45
87 53
82 18
76 91
51 31
5 48
58 38
21 73
81 92
40 48
37 29
96 9
92 74
98 63
67 75
94 77
23 36
18 59
12 78
4 23
16 48
60 78
58 13
46 64
20 54
90 90
8 37
44 42
81 26
53 20
94 15
32 49
43 91
44 8
1 44
39 16
51 36
3 37
79 39
86 45
51 51
95 64
28 46
73 53
97 89
9 69
10 82
75 54
1 29
18 0
72 26
62 31
82 33
83 19
1 70
69 35
41 19
81 96
99 97
9 4
54 5
40 84
17 68
4 30
73 5
48 86
3 19
50 59
49 29
37 28
45 52
