85 69
93 25
54 84
35 14
31 68
78 60
48 14
64 34
31 34
68 64
37 16
52 87
9 47
8 14
42 15
71 74
60 49
18 19
36 75
98 68
97 22
79 57
28 13
57 45
66 54
77 63
96 18
8 94
90 34
98 84
75 42
5 98
55 50
42 77
74 18
70 9
77 38
14 54
74 12
99 5
46 77
89 54
31 8
88 0
86 63
26 56
67 59
95 38
63 10
87 62
86 72
87 68
80 44
51 13
70 65
18 17
71 11
35 74
23 35
16 91
2 52
7 58
69 84
24 40
73 10
45 8
94 55
46 39
56 67
94 86
72 27
22 58
88 60
61 39
89 79
17 16
42 61
53 48
85 1
49 78
79 20
65 12
73 7
3 27
93 64
1 60
0 37
81 56
11 36
46 50
0 24
13 63
0 35
42 61
57 24
0 28
48 54
18 85
69 64
0 69
