17 94
72 2
92 8
37 88
70 66
63 78
32 63
22 44
46 60
48 19
1 54
88 17
55 70
18 81
6 25
17 60
31 97
14 4
59 34
15 94
22 9
78 6
98 71
30 26
64 16
9 28
95 59
46 39
26 6
6 37
69 67
30 7
98 90
68 5
37 12
1 33
27 78
3 83
60 41
5 57
22 0
90 11
22 23
55 26
27 55
92 25
68 26
81 33
41 7
79 94
41 57
59 54
74 0
26 8
57 17
44 95
20 55
18 86
29 86
90 31
21 67
77 82
67 22
45 1
36 36
39 59
12 36
2 46
75 71
29 58
99 10
77 74
1 64
57 56
25 21
12 18
68 33
63 4
94 22
47 71
64 57
1 78
46 41
93 60
55 22
39 59
97 56
49 87
11 87
78 26
41 57
99 41
46 24
47 60
62 79
42 9
31 71
19 39
29 70
48 4
