92 91
48 32
18 62
99 81
80 65
83 10
33 40
69 68
86 83
93 95
19 51
28 12
44 52
97 43
60 74
82 9
53 23
90 18
73 38
86 15
0 85
11 1
72 28
78 7
3 89
48 36
35 48
32 87
58 11
68 93
60 1
25 47
6 61
38 6
71 19
66 69
39 4
83 26
53 90
34 83
64 97
79 70
60 66
47 70
9 36
90 43
15 52
84 62
63 33
90 48
44 49
62 35
69 24
25 88
36 3
75 58
2 23
93 71
74 25
18 38
91 58
94 73
81 15
39 51
97 68
43 41
21 86
66 85
68 61
71 13
59 23
57 9
22 50
52 81
18 3
50 55
94 94
70 5
12 24
78 94
93 77
80 66
14 54
85 22
7 70
89 25
23 91
81 73
32 55
82 13
51 55
79 99
44 34
19 32
22 37
63 37
43 22
82 89
48 96
0 59
