98 59
65 81
80 1
78 12
87 34
92 10
91 49
79 40
83 89
94 15
68 89
77 59
43 72
3 64
12 74
51 95
56 84
98 78
91 42
63 38
15 49
46 16
1 14
3 16
29 31
94 30
38 87
54 38
55 8
41 53
25 69
73 5
55 7
71 82
5 58
24 39
80 46
74 84
61 44
59 24
71 86
42 4
54 96
39 33
17 17
53 61
70 60
93 24
80 58
73 13
40 36
87 98
78 20
85 50
15 6
39 54
75 93
42 90
22 82
76 70
22 59
67 4
76 1
58 23
13 29
38 57
77 15
31 28
17 7
66 13
55 24
12 8
72 80
68 69
1 88
92 63
65 69
37 30
57 39
24 44
31 11
54 68
52 35
52 38
30 45
40 36
56 22
75 25
74 95
8 16
97 75
42 35
74 71
66 75
53 88
21 4
87 34
22 22
9 62
79 78
