65 3
35 92
14 65
16 86
64 89
98 91
97 83
29 92
83 40
48 87
91 75
18 20
1 76
18 89
44 63
62 20
17 40
97 26
9 81
5 6
73 70
46 95
73 46
5 16
86 90
65 48
42 83
3 58
1 14
19 94
45 71
82 91
33 36
10 82
4 38
22 68
22 68
63 33
42 41
64 60
19 34
21 67
91 36
66 43
9 32
45 16
79 84
16 6
2 45
50 19
72 92
65 52
43 66
55 28
45 60
38 55
29 82
1 96
55 27
93 1
0 15
18 51
61 58
17 46
4 35
24 82
36 95
59 52
33 28
47 44
96 18
89 77
76 99
29 23
14 77
60 48
47 60
87 49
1 83
55 7
29 95
74 55
67 0
75 95
22 49
58 27
1 90
15 79
33 30
62 99
12 65
49 72
98 20
73 55
43 64
57 30
66 89
18 12
4 51
8 44
