96 72
49 44
17 61
77 27
80 2
26 46
41 11
35 71
69 51
74 70
17 52
82 0
95 77
61 68
88 87
6 19
52 86
66 30
1 63
10 15
34 94
30 77
1 5
2 30
44 37
85 7
18 4
36 85
82 21
65 85
66 91
7 89
54 25
11 51
94 18
44 84
40 97
29 36
46 69
1 82
47 23
69 80
25 71
53 61
32 46
45 98
92 10
49 60
82 22
5 27
45 14
51 59
14 57
20 97
56 42
31 0
54 78
95 0
31 54
90 60
21 57
52 77
90 13
64 99
0 21
71 37
76 42
48 11
4 32
45 91
40 34
90 3
34 48
80 47
64 19
53 55
87 53
50 68
35 69
40 3
39 2
61 48
45 5
95 4
52 15
11 40
24 48
74 76
89 63
3 76
24 72
58 84
31 92
42 45
95 34
95 51
62 29
37 91
26 78
38 2
