29 89
23 41
79 94
31 76
56 4
0 9
45 9
7 90
76 99
73 83
39 89
29 44
30 46
45 62
90 53
17 47
20 50
14 86
39 88
62 50
30 24
23 57
17 92
25 20
24 66
15 18
44 33
36 9
88 31
23 98
96 80
94 73
12 69
83 89
0 85
85 77
10 11
2 46
59 45
91 42
36 20
66 92
93 11
75 44
43 61
20 15
46 64
75 69
99 60
19 78
1 59
2 62
46 92
37 88
87 42
87 5
82 83
14 98
17 12
5 23
21 48
33 18
43 47
53 17
83 74
39 69
69 79
17 21
46 91
89 80
38 1
92 89
42 21
95 17
19 74
62 93
29 47
36 56
99 3
39 1
82 53
0 85
30 60
52 5
98 30
20 44
50 37
86 65
49 21
10 73
11 4
82 92
14 10
64 1
17 55
48 95
88 51
33 49
14 86
8 94
