54 3
4 9
12 20
48 75
92 52
88 17
83 15
47 96
12 78
52 34
5 18
64 40
75 90
24 93
40 77
4 67
9 54
59 37
70 17
99 18
74 12
41 89
10 31
88 43
72 8
14 79
81 33
91 45
54 19
28 17
59 8
96 94
5 93
84 25
1 44
9 25
64 33
65 66
81 19
5 14
33 23
14 88
6 15
99 91
63 38
91 84
99 86
59 61
2 67
15 92
24 24
94 83
82 80
25 58
94 22
47 34
18 22
89 29
98 32
25 58
11 99
53 92
57 24
84 7
52 93
49 95
75 49
23 80
91 22
91 3
56 61
44 51
51 56
65 45
82 93
95 16
25 93
20 82
4 89
40 55
19 82
53 96
46 24
37 6
54 29
29 89
38 26
26 9
34 44
25 32
69 20
83 69
65 48
48 37
85 53
40 41
80 54
53 95
69 98
73 7
