91 66
17 61
82 9
51 37
25 2
16 46
47 84
18 65
54 76
95 72
38 38
32 75
27 88
9 67
24 3
89 13
89 34
81 1
40 4
39 44
57 5
31 80
75 57
63 24
64 28
84 10
2 83
58 25
93 92
84 6
70 54
37 47
73 49
19 7
98 78
78 30
3 6
93 88
54 17
14 0
65 67
35 58
66 74
54 51
53 31
28 13
82 55
37 22
12 89
65 66
79 59
67 59
76 33
80 55
34 22
87 24
11 67
65 91
5 87
23 65
54 30
17 38
76 35
52 78
42 13
53 24
27 30
41 84
51 80
77 91
89 83
51 73
14 43
47 59
66 49
83 19
52 19
90 74
11 89
67 80
98 38
75 94
94 73
2 72
23 75
61 24
68 40
5 3
52 90
12 36
0 91
5 77
76 13
95 50
41 61
73 26
24 41
2 80
39 32
66 44
