25 28
89 62
20 94
75 3
62 11
51 93
9 38
25 65
30 3
80 32
23 97
51 15
95 67
81 56
54 60
83 47
21 6
46 92
76 24
79 61
88 81
56 93
34 1
89 90
62 67
94 27
26 77
35 11
64 15
45 22
94 31
90 63
92 65
2 14
35 41
74 70
40 10
73 82
18 54
29 77
18 82
85 58
37 8
4 95
61 72
11 31
59 79
96 3
10 62
37 86
96 35
78 94
29 86
49 70
39 97
84 22
84 0
61 34
48 18
49 89
54 61
59 27
44 76
78 53
84 46
46 92
29 18
39 88
0 59
10 10
0 48
78 8
44 60
65 13
16 20
49 66
28 40
55 19
66 57
51 17
55 86
73 6
20 96
11 63
32 12
93 14
77 81
64 8
10 33
52 43
34 67
31 64
12 48
34 89
91 53
85 71
8 88
38 68
86 24
64 80
