84 24
72 39
53 33
2 74
29 9
50 46
27 32
61 68
36 4
59 81
36 77
77 14
7 87
24 21
93 33
57 39
54 20
12 90
19 55
40 93
87 60
8 18
20 74
9 13
88 39
7 12
86 62
86 18
8 95
71 29
13 99
31 67
47 56
63 76
78 68
19 44
70 43
7 41
2 57
11 58
74 22
97 14
7 30
41 44
25 21
34 98
66 90
95 62
94 75
10 78
45 3
98 24
65 43
5 23
48 19
87 15
85 48
54 9
30 12
37 67
58 57
20 13
95 13
31 8
48 36
4 33
6 73
77 70
17 2
38 0
51 94
88 20
39 75
85 4
21 6
6 52
76 16
78 69
28 19
95 78
36 3
67 9
21 78
76 47
52 24
66 77
36 48
6 38
0 44
70 39
72 31
22 84
2 88
17 32
50 84
14 94
65 77
46 68
50 7
6 99
