26 31
75 29
34 94
1 61
57 95
74 96
51 17
23 72
2 95
87 15
85 6
57 46
86 64
22 36
63 26
48 5
62 1
76 68
9 7
40 73
15 23
86 77
49 91
73 73
70 67
94 67
90 79
10 90
85 50
50 1
1 12
68 15
20 99
44 12
38 66
89 33
39 65
1 82
97 99
44 69
91 18
93 63
69 95
57 15
39 52
44 93
5 6
54 45
12 76
88 9
83 82
22 72
61 92
84 83
55 10
65 76
93 2
94 32
69 80
55 14
1 61
19 11
97 86
15 96
82 22
16 74
87 53
72 54
95 4
47 74
21 16
47 40
92 86
88 97
24 21
70 65
13 8
9 86
72 69
93 16
58 87
61 79
40 35
57 30
61 0
27 93
14 53
39 59
28 80
82 34
84 93
17 88
56 48
4 89
51 40
69 23
99 92
30 7
84 38
18 96
