63 57
55 32
48 16
98 41
54 61
82 23
94 68
92 87
53 42
8 26
42 18
88 69
83 68
26 22
9 88
48 13
83 97
36 99
92 57
50 47
18 60
82 45
81 23
40 57
30 3
14 69
91 75
94 49
8 86
32 13
45 66
68 8
62 46
13 70
62 94
95 29
20 58
42 78
35 15
6 56
70 58
77 51
62 33
55 55
78 55
99 0
32 11
61 89
67 89
71 41
64 50
41 49
8 77
18 10
61 18
54 90
48 49
9 21
25 88
83 54
48 60
85 97
29 90
75 96
18 78
92 66
64 28
43 16
52 42
73 3
77 22
17 63
20 45
7 2
62 61
64 70
12 63
91 15
39 7
30 26
40 57
7 46
55 71
76 66
86 34
83 89
8 62
51 14
38 83
35 17
27 44
23 25
54 24
11 39
67 12
93 41
2 30
45 42
17 60
2 11
