40 0
75 78
19 60
25 75
0 93
68 80
99 23
73 43
77 51
6 55
76 19
16 39
44 12
33 55
25 71
55 11
92 55
22 63
65 39
5 79
43 96
36 59
42 92
2 28
72 82
3 79
71 72
72 21
77 82
62 41
41 20
65 97
98 93
7 96
39 37
85 43
6 47
84 29
37 76
8 77
19 84
71 32
48 19
54 7
68 30
67 2
50 56
90 55
56 79
15 71
48 5
97 96
97 80
59 82
91 62
76 59
12 6
1 36
27 10
88 27
79 82
5 24
76 39
93 88
51 43
85 40
4 36
33 9
35 74
54 82
30 61
99 22
90 54
19 64
25 95
5 15
92 59
3 77
60 60
67 81
32 70
60 17
26 23
82 7
7 89
56 12
43 32
76 56
49 76
94 44
16 33
36 85
70 18
29 1
27 0
59 82
36 41
33 70
20 33
38 4
