22 63
8 93
85 23
25 62
82 50
13 3
36 31
5 76
48 78
2 96
44 74
12 72
64 8
70 73
80 70
72 72
49 92
65 61
78 14
24 6
57 76
57 25
37 49
72 69
91 47
4 64
75 39
20 78
71 94
51 98
24 41
49 70
2 4
71 32
80 8
88 63
22 1
15 29
95 14
29 8
48 96
55 63
26 41
28 10
26 71
85 96
32 95
57 68
15 7
13 86
45 73
53 84
29 97
80 42
99 51
1 6
41 60
24 35
2 81
16 64
6 65
91 4
28 64
1 23
96 81
1 2
30 98
76 12
59 67
2 61
21 71
22 16
39 46
80 60
90 91
83 95
68 89
90 1
43 7
65 20
68 94
34 43
66 74
26 39
55 44
86 7
62 52
82 94
63 37
7 69
85 82
19 41
81 65
88 81
4 42
31 43
33 88
61 62
4 21
22 72
