32 89
62 55
0 35
13 72
17 18
22 35
83 62
2 8
27 65
85 50
57 38
24 73
53 21
49 98
58 26
94 64
15 29
9 8
68 23
98 2
77 32
2 74
13 27
30 28
33 31
19 56
95 33
46 48
46 8
57 84
14 59
54 28
93 41
65 56
53 84
9 47
69 41
55 45
51 16
64 47
95 22
41 42
12 52
76 46
97 51
68 63
44 13
29 83
61 61
62 26
95 69
42 2
44 74
36 29
72 70
71 37
13 86
11 76
58 28
23 25
53 11
18 27
45 81
90 39
84 1
4 43
73 85
98 65
55 43
45 26
39 8
5 98
32 10
89 29
38 54
5 78
24 84
59 11
50 15
39 54
8 28
60 58
95 46
43 66
75 91
24 30
32 53
29 18
72 95
0 9
48 95
62 96
65 44
69 90
93 73
38 25
16 4
54 69
94 30
98 68
