81 41
91 90
64 20
16 96
21 13
94 48
80 21
83 62
72 21
8 98
66 47
54 42
58 40
12 99
24 80
7 13
90 18
24 65
73 94
24 77
97 68
83 70
23 28
11 19
33 71
23 65
28 38
21 53
3 70
48 79
90 84
61 60
23 75
57 24
20 24
79 79
94 15
78 55
76 33
41 67
9 81
33 44
10 68
8 59
65 28
58 60
66 52
69 64
49 82
5 94
73 11
8 26
11 58
55 34
84 51
93 9
34 7
38 29
78 45
64 83
68 33
30 65
16 7
68 6
91 87
20 98
85 10
66 75
23 40
47 43
14 25
54 37
20 66
98 69
81 18
5 15
59 1
31 65
12 55
76 54
96 64
32 15
67 14
35 81
63 89
67 78
43 34
30 30
83 33
96 28
50 2
80 41
30 77
52 71
7 13
25 52
82 55
95 18
49 64
51 46
