96 87
75 47
64 0
23 18
44 89
21 64
92 4
4 7
5 81
64 75
63 35
71 63
11 95
73 53
15 75
43 94
6 6
83 84
74 51
40 70
64 70
0 68
12 21
22 15
97 47
64 3
59 56
40 24
32 8
13 51
71 17
40 10
84 73
50 47
35 78
15 32
27 88
60 44
93 19
77 33
95 46
70 18
89 96
51 0
41 79
35 0
99 82
88 15
56 12
20 6
94 33
39 17
50 51
78 69
33 43
17 73
73 80
6 68
90 68
68 44
85 54
15 50
80 64
29 60
82 78
91 31
12 90
51 68
14 89
40 51
92 26
12 24
35 86
48 64
12 0
6 17
31 60
81 63
66 91
70 46
16 7
72 81
54 65
90 44
18 13
80 37
33 35
58 46
15 26
92 17
28 85
11 93
8 10
56 46
38 97
79 25
29 49
3 90
52 77
36 45
