34 33
17 87
21 56
85 21
81 13
36 56
10 32
30 55
93 59
94 88
99 70
51 41
17 26
64 84
0 51
26 65
54 19
3 15
98 83
30 59
10 24
13 93
2 83
36 10
31 51
72 43
52 86
51 77
97 71
85 15
72 94
75 63
46 2
20 48
38 89
29 57
60 95
84 5
93 54
69 10
75 46
25 18
55 80
59 2
64 87
77 91
64 73
51 91
39 79
5 34
51 49
18 83
87 81
18 17
0 8
76 30
44 88
18 71
53 89
76 6
66 63
83 50
18 8
80 48
81 57
0 90
99 88
21 90
56 13
81 78
11 83
74 25
50 54
99 10
40 32
94 52
88 84
59 35
42 97
91 34
58 60
3 28
42 98
37 42
77 12
45 84
41 15
5 0
20 7
56 28
74 61
85 79
73 94
49 13
24 75
84 7
56 93
35 63
5 3
31 65
