64 62
79 87
41 75
8 67
28 12
18 43
62 43
59 54
39 96
26 85
81 4
49 58
35 66
58 3
48 52
6 87
9 63
25 57
17 92
45 53
39 94
41 45
26 75
9 51
45 63
97 91
69 47
0 45
18 8
44 92
88 27
9 70
65 96
83 70
31 67
34 92
52 47
9 64
67 75
78 95
73 65
85 37
9 95
99 55
14 12
4 74
51 74
11 29
41 0
46 92
22 57
2 26
87 3
96 75
19 47
48 19
48 29
77 99
64 79
51 86
52 76
17 88
39 86
27 43
77 52
14 88
58 51
3 62
25 33
53 74
7 23
76 99
52 19
9 12
33 40
30 27
70 28
56 43
61 70
45 65
97 81
69 30
22 25
81 18
78 87
13 17
35 76
82 11
43 2
9 62
87 64
30 45
37 78
70 0
2 62
22 30
6 10
81 5
34 63
74 19
