66 19
63 9
74 51
52 10
81 12
93 41
81 32
47 33
28 71
90 74
12 49
64 81
79 91
38 35
23 89
33 13
0 49
84 47
72 69
47 26
87 0
68 52
90 29
64 50
21 77
62 0
57 9
82 35
84 16
6 67
33 63
81 46
89 67
63 46
80 70
15 88
43 89
2 80
8 64
26 14
9 8
76 23
73 64
48 54
26 99
56 40
54 35
47 78
94 82
42 0
2 12
69 33
44 41
77 78
77 55
65 72
90 17
94 48
79 18
75 32
49 93
35 64
36 94
65 70
51 93
96 34
1 72
24 54
61 88
81 48
98 76
32 27
25 25
78 76
3 39
56 39
20 26
75 29
8 45
26 1
83 53
30 4
80 61
84 24
67 27
55 26
5 50
95 87
50 89
64 29
91 38
86 58
74 75
49 56
35 63
80 98
46 39
72 74
83 90
49 47
