71 84
96 35
67 8
90 41
91 83
1 5
97 71
10 56
53 43
37 14
52 15
18 8
11 53
69 37
61 94
37 95
77 79
43 1
59 97
70 8
62 83
6 54
11 59
0 48
54 79
17 31
61 35
32 32
38 10
95 32
43 54
1 13
20 93
81 27
58 93
43 89
36 11
25 32
56 6
74 0
48 22
16 84
58 48
91 3
80 28
18 30
10 0
71 34
72 7
29 20
72 82
35 54
28 87
34 31
59 95
41 65
92 80
19 19
25 99
33 52
6 82
30 55
58 95
65 19
69 93
55 24
74 74
42 33
11 18
44 8
52 33
70 63
27 95
87 41
74 85
53 80
7 30
95 5
69 94
2 50
38 56
7 0
73 36
95 27
91 67
46 62
87 49
31 34
32 95
67 86
60 51
63 9
80 43
82 18
73 9
81 45
16 39
39 60
91 43
94 99
