20 46
30 24
20 30
22 95
22 55
77 83
1 97
84 16
70 88
68 54
93 88
76 96
27 70
35 37
98 69
7 1
44 25
75 27
95 4
99 24
76 39
16 17
51 39
8 28
72 13
67 53
18 84
77 95
67 8
33 8
15 51
55 37
76 68
9 61
26 44
35 6
26 95
58 82
0 78
96 28
34 0
57 80
64 20
43 6
33 37
80 99
50 99
17 78
87 55
33 87
39 85
98 83
2 84
75 9
85 41
78 42
98 24
75 93
12 70
54 16
99 23
66 85
67 80
47 2
27 62
27 13
70 48
73 4
0 16
8 4
77 11
11 42
48 44
19 63
51 53
1 95
90 0
57 14
34 26
9 76
43 65
75 81
34 50
79 17
62 53
19 29
64 95
22 61
64 82
34 61
68 56
8 83
90 37
78 5
22 67
36 94
45 6
34 16
83 71
91 88
