47 98
9 44
63 39
14 0
66 2
90 4
4 90
77 20
14 51
82 55
73 18
75 1
1 95
78 95
49 6
93 36
58 58
31 22
69 70
0 72
78 15
23 12
71 12
34 42
77 6
3 20
69 90
89 36
54 37
53 25
9 76
81 28
0 9
13 60
44 42
97 65
38 20
32 34
17 9
60 88
85 68
58 63
23 89
76 67
24 41
76 91
89 35
89 82
9 53
38 0
28 35
21 77
81 86
0 58
49 33
95 85
96 74
27 66
75 26
76 47
35 63
95 80
73 74
87 51
23 3
93 34
48 68
93 5
50 22
16 30
98 52
27 11
95 47
66 4
73 41
6 93
99 98
14 25
29 0
93 84
72 76
17 71
56 81
98 49
22 80
20 2
3 15
69 5
76 30
7 50
33 30
35 6
47 16
10 31
81 68
39 62
47 93
23 69
19 66
3 23
