0 1
1 6
1 8
1 10
1 13
1 15
1 19
1 23
1 25
1 27
1 33
1 35
1 37
2 7
2 9
2 14
2 20
2 22
2 24
2 26
2 28
2 30
2 34
2 36
2 38
3 1
3 3
3 5
3 8
3 11
3 13
3 15
3 21
3 25
3 27
3 29
3 33
3 37
4 6
4 12
4 14
4 26
4 28
4 38
5 7
5 9
5 11
5 13
5 21
5 24
5 29
5 32
5 34
5 36
6 5
6 8
6 10
6 12
6 15
6 20
6 22
6 30
6 33
6 37
7 1
7 3
7 11
7 21
7 29
7 31
8 2
8 10
8 12
8 15
8 19
8 22
8 30
8 32
8 34
8 37
9 3
9 6
9 8
9 11
9 14
9 18
9 20
9 29
9 31
9 33
9 35
9 38
10 4
10 7
10 19
10 21
10 27
10 32
10 34
10 36
11 5
11 10
11 12
11 15
11 18
11 31
11 33
11 35
11 37
12 6
12 11
12 29
12 32
12 34
12 36
12 38
13 5
13 7
13 12
13 17
13 21
13 23
13 25
13 33
13 35
13 37
14 8
14 10
14 13
14 16
14 22
14 34
14 36
15 1
15 11
15 21
15 29
15 35
15 37
16 2
16 4
16 12
16 15
16 19
16 22
16 26
16 28
16 30
16 34
16 36
16 38
17 3
17 5
17 7
17 11
17 13
17 20
17 27
17 29
17 31
17 33
17 35
17 37
18 2
18 4
18 6
18 8
18 10
18 12
18 18
18 28
18 30
18 32
18 34
19 3
19 5
19 9
19 13
19 16
19 24
19 29
19 33
20 4
20 14
20 25
20 34
20 37
21 3
21 9
21 15
21 22
21 24
21 28
21 30
21 32
21 38
22 10
22 14
22 16
22 21
22 23
22 25
22 29
22 31
22 33
22 35
22 37
23 6
23 9
23 17
23 22
23 24
23 30
23 32
23 34
23 36
23 38
24 5
24 7
24 10
24 21
24 28
24 31
24 33
24 35
24 37
25 6
25 11
25 13
25 27
25 29
25 34
25 36
25 38
26 4
26 7
26 10
26 12
26 17
26 28
26 35
26 37
27 1
27 3
27 5
27 8
27 13
27 16
27 18
27 27
27 36
27 38
28 4
28 6
28 9
28 14
28 20
28 28
28 31
29 3
29 5
29 15
29 21
29 23
29 25
29 27
29 32
29 35
30 4
30 9
30 12
30 14
30 16
30 20
30 24
30 28
30 31
30 33
30 36
31 3
31 8
31 17
31 19
31 21
31 23
31 32
31 34
32 7
32 22
32 24
32 33
32 38
33 6
33 8
33 12
33 23
33 27
33 29
33 32
33 34
34 1
34 5
34 7
34 11
34 18
34 21
34 24
34 28
34 31
34 33
34 35
35 12
35 17
35 19
35 25
35 27
35 36
35 38
36 1
36 4
36 11
36 13
36 16
36 18
36 20
36 22
36 24
36 26
36 33
36 37
37 3
37 5
37 7
37 10
37 12
37 21
37 23
37 25
37 27
37 31
38 6
38 8
38 13
38 24
38 26
38 28
38 30
38 32
38 34
38 36
0 21
0 29
1 17
5 0
5 3
6 17
7 39
13 27
16 24
18 39
21 1
25 0
25 1
29 39
33 3
37 39
38 0
38 1
38 15
38 19
39 2
39 11
0 23
0 35
0 27
0 25
0 13
0 15
0 33
36 0
2 31
3 0
4 1
1 31
3 31
4 39
6 24
4 21
7 5
4 20
4 22
7 0
7 4
7 6
33 38
34 38
36 2
36 3
9 39
30 38
31 38
12 39
13 18
14 25
13 24
12 18
14 18
12 24
15 0
17 22
17 15
15 4
17 21
17 23
17 14
17 16
22 6
18 1
20 9
20 8
20 10
18 24
19 22
20 22
21 39
22 13
23 14
23 18
23 39
25 31
1 16
25 39
27 0
27 39
29 9
28 10
29 8
2 18
3 19
31 2
2 19
32 30
32 29
13 31
14 32
13 32
37 1
35 1
1 18
27 30
27 31
24 17
25 18
25 17
39 26
39 24
38 14
38 16
39 13
39 8
39 28
39 34
39 36
38 33
4 3
0 7
1 7
34 3
27 10
15 5
26 33
27 34
4 33
26 34
5 33
1 2
1 4
9 24
6 35
10 24
0 4
0 2
5 35
3 23
29 31
2 23
4 8
3 35
2 35
5 8
30 10
31 11
7 33
30 11
8 33
4 30
4 29
6 28
11 20
14 26
19 1
7 16
9 22
32 2
10 11
6 29
11 26
10 20
7 15
11 8
11 11
10 22
16 32
18 25
10 26
10 8
20 29
14 30
12 13
15 23
17 32
25 30
12 12
18 36
15 30
15 27
12 4
21 29
15 7
15 22
16 27
17 36
12 5
16 10
15 8
22 27
16 11
16 6
21 34
17 6
21 27
29 10
22 34
20 35
20 36
19 7
19 11
19 31
37 33
18 7
19 27
18 11
18 31
18 27
24 23
22 4
25 20
21 4
23 23
28 18
31 25
25 21
31 5
29 18
31 24
31 4
26 14
32 20
23 11
28 16
24 12
26 13
31 15
27 25
28 33
30 26
31 20
28 22
25 12
28 12
29 29
31 27
23 10
30 15
29 16
28 25
28 32
26 26
29 26
32 35
29 22
34 13
31 28
28 13
29 28
26 27
32 34
33 36
34 12
35 5
33 10
34 36
36 5
34 10
34 22
38 22
34 23
36 28
37 22
34 16
36 27
35 21
32 9
32 26
36 14
33 19
35 16
37 17
32 8
33 26
33 18
36 21
36 35
36 15
36 17
35 35
16 3
15 3
15 2
21 17
22 18
22 17
30 3
30 2
29 2
15 36
15 38
15 34
33 24
22 9
13 36
26 16
13 34
21 31
31 22
13 0
13 2
37 26
26 36
12 2
13 1
14 1
14 0
17 2
17 1
16 1
16 0
12 0
37 24
22 36
31 18
17 34
11 36
11 34
21 23
24 36
7 2
35 33
11 32
30 13
22 32
21 37
24 34
29 24
31 33
21 25
30 17
32 32
17 12
26 38
26 39
22 30
21 21
34 34
33 1
32 1
32 3
19 38
29 20
24 38
24 39
36 25
38 5
31 7
23 37
25 37
17 30
22 38
22 39
12 31
12 30
11 30
11 29
10 29
10 28
9 28
9 27
9 32
9 34
22 15
23 15
23 16
24 16
29 4
1 26
0 26
29 14
19 34
19 35
18 35
37 11
7 30
27 19
26 19
34 32
20 26
19 26
19 25
28 39
28 38
37 28
35 28
17 26
17 25
16 25
27 4
23 21
20 38
20 39
19 39
13 22
27 17
28 17
36 12
35 26
24 18
28 19
23 31
23 33
27 35
28 35
28 36
29 36
29 37
30 37
8 11
22 22
19 37
18 37
27 37
28 15
27 15
27 14
21 35
16 37
34 25
34 27
21 33
20 33
20 32
19 32
19 30
20 30
19 28
20 28
1 24
0 24
18 9
9 30
2 27
7 22
25 14
25 15
12 33
2 25
35 24
18 5
5 25
30 32
16 33
16 31
35 37
38 38
38 37
18 29
27 20
26 20
38 9
5 12
17 38
17 39
16 39
16 29
36 10
3 28
17 8
8 31
3 30
5 30
5 31
6 31
6 32
7 32
7 34
6 34
6 36
26 18
38 35
39 35
27 2
24 20
10 33
12 21
11 21
11 19
12 19
12 17
11 17
11 16
38 25
39 25
33 33
30 39
18 20
10 38
38 29
39 29
39 30
31 36
31 35
30 35
30 34
29 34
29 33
38 39
6 11
16 23
14 23
14 24
12 37
18 23
19 23
36 19
24 6
9 0
33 7
24 32
25 32
25 33
10 18
30 23
1 38
2 13
3 14
14 9
32 23
15 16
15 17
16 17
27 33
33 35
33 37
32 37
13 6
11 27
11 25
12 25
12 23
11 23
18 33
14 21
14 37
9 19
33 22
35 22
33 21
35 20
32 21
34 20
32 19
34 19
7 37
10 31
38 27
39 27
36 38
36 39
35 39
25 24
24 25
27 23
26 23
37 4
39 37
39 38
0 28
1 28
13 4
25 7
9 16
8 17
5 26
6 26
6 25
13 8
21 18
21 19
20 19
20 20
19 20
19 21
18 21
21 16
20 16
20 15
19 15
19 14
18 14
18 13
13 16
3 12
32 13
32 14
33 14
39 33
39 32
38 7
39 7
39 6
2 8
0 22
1 22
35 31
36 31
36 32
37 32
4 27
38 10
39 10
39 9
11 4
11 3
10 3
10 2
12 7
11 7
11 6
10 6
10 5
9 5
9 4
8 4
8 3
9 2
9 1
8 1
8 0
6 3
6 4
14 17
15 15
14 15
14 14
27 28
37 34
36 34
36 36
37 36
37 37
8 23
9 23
33 31
33 30
34 30
34 29
39 21
38 21
38 20
37 20
13 20
5 38
16 21
16 20
15 20
15 19
14 19
12 15
21 8
19 8
19 6
20 6
20 5
38 31
25 26
25 25
3 22
3 24
4 24
4 25
35 11
18 16
18 17
19 17
19 18
37 30
22 26
23 26
23 25
28 23
27 26
31 31
31 30
30 30
30 29
28 29
28 30
26 29
26 30
9 21
8 21
8 20
7 20
7 19
6 19
6 18
5 18
32 6
32 5
33 5
26 24
27 24
0 39
11 1
30 0
31 0
35 9
34 6
35 6
35 7
36 7
36 8
37 8
37 9
17 28
24 30
24 29
23 29
23 28
22 28
5 22
5 23
6 23
11 9
12 9
12 10
13 10
13 11
14 11
14 12
15 12
15 13
16 13
16 14
4 13
11 38
11 39
10 39
24 22
22 2
23 2
23 3
22 20
25 28
28 21
24 24
26 22
33 39
32 39
6 16
9 25
8 25
8 26
8 29
32 12
31 12
31 14
6 9
26 11
27 11
27 12
29 12
16 16
9 17
35 4
34 4
18 19
17 19
17 18
16 18
2 3
1 3
25 10
31 10
31 9
33 9
33 11
38 23
39 23
14 31
14 29
13 29
13 28
12 28
34 2
35 2
10 0
1 14
0 14
3 4
4 4
4 5
5 5
5 6
6 6
6 7
36 23
37 13
37 14
35 14
35 13
8 35
8 36
9 36
9 37
10 37
31 16
32 16
32 17
8 16
21 14
21 13
20 13
20 12
19 12
19 10
38 12
39 12
39 14
35 0
34 0
26 3
8 14
8 13
9 13
9 12
10 12
10 10
9 10
9 9
8 9
8 8
7 8
14 33
25 35
20 24
28 27
30 21
23 13
24 13
24 11
22 11
8 18
9 15
10 15
10 14
11 14
11 13
34 17
28 3
17 4
22 24
23 35
21 2
23 1
24 1
24 0
7 12
2 33
33 13
13 13
39 16
39 17
37 16
37 18
38 18
4 2
3 2
34 15
33 15
7 28
5 28
27 9
26 9
26 8
26 1
26 0
28 0
28 1
24 27
19 4
21 10
1 11
0 11
4 11
1 34
0 34
37 6
15 10
17 10
30 5
30 6
29 6
1 36
0 36
0 37
1 20
0 20
0 19
21 0
22 0
14 35
30 19
24 9
24 8
23 8
23 7
22 7
23 5
22 5
33 28
30 25
30 27
32 25
32 27
6 21
14 7
16 7
16 5
14 5
16 35
6 38
6 39
5 39
15 28
15 26
13 26
22 3
4 16
3 17
35 18
9 7
8 6
20 3
28 8
28 7
27 7
27 6
26 6
26 5
25 5
25 4
24 4
24 3
3 26
1 9
3 32
4 32
12 35
13 38
13 39
14 39
2 37
30 8
37 2
37 0
18 3
2 11
2 10
3 10
3 9
4 9
4 34
3 34
10 35
0 6
0 8
3 36
4 36
4 37
5 37
6 1
6 0
0 32
1 32
2 21
19 0
19 2
28 5
3 16
2 16
2 15
3 38
3 39
2 39
4 0
1 30
0 30
3 18
4 7
3 7
3 6
2 6
2 5
1 5
38 3
39 3
39 4
7 10
2 29
34 8
3 20
0 16
4 17
5 20
1 1
2 1
2 0
1 12
0 12
5 10
39 1
39 0
0 10
4 15
5 15
5 14
6 14
6 13
8 38
8 39
