0 0
1 4
1 6
1 8
1 10
1 12
1 14
1 22
1 27
1 34
1 36
1 38
2 1
2 3
2 5
2 9
2 11
2 13
2 18
2 23
2 26
2 28
2 30
2 33
2 35
2 37
3 2
3 4
3 14
3 19
3 24
3 29
3 34
3 36
4 1
4 3
4 5
4 8
4 20
4 22
4 30
4 33
4 35
4 37
5 2
5 4
5 6
5 11
5 15
5 21
5 23
5 29
5 31
5 36
5 38
6 1
6 3
6 5
6 7
6 10
6 12
6 14
6 22
6 24
6 32
6 35
6 37
7 2
7 4
7 6
7 8
7 11
7 13
7 23
7 29
7 31
7 33
7 36
7 38
8 1
8 3
8 5
8 9
8 14
8 17
8 21
8 32
8 37
9 2
9 6
9 8
9 10
9 15
9 19
9 26
9 28
9 38
10 7
10 9
10 11
10 13
10 16
10 20
10 22
10 25
10 29
11 3
11 5
11 8
11 12
11 17
11 19
11 21
11 23
11 30
11 34
12 6
12 9
12 13
12 16
12 20
12 22
12 24
12 31
12 33
12 35
13 3
13 5
13 7
13 14
13 17
13 19
13 21
13 29
13 32
13 34
13 36
14 1
14 4
14 6
14 8
14 10
14 13
14 16
14 18
14 20
14 28
14 30
14 33
14 35
15 2
15 5
15 17
15 19
15 21
15 27
15 31
16 3
16 6
16 12
16 14
16 16
16 18
16 20
16 22
16 26
16 38
17 4
17 10
17 13
17 15
17 17
17 19
17 21
17 23
17 25
17 27
17 30
17 34
17 37
18 2
18 5
18 8
18 11
18 14
18 16
18 18
18 20
18 22
18 24
18 28
18 31
18 33
18 36
19 1
19 6
19 9
19 12
19 15
19 17
19 19
19 21
19 23
19 25
19 29
19 32
19 37
20 7
20 10
20 13
20 16
20 18
20 20
20 22
20 26
20 28
20 30
20 33
20 38
21 1
21 17
21 19
21 21
21 27
21 29
21 31
21 34
21 36
22 2
22 13
22 15
22 18
22 20
22 22
22 25
22 28
22 32
22 35
22 37
23 3
23 5
23 19
23 23
23 26
23 29
23 33
23 38
24 2
24 4
24 6
24 11
24 18
24 20
24 22
24 24
24 27
24 30
24 34
25 1
25 5
25 12
25 21
25 23
25 25
25 28
25 35
26 4
26 6
26 8
26 17
26 22
26 24
26 26
26 29
26 36
27 5
27 7
27 16
27 23
27 25
27 30
27 34
27 37
28 1
28 4
28 6
28 8
28 15
28 24
28 26
28 29
28 31
28 33
28 35
28 38
29 2
29 5
29 7
29 11
29 14
29 16
29 19
29 21
29 23
29 25
29 27
29 30
29 32
29 36
30 1
30 3
30 6
30 8
30 10
30 12
30 15
30 17
30 22
30 24
30 26
30 31
30 33
30 35
30 37
31 2
31 4
31 7
31 9
31 11
31 13
31 16
31 23
31 25
31 27
31 29
31 34
31 38
32 1
32 3
32 10
32 12
32 14
32 17
32 22
32 26
32 28
32 30
32 33
33 4
33 11
33 13
33 15
33 21
33 27
33 29
33 31
33 34
34 3
34 12
34 16
34 18
34 20
34 22
34 25
34 32
34 35
34 37
35 4
35 8
35 10
35 13
35 15
35 17
35 19
35 21
35 23
35 26
35 36
35 38
36 5
36 7
36 9
36 11
36 14
36 16
36 18
36 20
36 22
36 24
36 27
36 29
36 32
36 37
37 4
37 6
37 8
37 10
37 12
37 15
37 19
37 23
37 28
37 33
37 36
37 38
38 5
38 9
38 13
38 16
38 18
38 27
38 29
38 32
38 34
0 2
0 17
0 20
0 25
0 29
6 26
11 38
11 39
12 0
13 39
14 24
17 0
22 8
32 19
33 39
37 1
38 0
39 20
39 37
0 12
0 27
1 21
13 1
0 4
1 7
0 6
1 39
0 14
0 22
2 7
2 0
4 0
5 39
8 23
9 32
8 19
12 25
11 25
13 25
14 0
13 37
14 9
12 37
14 37
13 9
15 9
16 39
19 0
21 0
24 10
26 9
26 18
25 18
27 18
2 16
3 17
28 39
2 17
9 31
30 19
29 20
28 20
32 38
30 0
27 12
28 11
27 11
9 34
8 33
9 33
22 7
32 0
10 35
11 36
31 39
11 35
16 35
16 34
0 35
35 39
5 27
3 38
1 35
5 28
3 31
3 37
39 29
3 30
39 27
11 27
3 9
21 38
22 39
35 32
12 27
22 38
4 9
35 31
35 33
39 5
37 39
39 13
39 16
6 25
39 18
32 18
39 34
2 20
7 15
3 20
7 14
8 12
3 6
11 32
7 12
3 5
12 32
25 9
7 34
10 14
7 35
9 4
9 21
10 15
13 23
30 18
8 4
10 21
12 23
9 36
14 22
8 22
12 11
14 21
8 18
9 37
11 11
9 17
13 15
16 8
10 17
16 7
13 16
34 7
15 29
22 9
34 8
14 29
15 13
17 32
16 28
16 13
32 37
18 32
16 27
15 25
16 25
19 4
19 5
22 16
26 31
21 11
34 29
23 14
21 23
18 38
35 29
22 17
21 10
27 31
21 6
22 14
21 22
18 37
27 27
20 6
21 3
22 4
27 21
27 26
33 23
21 2
23 4
27 22
33 22
31 36
24 32
26 2
24 13
30 36
23 32
24 12
25 2
27 14
32 24
27 15
37 30
31 24
37 29
33 36
34 36
28 17
33 17
28 16
34 27
34 17
32 8
35 27
31 8
32 35
32 34
34 5
34 4
36 25
36 3
38 7
37 21
36 4
36 26
37 7
36 21
27 8
27 9
28 9
9 27
30 20
30 21
9 25
5 37
36 36
37 27
5 35
33 20
32 20
32 21
15 26
15 24
5 10
5 30
30 34
31 28
31 26
30 32
3 35
31 22
12 34
27 24
27 29
28 32
3 33
35 37
12 21
4 4
34 13
34 21
14 19
4 2
34 19
28 30
28 34
35 20
3 28
31 12
1 37
14 17
22 19
21 37
20 37
20 36
19 36
12 19
22 29
33 12
29 26
33 14
29 24
14 5
29 22
21 13
29 31
35 14
34 15
37 16
29 15
10 12
22 21
38 14
37 5
35 18
19 2
22 36
12 3
19 26
25 24
36 28
37 11
32 2
37 18
36 15
6 23
35 9
19 16
29 38
35 35
36 19
25 22
23 22
37 37
30 25
19 24
30 27
19 22
28 25
30 11
37 9
14 7
38 17
39 17
0 15
0 16
1 15
1 16
29 8
28 5
24 38
6 29
1 24
30 2
35 22
38 35
7 37
38 15
39 15
39 14
19 28
38 4
39 4
39 3
7 32
32 6
33 6
20 34
36 10
26 5
32 29
1 33
38 28
39 28
15 16
36 8
8 2
32 27
38 26
39 26
39 25
24 16
24 15
23 30
37 14
37 13
36 13
36 12
38 12
39 12
39 11
32 39
35 12
35 11
34 11
34 10
33 10
33 9
32 9
17 24
26 38
26 39
9 29
8 29
8 28
7 28
30 9
7 3
5 22
30 38
30 39
29 39
33 30
34 30
34 31
20 27
32 13
17 16
25 14
26 13
10 34
21 28
38 31
38 30
39 30
17 22
32 11
31 6
31 5
30 5
30 4
31 10
22 12
22 11
23 11
23 10
29 4
29 3
28 3
28 2
17 14
38 23
38 22
39 22
16 1
31 17
31 18
38 2
37 2
37 3
35 3
35 2
34 2
10 10
19 33
24 5
9 7
3 3
26 32
26 30
25 30
25 29
24 29
24 28
23 28
23 27
22 27
22 26
21 26
21 25
20 25
39 9
39 8
38 8
38 6
39 6
13 28
4 21
24 17
25 17
32 4
14 34
35 7
29 18
29 17
27 17
7 7
29 37
28 37
28 36
27 36
27 35
26 35
26 34
25 34
25 33
24 33
39 19
38 19
26 25
38 10
20 12
20 11
19 11
19 10
18 10
18 9
17 9
17 8
6 4
38 38
38 39
39 38
39 39
11 20
24 31
20 21
36 17
18 21
33 28
34 28
38 33
39 33
39 32
20 19
18 19
1 23
0 23
0 24
24 19
25 19
25 20
26 20
26 21
28 21
31 33
10 19
34 26
33 26
33 25
32 25
20 17
37 0
26 37
25 37
38 36
39 36
39 35
18 17
25 36
24 21
39 0
39 1
24 36
24 35
23 18
23 35
23 34
32 7
33 7
12 38
12 39
11 16
22 34
20 29
5 3
21 18
11 22
22 33
28 12
29 12
29 13
30 13
30 14
31 14
31 15
32 15
32 16
33 16
35 5
6 2
33 18
13 35
21 33
21 32
32 23
20 32
20 31
19 31
19 30
18 30
18 29
17 29
17 28
1 19
15 8
7 1
37 20
37 22
38 24
37 24
37 25
6 11
13 13
35 25
35 24
34 24
34 23
29 10
2 4
25 13
27 19
28 19
35 16
30 7
23 20
19 18
20 0
20 1
6 27
33 3
21 20
2 2
17 36
17 35
18 35
18 34
23 16
23 15
29 33
33 5
4 27
4 26
3 26
3 25
2 25
2 24
2 34
36 31
36 30
36 38
36 39
37 34
37 35
14 38
14 39
15 38
15 39
27 38
27 39
7 30
15 28
36 6
11 9
15 30
16 30
16 31
17 31
17 33
22 31
28 7
15 18
28 14
26 28
26 27
25 27
25 26
24 26
24 25
23 25
23 24
22 24
22 23
26 14
11 18
1 9
34 34
34 33
33 33
33 32
32 32
32 31
31 31
31 30
30 30
30 29
29 29
29 28
28 28
28 27
21 16
21 15
20 15
20 14
19 14
19 13
18 13
18 12
17 12
17 11
16 11
16 10
15 10
8 38
23 13
27 4
0 5
1 5
17 18
19 20
26 12
25 15
10 28
11 28
11 29
12 29
12 30
13 30
13 31
14 31
14 32
15 32
15 33
16 21
10 26
11 26
6 38
6 39
7 39
30 16
36 33
6 13
16 19
39 23
35 0
20 23
25 39
15 20
20 9
20 8
19 8
19 7
18 7
18 6
17 6
17 5
16 5
16 4
15 4
15 3
14 3
14 2
13 2
23 2
27 33
10 36
8 36
39 21
12 17
16 17
31 3
25 10
25 11
26 7
13 18
22 1
22 0
23 0
0 21
26 16
25 4
11 13
11 14
12 14
12 15
15 1
15 0
16 0
15 35
15 36
14 36
14 27
21 30
10 23
10 24
11 24
0 31
6 16
6 17
8 26
34 39
34 38
0 7
0 8
10 30
10 31
11 31
11 33
4 29
17 26
31 37
33 37
31 35
33 35
17 20
2 12
3 1
3 0
8 34
8 24
7 24
7 25
13 20
14 15
14 14
15 14
29 1
29 0
28 0
4 34
2 29
15 12
14 12
14 11
11 4
6 34
6 33
5 33
5 32
4 32
4 31
13 0
2 10
3 10
3 11
4 11
4 12
5 12
9 11
8 11
8 10
7 10
7 9
6 9
6 8
5 8
5 7
4 7
4 6
36 23
12 36
16 2
17 2
17 3
18 3
18 4
31 0
31 1
9 14
9 13
8 13
23 6
23 7
24 7
24 8
25 8
24 3
10 38
10 39
9 39
3 13
29 6
20 4
20 3
22 3
22 5
21 5
21 7
27 1
26 1
26 0
25 0
12 5
1 18
0 18
0 19
27 6
2 21
2 22
3 22
3 23
4 23
4 24
5 24
5 25
2 6
0 13
1 13
17 39
17 38
19 38
6 15
4 39
4 38
2 38
2 39
0 39
0 38
8 20
9 20
8 31
2 8
3 8
18 27
13 6
13 4
29 35
9 22
33 0
33 1
5 1
5 0
6 0
1 28
0 28
2 27
2 32
2 31
1 31
1 30
0 30
0 26
1 26
6 31
37 32
8 6
2 19
7 22
7 21
6 21
6 20
5 20
5 19
4 19
4 18
3 18
25 6
1 3
0 3
18 0
18 1
26 3
30 23
15 6
13 33
6 6
28 23
9 9
26 23
5 16
5 17
11 1
10 2
1 11
0 11
0 10
16 37
13 24
13 22
15 22
21 39
20 39
8 15
8 16
9 16
18 25
18 15
9 18
2 14
3 16
3 15
4 15
4 14
5 14
23 37
0 32
7 18
7 17
24 23
24 1
10 8
0 36
0 34
21 35
8 8
13 26
12 12
12 10
13 10
10 1
9 1
9 0
8 0
6 36
13 8
12 8
12 7
11 7
11 6
10 6
10 5
9 5
16 15
10 3
9 3
5 5
7 5
4 36
2 36
1 0
1 1
0 1
23 39
11 2
18 23
11 0
16 23
