0 0
1 4
1 6
1 9
1 14
1 16
1 18
1 22
1 24
1 26
1 29
2 5
2 7
2 10
2 13
2 17
2 19
2 23
2 25
2 32
2 36
3 1
3 6
3 8
3 11
3 16
3 18
3 22
3 27
3 37
4 2
4 7
4 12
4 17
4 31
4 36
4 38
5 1
5 3
5 5
5 8
5 11
5 13
5 15
5 22
5 24
5 28
5 30
5 32
5 37
6 2
6 4
6 12
6 14
6 16
6 18
6 21
6 23
6 25
6 29
6 31
6 33
6 35
7 1
7 3
7 11
7 13
7 15
7 17
7 19
7 22
7 24
7 26
7 28
7 30
7 32
7 34
7 36
8 2
8 4
8 7
8 9
8 12
8 14
8 16
8 18
8 20
8 23
8 25
8 27
8 31
8 35
8 37
9 1
9 3
9 10
9 13
9 15
9 17
9 19
9 21
9 26
9 36
9 38
10 2
10 11
10 14
10 16
10 18
10 20
10 37
11 1
11 3
11 5
11 9
11 12
11 15
11 17
11 19
11 21
11 29
11 31
11 38
12 2
12 4
12 6
12 10
12 13
12 18
12 23
12 30
12 32
13 1
13 3
13 5
13 12
13 14
13 24
13 31
13 33
14 4
14 6
14 13
14 15
14 17
14 25
14 29
14 32
14 34
14 38
15 1
15 3
15 14
15 16
15 18
15 24
15 30
15 33
16 2
16 6
16 17
16 19
16 23
16 29
16 34
17 1
17 5
17 7
17 10
17 20
17 30
17 35
18 12
18 16
18 21
18 23
18 26
18 28
18 31
18 34
18 36
19 1
19 8
19 17
19 19
19 22
19 24
19 27
19 29
19 35
19 37
20 2
20 5
20 7
20 9
20 12
20 25
20 28
20 30
20 33
20 38
21 1
21 3
21 8
21 11
21 13
21 16
21 26
21 29
21 32
22 2
22 4
22 14
22 17
22 20
22 22
22 24
22 27
23 1
23 5
23 7
23 9
23 11
23 15
23 23
23 32
23 36
24 6
24 8
24 10
24 16
24 18
24 25
24 31
24 33
25 1
25 5
25 7
25 9
25 11
25 17
25 19
25 26
25 32
26 2
26 4
26 8
26 15
26 18
26 20
26 22
26 25
26 27
26 30
26 33
26 36
27 1
27 3
27 5
27 9
27 11
27 14
27 23
27 26
27 29
27 37
28 4
28 12
28 15
28 18
28 22
28 24
28 35
28 38
29 8
29 14
29 23
29 25
29 34
30 3
30 11
30 21
30 24
30 27
30 35
31 2
31 12
31 16
31 28
31 34
32 3
32 6
32 11
32 27
32 29
33 2
33 7
33 9
33 16
33 19
33 21
33 23
33 25
33 28
33 30
34 1
34 3
34 6
34 8
34 10
34 13
34 15
34 20
34 22
34 24
34 26
34 29
34 31
34 34
34 38
35 2
35 4
35 9
35 11
35 14
35 16
35 19
35 21
35 23
35 27
35 30
35 33
35 36
36 1
36 3
36 8
36 10
36 15
36 17
36 22
36 28
37 6
37 9
37 11
37 16
37 18
37 23
37 27
37 29
37 36
37 38
38 5
38 8
38 10
38 15
38 22
38 24
38 26
38 28
38 33
38 35
0 12
0 20
0 38
1 39
2 34
6 39
13 21
14 36
16 38
16 39
18 14
21 35
24 39
29 30
38 0
38 1
39 2
39 19
0 24
0 4
0 26
32 9
1 30
0 6
0 16
0 14
0 22
17 12
0 18
0 30
2 30
4 39
4 35
3 0
5 0
7 0
9 0
9 39
11 39
10 26
10 25
10 27
11 23
11 0
13 10
14 39
17 0
19 13
19 12
22 36
24 1
24 0
24 2
24 30
24 34
0 36
17 38
1 37
1 36
0 10
1 11
1 10
28 1
3 32
4 33
4 32
27 0
11 36
12 37
11 37
9 34
10 35
29 9
30 8
9 35
31 24
29 27
28 9
30 36
31 23
31 25
34 0
21 19
21 20
14 35
13 18
14 19
14 18
34 39
37 1
34 36
36 0
2 33
17 24
4 25
1 27
9 5
39 5
29 31
4 24
39 22
17 23
38 25
39 24
39 35
38 32
39 33
37 25
15 22
9 4
1 28
3 13
22 28
23 29
5 26
12 21
20 35
32 38
14 27
15 8
30 38
15 9
15 23
15 27
32 37
11 22
3 4
22 29
3 20
6 26
4 13
17 11
2 4
6 9
2 20
6 8
5 6
5 7
30 7
8 33
7 33
8 29
7 29
5 17
29 26
7 6
26 38
27 39
10 6
27 38
23 34
11 6
32 34
33 35
9 8
7 7
6 17
10 30
33 34
8 8
11 30
9 22
16 32
9 23
12 15
11 33
16 33
13 7
13 15
12 11
11 32
12 8
13 6
12 12
11 8
15 12
18 7
19 7
14 12
16 15
17 8
22 0
17 18
19 3
23 3
15 15
37 32
17 9
38 13
39 14
16 21
22 1
19 2
20 23
16 18
20 17
22 3
38 14
17 21
21 17
19 10
19 23
23 17
21 6
22 25
33 14
24 17
24 20
23 21
22 26
19 9
20 6
22 8
34 14
23 13
20 31
24 19
34 17
22 21
20 32
23 8
22 13
27 32
28 20
22 33
26 28
34 16
24 27
27 7
27 33
25 12
31 14
27 20
22 32
26 29
26 7
25 3
24 26
28 13
29 12
27 17
30 14
25 13
32 17
29 16
26 3
30 12
28 36
27 18
28 14
29 15
28 37
32 16
32 13
32 4
32 5
32 12
32 22
33 22
35 25
36 24
34 25
36 23
36 13
36 14
34 32
36 20
34 33
35 38
38 37
36 38
38 17
35 20
37 37
37 17
37 7
39 9
37 8
38 9
14 37
12 34
13 35
13 34
30 9
30 10
17 26
16 26
15 25
30 28
29 28
29 29
28 29
9 2
13 23
12 24
11 24
11 25
32 33
31 33
9 37
9 25
34 9
4 30
4 22
7 2
6 34
8 36
7 4
6 30
15 6
6 32
29 33
34 2
7 35
6 28
34 7
26 37
25 37
25 36
24 36
36 27
2 24
8 26
14 33
2 22
36 9
38 34
39 34
6 24
4 37
36 16
34 23
34 21
39 32
8 28
8 30
8 34
8 32
9 32
9 31
10 31
10 29
6 22
38 39
38 23
39 23
38 27
37 35
16 30
36 11
14 16
5 29
39 25
39 26
19 28
13 25
13 26
14 26
14 28
34 30
33 20
23 10
11 2
38 20
38 21
39 20
39 21
37 28
8 24
33 29
23 6
33 24
31 27
29 24
39 36
38 36
1 15
0 15
13 13
30 39
31 39
31 38
37 22
7 18
32 30
19 18
20 18
20 19
17 2
9 20
7 16
25 25
6 13
32 28
18 13
17 13
38 38
39 38
39 39
38 3
23 37
22 37
34 19
36 30
36 31
9 18
27 22
12 31
3 31
2 31
37 12
37 13
35 24
35 26
37 24
37 26
30 18
31 18
1 17
0 17
21 28
21 27
20 27
20 26
19 26
19 25
18 25
18 24
26 14
35 13
35 12
34 12
34 11
33 11
33 10
32 10
37 5
13 32
9 16
5 23
37 39
22 23
28 23
7 12
25 18
12 28
36 4
24 7
30 32
30 31
31 31
30 34
35 3
29 35
29 36
27 36
27 35
26 35
26 34
25 34
25 33
8 13
31 29
22 35
23 35
23 33
21 33
17 34
34 37
35 37
35 39
36 29
35 29
35 28
34 28
34 27
33 27
33 26
32 26
32 25
39 28
39 29
38 29
38 30
37 30
37 31
29 38
18 15
19 15
19 16
20 16
16 24
20 13
20 14
21 14
21 15
22 15
22 16
23 16
23 18
22 18
22 19
37 19
36 19
36 18
35 18
35 17
11 16
12 16
12 17
13 17
6 11
4 8
29 18
29 19
28 19
39 18
38 18
38 16
30 16
30 17
31 17
32 35
31 35
31 36
37 33
36 33
36 34
35 34
35 35
34 35
31 21
32 21
32 23
35 22
33 18
33 17
5 4
15 2
31 1
31 0
30 0
5 2
0 19
1 19
28 16
28 17
27 15
27 30
11 18
30 20
30 23
30 22
29 22
29 21
28 21
33 31
33 32
21 12
2 16
36 21
33 39
33 38
31 6
31 7
32 7
32 8
33 8
26 17
26 16
25 16
25 15
24 15
35 32
35 31
0 13
1 13
32 2
24 23
24 22
21 2
37 10
36 36
25 10
30 25
30 26
38 4
39 4
39 3
32 19
31 19
19 36
20 36
20 37
25 30
25 31
26 31
26 32
28 32
28 31
7 38
26 21
17 6
18 6
18 5
19 5
4 3
3 3
3 2
26 19
26 1
26 0
25 0
12 14
11 14
11 13
10 13
10 12
9 12
9 11
8 11
8 10
7 10
7 9
39 8
39 10
6 5
6 6
8 15
29 7
18 35
12 5
3 36
3 35
2 35
26 9
2 6
1 25
0 25
26 26
15 34
15 35
16 35
16 36
17 36
17 37
18 37
20 1
25 8
7 23
5 12
37 3
37 2
36 2
12 1
12 0
13 0
11 28
11 27
12 27
29 5
30 4
5 9
5 10
24 9
35 1
35 0
25 6
24 11
24 12
23 12
24 24
23 24
23 25
28 26
28 25
27 25
27 24
26 24
26 23
25 23
25 22
18 17
17 17
17 16
16 16
8 6
8 5
3 7
8 1
8 0
2 14
3 14
3 15
4 15
4 16
5 16
17 31
17 32
18 32
18 33
19 33
19 34
20 34
7 31
16 28
17 28
17 29
18 29
18 30
19 30
19 31
21 31
21 30
13 2
3 21
3 19
16 7
16 8
18 8
10 38
10 39
26 39
25 39
37 0
16 1
16 0
15 0
18 1
18 0
19 0
16 10
16 11
15 11
15 13
12 35
12 36
7 27
5 31
5 18
4 18
9 27
1 23
0 23
21 0
23 0
21 22
20 22
20 21
19 21
19 20
18 20
18 19
17 19
12 29
13 29
13 30
14 30
14 31
15 31
15 32
38 11
21 25
21 24
20 24
1 1
6 1
6 0
22 5
21 5
21 4
20 4
20 3
10 15
20 11
20 10
21 10
21 9
22 9
26 11
26 12
27 12
27 13
23 30
23 31
33 3
33 4
34 4
34 5
35 5
35 6
36 6
36 7
3 12
2 12
2 11
29 4
29 3
28 3
28 2
27 2
16 5
26 5
4 11
31 4
31 3
3 5
4 5
4 6
28 34
0 11
10 5
10 7
9 7
9 9
10 9
10 10
11 10
11 11
13 11
0 9
39 1
39 0
28 0
24 5
16 3
4 1
4 0
23 22
13 9
12 9
12 7
14 7
14 8
10 0
10 1
14 5
25 20
23 20
30 2
31 11
20 29
38 7
38 6
39 6
6 15
37 15
16 14
11 20
12 20
12 19
13 19
0 21
1 21
30 5
33 1
33 0
13 4
22 7
21 7
5 21
35 10
28 39
18 3
18 10
18 11
23 27
23 28
25 27
25 28
27 28
27 27
10 34
10 33
12 33
13 38
12 38
12 39
13 39
29 13
35 8
18 22
35 15
14 3
15 4
10 36
29 11
28 11
28 10
27 10
31 15
31 13
33 13
33 15
8 38
8 39
7 39
23 14
39 13
39 12
11 4
20 8
14 14
23 4
23 2
25 2
25 4
10 21
10 22
18 27
2 18
2 38
15 29
14 24
28 5
28 6
27 6
14 1
10 19
17 4
2 29
3 29
3 28
4 28
4 27
5 27
27 4
24 32
27 8
28 8
5 25
8 22
8 21
7 21
7 20
6 20
6 19
9 14
1 5
0 5
8 19
3 25
3 26
2 26
2 27
0 27
5 35
5 36
6 36
6 37
7 37
14 21
14 22
23 39
16 22
16 20
15 20
15 19
19 38
12 22
20 39
21 39
21 38
15 39
15 38
0 29
0 31
3 23
0 2
0 3
1 2
1 3
39 15
17 39
18 39
33 6
7 14
2 1
2 0
1 0
5 14
7 25
12 3
22 11
10 3
15 17
8 3
10 17
6 3
3 33
1 33
1 32
8 17
0 7
1 7
1 8
2 8
2 9
3 9
3 10
3 17
3 38
3 39
2 39
5 33
2 37
5 38
5 39
0 37
0 35
0 39
