0 0
1 1
1 3
1 6
1 10
1 12
1 17
1 22
1 24
1 28
1 30
1 32
1 34
1 36
2 2
2 4
2 7
2 9
2 11
2 13
2 16
2 18
2 23
2 25
2 29
2 31
2 33
2 35
2 37
3 1
3 3
3 5
3 8
3 10
3 12
3 19
3 21
3 28
3 30
3 32
3 34
3 36
4 2
4 4
4 6
4 9
4 11
4 13
4 15
4 20
4 22
4 29
4 31
4 33
4 35
5 1
5 3
5 5
5 7
5 10
5 12
5 14
5 18
5 21
5 23
5 27
5 30
5 32
5 34
5 36
6 2
6 6
6 8
6 11
6 19
6 22
6 24
6 26
6 29
6 31
6 33
6 35
6 37
7 1
7 3
7 5
7 9
7 15
7 18
7 20
7 23
7 25
7 30
7 32
7 34
7 38
8 2
8 4
8 6
8 14
8 19
8 29
8 31
9 1
9 3
9 13
9 28
9 30
9 35
9 37
10 2
10 6
10 8
10 12
10 14
10 20
10 25
10 29
10 36
10 38
11 5
11 11
11 13
11 15
11 19
11 21
11 24
11 26
11 28
11 35
11 37
12 1
12 12
12 14
12 16
12 18
12 20
12 22
12 25
12 27
12 29
12 34
12 36
12 38
13 2
13 6
13 8
13 13
13 15
13 17
13 19
13 21
13 23
13 26
13 28
13 30
13 35
13 37
14 5
14 9
14 11
14 14
14 16
14 18
14 20
14 22
14 24
14 27
14 29
14 31
14 38
15 10
15 12
15 15
15 17
15 19
15 21
15 23
15 30
16 1
16 5
16 14
16 16
16 20
16 22
16 24
16 29
16 37
17 2
17 6
17 15
17 17
17 19
17 21
17 23
17 25
17 28
17 31
17 38
18 1
18 7
18 10
18 14
18 16
18 24
18 26
18 36
19 2
19 5
19 8
19 11
19 13
19 15
19 19
19 21
19 23
19 25
19 27
19 29
19 31
19 37
20 6
20 12
20 14
20 16
20 18
20 24
20 26
20 30
20 32
20 35
20 38
21 5
21 7
21 10
21 13
21 15
21 17
21 23
21 25
21 31
21 33
21 36
22 2
22 4
22 6
22 8
22 11
22 16
22 18
22 21
22 26
22 29
22 32
22 37
23 1
23 3
23 5
23 7
23 9
23 12
23 17
23 22
23 25
23 27
23 33
23 36
23 38
24 2
24 4
24 6
24 8
24 10
24 15
24 18
24 20
24 23
24 28
24 32
24 34
24 37
25 1
25 3
25 5
25 9
25 11
25 19
25 24
25 29
25 33
26 2
26 4
26 6
26 8
26 10
26 12
26 18
26 20
26 22
26 30
26 32
26 34
26 36
27 1
27 3
27 5
27 9
27 11
27 13
27 17
27 19
27 21
27 23
27 29
27 31
27 33
27 35
28 2
28 4
28 6
28 8
28 10
28 12
28 14
28 18
28 20
28 22
28 24
28 30
28 32
28 34
29 3
29 5
29 7
29 9
29 11
29 13
29 17
29 19
29 21
29 23
29 25
29 31
29 33
29 38
30 2
30 8
30 10
30 12
30 18
30 22
30 24
30 26
30 32
30 34
30 36
31 13
31 23
31 25
31 27
31 29
31 31
31 33
32 7
32 17
32 19
32 21
32 26
32 28
32 30
32 32
32 38
33 5
33 8
33 18
33 20
33 22
33 27
33 29
33 31
33 36
34 1
34 4
34 9
34 26
34 28
34 30
34 32
34 37
35 2
35 8
35 10
35 12
35 17
35 29
35 31
35 33
35 38
36 1
36 3
36 6
36 9
36 11
36 13
36 15
36 22
36 28
36 30
36 34
37 2
37 4
37 7
37 10
37 12
37 14
37 18
37 20
37 23
37 27
38 3
38 6
38 11
38 13
38 15
38 19
38 22
38 24
38 26
38 28
38 30
38 33
0 26
4 39
14 0
15 35
21 0
26 39
32 10
35 20
37 37
38 35
39 35
39 37
16 0
0 24
15 1
0 12
0 30
0 3
0 36
29 39
3 25
32 39
16 4
0 34
0 32
0 28
3 0
4 16
5 0
7 0
7 39
10 39
12 39
14 35
16 35
13 3
12 3
14 3
14 39
15 5
17 39
18 0
19 28
18 28
20 28
20 39
23 39
23 0
23 13
22 13
24 13
25 15
25 25
0 18
1 19
1 18
26 37
25 37
27 37
7 21
8 22
7 22
9 32
10 31
9 31
32 13
33 13
32 12
32 14
14 7
13 7
16 7
17 8
17 7
34 0
33 1
33 2
35 18
35 39
1 8
2 8
39 26
39 30
39 28
35 15
3 23
8 34
7 36
4 23
39 3
9 34
37 17
39 15
38 34
38 36
39 24
39 19
36 17
38 17
39 33
6 17
6 36
6 13
5 25
6 18
37 38
5 13
6 25
31 10
34 20
5 28
26 24
27 25
8 24
7 10
15 2
27 24
9 18
5 16
7 24
5 29
7 11
17 4
9 26
11 7
2 19
8 18
10 7
9 9
10 26
9 15
9 8
9 14
15 6
18 32
15 26
18 31
12 5
15 27
13 5
15 8
25 14
16 11
24 25
15 9
21 34
23 31
15 11
23 32
21 35
15 13
15 14
18 3
18 2
34 18
21 27
21 26
20 4
20 5
24 30
21 19
25 30
21 18
24 16
24 17
26 28
26 29
28 36
27 15
36 32
28 35
33 33
35 32
28 15
34 6
29 29
33 32
30 28
34 5
30 6
29 30
31 28
30 20
29 6
30 16
29 20
31 8
31 35
35 25
31 18
29 16
32 8
35 26
30 35
32 18
34 11
13 9
35 11
36 24
37 24
37 5
39 7
37 6
38 7
37 21
37 22
11 36
37 30
11 34
37 28
37 26
12 37
12 35
35 30
23 37
35 34
35 28
9 36
16 28
21 32
10 37
20 15
33 30
20 13
34 31
33 28
3 16
3 15
2 15
2 14
10 35
36 12
34 29
26 21
22 36
26 35
26 19
8 38
14 30
20 17
28 11
6 34
33 26
7 33
8 33
8 32
36 2
36 14
35 14
35 13
28 9
18 19
28 31
26 31
37 15
26 11
10 3
36 27
18 38
26 9
28 21
37 3
32 31
29 32
15 38
37 11
9 38
9 39
8 39
34 27
28 19
32 29
10 13
21 38
36 10
36 18
36 16
35 16
38 29
39 29
32 27
20 1
27 4
6 30
5 33
8 35
7 35
26 17
17 33
17 34
6 3
7 37
8 37
15 22
8 3
36 29
30 38
8 30
31 32
12 28
30 13
34 8
31 30
4 30
4 36
15 20
13 22
4 21
17 32
33 38
37 13
13 31
27 6
33 7
33 6
32 6
32 5
28 13
25 32
8 5
5 38
5 31
38 27
39 27
13 20
20 31
28 5
36 35
18 15
19 38
19 39
18 39
29 24
38 23
39 23
39 22
25 20
19 30
28 17
4 34
11 38
11 39
6 21
6 20
5 20
5 19
4 19
4 18
3 18
15 24
16 38
16 39
15 39
32 3
32 2
31 2
13 18
14 28
13 27
24 38
25 38
24 39
25 39
37 19
19 26
38 2
39 2
39 1
27 20
38 14
39 14
39 13
22 38
22 39
21 39
12 30
35 1
35 0
36 0
21 16
28 7
22 17
19 1
19 0
20 0
19 24
16 33
16 34
27 32
19 14
39 11
39 10
38 10
38 9
37 9
37 8
36 8
36 7
35 7
35 6
18 37
17 37
17 36
16 36
31 26
7 31
38 12
22 33
22 34
23 34
23 35
24 35
24 36
25 36
23 4
15 37
14 37
14 36
13 36
10 28
28 38
27 38
27 39
28 39
38 31
38 32
39 31
39 32
19 32
19 33
20 33
20 34
30 1
30 0
33 0
32 0
31 38
31 39
30 39
21 37
20 37
20 36
19 36
19 35
18 35
18 34
15 4
14 4
27 30
26 7
20 2
21 2
8 7
2 12
11 25
14 33
30 25
26 1
25 4
33 14
32 20
38 25
39 25
17 1
17 0
22 7
35 37
35 36
34 36
34 35
33 35
18 13
3 13
13 38
13 39
30 37
29 37
29 36
27 36
11 27
15 18
4 12
12 15
34 2
34 3
35 3
35 4
36 4
36 5
38 5
38 4
39 4
34 38
34 39
33 39
37 1
32 25
12 13
15 0
30 3
6 38
6 39
5 39
28 3
39 16
38 16
39 34
24 19
14 2
16 2
5 22
39 8
39 6
38 18
39 18
3 4
24 9
29 34
3 11
17 24
39 20
38 20
38 21
36 21
36 20
20 29
21 29
21 30
22 30
22 31
24 31
24 29
23 29
23 28
22 28
22 27
20 27
6 23
29 2
30 11
31 11
31 12
30 31
14 15
11 20
29 12
21 14
22 14
22 15
23 15
23 16
25 16
34 33
32 33
32 34
31 34
31 36
32 36
32 37
33 37
38 38
38 39
39 38
39 39
31 24
5 35
37 36
39 36
5 37
28 29
30 29
12 32
12 33
13 33
13 34
14 34
30 27
29 27
29 26
28 26
28 25
16 15
10 32
10 33
2 17
18 11
37 34
37 33
36 33
36 31
30 23
6 32
31 14
31 15
30 15
30 33
29 8
6 5
30 17
31 17
31 19
30 19
4 10
24 1
24 0
25 0
27 12
2 10
30 9
31 9
31 7
30 7
30 5
26 25
30 21
31 21
31 22
32 22
32 23
33 23
33 24
34 24
34 25
26 3
36 25
36 23
28 23
12 26
26 5
26 33
17 14
35 9
4 3
14 19
21 24
22 3
33 12
34 12
34 10
33 10
33 9
19 22
25 34
36 39
36 38
12 19
23 2
28 1
28 0
27 0
10 30
14 6
16 6
18 17
3 33
25 6
16 19
3 31
11 18
14 32
15 32
15 31
16 31
16 30
17 30
17 29
18 29
29 4
29 18
19 16
33 21
34 21
34 22
35 22
26 23
25 23
25 22
24 22
24 21
23 21
23 20
22 20
22 19
4 32
16 8
14 8
19 20
27 8
24 33
25 18
20 19
29 14
25 8
28 33
15 29
24 3
27 34
23 8
18 25
33 19
34 19
27 2
23 18
34 17
33 17
33 16
32 16
25 2
16 25
16 26
17 26
17 27
18 27
17 22
10 24
17 20
33 4
17 18
14 17
10 10
11 9
13 29
27 18
26 13
26 14
27 14
22 12
21 12
21 11
20 11
20 10
19 10
19 9
18 9
18 8
20 25
27 16
22 0
22 1
2 24
3 24
3 22
2 22
2 21
1 21
15 16
2 26
3 26
3 27
4 27
4 28
6 28
6 27
6 7
17 12
16 12
16 13
10 19
9 19
9 20
8 20
8 21
24 7
25 12
24 12
24 11
23 11
23 10
22 10
22 9
21 9
21 8
20 8
20 7
19 7
19 6
18 6
18 5
17 5
11 29
29 10
22 25
13 16
14 26
14 25
13 25
13 24
12 24
12 23
11 23
11 22
10 22
10 21
13 1
13 0
12 0
17 3
19 3
19 4
21 4
9 12
8 12
8 13
5 26
5 24
31 4
38 0
2 3
4 5
19 12
8 23
9 23
16 17
17 16
27 10
8 25
9 25
24 14
9 27
8 27
8 28
25 10
11 12
9 17
10 17
24 5
23 26
24 26
24 27
25 27
25 28
5 11
2 36
10 9
12 17
22 5
14 13
14 12
13 12
13 11
12 11
7 26
18 23
1 33
0 33
3 9
16 10
17 10
1 2
0 2
0 1
27 28
27 27
7 8
2 30
3 35
11 10
20 21
21 21
21 22
22 22
22 23
23 23
23 24
24 24
20 23
29 22
13 14
2 32
16 23
19 18
2 38
3 38
0 38
12 8
11 8
10 11
23 6
14 23
7 14
6 14
6 15
5 15
3 20
18 21
9 29
6 1
6 0
8 9
8 10
1 16
5 17
1 13
1 11
0 13
0 11
0 14
0 10
21 6
16 21
27 22
0 6
0 7
1 7
1 9
2 34
7 19
11 16
7 29
11 14
10 15
8 15
8 16
7 16
7 17
6 12
14 21
6 10
6 9
5 9
5 8
4 8
4 7
3 7
3 6
2 6
2 5
1 5
1 4
0 4
5 4
2 28
12 21
11 4
12 4
12 6
11 6
8 1
8 0
9 0
10 5
3 29
7 2
5 2
10 1
11 1
11 2
12 2
4 14
4 1
4 0
9 2
14 10
1 38
1 37
0 37
0 35
1 35
3 2
2 39
3 39
9 6
0 31
1 31
2 1
2 0
1 0
0 39
3 37
7 6
0 19
0 20
5 6
9 4
7 4
1 23
0 23
0 22
0 17
0 29
1 29
0 27
1 27
1 25
0 25
