0 1
1 2
1 4
1 6
1 11
1 14
1 16
1 18
1 20
1 27
1 29
1 31
1 37
2 5
2 7
2 10
2 19
2 21
2 28
2 30
2 35
2 38
3 1
3 4
3 6
3 8
3 11
3 18
3 20
3 27
4 5
4 7
4 9
4 12
4 14
4 16
4 19
4 21
4 23
4 25
4 31
4 34
4 37
5 1
5 3
5 6
5 13
5 15
5 18
5 22
5 26
5 30
5 32
5 35
6 2
6 10
6 12
6 19
6 21
6 33
6 36
6 38
7 3
7 5
7 7
7 9
7 11
7 13
7 15
7 20
7 22
7 29
7 32
7 37
8 4
8 6
8 8
8 10
8 12
8 16
8 25
8 27
8 30
8 38
9 2
9 5
9 7
9 11
9 15
9 24
9 26
9 28
9 31
9 33
9 36
10 1
10 6
10 16
10 22
10 25
10 27
10 29
10 34
11 2
11 5
11 7
11 10
11 12
11 14
11 17
11 21
11 23
11 28
11 33
11 35
11 38
12 1
12 3
12 6
12 11
12 15
12 18
12 22
12 29
12 32
13 2
13 7
13 16
13 19
13 21
13 23
13 25
13 28
13 30
13 33
13 35
13 37
14 1
14 3
14 5
14 8
14 11
14 14
14 18
14 20
14 22
14 24
14 32
14 36
15 2
15 4
15 6
15 12
15 15
15 19
15 21
15 23
15 26
15 33
15 35
15 37
16 3
16 5
16 7
16 9
16 11
16 13
16 18
16 20
16 22
16 27
16 30
16 34
16 36
17 1
17 4
17 6
17 8
17 10
17 12
17 14
17 19
17 21
17 23
17 37
18 2
18 7
18 11
18 13
18 22
18 30
18 34
18 38
19 3
19 8
19 10
19 12
19 23
19 28
19 31
19 33
19 35
19 37
20 4
20 9
20 11
20 13
20 22
20 24
20 29
20 34
20 36
21 3
21 10
21 12
21 14
21 16
21 25
21 35
21 37
22 2
22 8
22 13
22 15
22 21
22 26
22 29
22 33
22 36
23 4
23 6
23 14
23 16
23 25
23 37
24 5
24 10
24 12
24 15
24 17
24 20
24 22
24 24
24 26
24 29
24 32
24 34
24 36
24 38
25 6
25 8
25 11
25 13
25 16
25 18
25 23
25 25
25 27
25 35
25 37
26 1
26 5
26 7
26 9
26 12
26 14
26 17
26 24
26 26
26 30
26 32
26 34
26 36
27 2
27 4
27 6
27 8
27 10
27 13
27 15
27 27
27 31
28 1
28 3
28 5
28 7
28 9
28 14
28 16
28 18
28 22
28 38
29 2
29 8
29 12
29 17
29 21
29 23
29 27
29 31
30 1
30 16
30 18
30 20
30 24
30 26
30 28
30 30
30 33
31 2
31 5
31 14
31 17
31 19
31 25
31 27
31 29
31 34
31 38
32 1
32 3
32 10
32 12
32 18
32 23
32 26
32 28
32 30
32 33
32 35
32 37
33 2
33 4
33 6
33 9
33 11
33 13
33 19
33 24
33 29
33 36
33 38
34 1
34 3
34 5
34 10
34 12
34 14
34 17
34 23
34 25
34 28
34 30
34 37
35 4
35 13
35 15
35 18
35 24
35 26
35 29
35 31
35 38
36 1
36 3
36 5
36 12
36 14
36 16
36 27
36 30
36 32
37 2
37 4
37 7
37 20
37 28
38 1
38 3
38 8
38 10
38 18
38 21
38 23
38 26
38 33
38 36
0 9
2 24
14 39
19 18
20 0
20 20
20 39
21 31
22 39
23 0
26 39
28 34
37 39
38 38
39 6
39 15
39 30
39 38
0 11
0 4
0 16
1 15
0 14
38 37
38 32
0 27
39 21
2 15
2 39
39 35
38 34
38 35
35 20
36 20
5 0
6 26
6 25
6 27
8 17
10 0
15 16
14 16
16 16
17 15
18 15
18 39
31 39
20 31
22 31
19 32
22 22
28 39
24 21
24 39
23 21
25 21
38 14
39 13
38 13
28 27
1 32
2 33
1 33
28 26
28 28
28 0
6 34
7 35
30 0
6 35
32 0
36 7
29 33
38 9
8 20
9 19
9 20
37 9
39 9
36 38
33 39
31 37
20 6
21 5
20 5
2 25
18 0
19 1
35 39
18 1
37 30
11 25
37 32
39 32
12 25
2 12
39 3
5 9
2 11
39 23
39 18
38 22
5 37
1 22
1 8
39 26
19 26
6 37
1 21
6 9
19 19
7 24
27 34
10 8
13 12
3 29
1 7
3 13
18 26
4 17
4 13
8 24
10 7
13 11
4 10
2 29
10 18
10 11
24 1
25 2
4 18
25 1
34 35
35 36
4 11
9 9
11 18
11 11
6 6
34 36
8 9
12 13
7 18
7 6
21 22
6 16
6 18
11 13
18 32
6 15
6 23
11 30
6 22
8 32
12 8
9 3
11 29
22 11
19 14
9 32
12 7
21 17
9 4
19 13
36 6
21 11
21 18
12 27
12 28
17 28
15 28
36 37
15 27
17 27
17 31
32 14
33 15
13 17
20 2
33 14
13 18
18 24
20 3
13 31
18 5
17 30
35 34
36 33
29 5
37 22
15 8
18 23
13 32
17 5
36 34
30 5
16 8
16 32
16 38
15 32
16 37
22 34
23 27
22 35
26 22
21 28
27 25
30 3
23 26
30 2
26 23
26 25
23 33
21 29
24 33
33 34
32 31
38 11
25 29
26 3
27 17
32 32
32 34
29 29
26 29
30 22
27 3
28 17
30 29
29 22
31 15
31 16
28 24
28 23
32 5
33 5
34 7
33 8
36 10
37 15
33 7
36 11
36 15
36 23
36 24
38 27
38 28
28 37
24 0
0 32
0 31
3 23
2 23
2 22
0 22
32 2
33 33
33 35
37 33
21 15
21 13
32 36
19 11
33 37
32 29
38 0
19 9
33 28
28 31
5 34
5 33
4 33
4 32
36 4
8 39
22 1
22 0
21 0
36 2
10 5
35 3
32 27
21 2
19 2
19 0
17 0
25 32
8 26
31 28
17 13
32 11
26 27
12 35
35 30
10 33
17 11
36 0
31 33
23 22
32 22
32 21
22 20
23 20
6 11
33 23
26 31
31 26
36 13
32 9
35 25
36 31
37 31
37 3
30 27
27 28
29 28
29 30
38 5
8 11
29 16
5 21
29 18
17 7
30 25
6 3
28 2
24 35
31 20
38 24
38 25
39 24
39 25
24 6
8 7
17 9
34 13
24 16
6 32
30 7
31 7
8 5
34 29
12 33
26 37
26 13
34 4
29 20
31 18
38 2
39 2
39 1
39 22
36 8
37 8
29 7
29 6
28 6
34 38
34 39
29 9
30 9
30 8
31 8
34 8
34 9
35 9
35 10
28 4
29 4
29 3
24 11
30 17
24 23
38 4
39 4
39 5
36 39
38 16
26 6
35 5
35 6
34 6
37 10
28 15
29 26
27 26
27 24
29 24
16 29
16 28
33 3
39 8
39 7
38 7
24 25
25 17
19 34
23 15
31 3
31 4
32 4
32 6
31 6
37 5
37 6
25 26
19 16
15 5
39 27
37 27
37 26
36 26
34 24
34 11
39 10
37 29
36 29
36 28
35 28
35 27
34 27
34 26
33 26
33 25
32 25
32 24
31 24
31 23
30 23
18 35
28 10
30 21
6 39
35 14
28 19
33 20
32 13
31 13
31 12
30 12
30 11
29 11
38 19
28 8
20 35
8 13
24 2
23 2
23 3
22 3
22 4
21 4
24 4
24 37
31 1
31 0
32 38
32 39
33 1
33 0
34 0
6 13
37 1
26 2
26 4
13 3
32 17
33 17
33 18
34 18
34 19
35 19
39 12
25 34
39 14
15 20
15 3
18 21
27 5
14 21
38 17
39 17
39 16
34 2
35 21
34 21
34 22
26 8
2 20
25 24
19 36
35 1
27 7
21 36
29 1
29 0
14 28
35 23
37 23
37 21
37 16
37 14
21 26
20 32
20 33
21 33
21 34
23 34
23 32
22 32
26 19
19 17
20 17
20 16
22 25
27 9
22 30
10 21
20 14
18 14
20 30
19 30
19 29
18 29
18 28
23 5
27 1
27 0
26 0
31 35
30 35
30 34
29 34
17 34
29 38
29 39
30 38
30 39
11 6
14 35
33 10
15 18
9 27
38 20
39 20
39 19
25 7
18 16
12 21
23 29
26 33
26 35
27 33
27 32
27 35
27 36
15 11
9 25
28 21
27 21
27 22
25 22
16 21
20 25
19 25
19 24
17 24
17 25
10 28
22 16
22 17
32 19
16 23
23 17
31 10
23 18
24 18
24 19
25 19
25 20
26 20
22 37
7 1
30 19
37 19
37 18
36 18
36 17
35 17
35 16
34 16
34 15
25 5
27 14
35 12
37 12
31 30
31 31
30 31
30 32
29 32
23 36
33 30
33 31
34 31
34 32
35 32
35 33
16 33
16 31
18 31
18 33
2 18
19 27
20 27
20 28
22 27
22 28
24 27
24 28
25 28
25 30
24 30
24 31
6 20
14 19
14 33
7 21
8 21
8 22
9 22
9 23
10 23
10 24
11 24
5 31
16 35
32 15
2 4
23 24
39 33
39 34
33 12
30 15
30 14
29 14
29 13
28 13
28 12
27 12
27 11
35 35
26 11
26 10
25 10
25 9
24 9
24 8
23 8
23 7
22 7
22 6
21 6
20 23
21 23
21 24
26 18
27 18
0 38
27 39
27 38
10 26
11 26
11 27
20 37
1 12
1 13
0 12
0 13
23 10
22 10
22 9
21 9
21 8
20 8
13 27
13 26
14 26
14 25
15 25
15 24
20 10
35 37
37 37
37 36
19 4
18 4
18 3
17 3
17 2
16 2
16 1
15 1
15 0
14 0
4 1
4 0
3 0
4 24
27 16
26 16
26 15
25 15
25 14
24 14
24 13
23 13
23 12
22 12
4 38
3 38
14 2
2 6
19 7
19 6
18 6
14 4
25 36
22 14
3 21
39 36
39 37
39 31
0 15
27 30
4 6
10 31
10 30
9 30
9 29
8 29
8 28
7 28
7 27
13 24
11 1
11 0
12 0
12 2
13 20
0 20
18 8
18 37
6 1
6 0
7 0
3 7
7 17
7 16
3 12
3 14
2 14
13 1
16 19
15 30
14 30
14 31
12 31
12 30
4 27
4 28
5 28
3 5
5 38
17 20
10 2
10 3
11 3
11 4
12 4
12 5
13 5
13 6
14 6
14 7
15 7
1 17
0 17
0 18
20 21
21 21
20 19
18 19
29 36
15 34
7 36
8 36
8 37
9 37
9 38
10 38
10 39
11 39
12 23
7 2
8 2
8 3
9 16
9 17
10 17
10 19
15 9
14 9
14 10
8 15
5 16
5 17
5 36
4 36
4 35
3 35
3 34
2 34
4 20
9 6
7 4
8 19
7 19
16 10
4 30
3 30
3 31
2 31
2 32
3 17
3 16
2 16
19 22
25 38
25 39
23 39
23 38
11 20
3 28
4 26
3 26
3 25
11 34
1 38
1 39
0 39
9 1
9 0
4 39
3 39
7 34
7 33
8 33
16 6
14 37
5 25
7 25
7 23
5 23
25 12
4 15
7 14
0 25
18 10
5 2
17 22
11 8
11 9
13 8
0 34
0 35
1 35
1 36
2 36
2 37
3 37
14 23
0 37
7 8
2 27
5 27
8 31
7 31
7 30
6 30
6 29
5 29
16 4
15 22
7 10
13 22
11 22
16 15
16 14
15 14
15 13
14 13
14 12
7 38
12 12
12 14
13 14
13 15
14 15
21 38
21 39
17 18
17 17
16 17
5 14
1 3
1 5
0 3
0 2
0 5
0 6
0 10
1 10
14 17
12 17
12 16
11 16
11 15
10 15
10 14
9 14
1 30
16 26
13 34
39 39
38 39
5 19
4 8
5 8
5 7
6 7
13 29
20 12
3 19
6 5
5 5
5 4
4 4
4 3
3 3
3 2
2 2
2 1
1 1
1 0
1 19
9 8
9 10
10 10
10 12
9 12
4 22
11 32
5 10
3 10
3 9
2 9
2 8
0 8
18 12
39 29
12 19
1 25
1 26
0 26
19 38
19 39
17 39
17 38
15 38
15 39
9 34
9 35
10 35
10 36
11 36
11 37
12 37
12 38
13 38
13 39
16 12
0 24
1 28
0 28
0 29
7 12
12 10
15 36
13 36
5 12
17 36
