0 0
1 5
1 7
1 14
1 16
1 18
1 20
1 23
1 25
1 28
1 31
2 4
2 10
2 13
2 17
2 19
2 24
2 27
2 29
2 34
3 2
3 9
3 11
3 18
3 20
3 23
3 35
4 1
4 3
4 8
4 10
4 12
4 14
4 16
4 24
4 34
4 36
5 2
5 9
5 11
5 15
5 23
5 25
5 37
6 1
6 8
6 10
6 12
6 14
6 16
6 18
6 24
6 26
6 29
6 32
6 34
6 36
6 38
7 2
7 4
7 6
7 9
7 11
7 15
7 17
7 25
7 27
7 33
7 35
8 3
8 7
8 23
8 26
8 29
8 31
8 34
8 36
8 38
9 2
9 8
9 11
9 18
9 21
9 24
9 30
9 32
9 37
10 3
10 12
10 14
10 19
10 22
10 31
10 38
11 9
11 11
11 13
11 23
11 25
11 27
11 30
12 3
12 8
12 10
12 19
12 21
12 24
12 28
12 33
13 4
13 6
13 9
13 11
13 13
13 15
13 20
13 22
13 29
13 34
14 5
14 7
14 10
14 14
14 23
14 25
14 30
14 33
14 35
14 38
15 4
15 8
15 18
15 20
15 24
15 26
15 32
15 34
16 1
16 3
16 11
16 14
16 16
16 19
16 23
16 25
16 27
16 33
16 35
16 37
17 4
17 7
17 10
17 15
17 24
17 26
17 28
17 32
17 34
18 5
18 8
18 11
18 14
18 19
18 25
18 27
18 37
19 1
19 3
19 9
19 20
19 26
19 32
19 38
20 2
20 4
20 6
20 8
20 10
20 21
20 25
20 30
20 33
21 3
21 5
21 7
21 9
21 11
21 17
21 19
21 22
21 24
21 29
21 35
21 37
22 4
22 8
22 10
22 12
22 15
22 18
22 20
22 23
22 25
22 28
22 30
22 32
22 36
23 2
23 9
23 13
23 21
23 26
23 31
23 33
24 3
24 5
24 22
24 27
24 30
24 32
24 34
24 36
25 6
25 9
25 15
25 18
25 21
25 23
25 28
25 31
25 33
25 35
26 2
26 5
26 7
26 10
26 13
26 19
26 22
26 24
26 29
26 36
27 1
27 3
27 8
27 11
27 14
27 18
27 20
27 23
27 25
27 30
27 37
28 4
28 7
28 9
28 12
28 19
28 21
28 24
28 28
28 31
28 33
28 36
28 38
29 5
29 11
29 14
29 17
29 20
29 22
29 25
29 27
29 29
30 1
30 3
30 6
30 18
30 21
30 23
30 26
30 28
30 30
30 33
31 2
31 4
31 7
31 9
31 11
31 14
31 22
31 24
31 27
31 29
31 34
32 3
32 5
32 8
32 10
32 12
32 15
32 20
32 23
32 26
32 28
32 30
33 2
33 4
33 6
33 9
33 13
33 16
33 19
33 27
33 29
33 31
33 33
34 1
34 3
34 7
34 10
34 12
34 15
34 20
34 22
34 24
34 26
34 28
34 30
34 32
34 34
35 2
35 8
35 11
35 16
35 19
35 21
35 23
35 25
35 27
35 31
35 35
36 1
36 3
36 7
36 9
36 12
36 15
36 17
36 20
36 22
36 36
37 2
37 8
37 10
37 13
37 16
37 18
37 21
37 23
37 25
37 31
37 37
38 6
38 9
38 11
38 22
38 24
38 29
38 35
38 38
0 33
1 2
4 29
6 20
7 20
10 5
10 34
11 16
12 39
13 0
22 0
23 39
24 38
25 39
30 38
30 39
32 0
32 38
32 39
35 39
36 5
38 0
39 1
39 3
39 17
39 27
37 29
39 29
1 6
0 7
0 20
0 16
0 14
1 15
0 18
2 6
1 32
0 25
6 19
6 21
6 39
8 15
9 26
9 17
9 25
9 27
8 39
8 17
10 17
10 39
11 38
12 18
15 30
16 0
14 39
19 39
21 38
21 39
20 38
22 38
17 1
18 1
4 26
5 27
29 38
5 26
3 4
28 39
4 5
4 4
2 36
3 37
30 0
3 36
9 34
9 6
10 7
9 7
12 35
13 36
13 35
34 0
0 2
17 22
18 23
17 23
19 11
20 12
20 11
38 31
39 31
38 28
36 0
20 0
21 1
38 30
38 32
20 1
4 32
3 25
3 21
5 32
3 24
3 22
39 6
39 9
39 22
39 24
39 11
2 15
24 17
25 16
3 29
1 21
25 17
1 22
7 13
9 9
36 4
1 26
3 13
12 34
11 34
11 33
3 7
5 0
1 27
6 13
7 28
9 10
2 32
4 13
3 33
3 8
5 1
7 29
39 35
11 4
3 34
8 5
8 14
15 29
11 3
7 5
9 13
8 12
10 1
10 13
10 24
13 27
8 11
10 2
13 28
11 24
13 24
15 6
13 2
12 26
11 26
13 3
14 6
15 10
14 24
17 38
29 9
16 10
17 12
30 9
17 37
16 21
17 11
16 17
34 36
35 37
32 34
33 35
19 15
15 21
24 25
35 36
21 26
18 6
33 34
18 35
18 21
17 20
16 18
23 25
18 7
21 25
17 19
19 21
22 6
21 33
31 35
19 18
17 35
19 5
23 19
19 34
29 34
20 23
23 11
22 33
30 12
24 7
21 6
18 18
31 36
36 38
37 39
25 26
38 36
39 37
26 34
27 35
23 4
19 33
38 37
22 19
20 5
23 37
21 23
37 38
30 11
22 11
24 6
25 34
28 10
29 33
24 4
27 36
25 27
23 36
28 13
28 11
29 7
28 14
30 7
31 31
31 30
27 32
34 5
28 32
33 5
36 32
36 31
31 25
37 27
31 26
36 27
32 18
35 29
35 33
32 19
34 29
34 33
33 14
33 23
33 15
34 23
34 17
34 16
35 13
38 12
35 12
38 13
12 15
12 16
13 16
10 36
11 37
10 37
3 3
2 3
2 2
13 33
5 24
32 33
31 33
36 25
30 14
32 29
16 4
33 3
15 31
14 31
14 32
33 10
6 4
6 17
32 27
19 8
3 19
31 28
34 27
34 25
33 30
6 15
34 31
33 28
0 32
0 31
24 9
7 26
15 25
8 37
36 37
36 39
38 39
21 30
33 26
13 21
2 35
1 35
1 34
0 34
21 28
24 35
23 32
14 20
6 35
1 24
0 24
0 23
30 29
4 25
2 25
2 26
0 26
30 27
25 22
23 34
24 33
38 7
25 32
27 16
6 37
26 15
15 23
30 22
34 19
23 30
25 36
19 10
18 10
18 9
17 9
17 8
16 8
16 7
15 7
28 25
15 5
21 10
36 23
38 26
6 33
35 22
35 20
21 8
27 15
36 8
29 28
30 32
30 31
29 31
29 30
28 30
28 29
27 29
27 28
26 28
6 2
31 10
36 2
38 23
39 23
34 11
32 31
31 8
34 2
12 9
21 4
26 16
24 13
25 13
25 14
26 14
22 35
37 24
38 8
39 8
39 7
14 4
0 37
1 38
7 16
8 16
9 38
9 39
27 17
28 17
28 18
29 18
29 19
3 10
30 19
30 20
31 20
31 21
37 22
32 21
32 22
33 22
31 3
22 29
22 24
31 23
14 15
14 13
38 4
26 38
32 9
36 6
37 6
37 7
28 20
11 39
29 21
33 24
32 24
32 25
12 13
2 37
1 37
27 24
4 39
22 9
1 39
34 38
13 14
30 25
30 24
29 24
29 23
28 23
28 22
27 22
27 21
26 21
26 20
25 20
25 19
35 28
35 30
28 27
38 25
39 25
39 26
35 15
27 19
10 30
0 38
15 33
20 9
37 20
37 19
36 19
36 18
35 18
35 17
33 17
33 18
31 18
8 2
19 25
8 18
7 18
7 19
24 1
38 18
39 18
39 19
4 2
5 10
26 18
37 9
37 26
37 28
15 14
33 32
0 36
34 21
35 24
35 26
33 20
39 32
4 37
4 38
5 38
5 39
39 28
39 21
38 21
1 17
0 17
39 30
37 30
7 38
7 39
32 4
35 7
13 5
13 19
11 19
13 18
14 18
11 18
10 18
38 10
39 10
28 37
29 37
29 36
32 2
36 16
23 10
23 12
23 8
23 7
22 7
20 29
31 15
30 17
30 16
29 16
29 15
17 25
38 5
39 5
39 4
12 1
4 15
5 12
29 26
27 38
27 39
26 39
14 1
37 17
35 1
35 0
17 14
8 30
16 24
24 21
12 20
10 16
10 15
36 21
32 11
26 25
26 26
27 26
17 33
20 35
20 34
21 34
13 12
1 4
0 19
1 19
38 2
39 2
33 38
33 39
34 39
5 16
37 0
37 1
9 3
10 32
5 3
37 3
37 4
3 39
22 31
26 37
26 23
35 3
35 4
34 4
34 6
2 20
2 21
0 21
4 35
23 1
23 0
24 0
19 0
21 0
18 29
18 30
17 30
28 3
29 3
29 4
30 4
30 5
31 5
31 6
32 6
32 7
33 7
33 8
12 11
34 8
34 9
35 9
35 10
36 10
36 11
37 11
37 12
24 31
34 37
0 15
21 2
22 2
22 3
23 3
22 5
23 5
5 19
5 18
4 18
4 17
3 17
3 16
2 16
29 39
4 0
6 0
33 0
33 1
18 13
18 12
19 12
37 33
37 32
27 2
28 8
29 8
35 32
35 34
36 34
36 35
37 35
37 36
32 35
2 14
3 14
25 7
25 8
26 8
26 9
27 9
27 10
39 12
29 10
4 20
4 21
5 21
5 22
20 3
9 1
9 0
8 0
1 0
2 0
39 14
30 34
30 35
6 9
39 36
3 5
2 5
39 38
3 12
2 12
2 11
1 11
1 10
29 6
28 6
28 5
27 5
27 4
26 4
26 3
25 3
25 2
24 2
1 13
0 13
0 12
25 24
24 24
24 23
23 23
23 22
22 22
22 21
21 21
21 20
20 20
20 19
19 19
21 36
11 8
10 8
10 9
34 35
28 34
28 35
26 35
15 38
7 10
17 27
20 17
19 17
18 22
18 20
16 20
16 22
20 37
19 37
19 36
18 36
14 26
14 27
15 27
11 12
31 38
31 39
26 33
27 33
24 26
27 7
18 34
8 4
8 6
16 28
16 29
17 29
21 32
20 32
20 31
19 31
19 30
18 28
19 28
19 27
20 27
20 26
11 36
12 36
12 32
10 6
6 11
27 31
26 31
26 30
25 30
25 29
24 29
24 28
23 28
23 27
22 27
22 26
4 9
19 14
20 14
20 15
21 15
21 16
22 16
22 17
17 31
8 9
8 8
7 8
7 7
6 7
6 6
5 6
5 5
20 39
11 1
11 0
12 0
1 8
0 8
0 9
3 1
14 29
12 6
12 7
13 7
13 8
14 8
14 9
15 9
15 11
14 11
15 1
15 0
14 0
20 22
20 24
30 2
5 36
15 3
4 11
12 4
10 4
2 7
4 7
10 11
39 16
38 16
38 15
37 15
37 14
36 14
36 13
7 3
26 6
32 16
34 13
34 14
0 6
0 5
16 12
16 13
18 24
32 14
32 13
31 13
31 12
18 15
18 16
17 16
17 17
15 17
15 16
12 2
7 36
2 30
3 31
15 35
14 2
9 36
9 35
8 35
16 2
17 2
17 3
18 3
18 4
19 4
19 6
17 6
17 5
4 23
16 36
29 12
29 13
39 0
18 38
18 39
24 16
24 15
23 15
23 14
22 14
22 13
21 13
21 12
27 13
27 12
26 12
26 11
25 11
25 10
19 2
17 0
7 12
7 14
9 12
9 14
9 19
9 20
10 20
10 21
11 21
11 22
12 22
12 23
13 23
12 25
13 25
12 27
11 14
24 18
23 18
23 20
31 1
31 0
29 0
29 1
28 1
2 9
22 39
21 18
7 21
8 21
8 22
9 22
9 23
10 23
10 25
15 19
22 37
24 37
18 32
2 28
3 28
3 27
4 27
6 23
7 23
7 24
8 24
8 25
24 39
25 5
5 8
2 23
16 38
16 39
15 39
9 31
5 29
5 30
6 30
6 31
7 31
7 32
8 32
8 33
9 33
5 14
27 0
26 0
26 1
3 30
6 25
11 31
0 3
0 1
33 12
2 33
38 34
39 34
4 33
7 1
16 32
13 10
11 10
15 37
14 37
14 36
2 31
13 30
12 30
12 29
11 29
11 28
10 28
10 27
14 22
8 27
8 28
6 28
6 27
9 29
4 31
1 30
1 29
0 29
0 28
2 18
16 15
14 34
18 26
16 34
13 38
13 39
20 7
7 34
16 26
5 34
