0 1
1 9
1 11
1 22
1 28
1 30
2 7
2 10
2 12
2 27
2 31
3 8
3 13
3 26
3 28
3 30
3 34
3 36
4 9
4 29
4 35
4 37
5 21
5 28
5 30
5 36
5 38
6 3
6 5
6 12
6 14
7 2
7 6
7 27
7 30
7 33
8 9
8 26
8 28
9 19
9 21
9 25
9 27
9 29
9 36
10 8
10 10
10 22
10 26
10 30
11 3
11 15
11 27
12 14
12 16
12 37
13 7
13 13
13 17
13 26
13 35
14 6
14 11
14 18
14 20
14 22
14 27
14 34
14 36
15 7
15 10
15 14
15 19
15 21
15 30
15 35
16 6
16 16
16 18
16 22
16 31
16 38
17 1
17 4
17 7
17 12
17 27
17 30
17 37
18 2
18 19
18 23
18 25
18 31
18 38
19 1
19 3
19 20
19 22
19 24
19 32
19 34
19 37
20 2
20 12
20 14
20 19
20 21
20 23
20 33
21 13
21 15
21 20
21 24
21 28
22 10
22 16
22 21
22 23
22 27
22 38
23 3
23 6
23 11
23 17
23 28
23 32
23 36
24 1
24 7
24 10
24 15
24 29
24 31
24 33
24 35
24 37
25 11
25 16
25 28
25 32
25 36
26 10
26 15
26 17
26 19
26 23
26 25
26 27
26 29
26 31
26 35
26 37
27 11
27 14
27 16
27 18
27 24
27 26
27 28
27 30
27 36
27 38
28 1
28 8
28 10
28 15
28 17
28 23
28 27
28 29
28 35
28 37
29 18
29 22
29 28
29 38
30 7
30 19
30 21
30 23
30 27
30 29
30 37
31 6
31 17
31 22
31 28
31 33
31 36
32 16
32 18
32 21
32 24
32 26
32 29
32 34
33 1
33 3
33 15
33 17
33 19
33 30
34 4
34 10
34 12
34 14
34 18
34 24
34 29
34 31
35 13
35 19
35 22
35 30
35 32
36 1
36 4
36 8
36 14
36 17
36 21
36 26
36 28
36 31
36 37
37 2
37 5
37 10
37 12
37 15
37 22
37 25
37 27
37 32
37 38
38 4
38 6
38 13
38 16
38 21
38 24
38 30
38 33
0 5
0 18
0 20
0 34
0 36
0 38
1 20
1 39
2 0
2 5
3 3
3 19
4 16
5 0
5 24
6 17
7 23
8 14
8 16
8 38
9 1
9 34
9 38
10 12
11 5
11 19
11 34
12 24
13 4
13 9
13 29
15 3
19 9
21 30
24 20
24 23
26 21
34 39
21 29
21 31
6 23
8 23
0 30
6 21
4 10
5 22
6 38
9 20
7 7
11 22
8 20
10 20
9 37
9 39
10 9
10 36
11 10
10 3
9 9
10 2
10 4
13 11
14 28
14 33
16 23
20 28
22 9
22 6
25 7
27 39
29 39
33 21
30 8
11 24
30 24
33 20
33 22
33 0
34 8
35 7
35 8
36 19
34 28
36 7
30 34
30 33
14 38
15 39
14 24
15 38
13 24
37 39
39 6
34 33
35 34
39 21
20 0
21 1
20 1
35 33
1 19
27 32
28 31
7 14
16 2
4 15
27 31
12 19
10 13
13 8
16 1
10 16
28 13
9 33
29 14
28 14
10 15
11 35
24 19
19 8
17 14
3 11
1 13
17 13
1 25
28 6
29 5
30 13
39 36
8 7
12 1
24 25
25 5
3 38
25 0
15 28
4 12
3 37
7 4
26 5
4 7
1 32
22 7
25 8
21 9
5 34
4 25
33 32
20 27
24 26
4 13
25 1
38 36
3 25
6 4
30 12
2 32
4 34
13 21
36 18
16 20
6 31
3 7
29 4
33 31
14 13
2 13
19 30
27 6
14 16
2 11
0 25
17 18
11 29
21 17
22 19
20 10
23 22
17 22
6 30
16 29
29 30
15 20
20 25
22 14
14 21
19 13
15 13
20 35
18 30
28 21
38 31
39 32
20 11
14 17
22 20
17 5
10 29
18 33
18 22
19 39
21 16
16 30
18 18
27 2
38 32
22 22
29 29
21 14
20 24
20 13
28 25
29 21
17 32
20 34
19 38
19 33
17 6
27 1
27 25
24 13
25 18
17 31
29 16
24 14
26 18
28 16
27 20
34 16
23 38
33 16
27 19
24 38
34 2
33 2
26 12
26 11
31 38
31 37
16 33
32 35
15 33
34 26
32 36
34 25
35 11
35 15
35 23
13 31
38 11
37 23
39 27
35 5
35 20
33 9
35 14
35 24
37 11
34 11
38 27
37 24
35 4
33 10
35 21
37 3
37 4
21 2
32 7
35 31
31 7
31 29
23 25
25 25
23 33
31 21
8 0
9 0
29 27
13 33
13 34
29 37
16 7
27 29
27 27
33 18
27 37
29 1
32 33
32 32
31 32
2 6
27 23
24 3
24 4
22 4
34 32
24 2
23 2
23 1
20 20
10 25
11 25
11 26
12 26
12 27
13 27
13 28
22 24
23 35
13 10
14 10
27 35
13 12
14 12
13 14
14 14
10 23
11 23
20 22
25 3
25 4
31 16
28 30
30 30
30 31
28 18
12 38
21 38
18 20
11 21
10 21
24 6
25 6
10 19
23 4
23 5
22 5
26 9
26 8
27 8
22 3
18 1
9 18
3 22
25 37
20 15
23 10
23 9
24 9
24 8
21 12
11 14
11 13
12 13
12 7
12 8
11 8
11 9
25 35
25 29
14 7
14 8
15 8
15 9
16 9
16 10
21 21
25 27
39 24
34 19
34 20
36 20
10 11
11 11
3 21
4 21
4 22
9 13
9 14
25 31
15 18
2 22
21 23
18 24
15 6
18 15
18 14
19 14
19 21
19 12
18 12
18 11
17 11
6 15
29 19
9 28
38 19
3 1
16 14
16 15
15 15
15 16
13 16
14 5
13 5
13 6
2 28
23 27
5 6
30 15
29 15
29 17
30 17
30 18
31 18
31 19
32 19
32 20
16 17
17 17
17 16
27 15
19 23
17 38
16 12
12 15
19 19
26 36
26 30
21 33
6 22
37 21
35 26
33 26
22 26
37 26
2 4
3 4
26 26
24 36
37 6
15 11
30 20
18 26
19 26
25 33
15 36
25 15
16 27
15 27
15 26
14 26
14 25
13 25
38 17
37 17
26 16
2 34
15 22
15 23
14 23
4 18
5 19
36 22
36 23
37 31
37 30
36 30
36 29
35 29
35 28
24 21
23 21
23 23
12 3
13 3
28 38
28 39
3 14
3 15
2 15
2 16
1 16
6 16
7 16
7 15
33 24
1 37
0 37
17 19
16 19
16 21
17 21
17 23
28 9
3 29
10 27
8 21
8 22
9 22
6 2
5 2
5 3
20 7
37 37
36 27
26 14
17 26
17 25
16 25
13 30
14 30
14 31
15 31
6 10
6 9
5 9
8 11
7 12
39 19
39 20
38 20
15 29
4 1
4 0
3 0
17 29
17 28
18 28
18 27
19 27
4 26
4 24
1 35
0 35
5 29
9 24
8 24
8 25
6 18
5 18
39 17
39 16
38 1
39 1
31 8
32 8
32 9
31 0
23 18
23 19
21 19
5 5
4 5
4 6
37 28
5 14
5 15
6 20
5 20
25 23
25 22
26 22
28 36
21 27
2 18
2 19
0 19
33 38
23 12
23 13
22 13
6 24
4 28
29 23
29 24
28 24
28 26
28 28
4 19
19 36
19 35
21 35
21 36
22 36
22 37
23 37
23 39
22 39
38 5
39 5
39 4
26 20
28 20
28 22
10 7
19 29
20 29
19 31
20 31
20 32
2 2
3 2
8 27
26 24
36 32
33 5
33 6
34 6
31 4
31 3
19 2
6 11
7 11
30 28
27 17
21 25
20 18
20 17
19 17
19 16
26 38
26 39
25 39
24 34
14 19
6 7
6 6
8 19
7 19
11 32
10 32
19 25
7 9
7 13
6 13
24 0
26 0
13 18
12 18
12 17
11 17
11 16
36 2
36 3
37 1
37 0
36 0
38 23
38 22
39 22
29 35
29 34
28 34
38 18
37 18
33 14
32 14
32 15
29 13
31 13
1 3
4 32
15 0
22 34
27 4
38 3
38 2
39 2
9 26
3 27
8 12
15 34
16 34
16 35
17 35
17 36
4 17
3 17
22 28
22 29
23 29
22 32
22 31
23 31
26 28
35 36
34 37
34 23
34 22
2 24
1 24
2 26
1 23
1 26
1 27
1 29
0 29
0 28
32 22
32 23
31 23
31 24
35 18
35 17
34 17
5 27
6 27
6 28
7 28
7 29
8 29
8 30
9 30
10 37
11 37
7 1
34 15
7 36
6 36
6 35
28 11
29 11
29 10
33 29
33 28
32 28
32 27
31 27
31 26
30 26
36 15
36 16
37 16
12 0
13 0
13 1
14 1
18 7
18 8
17 8
29 8
29 7
28 7
32 6
31 5
30 5
30 6
36 38
36 39
35 39
9 16
38 34
12 20
13 20
13 22
33 4
32 4
32 3
22 17
30 38
30 39
28 5
27 10
5 10
19 5
19 4
18 4
12 32
12 31
8 10
9 10
30 22
36 5
25 19
3 33
34 9
25 17
24 17
24 16
23 16
23 15
22 15
4 8
5 8
9 6
8 6
8 5
7 5
16 32
18 32
18 34
25 13
25 12
27 12
27 13
3 35
39 0
38 7
39 7
39 37
39 35
21 7
21 8
20 8
38 29
24 30
14 35
3 31
34 34
33 34
33 35
31 34
31 35
28 0
26 2
28 2
31 1
32 1
32 0
6 0
7 34
7 35
7 3
5 37
6 37
8 36
8 37
5 33
6 33
0 39
26 34
34 5
32 38
32 39
33 39
34 36
24 28
9 2
8 2
39 28
39 26
36 34
30 3
0 15
0 14
1 14
1 12
0 12
0 11
5 35
10 35
9 35
34 7
11 28
11 30
23 7
19 10
21 10
9 8
8 8
19 6
20 6
20 4
20 3
6 39
5 39
2 39
2 38
4 38
7 26
38 15
38 14
37 14
37 13
36 13
36 12
35 12
35 10
36 10
36 9
37 9
37 8
0 9
11 33
10 33
25 10
0 33
1 33
1 31
0 31
18 37
20 37
32 17
9 4
11 4
11 6
35 37
30 0
35 1
34 1
34 0
8 39
10 39
1 10
15 2
21 0
22 0
30 36
15 4
16 4
16 5
38 39
38 38
33 37
36 36
28 32
29 32
32 25
10 31
1 21
0 21
0 22
20 39
18 39
4 30
8 33
8 32
7 32
7 31
5 31
37 33
24 11
1 1
1 0
11 1
11 2
16 39
14 39
14 37
13 37
13 36
12 36
12 35
4 36
34 13
18 5
39 31
39 30
36 25
17 2
17 3
18 3
3 10
3 9
2 9
2 8
1 8
1 7
0 7
0 6
38 25
0 4
3 12
5 12
2 30
19 0
2 36
16 37
39 13
39 12
38 12
38 10
39 10
39 9
26 32
24 32
33 12
32 12
32 11
31 11
34 3
22 11
39 33
34 30
17 0
0 17
32 30
