0 0
1 22
1 36
2 2
2 15
2 23
2 26
2 30
2 35
3 3
3 6
3 8
3 13
3 16
3 18
3 25
4 2
4 4
4 7
4 19
4 27
4 29
4 34
5 8
5 28
5 35
6 4
6 9
6 14
6 17
6 27
6 36
7 2
7 5
7 7
7 21
7 25
7 32
7 37
8 1
8 3
8 6
8 8
8 17
8 20
8 22
8 24
8 36
9 2
9 4
9 16
9 18
9 25
9 30
9 32
9 38
10 5
10 10
10 15
10 22
10 24
10 31
10 33
10 35
11 9
11 23
11 25
11 29
11 32
11 34
11 36
12 5
12 15
12 18
12 20
12 22
12 26
12 28
12 30
12 33
12 35
13 10
13 16
13 19
13 21
13 27
13 29
13 34
13 37
14 9
14 11
14 17
14 22
14 28
14 38
15 3
15 8
15 10
15 12
15 15
15 18
15 31
16 2
16 4
16 9
16 22
16 25
17 3
17 5
17 7
17 10
17 18
17 21
17 26
17 28
17 32
17 34
18 4
18 15
18 19
18 29
18 36
18 38
19 3
19 20
19 22
19 37
20 6
20 15
20 21
20 23
20 26
20 38
21 1
21 14
21 20
21 27
21 29
21 31
21 33
22 9
22 13
22 19
22 21
22 26
22 28
22 38
23 20
23 22
23 31
23 37
24 3
24 13
24 17
24 21
24 28
24 30
24 32
24 35
25 2
25 4
25 8
25 10
25 29
25 31
25 33
25 36
26 1
26 3
26 7
26 9
26 21
26 30
26 35
27 2
27 4
27 6
27 8
27 23
27 31
27 36
28 7
28 12
28 30
28 32
28 35
28 37
29 2
29 19
29 23
29 33
29 38
30 1
30 15
31 25
31 38
32 3
32 18
32 24
32 30
33 1
33 13
33 19
33 29
34 12
34 14
34 24
35 8
35 10
35 13
35 15
35 29
35 33
36 9
36 12
36 14
36 28
36 34
37 8
37 13
37 15
37 35
38 1
19 38
38 9
38 12
38 14
38 36
0 5
0 7
0 10
0 12
0 14
0 16
0 25
0 34
1 5
1 10
1 12
4 23
4 31
5 0
8 13
9 12
10 13
12 2
12 39
13 0
13 1
15 36
16 38
16 39
20 8
20 11
22 4
23 24
28 21
30 6
30 7
30 13
30 28
31 35
32 11
32 32
32 35
33 8
33 32
35 2
35 18
35 36
36 0
36 22
37 21
37 31
38 23
39 18
39 21
39 23
0 36
6 21
22 39
34 10
0 22
23 3
25 11
22 1
1 4
1 6
3 23
5 23
6 20
6 22
4 13
24 11
26 11
6 10
5 10
7 10
10 2
9 29
31 4
32 5
32 4
20 7
20 9
14 39
15 19
31 39
18 39
20 39
39 1
26 20
22 25
26 23
23 9
21 38
26 22
26 24
23 8
23 10
27 21
29 21
25 21
24 16
25 17
19 1
20 1
25 18
38 22
35 22
29 35
25 9
29 39
15 38
27 27
28 28
0 38
1 37
1 38
27 28
13 12
13 11
34 23
35 16
6 31
7 30
37 7
39 5
7 31
38 0
10 39
4 30
39 14
39 12
11 38
10 38
1 13
8 14
15 13
16 14
15 14
21 5
31 6
20 5
32 31
22 2
25 14
26 13
33 33
25 13
7 18
23 16
7 17
3 14
3 15
3 38
38 30
15 6
28 17
32 21
2 7
5 5
28 24
3 7
27 17
14 6
14 19
39 30
28 23
5 4
9 36
2 24
4 38
21 37
6 15
4 9
9 7
7 27
2 25
10 36
6 16
11 27
4 8
8 7
10 20
10 17
8 27
12 27
10 8
33 14
9 17
10 21
10 26
10 9
38 7
11 4
12 7
12 24
11 5
11 24
12 6
11 16
17 12
17 8
19 30
15 29
19 28
11 19
10 25
15 32
12 19
18 28
14 29
18 30
17 9
17 11
15 24
15 1
18 21
11 15
19 16
17 35
16 31
18 2
15 33
15 21
15 25
19 21
15 2
20 32
17 31
19 15
17 36
18 3
22 34
15 22
23 12
21 32
21 34
24 19
23 33
23 13
23 19
23 32
20 13
25 34
26 37
25 35
20 14
25 27
6 32
26 36
25 28
24 7
27 0
27 1
28 5
27 33
25 7
27 5
27 32
32 26
32 25
29 16
29 15
29 31
31 19
34 30
28 31
31 18
35 27
35 11
38 34
34 29
35 28
35 12
37 34
30 30
30 29
30 23
25 16
26 16
8 32
25 3
22 0
21 0
28 13
25 1
14 12
14 13
25 5
4 32
4 33
5 33
5 34
27 35
36 8
36 7
35 7
35 6
12 12
23 28
26 31
36 4
26 29
34 4
34 5
14 34
12 34
33 5
33 6
26 26
26 27
24 27
24 26
23 26
23 25
9 24
24 31
22 27
35 4
35 3
36 3
21 21
16 34
16 35
15 35
24 29
36 5
37 5
10 34
38 5
19 39
21 26
21 25
20 25
20 24
19 24
19 23
21 28
22 29
21 23
21 39
23 21
18 35
18 34
19 34
10 32
18 37
21 30
4 11
17 33
5 17
25 22
24 22
3 17
17 6
25 20
24 20
24 18
38 20
35 14
26 18
0 20
11 35
22 31
20 3
27 20
27 22
21 19
15 9
14 37
15 37
15 39
15 11
13 39
13 38
17 27
23 23
10 23
13 35
13 36
12 36
12 37
11 37
11 39
9 39
20 22
17 39
17 38
8 9
7 9
7 8
6 8
6 7
5 7
30 2
12 29
4 12
3 12
3 11
8 2
33 27
34 26
28 2
19 19
22 20
16 18
16 19
17 19
17 20
18 20
8 12
8 11
7 11
34 0
13 28
9 31
19 36
18 22
17 22
17 23
16 23
16 24
22 22
30 26
14 24
14 23
18 5
38 19
39 19
39 20
36 13
5 11
14 27
14 26
13 26
13 25
12 25
12 23
1 20
1 21
0 21
25 32
3 9
5 9
29 1
1 11
0 11
27 24
29 24
17 29
19 29
20 29
16 10
18 10
7 24
20 37
22 37
8 16
23 4
24 4
7 36
2 36
2 37
3 37
3 39
17 16
18 17
16 28
15 28
15 30
16 30
16 32
14 32
14 31
37 20
21 10
22 11
13 5
33 26
18 13
19 12
31 21
31 22
32 22
32 23
33 23
33 24
26 8
0 19
37 22
39 22
15 17
15 16
14 16
14 15
13 15
1 23
1 24
0 23
0 24
26 6
20 20
20 17
20 16
21 16
21 15
8 23
38 13
39 13
14 8
8 21
1 15
0 15
22 18
22 17
23 17
23 15
24 37
24 38
25 38
27 12
26 12
26 14
24 14
36 27
26 2
11 28
11 26
9 26
5 29
5 30
6 30
13 30
1 9
0 9
0 8
34 27
33 20
32 20
32 19
30 19
30 20
29 20
6 39
7 38
25 24
29 22
16 3
34 13
34 25
33 28
32 28
32 29
9 15
9 14
10 14
38 28
37 29
2 6
2 8
0 6
0 37
0 39
30 0
31 0
31 1
32 1
32 2
33 2
33 3
37 9
17 2
19 2
19 0
18 0
28 36
29 36
29 37
14 0
14 1
16 1
16 0
14 10
38 24
39 24
39 25
3 24
37 14
17 17
22 7
34 1
35 1
35 0
27 3
4 3
21 11
13 20
14 20
14 21
16 21
20 27
19 27
19 26
18 26
18 25
17 25
23 38
23 39
24 36
23 36
23 35
22 35
31 26
31 27
30 27
18 12
27 9
27 10
26 10
18 32
21 13
28 8
24 10
23 2
24 2
6 38
6 37
5 37
5 36
4 36
4 35
3 35
3 34
2 34
8 38
8 37
9 37
17 4
16 5
15 5
15 4
3 22
2 22
9 35
8 35
8 34
7 34
7 33
20 35
24 0
27 15
35 39
37 25
37 26
37 38
37 39
38 26
38 39
18 16
27 37
9 3
10 3
10 4
12 3
12 4
12 0
12 1
22 10
1 27
2 28
35 9
34 9
34 8
19 13
18 18
17 15
16 15
7 39
33 0
5 19
5 20
4 20
4 21
4 14
5 14
5 15
19 4
13 33
30 11
16 13
16 12
11 33
24 12
22 12
21 9
37 17
37 16
38 16
3 2
7 15
7 14
22 33
37 28
38 31
30 25
19 11
18 14
19 31
20 31
20 33
24 33
24 34
32 37
26 34
26 33
28 33
28 34
33 38
29 34
6 35
2 0
2 1
1 1
1 2
0 2
32 16
33 17
6 18
35 31
36 32
0 13
2 13
2 14
8 18
8 19
9 19
9 20
11 20
11 18
10 18
10 16
12 16
12 17
13 17
13 18
14 18
25 37
6 25
6 26
7 26
7 28
6 28
26 39
25 39
27 30
4 1
4 0
6 0
37 12
19 9
21 2
12 32
12 31
11 31
11 30
10 30
10 29
10 1
9 1
9 0
8 0
13 22
38 29
5 27
10 12
10 11
11 11
11 10
12 10
12 9
13 9
5 39
29 3
29 4
28 4
28 6
29 6
29 7
31 5
31 7
32 7
32 8
4 16
2 16
29 18
28 18
28 19
2 27
3 27
3 26
4 26
4 25
37 1
37 0
39 0
36 29
39 28
39 27
39 2
38 2
3 30
3 29
2 29
8 29
8 30
14 3
25 30
31 24
4 28
1 35
0 35
12 21
35 23
35 24
7 20
10 6
9 6
9 5
8 5
8 4
7 4
7 3
6 3
6 2
5 2
39 17
38 17
12 14
39 9
39 8
38 8
38 6
39 6
39 4
38 4
37 36
8 25
36 15
36 16
37 18
36 18
36 19
4 6
4 5
3 5
3 4
2 4
2 3
16 26
34 21
35 21
35 20
39 15
38 15
7 6
31 3
19 6
19 7
18 7
18 8
16 8
16 7
15 7
1 28
33 16
34 16
34 15
26 4
30 9
31 10
39 11
38 11
38 10
23 30
9 8
11 8
11 7
13 7
34 19
34 18
33 18
11 22
6 13
6 12
2 31
1 31
1 30
0 30
0 29
26 0
28 0
33 12
32 12
32 13
28 11
29 11
29 12
30 12
36 10
36 11
34 11
9 33
39 36
39 37
38 37
7 1
39 32
39 33
38 33
38 35
21 7
21 6
22 6
9 10
32 17
6 5
35 32
36 35
35 35
35 34
34 34
34 33
32 33
32 34
31 34
1 26
0 26
27 7
36 37
35 37
33 39
32 39
32 38
0 17
1 17
1 18
2 18
2 19
3 19
36 31
7 22
5 22
5 24
9 22
21 4
22 8
32 15
31 15
31 14
30 14
30 17
30 16
28 16
36 33
35 30
33 30
33 31
34 38
0 4
24 6
24 8
31 31
31 30
29 30
29 32
30 32
30 33
31 9
1 33
0 33
31 37
31 36
32 36
30 38
30 39
28 39
28 38
22 14
30 10
4 18
32 10
29 9
28 27
28 26
28 29
