0 0
1 1
1 3
1 9
1 11
1 18
1 22
1 27
1 29
2 4
2 23
2 30
2 32
2 34
3 5
3 9
3 11
3 18
3 24
3 33
3 35
3 37
4 3
4 8
4 14
4 16
4 19
4 34
4 36
4 38
5 13
5 15
5 22
5 26
5 37
6 14
6 19
6 21
6 27
6 31
6 33
7 2
7 5
7 15
7 18
7 20
7 22
7 32
8 6
8 8
8 10
8 16
8 21
8 27
8 30
8 36
9 2
9 7
9 9
9 15
9 17
9 22
9 25
9 28
9 35
10 3
10 10
10 12
10 16
10 18
10 20
10 24
10 29
10 36
10 38
11 6
11 11
11 13
11 15
11 21
11 27
11 30
11 35
12 10
12 12
12 14
12 22
12 28
12 31
12 36
12 38
13 11
13 18
13 21
13 24
13 26
13 32
13 34
13 37
14 5
14 8
14 25
14 28
14 30
14 33
14 35
15 1
15 4
15 9
15 11
15 14
15 29
15 34
16 5
16 8
16 12
16 28
16 30
16 32
16 35
17 1
17 3
17 13
17 27
17 31
17 38
18 2
18 6
18 8
18 17
18 21
18 23
18 26
18 32
19 9
19 11
19 18
19 20
19 24
20 1
20 3
20 10
20 12
20 15
20 17
20 27
20 29
20 31
20 38
21 11
21 21
21 24
21 26
21 28
21 32
21 34
21 37
22 9
22 12
22 14
22 18
22 20
22 25
22 27
22 33
22 35
23 13
23 19
23 21
23 24
23 26
23 28
23 34
23 37
24 1
24 11
24 14
24 27
24 29
24 32
24 38
25 2
25 4
25 6
25 9
25 18
25 21
25 23
25 28
25 33
25 37
26 3
26 5
26 10
26 14
26 16
26 19
26 22
26 26
26 29
26 34
26 38
27 4
27 6
27 11
27 13
27 15
27 17
27 20
27 27
27 35
28 2
28 12
28 14
28 16
28 21
28 28
28 31
28 36
28 38
29 1
29 3
29 6
29 13
29 15
29 17
29 20
29 27
29 32
29 34
29 37
30 2
30 7
30 9
30 11
30 14
30 16
30 22
30 28
30 31
30 33
30 38
31 6
31 8
31 10
31 12
31 15
31 17
31 27
31 32
31 34
32 2
32 7
32 9
32 11
32 13
32 16
32 18
26 33
32 35
33 1
33 3
33 6
33 8
33 10
33 12
33 17
33 24
33 31
33 34
34 2
34 9
34 13
34 16
34 18
34 25
34 30
34 32
35 1
35 4
35 14
35 19
35 26
35 29
35 31
35 37
36 9
36 20
36 32
36 35
37 1
37 8
37 10
37 15
37 19
37 21
37 26
37 33
37 36
38 7
38 11
38 14
38 20
38 22
38 34
38 37
0 20
0 33
0 36
3 0
3 1
7 24
10 0
12 0
13 2
15 16
15 20
15 23
16 19
22 0
27 0
30 24
31 0
32 20
32 39
33 27
34 22
36 23
36 39
37 17
37 28
38 3
39 2
39 4
39 9
39 17
39 25
1 2
23 1
0 3
0 22
0 11
2 1
4 1
37 3
3 6
2 31
5 3
1 31
3 31
24 0
7 23
7 25
6 34
5 34
7 34
10 4
9 4
11 4
11 7
12 6
12 5
12 39
14 21
17 14
17 39
18 5
16 14
18 14
17 17
19 19
18 19
20 19
22 17
20 34
22 37
24 39
22 36
22 38
18 29
19 29
26 39
28 22
29 0
30 20
28 39
22 5
23 4
23 5
0 13
1 12
1 13
30 39
36 1
33 22
35 22
36 0
36 2
33 0
35 16
35 9
34 34
12 16
39 11
13 15
39 7
35 8
35 10
12 15
8 38
8 37
38 6
36 26
39 20
36 25
36 27
38 38
38 39
18 38
37 38
39 38
19 37
19 38
4 6
15 22
16 18
32 19
5 24
32 27
4 24
2 25
2 24
2 8
2 28
3 20
21 6
2 15
4 10
1 15
1 28
2 9
21 7
3 19
8 19
7 28
5 2
3 10
6 38
7 19
7 27
36 11
37 12
4 21
6 12
4 17
10 7
37 11
8 32
6 13
17 5
4 18
8 3
9 13
21 17
7 11
35 15
5 21
35 6
36 5
6 37
10 13
7 7
9 32
30 19
8 11
8 2
8 14
35 5
8 7
8 15
14 37
11 17
11 19
13 13
9 23
11 25
15 37
11 9
10 22
12 13
34 35
10 19
10 17
10 25
15 25
9 24
37 31
38 32
11 10
17 11
11 22
13 27
22 22
15 6
37 32
16 33
16 25
13 7
16 10
19 7
18 10
14 12
15 5
13 28
22 21
17 12
13 8
15 10
16 21
31 3
21 4
19 13
19 22
16 34
18 7
19 26
19 10
14 11
19 2
31 2
18 22
21 30
20 23
17 21
21 3
24 3
19 12
24 12
21 15
23 8
20 26
20 2
20 30
25 3
20 24
27 33
22 15
24 25
24 13
22 8
32 22
23 25
25 31
24 7
25 11
24 6
25 32
26 11
27 18
31 23
25 35
27 19
29 35
31 22
29 25
26 35
29 36
29 26
32 14
34 11
29 30
32 15
33 29
29 31
33 11
35 24
33 30
34 24
36 30
38 16
35 30
38 15
29 9
18 39
20 39
2 5
2 6
34 17
35 17
35 18
12 18
11 18
11 20
11 16
37 9
30 3
32 3
14 20
13 20
13 19
16 1
16 38
16 39
15 39
36 4
37 4
24 21
29 2
29 7
11 36
38 33
39 33
39 34
26 37
33 16
22 19
28 20
24 37
5 19
36 8
34 8
7 21
30 37
5 31
37 2
35 2
35 3
34 3
34 4
33 4
33 5
36 6
37 6
37 7
9 36
27 5
26 1
39 13
34 6
34 12
34 10
4 26
33 9
27 7
12 37
37 20
30 15
33 2
28 15
10 2
30 21
29 21
29 22
26 4
31 16
28 37
9 34
25 1
25 0
26 0
29 33
38 13
38 12
39 12
39 6
39 5
20 5
32 12
32 17
12 21
29 16
32 10
30 10
1 35
32 34
29 5
29 4
28 4
28 3
27 3
27 2
26 2
30 17
23 17
23 18
24 18
24 19
25 19
25 20
26 20
26 21
27 21
27 22
17 2
39 14
22 13
33 7
32 24
32 23
33 23
38 0
38 36
38 35
37 35
37 34
36 34
36 33
25 5
2 18
38 21
39 21
39 22
38 19
39 19
39 18
36 10
36 12
26 9
38 8
39 8
34 1
34 0
35 0
23 0
31 11
36 19
37 22
37 23
38 23
38 24
39 24
31 9
35 32
22 6
32 8
31 7
23 2
24 2
24 4
21 25
22 26
35 28
35 27
34 27
34 26
32 6
19 5
19 6
20 6
14 34
27 16
32 21
33 21
30 23
26 15
30 1
30 0
28 0
28 1
1 34
0 34
0 35
15 30
27 36
6 32
37 27
38 27
38 26
39 26
14 22
13 22
13 23
12 23
12 24
11 24
11 26
12 26
12 27
14 27
14 26
15 26
14 24
15 24
22 4
34 33
33 33
33 32
32 32
32 31
31 31
20 4
16 7
16 6
17 6
19 15
18 15
18 16
17 16
28 17
28 18
29 18
29 19
16 22
16 20
38 10
39 10
38 1
39 1
39 0
14 29
21 12
4 37
11 38
11 39
10 39
30 25
28 25
28 24
27 24
39 3
27 26
2 35
31 33
30 8
33 18
33 19
34 19
34 20
35 20
35 21
36 21
19 8
20 8
20 9
21 9
21 10
22 10
22 11
23 11
23 12
3 36
2 22
13 25
37 18
16 31
25 29
39 16
37 16
17 35
18 35
31 18
31 19
27 12
13 5
11 5
11 3
25 12
37 0
25 10
24 10
24 9
23 9
17 0
18 0
18 1
19 1
19 3
18 3
38 31
39 31
23 7
25 7
25 8
1 38
1 37
10 37
26 18
26 17
25 17
25 16
24 16
24 15
30 32
35 25
35 23
25 22
37 25
11 12
32 0
32 1
7 39
7 38
5 38
5 39
4 39
18 37
17 37
4 4
5 5
6 9
6 8
5 8
30 6
1 23
0 23
0 24
33 13
33 14
34 14
34 15
28 27
11 14
30 27
29 38
29 39
27 38
27 39
5 14
0 2
0 1
26 25
12 7
14 7
14 6
15 35
17 4
16 4
16 3
15 3
15 2
14 2
14 1
35 13
28 6
23 27
9 16
21 1
21 0
20 0
11 34
12 34
12 35
13 35
13 36
14 36
14 38
13 38
13 39
14 17
37 29
36 29
36 31
0 6
28 8
39 28
39 29
17 30
18 30
18 31
19 31
19 32
20 32
20 33
21 33
8 35
7 35
7 36
20 16
21 16
21 14
20 14
20 13
22 24
5 28
5 29
6 29
1 39
26 30
26 31
27 31
27 32
28 32
18 13
9 38
26 6
29 28
1 17
4 35
5 35
5 36
25 24
24 24
24 23
23 23
23 22
34 38
33 38
10 15
25 38
25 39
20 37
4 9
5 9
17 32
17 33
18 33
31 39
31 38
28 13
4 11
5 11
5 12
7 12
7 6
6 10
7 8
7 10
16 29
37 14
36 14
36 15
31 14
31 13
30 13
30 12
29 12
29 11
28 11
28 10
27 10
4 7
5 7
2 11
2 12
3 12
11 1
11 0
6 26
6 25
5 25
5 23
6 23
6 22
39 37
39 39
37 39
21 18
20 18
31 28
32 28
32 29
34 29
1 4
0 4
21 27
37 37
36 37
36 36
35 36
35 35
33 35
17 28
18 28
18 27
19 27
19 25
18 25
18 24
17 24
17 23
15 28
5 4
10 35
8 9
21 20
20 20
20 21
19 21
19 23
21 23
21 22
3 23
3 25
1 25
1 26
0 26
0 27
24 26
25 26
25 27
26 27
26 28
27 28
27 29
28 29
28 30
30 30
30 29
3 27
2 27
2 29
22 28
20 28
23 35
23 36
21 36
21 35
20 35
21 29
21 31
22 31
22 32
23 32
23 33
24 33
24 34
25 34
25 36
26 23
5 27
4 29
4 30
3 30
31 5
1 21
0 21
1 19
0 19
0 18
12 2
0 38
0 37
33 25
24 28
3 14
2 14
2 16
3 16
3 17
5 17
5 16
16 36
4 5
30 34
30 35
31 35
31 36
32 36
35 38
35 39
9 18
8 18
8 17
7 17
7 16
23 20
2 33
6 5
3 4
3 3
2 3
2 2
20 11
6 20
6 15
12 32
11 32
11 31
10 31
10 30
9 30
9 29
8 29
8 28
2 37
7 33
8 33
32 26
31 26
26 13
3 32
4 32
4 33
5 33
14 9
18 9
18 11
16 11
16 9
9 10
24 31
24 30
23 30
23 29
34 31
8 22
8 23
10 23
10 21
9 21
9 20
8 20
28 35
28 34
27 34
9 12
9 14
7 14
9 1
9 0
8 0
15 33
15 32
14 32
14 31
13 31
13 30
12 30
12 29
11 29
11 28
10 28
10 27
9 27
9 26
8 26
8 25
6 28
23 39
23 38
21 38
13 33
0 29
0 30
1 30
1 32
0 32
8 31
7 31
7 30
6 30
14 4
3 38
17 18
18 18
0 12
1 10
0 10
0 9
0 14
16 27
14 18
15 18
15 17
34 37
33 37
12 11
22 34
17 26
4 13
3 34
10 11
29 14
14 14
13 14
13 12
15 12
15 13
16 13
1 7
1 8
3 8
9 8
10 8
10 9
12 9
15 0
4 15
33 39
27 14
13 10
13 16
13 17
15 15
16 15
17 8
2 0
1 0
13 0
7 1
6 1
6 2
4 2
15 8
4 0
5 0
19 17
2 20
4 20
4 22
18 20
8 5
9 5
9 6
10 6
23 14
25 14
6 18
7 4
7 3
9 3
