0 0
1 3
1 6
1 8
1 12
1 15
1 17
1 22
1 24
1 29
1 35
1 37
2 2
2 4
2 7
2 18
2 21
2 23
2 27
2 36
2 38
3 1
3 5
3 11
3 19
3 28
3 30
3 32
3 37
4 17
4 20
4 29
4 31
4 33
4 38
5 1
5 11
5 14
5 16
5 18
5 25
5 27
5 30
5 34
5 36
6 2
6 4
6 6
6 12
6 17
6 19
6 21
6 23
6 26
6 35
6 38
7 5
7 7
7 9
7 11
7 13
7 18
7 20
7 24
7 27
7 29
7 33
8 2
8 6
8 8
8 14
8 16
8 25
8 28
8 34
8 38
9 7
9 9
9 11
9 15
9 17
9 21
9 23
9 26
9 29
9 32
9 35
9 37
10 5
10 8
10 10
10 16
10 18
10 20
10 22
10 24
10 27
10 30
10 33
11 2
11 4
11 9
11 14
11 17
11 21
11 23
11 28
11 34
12 3
12 8
12 10
12 13
12 15
12 22
12 27
12 29
12 32
13 1
13 7
13 11
13 14
13 18
13 28
13 30
13 33
13 37
14 2
14 6
14 12
14 15
14 17
14 19
14 26
14 29
14 31
14 34
14 36
15 1
15 7
15 10
15 13
15 16
15 18
15 28
15 35
16 2
16 6
16 8
16 14
16 19
16 33
16 36
17 3
17 5
17 7
17 10
17 15
17 20
17 23
17 25
17 31
17 34
18 4
18 6
18 11
18 13
18 16
18 21
18 24
18 28
18 30
18 32
18 35
18 37
19 3
19 5
19 7
19 10
19 12
19 14
19 17
19 19
19 25
19 29
19 33
19 36
20 1
20 4
20 6
20 8
20 11
20 13
20 15
20 18
20 30
20 32
20 34
20 37
21 5
21 7
21 9
21 12
21 16
21 19
21 22
21 25
21 29
21 31
21 33
21 38
22 1
22 13
22 15
22 20
22 26
22 28
22 34
22 37
23 2
23 5
23 7
23 14
23 16
23 19
23 38
24 3
24 6
24 13
24 15
24 17
24 20
24 34
25 4
25 7
25 11
25 14
25 16
25 18
25 24
25 26
25 33
25 35
26 5
26 15
26 17
26 19
26 22
26 25
26 27
26 30
26 36
27 1
27 6
27 11
27 13
27 16
27 18
27 20
27 23
27 28
27 31
27 37
28 2
28 5
28 7
28 9
28 12
28 14
28 19
28 21
28 29
28 33
28 35
28 38
29 6
29 13
29 20
29 30
29 34
29 36
30 2
30 4
30 12
30 14
30 16
30 18
30 25
30 29
30 31
30 33
30 35
30 37
31 1
31 3
31 11
31 13
31 15
31 17
31 19
31 21
31 26
31 28
31 30
31 36
31 38
32 2
32 4
32 18
32 24
32 27
32 29
32 31
33 1
33 3
33 5
33 7
33 13
33 28
33 30
33 38
34 2
34 17
34 19
34 21
34 29
34 31
34 33
35 1
35 13
35 15
35 18
35 20
35 22
35 27
35 30
35 32
35 34
35 37
36 5
36 8
36 10
36 14
36 16
36 21
36 23
36 31
36 35
36 38
37 1
37 6
37 9
37 11
37 15
37 17
37 22
37 27
37 32
37 34
37 36
38 4
38 7
38 10
38 12
38 14
38 16
38 18
38 23
38 28
38 30
38 33
38 37
0 20
0 26
0 31
0 33
1 31
4 23
7 0
10 0
11 36
11 39
14 24
15 39
16 38
17 39
18 0
23 22
23 31
24 0
26 39
29 0
30 9
31 8
33 9
39 21
39 26
1 25
0 3
0 8
0 22
35 10
1 34
0 37
1 16
5 0
0 24
3 7
0 15
0 35
19 1
0 17
24 11
1 30
1 32
2 16
4 1
2 39
4 11
4 5
4 39
5 38
4 10
4 12
4 4
4 6
4 21
5 15
5 37
4 15
6 15
13 38
13 39
12 26
12 38
14 38
22 0
15 0
16 37
16 25
19 21
19 20
19 22
20 0
33 39
21 39
23 39
23 34
23 33
23 35
26 11
29 9
31 0
9 39
10 38
9 38
31 20
31 39
30 20
32 20
22 3
22 2
14 23
36 39
9 2
10 2
36 24
21 23
36 27
39 16
39 23
39 10
39 14
22 24
39 12
36 26
36 28
39 4
21 24
21 10
22 11
39 28
21 11
39 30
38 38
38 39
39 37
3 23
37 38
3 3
11 37
35 25
2 3
2 29
22 22
34 25
3 29
22 31
5 32
4 32
8 4
2 25
2 33
7 4
3 33
5 3
7 22
6 3
8 30
6 22
5 20
6 8
8 29
6 20
4 2
8 19
7 8
7 19
32 10
33 11
15 3
9 13
11 19
3 21
12 17
12 6
32 11
16 16
16 26
11 11
15 2
8 13
13 17
11 10
13 35
17 16
33 34
34 35
12 20
14 8
10 19
13 6
34 34
12 21
14 7
15 5
18 8
14 35
28 16
18 7
15 30
15 6
16 9
21 36
14 20
24 8
29 16
14 30
17 36
16 10
24 7
19 38
14 21
21 37
18 36
14 27
19 37
21 17
14 28
21 18
38 5
39 6
38 6
23 29
17 27
38 31
39 32
23 28
26 7
38 32
18 27
27 7
26 34
25 37
25 34
26 37
31 5
31 4
29 28
27 26
24 30
26 26
29 29
25 30
28 31
28 10
29 31
28 11
31 34
32 35
32 22
30 34
37 20
31 22
32 36
37 21
34 8
34 12
34 7
33 18
34 13
36 19
34 18
35 19
32 6
34 4
33 4
33 6
38 35
37 35
38 2
37 2
14 25
26 1
33 33
24 24
7 38
36 34
23 37
31 2
37 16
24 2
22 7
7 12
37 14
7 10
15 22
15 23
16 23
16 24
17 24
22 5
7 2
13 22
13 23
12 23
12 24
11 24
37 10
24 16
7 6
21 34
29 14
29 12
24 14
37 12
31 29
19 32
17 6
17 4
33 29
18 5
18 12
21 15
38 24
34 32
17 11
21 28
19 18
21 26
20 12
33 31
4 25
38 13
39 13
27 5
20 7
16 7
18 10
8 11
20 5
38 25
39 25
39 24
18 17
38 11
39 11
20 25
36 22
31 31
3 31
29 35
25 32
37 23
37 24
31 37
12 14
20 14
9 36
36 32
31 27
29 2
32 15
30 15
35 21
9 16
35 31
30 11
22 14
13 29
4 30
27 12
25 17
35 14
39 22
38 22
32 28
36 30
37 30
37 31
39 31
39 33
0 23
1 23
20 23
20 22
8 0
8 1
9 0
9 1
34 38
27 19
28 20
10 21
1 10
1 9
29 33
1 7
0 7
0 6
19 11
25 15
2 13
30 13
38 29
39 29
0 25
38 15
39 15
36 15
2 1
26 16
32 13
19 6
10 7
10 6
9 6
9 5
8 5
8 3
9 3
26 31
19 4
20 10
20 9
19 9
19 8
17 8
17 9
15 9
15 8
3 9
28 24
28 25
28 22
29 22
29 23
13 8
8 7
0 13
10 9
28 34
4 0
3 0
36 4
37 4
37 5
39 5
37 28
39 7
2 37
18 3
30 36
38 17
39 17
39 18
15 36
15 37
14 37
19 30
28 13
1 19
1 11
2 11
2 12
3 12
3 13
33 35
31 35
31 33
14 16
18 25
35 33
34 22
35 24
35 23
0 21
1 21
22 38
22 39
4 34
19 24
19 26
31 16
35 29
35 28
34 28
34 27
33 27
33 26
10 23
32 26
32 25
38 0
31 14
35 38
35 39
34 39
31 25
24 21
31 24
30 24
24 22
30 23
25 22
25 23
26 23
26 24
27 24
27 25
29 21
30 21
6 27
0 10
0 9
35 35
35 36
36 36
36 37
37 37
30 28
28 28
28 27
27 27
39 38
39 39
9 10
25 25
31 12
33 21
32 21
32 23
33 23
33 24
28 23
23 15
27 22
27 21
26 21
26 20
25 20
25 19
24 19
24 18
23 18
23 17
22 17
22 16
30 17
28 8
29 8
29 7
8 9
20 33
32 32
27 17
28 17
28 18
29 18
29 19
30 19
38 19
38 20
39 20
26 9
25 9
38 27
39 27
37 26
35 26
21 8
12 9
34 37
33 37
37 39
13 19
13 20
9 22
6 30
6 31
7 31
21 6
34 30
5 21
5 19
4 19
4 18
3 18
3 17
2 17
10 17
30 6
30 5
29 5
29 4
28 4
28 3
17 37
13 15
5 23
5 24
6 24
6 25
7 25
7 26
8 26
8 27
9 27
9 28
10 28
10 29
11 29
11 30
12 30
12 31
13 31
13 32
14 32
14 33
15 33
15 34
16 34
16 35
17 35
25 38
24 38
24 39
25 39
15 19
15 20
16 20
16 21
17 21
17 22
18 22
18 23
32 19
33 19
33 17
32 17
30 26
29 26
29 25
5 4
3 4
3 2
5 2
14 39
22 19
32 30
13 3
13 4
14 4
28 15
27 15
27 14
26 14
26 13
25 13
25 12
24 12
32 38
32 39
11 22
7 14
6 14
6 13
5 13
5 12
6 1
6 0
12 39
2 9
2 8
3 8
1 13
1 14
0 14
39 36
38 36
38 34
36 11
35 11
35 12
33 12
33 10
31 10
31 9
22 27
30 32
12 37
10 37
10 39
8 39
39 9
38 9
38 8
37 8
37 7
36 7
36 6
35 6
35 5
34 5
31 7
32 7
32 5
34 3
35 3
35 2
2 15
27 9
27 10
38 3
39 3
21 32
22 32
22 33
37 18
36 18
36 17
35 17
35 16
34 16
34 15
25 27
25 28
26 28
26 29
27 29
27 30
28 30
8 15
20 17
20 16
19 16
19 15
18 15
18 14
17 14
17 13
16 13
16 12
15 12
15 11
14 11
14 10
13 10
28 32
27 32
27 33
26 33
11 20
1 18
0 18
0 19
16 39
5 31
6 29
5 29
5 28
4 28
4 27
3 27
3 26
2 26
26 35
27 35
27 36
28 36
28 37
29 37
29 38
30 38
30 39
20 27
26 4
26 3
25 3
27 38
27 39
28 39
25 36
23 20
36 9
35 9
35 8
33 8
3 10
29 10
5 17
9 20
8 20
8 21
7 21
13 36
36 20
0 12
11 18
12 18
30 30
13 34
12 34
12 33
11 33
11 32
10 32
10 31
9 31
9 30
11 5
12 5
12 4
13 2
12 2
12 1
11 1
11 0
22 12
32 3
2 22
3 22
0 16
22 10
22 9
23 9
23 8
24 35
38 1
39 1
39 0
5 33
6 33
6 34
7 34
7 35
8 35
1 2
0 2
0 1
19 28
12 16
11 16
11 15
10 15
10 14
9 14
21 30
22 30
22 29
24 29
24 31
3 20
2 20
2 19
9 18
8 18
8 17
7 17
7 16
6 16
26 6
25 6
25 5
24 5
24 4
23 4
23 3
6 11
37 33
15 17
16 17
16 18
17 18
17 19
18 19
18 20
36 13
22 23
26 8
25 8
12 7
31 18
16 3
22 35
22 36
9 12
10 12
10 11
7 30
22 21
21 21
21 20
20 20
20 19
20 38
20 39
18 38
18 39
11 35
10 35
10 34
9 34
9 33
8 33
8 32
7 32
2 24
3 24
21 4
21 3
20 3
20 2
19 2
21 1
21 0
12 11
12 12
13 12
13 13
14 13
14 14
15 14
15 15
16 15
20 36
20 35
19 35
19 34
18 34
18 33
17 33
17 32
16 32
16 31
15 31
16 5
37 0
36 1
11 27
11 26
10 26
10 25
9 25
9 24
8 24
8 23
7 23
18 31
14 3
23 13
24 10
25 10
24 33
14 5
34 1
11 3
17 1
15 29
16 29
16 28
17 28
17 26
5 10
5 9
6 9
6 7
5 7
5 6
19 0
22 25
23 25
23 26
24 26
15 26
15 27
13 26
13 27
17 30
34 20
5 26
21 13
11 8
27 2
3 6
2 6
2 5
1 5
1 4
0 4
26 18
4 14
4 16
3 38
3 39
9 8
30 3
5 39
6 39
33 2
19 13
35 0
20 31
1 36
0 36
20 29
28 6
5 35
23 0
23 1
18 29
32 1
32 0
33 0
0 34
14 18
23 6
8 37
0 38
0 39
1 38
1 39
6 36
6 37
6 5
14 1
14 0
13 0
10 4
16 1
16 0
17 0
11 13
2 34
2 35
3 35
3 36
4 36
4 37
12 28
2 32
0 27
1 27
1 28
2 28
2 30
7 28
17 2
0 29
0 30
33 14
28 1
28 0
27 0
30 1
30 0
6 18
0 32
25 0
