0 0
1 7
1 9
1 11
1 14
1 16
1 26
1 29
1 32
1 34
1 36
2 15
2 20
2 27
2 31
2 35
3 11
3 18
3 23
3 32
3 34
4 31
4 33
4 36
5 13
5 15
5 17
5 20
5 28
5 30
5 37
6 8
6 14
6 16
6 18
6 21
6 27
7 1
7 9
7 11
7 13
7 15
7 17
7 31
8 10
8 16
8 27
8 30
8 34
9 15
9 25
9 28
9 35
9 38
10 23
10 26
10 34
11 5
11 7
11 12
11 14
11 21
11 27
11 38
12 6
12 10
12 13
12 15
12 17
12 28
12 31
12 37
13 4
13 11
13 14
13 18
13 20
13 26
13 29
14 1
14 3
14 6
14 19
14 21
14 25
14 28
15 2
15 7
15 12
15 20
15 22
15 30
15 32
16 3
16 13
16 19
16 21
16 23
16 25
16 31
17 5
17 11
17 24
17 26
17 32
18 21
18 23
18 28
19 16
19 22
19 29
19 38
20 10
20 17
20 21
20 23
20 26
21 9
21 12
21 18
21 22
21 24
21 36
21 38
22 6
22 8
22 13
22 17
22 21
22 23
22 25
22 35
22 37
23 7
23 12
23 22
23 26
23 32
23 34
23 36
24 11
24 18
24 20
24 25
24 27
24 29
24 37
25 2
25 6
25 15
25 19
25 21
25 26
26 3
26 5
26 7
26 16
26 18
26 20
26 37
27 6
27 8
27 15
27 36
28 5
28 7
28 11
28 16
28 29
29 1
29 8
29 10
29 18
29 26
29 30
29 38
30 2
30 5
31 6
31 8
31 16
31 18
31 27
31 29
31 31
31 38
32 5
32 12
32 15
32 17
32 19
32 30
33 2
33 10
33 16
33 18
33 22
33 31
33 36
33 38
34 3
34 35
34 37
35 15
35 34
36 14
36 21
36 32
37 1
37 3
37 7
37 15
37 20
37 23
37 25
37 28
37 30
37 35
38 2
38 4
38 8
38 16
38 18
38 24
38 29
38 31
38 36
0 21
0 24
2 5
3 7
6 6
7 23
9 0
9 1
11 0
11 19
12 33
13 35
13 39
16 9
18 13
20 3
24 0
27 31
28 34
29 13
29 32
32 0
32 24
32 34
33 7
35 24
37 11
37 39
38 11
39 6
39 13
39 38
7 0
7 2
36 30
1 8
6 1
2 29
0 26
8 1
10 1
20 2
20 4
35 23
35 25
1 25
5 8
0 8
2 8
17 28
3 27
3 26
3 28
6 37
5 29
5 38
9 30
9 10
6 36
4 29
6 29
9 39
12 36
11 39
13 6
12 32
12 34
13 31
13 5
13 7
15 11
15 33
31 10
31 9
19 15
31 39
21 19
35 16
20 19
22 19
38 20
25 37
23 31
22 32
25 36
25 38
24 31
31 7
25 29
25 22
24 22
26 22
17 9
19 31
19 30
29 31
29 33
20 28
19 28
32 27
31 26
34 18
4 3
5 4
21 29
22 30
34 31
21 30
33 39
17 13
36 13
4 4
9 17
37 34
39 8
38 17
39 16
10 16
7 35
37 18
8 36
36 34
38 34
39 31
39 36
38 37
6 5
11 23
12 24
12 23
8 35
9 16
33 24
14 8
15 9
15 8
38 12
17 27
29 16
30 15
30 16
5 11
5 7
9 9
5 12
23 2
14 11
24 3
24 2
9 31
20 15
11 36
4 21
5 21
7 20
34 16
30 12
31 13
38 21
13 30
31 12
14 33
19 36
1 12
6 10
17 1
14 16
34 32
14 38
0 15
7 21
5 33
8 12
25 30
38 0
39 1
0 33
7 28
8 18
15 38
8 8
38 1
19 37
1 30
15 16
7 10
1 13
7 18
17 0
13 12
1 15
1 33
7 27
7 12
10 6
37 13
19 5
7 8
38 26
39 25
6 33
1 31
10 24
38 25
16 4
13 2
13 13
18 5
11 6
10 25
16 5
14 2
27 38
9 33
9 34
19 20
36 20
27 37
19 24
19 21
14 23
23 38
23 9
20 8
13 27
19 23
15 18
23 37
15 23
18 25
24 35
13 28
15 19
21 8
23 8
17 25
23 35
20 39
20 11
21 16
21 14
20 38
24 13
20 12
21 17
26 9
21 13
21 26
24 12
31 2
25 4
22 26
32 36
31 36
31 37
26 25
27 9
28 2
26 4
27 19
29 4
32 2
25 25
28 1
29 5
26 19
30 30
31 30
36 6
36 7
22 31
36 1
19 13
23 33
22 33
22 34
29 0
28 28
33 29
33 30
34 30
34 29
32 29
32 28
31 28
17 15
5 16
5 14
17 14
17 12
16 12
16 11
16 14
16 15
18 15
18 16
17 29
18 29
37 17
37 16
36 16
36 15
37 19
38 19
38 3
15 6
30 8
2 30
0 30
0 29
29 9
22 1
17 21
29 19
15 25
31 17
29 7
7 32
27 16
7 16
32 4
22 0
23 0
23 1
27 7
28 8
28 6
27 14
15 13
30 18
21 1
21 2
5 5
7 5
7 4
21 37
7 14
27 11
22 22
22 24
9 11
8 11
31 19
26 27
27 26
8 13
9 13
9 14
10 14
10 15
11 15
26 24
27 24
26 23
27 23
32 18
25 7
24 7
24 6
23 6
15 21
11 13
31 5
27 27
26 38
26 39
28 38
24 38
24 39
22 38
33 3
26 6
30 1
31 1
31 0
26 0
26 26
29 25
28 25
28 26
25 27
25 28
24 28
29 22
28 21
36 3
35 3
35 2
34 2
34 1
33 1
33 0
27 5
9 20
32 16
26 21
30 6
25 18
7 38
27 3
27 2
29 2
26 2
26 1
26 10
26 8
25 1
25 0
25 16
31 23
31 3
30 3
30 4
28 4
23 23
24 23
24 24
1 23
29 21
12 16
11 3
20 22
18 10
29 17
28 17
28 18
27 18
35 14
35 13
34 13
34 12
33 12
33 11
32 11
32 10
33 20
32 21
10 38
10 39
16 35
13 36
13 37
14 37
14 39
28 22
21 23
22 15
23 14
3 33
35 37
27 20
28 20
5 3
6 3
6 2
24 19
27 0
25 20
29 11
30 11
30 10
13 10
14 10
14 9
33 37
29 15
28 15
10 17
11 17
11 18
12 18
29 23
30 23
30 24
31 24
21 39
19 39
22 7
21 21
37 8
22 12
8 20
8 19
9 19
3 3
20 6
38 23
19 1
18 2
2 21
38 14
18 34
17 34
23 15
24 15
24 21
23 21
23 20
22 20
22 18
23 18
23 17
24 17
32 31
14 20
33 21
33 26
34 26
1 4
23 13
7 39
8 39
8 38
26 15
16 37
16 36
15 36
15 35
8 17
19 17
19 18
20 18
20 20
18 20
18 19
17 19
9 21
10 21
10 22
11 22
22 14
16 24
38 32
18 22
32 6
33 6
33 5
34 5
34 4
6 20
6 19
5 19
5 18
4 18
4 17
3 17
31 15
1 35
32 20
25 13
25 14
20 14
20 16
15 3
15 4
14 4
14 5
16 2
16 1
15 1
15 0
14 0
33 17
34 17
1 22
0 22
0 23
9 29
8 29
8 28
6 28
5 24
5 23
4 23
26 17
31 22
32 22
33 19
34 19
21 5
22 4
6 38
34 15
33 15
33 14
32 14
32 13
10 3
10 2
11 2
18 11
19 11
19 10
5 27
30 13
12 39
12 38
17 23
19 34
19 33
20 33
18 38
17 38
17 39
16 39
18 36
18 35
17 35
32 26
22 16
32 8
33 8
33 9
34 9
34 10
35 10
35 11
4 32
5 32
5 31
6 31
6 30
7 30
19 2
25 33
25 34
23 25
14 12
12 12
12 11
11 11
11 10
8 15
38 5
39 5
39 4
11 8
0 39
1 1
2 0
3 0
3 1
3 39
9 4
17 17
26 12
30 20
35 0
35 8
19 26
18 26
18 27
25 11
23 11
2 7
2 6
1 6
23 27
2 23
4 37
4 38
5 9
6 9
6 11
20 36
20 35
21 35
2 32
14 7
12 7
4 11
4 10
3 10
3 9
2 9
12 5
12 4
11 4
10 0
3 15
4 15
10 12
20 9
24 10
24 9
22 9
22 10
21 10
21 11
17 10
17 8
18 8
28 30
28 31
30 31
30 29
29 29
18 1
6 0
5 0
30 38
30 39
29 39
3 24
4 24
38 7
39 7
39 9
38 9
38 10
37 10
33 23
34 23
34 22
34 36
5 25
6 23
6 22
6 25
6 26
4 6
4 7
6 7
16 22
11 26
12 26
12 27
14 27
14 26
3 22
4 22
17 4
17 3
18 3
19 0
20 0
8 2
8 3
1 10
6 15
16 32
16 33
17 33
22 29
23 29
5 34
4 34
4 35
3 35
3 36
2 36
2 37
1 37
1 38
16 30
13 19
13 25
13 24
14 24
37 27
37 26
36 26
36 25
30 26
30 27
29 27
14 22
13 22
13 21
12 21
12 20
11 20
12 9
4 20
3 20
3 19
2 19
2 18
1 18
1 17
21 4
20 7
19 7
19 6
11 24
9 24
9 23
8 23
8 22
25 32
24 32
16 20
33 25
34 25
38 15
39 15
39 14
39 17
39 18
31 33
30 34
32 38
32 39
34 38
34 39
26 31
26 30
24 30
13 15
14 15
14 14
39 21
39 22
37 21
37 22
36 22
36 23
2 11
2 12
3 12
3 13
4 13
1 3
0 3
0 4
8 25
8 26
9 26
9 27
10 27
10 28
11 28
11 29
12 29
12 30
17 6
14 30
14 29
15 29
15 28
2 14
2 16
33 35
33 34
34 34
28 13
28 12
10 7
10 5
22 5
10 32
38 30
39 30
39 29
35 21
37 29
36 29
36 28
35 28
35 27
34 27
23 3
22 3
21 6
38 33
39 33
39 32
25 3
25 5
8 0
37 14
37 12
20 29
20 27
21 27
21 25
20 25
20 24
18 24
16 27
16 26
39 26
39 24
13 17
14 17
14 18
16 18
0 7
0 9
39 12
37 24
2 34
18 32
18 31
17 31
16 7
7 34
7 36
9 36
9 37
2 4
37 36
37 37
8 7
8 9
10 9
39 37
0 12
0 11
38 35
39 35
26 33
26 34
35 6
37 6
33 32
35 32
35 33
36 33
27 35
28 35
28 36
29 36
29 37
36 35
35 35
1 20
0 20
0 19
12 14
37 2
36 31
37 31
37 32
3 31
31 34
4 26
19 4
2 26
2 25
0 34
0 32
6 13
39 2
39 0
37 0
28 33
0 25
26 36
24 36
24 34
0 36
38 39
39 39
27 29
10 35
11 35
11 34
24 26
2 28
1 28
1 27
0 27
6 17
37 4
30 33
5 36
12 0
12 1
13 1
13 3
0 14
0 16
30 35
31 32
38 28
4 28
4 30
13 34
14 34
13 32
14 32
22 36
28 10
20 31
36 39
36 38
11 32
11 31
10 31
15 31
11 37
8 33
10 33
8 31
