0 0
1 17
1 26
1 29
2 12
2 14
2 16
2 18
2 25
2 27
2 36
3 1
3 4
3 15
3 17
3 19
3 26
3 35
4 5
4 7
4 12
4 14
4 16
4 18
4 25
5 1
5 4
5 6
5 8
5 11
5 13
5 19
5 31
6 7
6 14
6 23
6 30
7 15
7 27
7 29
7 33
7 36
7 38
8 5
8 16
8 28
8 30
8 32
8 34
8 37
9 6
9 15
9 25
9 27
9 29
9 31
9 38
10 5
10 10
10 12
10 16
10 22
10 24
10 28
10 30
11 11
11 13
11 15
11 17
11 23
12 5
12 9
12 12
12 14
12 16
12 33
13 8
13 10
13 15
13 17
13 22
13 30
13 32
13 34
13 38
14 3
14 7
14 9
14 11
14 29
14 33
15 8
15 10
15 12
15 25
15 30
15 32
16 6
16 9
16 13
16 15
16 17
16 26
16 31
17 1
17 7
17 14
17 16
17 29
17 32
17 35
17 37
18 2
18 17
18 30
18 36
18 38
19 3
19 5
19 13
19 16
19 18
19 35
20 4
20 6
20 9
20 15
20 17
21 5
21 12
21 16
21 18
21 25
21 29
21 32
21 37
22 3
22 6
22 11
22 15
22 22
22 24
22 30
22 33
23 1
23 4
23 12
23 25
23 27
23 29
23 32
23 34
23 36
23 38
24 2
24 16
24 18
24 20
24 26
24 28
25 7
25 9
25 17
25 21
25 25
25 29
26 8
26 15
26 18
26 20
26 26
26 28
27 25
27 27
27 30
28 1
28 4
28 13
28 15
28 34
28 36
29 5
29 14
29 30
29 32
29 35
29 37
30 10
30 13
30 19
30 22
30 29
30 36
30 38
31 1
31 18
31 20
31 23
31 27
31 34
32 19
33 16
33 18
33 20
33 27
33 30
33 32
33 35
34 1
34 3
34 8
35 16
35 32
36 17
36 20
36 25
36 28
36 31
37 11
37 13
37 18
37 21
37 36
37 38
38 3
38 14
38 17
38 19
38 31
38 35
0 19
0 24
0 33
0 35
0 38
1 3
1 7
1 31
1 34
2 10
2 32
2 38
4 28
7 12
7 18
8 19
9 0
9 20
11 1
12 26
14 27
15 1
19 27
20 22
21 0
21 20
25 12
25 36
25 38
27 11
27 39
29 25
29 27
31 5
32 6
32 11
32 14
37 7
38 33
39 22
39 26
15 13
14 25
15 24
0 26
1 2
1 4
26 11
28 11
3 0
2 1
3 34
4 1
6 22
5 22
7 22
35 38
36 39
10 38
36 38
13 39
9 39
11 28
14 38
13 23
14 22
12 23
24 15
16 18
18 39
21 27
22 27
20 29
23 6
20 28
20 30
21 38
24 12
22 1
24 4
23 5
23 7
25 10
35 33
38 25
39 24
32 23
31 29
38 24
3 8
4 9
28 7
29 6
29 7
34 27
4 8
33 26
5 2
6 3
34 0
3 31
4 32
32 8
4 31
35 3
5 3
37 10
10 18
11 19
11 18
37 3
2 9
28 22
29 22
29 20
29 19
30 4
5 38
23 19
29 4
24 22
24 19
11 0
27 5
6 38
28 27
10 20
33 10
34 9
26 38
34 10
27 4
24 21
15 18
17 27
16 27
37 8
5 36
6 36
11 27
3 2
3 3
14 36
18 26
36 6
19 10
21 8
1 11
35 7
23 15
7 8
3 24
34 7
31 30
6 8
1 12
14 5
21 9
36 5
33 37
24 3
28 38
29 39
34 36
24 10
29 38
36 33
32 24
9 33
11 6
8 7
6 28
33 36
19 9
18 25
34 28
8 6
6 16
9 17
7 4
11 5
15 36
8 33
3 25
13 5
7 28
14 14
12 31
8 14
36 10
7 5
9 16
6 15
8 15
12 3
13 31
13 14
12 7
12 4
17 33
17 5
13 7
17 34
15 4
37 32
26 13
17 8
22 17
19 7
17 12
17 6
27 13
19 14
15 3
18 28
37 31
21 17
17 9
19 6
16 12
18 29
19 15
20 13
23 23
20 24
24 30
22 23
24 29
21 13
20 25
27 23
22 31
25 1
22 37
24 35
27 32
23 35
27 24
23 37
27 19
22 32
26 6
24 1
28 2
24 24
27 31
26 19
25 6
28 3
24 25
34 19
29 12
33 19
29 13
32 31
30 17
29 16
33 31
30 18
38 28
38 12
28 16
35 18
37 12
32 2
37 28
31 35
35 17
31 36
31 2
37 16
37 17
39 18
24 17
37 34
38 18
37 35
16 25
16 24
17 24
0 2
6 19
6 18
5 18
17 17
17 18
18 18
35 31
12 19
12 20
3 7
2 7
2 6
0 7
31 28
30 28
30 27
2 11
0 11
0 10
4 2
2 2
10 29
11 29
11 30
12 30
12 32
21 6
21 15
19 34
19 36
27 15
10 4
17 36
33 17
33 21
11 16
30 5
30 6
6 24
22 12
13 16
24 38
24 39
23 39
13 29
30 3
13 2
26 27
3 27
4 27
4 26
3 12
15 11
6 6
13 18
10 11
13 33
24 27
15 31
22 10
27 21
3 5
8 31
30 24
31 25
1 37
19 4
4 6
10 13
3 36
37 14
11 14
14 2
14 1
13 1
19 17
28 18
27 18
27 17
26 17
26 16
25 16
25 15
3 39
2 39
16 14
13 9
31 19
19 28
17 28
17 26
19 26
25 23
26 22
1 23
0 23
0 22
4 37
5 37
28 35
22 21
21 21
21 22
26 2
8 29
5 35
4 35
4 34
11 2
11 3
13 3
30 25
21 28
21 26
29 29
24 5
14 32
22 29
27 37
18 22
19 23
18 20
33 24
37 25
39 25
39 23
17 21
38 1
34 26
34 25
35 25
35 24
36 24
36 23
37 23
37 22
31 24
35 1
2 35
2 34
5 39
32 27
32 26
31 26
30 23
5 25
14 8
15 9
39 30
32 0
30 37
32 22
31 22
31 21
30 21
30 20
27 20
28 20
28 21
25 22
35 35
34 35
2 17
24 32
22 34
2 26
1 36
0 36
0 37
39 10
32 18
4 17
28 23
21 11
2 15
14 23
14 24
17 15
36 27
36 26
12 34
11 34
11 33
16 38
21 19
16 1
16 0
17 0
27 26
28 26
28 25
26 23
23 33
33 5
34 4
1 25
0 25
18 23
17 20
29 31
26 21
25 24
22 5
22 4
21 4
21 3
20 3
20 2
19 2
19 1
18 1
33 15
32 15
32 16
31 16
31 17
29 17
29 15
26 25
4 15
22 25
26 12
26 14
7 32
39 37
14 13
14 12
13 12
13 11
12 11
12 10
11 10
11 9
10 9
2 37
18 37
27 34
9 5
25 26
19 22
23 24
20 16
31 13
32 13
15 15
14 15
25 28
11 25
18 16
23 22
21 24
19 24
26 3
25 3
25 2
13 21
14 21
28 0
4 19
33 4
33 3
32 3
18 31
19 31
19 32
38 4
39 4
34 16
14 10
27 36
26 36
26 37
20 5
18 5
16 5
16 4
14 4
26 10
26 9
27 9
27 8
28 8
11 12
35 4
14 6
15 6
15 7
16 7
16 8
16 32
16 33
15 33
15 34
14 34
14 35
13 35
18 8
18 7
20 7
20 8
22 7
22 8
9 12
16 10
24 7
28 6
28 5
26 5
26 7
25 31
25 30
26 30
26 29
27 29
27 28
28 28
36 30
36 29
35 29
35 28
33 28
33 29
37 37
18 21
16 21
39 1
39 0
38 0
34 5
2 29
2 30
23 28
15 26
14 26
0 34
36 1
36 0
35 0
27 1
27 2
22 14
23 14
23 13
24 13
4 21
5 21
5 20
25 8
32 20
32 30
32 32
30 30
30 39
28 39
28 37
23 30
23 31
21 31
21 30
13 37
14 37
23 11
24 11
24 9
23 9
19 20
19 19
38 30
38 29
39 29
34 37
35 37
32 1
33 1
33 0
39 19
39 17
0 13
1 21
2 21
2 22
3 22
10 35
11 36
12 36
33 39
34 23
39 7
18 32
18 33
23 26
9 28
19 30
17 31
17 30
16 30
16 29
15 29
15 28
14 28
37 4
12 38
12 39
21 33
20 33
20 32
14 39
37 2
38 2
30 1
29 1
29 2
36 21
35 21
35 20
34 20
31 10
31 11
30 11
30 12
28 12
34 18
32 5
7 37
36 18
36 19
37 19
37 20
38 20
38 21
39 21
2 13
38 10
38 11
39 11
34 32
34 33
33 33
33 34
32 34
32 35
35 8
35 9
36 8
36 9
34 2
35 2
4 13
25 18
5 16
7 16
18 3
17 3
17 2
30 35
30 34
29 34
29 33
28 33
28 32
9 10
8 10
8 9
7 9
7 7
9 7
9 8
12 15
17 38
17 39
16 39
26 32
10 6
12 6
12 8
19 12
20 12
20 14
18 14
18 13
17 13
17 11
18 11
18 10
20 10
4 11
8 1
2 28
1 28
1 27
0 27
8 38
8 39
7 39
3 18
10 15
23 20
39 27
38 27
39 31
31 0
22 18
23 18
22 16
23 16
29 36
4 29
3 29
3 30
20 37
20 38
19 38
19 39
12 13
1 18
0 18
0 17
26 39
16 16
31 33
10 23
38 38
39 38
39 39
38 36
39 36
39 35
39 9
38 13
39 13
39 14
38 8
5 12
25 33
25 34
24 34
24 36
3 9
1 9
6 13
7 13
7 14
9 14
16 37
10 31
34 13
35 14
5 7
11 24
12 24
12 25
38 5
39 5
3 32
37 39
35 39
31 38
32 38
32 37
25 20
5 23
4 23
4 24
2 24
35 11
36 11
26 0
25 0
36 36
34 30
9 24
8 24
8 25
7 25
7 26
5 5
35 6
4 4
23 3
23 2
22 2
1 30
0 29
3 16
2 4
0 4
0 5
37 6
22 0
23 0
38 32
36 32
36 34
38 34
1 32
0 32
6 4
8 4
20 18
22 38
22 36
21 36
21 35
20 35
39 3
4 0
5 0
18 35
28 30
5 32
5 33
6 33
6 34
7 34
7 35
8 35
8 36
9 36
9 37
10 37
10 25
0 39
6 2
6 1
7 1
7 0
8 0
2 19
2 0
1 0
36 13
35 13
5 9
5 10
6 10
6 11
7 11
10 39
10 19
38 15
38 16
36 16
36 15
35 15
6 29
6 27
6 31
10 21
11 21
11 22
12 22
0 20
9 34
9 32
1 16
28 14
9 26
32 7
31 7
31 8
30 8
30 9
29 9
29 10
28 10
34 14
3 20
10 0
12 0
10 17
8 17
8 18
9 22
8 20
8 21
7 21
7 23
8 27
30 14
14 19
15 19
15 20
33 9
33 8
16 35
8 2
9 2
9 3
10 27
12 27
14 30
34 12
33 12
33 11
1 14
12 17
5 14
20 0
3 14
14 17
15 17
30 32
9 30
7 30
5 30
