0 0
1 5
1 7
1 9
1 18
1 20
1 25
1 34
2 6
2 11
2 15
2 19
2 21
2 24
2 29
2 33
2 35
2 37
3 2
3 16
3 25
3 36
3 38
4 6
4 22
4 26
4 29
4 32
4 35
4 37
5 8
5 10
5 13
5 19
5 21
5 25
5 33
6 2
6 9
6 11
6 14
6 17
6 20
6 24
6 27
6 29
7 3
7 10
7 12
7 15
7 18
7 28
7 30
7 35
8 4
8 6
8 11
8 13
8 16
8 19
8 24
8 27
8 31
8 33
9 3
9 10
9 17
9 20
9 23
9 25
9 32
9 34
9 36
9 38
10 2
10 15
10 19
10 21
10 26
10 30
10 35
10 37
11 1
11 4
11 13
11 16
11 22
11 27
11 29
11 38
12 7
12 15
12 19
12 21
12 23
12 30
13 18
13 31
13 33
13 35
13 37
14 3
14 10
14 17
14 23
14 32
14 36
15 2
15 9
15 11
15 15
15 18
15 22
15 24
15 37
16 1
16 6
16 8
16 10
16 23
16 33
16 35
16 38
17 2
17 5
17 7
17 9
17 15
17 19
17 34
17 36
18 1
18 6
18 8
18 10
18 18
18 23
18 26
18 28
18 33
19 2
19 5
19 7
19 11
19 14
19 17
19 19
19 24
19 29
19 34
20 1
20 3
20 6
20 8
20 10
20 12
20 18
20 23
20 25
20 30
20 33
20 35
21 2
21 4
21 7
21 9
21 11
21 13
21 19
21 26
21 36
22 3
22 6
22 8
22 10
22 12
22 14
22 20
22 29
23 7
23 9
23 13
23 19
23 30
23 36
24 6
24 8
24 26
24 28
24 34
24 37
25 2
25 7
25 9
25 16
25 22
25 25
25 31
25 33
25 38
26 3
26 10
26 14
26 26
26 32
26 34
26 37
27 4
27 7
27 9
27 19
27 25
27 27
27 30
27 33
28 2
28 5
28 8
28 10
28 13
28 20
28 28
28 34
28 36
29 3
29 6
29 11
29 14
29 16
29 19
29 29
29 31
29 33
29 35
30 1
30 13
30 15
30 25
30 30
30 32
30 36
31 10
31 14
31 16
31 19
31 23
31 27
31 33
31 35
32 4
32 8
32 15
32 17
32 34
33 1
33 3
33 5
33 16
33 20
33 23
33 28
33 32
34 2
34 4
34 14
34 17
34 24
34 29
34 31
34 33
35 1
35 3
35 5
35 15
35 18
35 20
36 4
36 6
36 10
36 14
36 16
36 19
36 26
36 38
37 3
37 5
37 7
37 15
37 27
37 33
37 36
38 16
38 22
38 24
38 26
38 28
38 30
38 32
38 34
38 38
0 2
0 12
0 23
0 32
1 31
2 0
5 0
5 39
6 37
7 39
13 0
13 27
14 26
14 39
15 13
15 26
16 30
17 13
19 38
21 38
22 16
26 12
27 0
27 39
28 38
29 39
32 38
32 39
33 26
34 39
38 10
38 19
39 4
39 6
39 11
39 14
39 18
39 20
0 5
14 4
0 20
2 9
30 23
2 31
31 38
33 38
36 39
0 25
3 29
3 28
3 30
23 34
25 30
7 24
7 23
7 25
8 7
9 39
12 1
9 9
10 32
18 22
11 0
17 28
11 28
10 28
12 28
32 24
12 33
13 34
32 23
13 3
14 34
15 19
16 39
15 21
17 38
25 0
26 1
25 1
18 0
21 33
33 6
33 0
20 0
20 22
21 27
22 15
22 17
20 27
22 27
26 22
31 25
28 37
25 32
31 30
30 37
25 34
30 6
13 11
14 12
14 11
34 22
34 23
39 34
39 32
37 38
34 30
31 5
31 4
11 25
12 26
33 30
35 30
36 11
21 37
11 26
39 16
14 30
15 31
38 17
14 31
39 22
38 21
39 30
39 28
38 29
16 12
15 25
16 11
26 11
33 4
33 2
21 32
4 2
1 38
27 23
28 24
37 10
27 24
2 38
5 2
5 36
36 22
24 30
3 3
25 17
1 14
4 11
2 22
6 31
4 17
6 22
3 20
4 10
7 7
12 2
4 36
36 23
2 14
5 22
4 16
7 20
9 5
25 18
2 23
7 31
3 4
2 20
4 7
8 29
8 5
21 22
8 20
7 29
4 8
11 36
9 12
6 4
32 6
10 36
8 12
7 4
8 35
9 35
9 18
37 37
12 5
13 20
15 16
10 17
13 24
9 19
11 5
12 20
11 14
11 17
15 17
13 23
11 15
16 3
16 2
18 3
19 15
18 2
37 29
23 38
28 30
24 38
24 14
19 16
23 11
29 30
24 13
27 31
22 11
29 27
27 32
28 26
20 20
24 24
21 5
26 5
29 28
26 28
21 6
24 25
26 4
27 26
26 20
20 19
26 27
24 10
27 20
24 9
28 15
29 9
29 15
28 9
30 17
29 21
30 16
28 18
29 20
10 25
28 19
30 11
31 11
29 12
30 2
29 13
30 3
32 13
32 19
32 9
31 13
35 13
35 32
33 19
32 10
35 14
34 32
36 17
36 18
20 34
21 34
21 35
15 14
18 7
18 11
18 9
18 5
16 9
16 7
21 39
14 9
16 5
25 21
26 21
26 19
37 32
39 38
17 20
36 25
37 19
15 12
17 12
18 34
30 35
5 29
18 32
29 34
29 32
28 35
28 33
9 37
19 35
16 34
19 33
7 2
37 39
38 39
27 34
5 24
19 22
19 23
30 33
26 7
29 36
29 37
26 25
32 35
2 36
35 19
31 37
31 36
26 35
26 36
27 36
27 37
22 13
24 27
20 11
26 33
26 30
26 31
28 31
28 29
27 29
27 28
25 28
34 37
33 37
33 36
18 36
37 14
17 33
20 14
20 7
8 3
33 39
19 8
30 39
31 39
35 38
35 39
2 34
21 12
4 23
17 35
14 22
14 21
13 21
13 19
14 19
14 18
36 31
35 31
35 33
36 33
39 29
14 37
30 14
20 24
38 27
39 27
39 26
21 25
13 32
12 32
12 31
24 7
17 23
17 22
16 22
16 21
36 5
22 7
10 1
10 0
9 0
35 29
13 36
23 32
23 31
22 31
22 23
23 23
19 18
31 21
38 33
39 33
15 38
15 39
15 23
25 8
21 14
21 15
20 15
26 38
26 39
25 39
28 39
33 12
34 12
34 11
17 39
38 36
38 35
8 32
12 34
12 35
11 35
11 37
12 37
12 38
13 38
13 39
10 38
10 39
11 39
21 8
23 33
24 33
24 31
33 31
33 29
16 19
16 18
17 18
3 26
38 25
19 12
19 13
20 13
29 7
30 8
32 16
21 23
22 21
21 21
21 20
19 20
38 31
39 31
12 0
35 26
35 27
36 27
36 28
37 28
37 30
17 37
16 37
16 36
15 36
15 35
14 35
33 8
33 9
34 8
34 9
21 18
21 17
20 17
10 20
32 12
34 13
36 13
38 37
13 17
9 33
10 33
10 34
24 29
23 29
23 28
22 28
20 32
20 31
19 31
19 30
25 26
25 6
25 5
24 5
31 15
12 22
27 17
27 16
26 16
16 32
15 32
15 33
14 33
38 23
39 23
39 24
38 12
22 32
23 8
28 21
22 26
23 26
7 11
19 28
20 28
20 29
21 29
21 30
22 30
32 14
33 14
33 15
34 15
34 16
35 16
35 17
36 15
1 3
18 15
18 14
17 14
24 36
24 35
23 35
17 8
20 26
19 26
19 25
18 25
18 24
37 17
37 16
24 16
24 17
23 17
23 18
6 28
2 16
15 27
14 27
9 24
36 37
36 36
35 36
35 35
34 35
34 34
33 34
33 33
32 33
32 32
31 32
31 31
30 31
30 29
31 29
31 28
32 28
32 27
33 27
22 24
23 24
11 23
10 23
10 22
9 22
9 21
8 38
8 39
1 29
30 7
31 34
30 24
31 24
29 10
30 10
30 12
12 18
29 25
28 25
28 27
30 27
30 26
31 26
28 12
28 11
27 11
27 10
33 11
30 21
30 22
31 22
35 10
35 11
3 24
20 36
20 37
19 37
12 25
12 24
14 24
14 25
17 4
17 3
24 22
23 22
39 36
39 35
34 18
15 8
27 18
28 16
18 29
17 29
18 27
17 30
17 27
17 26
15 30
13 30
13 29
12 29
29 8
16 25
16 24
28 14
27 14
27 13
26 13
20 2
12 27
35 21
35 22
37 22
37 21
4 38
4 39
3 39
23 6
29 18
29 17
31 8
31 9
28 7
28 6
27 6
27 5
13 4
12 4
12 6
30 19
33 17
5 20
10 6
9 6
9 7
5 5
6 6
34 25
33 25
33 24
26 23
25 23
25 24
28 23
6 39
39 17
22 36
22 37
23 37
23 39
37 34
37 35
10 31
9 31
9 30
8 30
8 28
31 20
32 20
19 6
19 1
19 0
39 15
38 15
31 17
31 18
32 18
10 29
10 27
9 27
9 26
8 26
8 25
6 25
6 26
5 26
5 27
4 27
4 28
2 28
39 21
16 15
16 16
17 16
25 37
11 21
38 5
39 5
23 15
23 14
37 8
36 8
17 1
17 0
16 0
26 9
8 1
38 0
39 0
22 9
33 21
33 22
17 6
6 10
35 4
13 2
14 2
12 16
37 26
26 17
25 14
25 15
26 15
35 24
6 8
7 8
7 9
8 9
8 10
3 6
3 7
2 7
2 8
1 8
25 10
25 11
23 10
23 12
5 32
6 32
6 33
7 33
7 34
8 34
1 10
0 10
5 6
5 7
23 20
24 20
24 19
3 37
20 9
4 21
3 21
3 22
6 35
5 35
5 34
4 34
4 33
3 33
3 32
2 32
23 2
24 3
11 12
11 11
1 17
7 6
38 13
39 13
39 12
34 28
19 39
1 4
0 4
0 3
8 36
7 36
7 37
12 8
11 8
11 9
3 11
15 1
5 11
5 12
6 12
6 13
7 13
7 14
8 14
8 15
9 15
9 16
10 16
7 27
22 19
1 19
0 19
0 18
10 18
4 31
4 30
2 30
5 37
6 30
27 8
8 18
8 17
7 17
7 16
6 16
6 15
5 15
5 14
4 14
4 13
3 13
6 5
38 8
38 7
39 7
11 30
1 21
1 22
0 21
0 22
31 0
6 3
39 19
21 0
21 1
8 23
6 23
6 21
7 21
7 19
6 19
6 18
5 18
5 17
3 17
1 6
0 6
0 7
0 39
1 39
1 37
0 37
0 36
9 4
10 4
10 3
11 3
11 2
37 11
37 12
36 20
2 10
2 2
2 3
3 0
3 1
4 0
4 1
13 15
14 15
14 16
23 3
23 4
22 4
22 5
19 3
19 4
20 4
20 5
5 9
25 3
18 19
15 3
15 4
4 5
4 25
24 0
13 10
12 10
12 9
13 12
13 13
12 13
12 14
10 14
10 13
9 13
9 11
11 7
13 8
13 7
14 7
14 6
15 6
2 12
26 0
10 9
10 10
24 2
35 2
34 20
3 19
4 19
28 0
28 1
29 1
29 2
37 9
36 9
36 3
11 19
2 5
3 15
32 3
21 10
2 18
4 3
21 3
1 33
0 33
0 34
1 11
0 11
22 2
31 2
31 1
32 1
32 0
18 17
34 5
34 6
35 6
35 7
36 7
34 3
2 25
38 3
39 3
6 1
6 0
7 0
30 5
29 5
29 4
28 4
28 3
27 3
27 2
26 2
37 6
0 9
19 10
0 31
0 30
37 4
9 2
17 10
15 10
32 5
32 7
14 0
3 35
30 0
37 2
37 1
36 1
39 10
1 24
0 24
34 1
34 0
35 0
0 26
1 26
1 27
0 16
0 15
1 15
1 13
0 13
1 35
0 1
1 1
1 0
37 24
