0 10 45
0 2 8
2 3 45
2 4 45
2 5 45
2 6 45
2 7 45
2 8 45
2 9 45
1 2 9
1 2 10
1 2 11
1 2 12
1 2 13
1 2 14
1 2 15
1 2 16
1 2 17
1 2 18
1 2 19
1 2 20
1 2 21
1 2 22
1 2 23
1 2 24
1 2 25
1 2 26
1 2 27
1 2 28
1 2 29
1 2 30
1 2 31
1 2 32
1 2 33
1 2 34
1 2 35
1 2 36
1 2 37
1 2 38
1 2 39
1 2 40
1 2 41
1 2 42
1 2 43
1 2 44
3 2 45
-1
-1
-1
-1
-1
-1
-1
-1
-1
-1
-1
-1
-1
-1
-1
-1
-1
-1
-1
-1
-1
-1
-1
-1
-1
-1
-1
-1
-1
-1
-1
-1
-1
-1
-1
-1
-1
-1
-1
-1
-1
-1
-1
-1
-1
-1
2 14 49
2 13 49
2 12 49
2 11 49
3 10 49
1 10 48
1 10 47
1 10 46
0 15 49
-1
-1
-1
-1
-1
-1
-1
-1
-1
-1
-1
-1
-1
-1
-1
-1
-1
-1
-1
2 39 14
2 38 14
2 37 14
2 36 14
2 35 14
2 34 14
2 33 14
2 32 14
2 31 14
2 30 14
2 29 14
2 28 14
2 27 14
2 26 14
2 25 14
2 24 14
2 23 14
2 22 14
2 21 14
2 20 14
2 19 14
2 18 14
2 17 14
2 16 14
2 15 14
2 14 14
2 13 14
2 12 14
2 11 14
2 10 14
2 9 14
2 8 14
2 7 14
2 6 14
2 5 14
2 4 14
3 3 14
1 3 13
1 3 12
1 3 11
1 3 10
1 3 9
5 3 8
0 40 14
-1
-1
-1
-1
-1
-1
-1
-1
-1
-1
-1
-1
-1
-1
-1
-1
-1
-1
-1
-1
-1
3 40 20
1 40 19
1 40 18
1 40 17
1 40 16
1 40 15
0 41 20
-1
-1
-1
-1
-1
-1
-1
-1
-1
-1
-1
-1
-1
-1
-1
-1
-1
-1
-1
3 1 8
0 1 7
-1
-1
-1
-1
-1
1 28 10
1 28 11
1 28 12
3 28 13
2 29 13
2 30 13
2 31 13
2 32 13
2 33 13
2 34 13
2 35 13
2 36 13
2 37 13
2 38 13
2 39 13
5 40 13
0 28 9
-1
-1
-1
-1
-1
-1
-1
-1
-1
-1
-1
-1
2 26 9
2 27 9
0 25 9
-1
-1
-1
-1
-1
-1
-1
-1
-1
-1
-1
2 11 45
0 12 45
-1
-1
-1
-1
-1
-1
-1
1 10 41
1 10 42
1 10 43
1 10 44
0 10 40
-1
-1
-1
-1
-1
-1
-1
6 28 7
1 28 8
0 29 7
-1
-1
1 40 8
1 40 9
1 40 10
1 40 11
3 40 12
5 41 12
1 41 13
4 41 14
0 40 7
2 24 39
2 23 39
2 22 39
2 21 39
2 20 39
2 19 39
2 18 39
2 17 39
2 16 39
2 15 39
2 14 39
2 13 39
2 12 39
2 11 39
6 10 39
0 25 39
2 6 6
2 5 6
2 4 6
2 3 6
6 2 6
1 2 7
0 7 6
1 25 44
1 25 43
1 25 42
1 25 41
1 25 40
0 25 45
-1
-1
1 7 41
6 7 40
2 8 40
2 9 40
0 7 42
-1
2 28 36
2 27 36
2 26 36
6 25 36
1 25 37
1 25 38
0 29 36
1 13 31
1 13 32
1 13 33
1 13 34
3 13 35
2 14 35
2 15 35
2 16 35
2 17 35
2 18 35
2 19 35
2 20 35
2 21 35
2 22 35
2 23 35
2 24 35
2 25 35
2 26 35
2 27 35
2 28 35
2 29 35
5 30 35
1 30 36
4 30 37
2 29 37
2 28 37
2 27 37
6 26 37
1 26 38
1 26 39
1 26 40
1 26 41
1 26 42
1 26 43
1 26 44
1 26 45
4 26 46
2 25 46
2 24 46
2 23 46
2 22 46
2 21 46
2 20 46
2 19 46
2 18 46
2 17 46
2 16 46
2 15 46
2 14 46
3 13 46
1 13 45
5 13 44
2 12 44
3 11 44
1 11 43
1 11 42
1 11 41
5 11 40
0 13 30
2 23 18
2 24 18
5 25 18
1 25 19
1 25 20
3 25 21
2 26 21
2 27 21
2 28 21
2 29 21
2 30 21
2 31 21
2 32 21
2 33 21
2 34 21
2 35 21
2 36 21
2 37 21
2 38 21
2 39 21
2 40 21
2 41 21
4 42 21
1 42 20
1 42 19
1 42 18
1 42 17
1 42 16
1 42 15
1 42 14
1 42 13
1 42 12
5 42 11
3 41 11
1 41 10
1 41 9
1 41 8
1 41 7
5 41 6
2 40 6
2 39 6
2 38 6
2 37 6
2 36 6
2 35 6
2 34 6
2 33 6
2 32 6
2 31 6
2 30 6
2 29 6
2 28 6
2 27 6
2 26 6
6 25 6
1 25 7
1 25 8
0 22 18
1 7 35
1 7 36
1 7 37
1 7 38
4 7 39
6 6 39
1 6 40
1 6 41
3 6 42
0 7 34
6 18 9
2 19 9
2 20 9
2 21 9
2 22 9
2 23 9
2 24 9
0 18 10
6 4 43
2 5 43
2 6 43
4 7 43
0 4 44
2 32 9
2 31 9
2 30 9
2 29 9
0 33 9
0 0 7
0 7 7
1 0 11
1 0 10
1 0 9
1 0 8
0 0 12
-1
-1
-1
-1
-1
-1
-1
-1
-1
-1
-1
-1
-1
-1
-1
-1
-1
-1
-1
-1
-1
-1
-1
-1
-1
-1
-1
-1
-1
-1
-1
-1
-1
-1
-1
-1
-1
-1
-1
-1
-1
-1
-1
-1
-1
-1
-1
-1
-1
-1
-1
-1
-1
-1
-1
-1
-1
-1
-1
-1
-1
-1
-1
-1
-1
-1
-1
-1
-1
-1
-1
-1
-1
-1
-1
-1
-1
-1
-1
-1
-1
-1
-1
-1
-1
-1
-1
-1
-1
-1
-1
-1
-1
-1
-1
-1
-1
-1
-1
-1
-1
-1
-1
-1
-1
-1
-1
-1
-1
-1
-1
-1
-1
-1
-1
-1
-1
-1
-1
-1
-1
-1
-1
-1
-1
-1
-1
-1
-1
-1
-1
-1
-1
-1
-1
-1
-1
-1
-1
-1
-1
-1
-1
-1
-1
-1
-1
-1
-1
-1
-1
-1
-1
-1
-1
-1
-1
-1
-1
-1
-1
-1
-1
-1
-1
-1
-1
-1
-1
-1
-1
-1
-1
-1
-1
-1
-1
-1
-1
-1
-1
-1
-1
-1
-1
-1
-1
-1
-1
-1
-1
-1
-1
-1
-1
-1
-1
-1
-1
-1
-1
-1
-1
-1
-1
-1
-1
-1
-1
-1
-1
-1
-1
-1
-1
-1
-1
-1
-1
-1
-1
-1
-1
-1
-1
-1
-1
-1
-1
-1
-1
-1
-1
-1
-1
-1
-1
-1
-1
-1
-1
-1
-1
-1
-1
-1
-1
-1
-1
-1
-1
-1
-1
-1
-1
-1
-1
-1
-1
-1
-1
-1
-1
-1
-1
-1
-1
-1
-1
-1
-1
-1
-1
-1
-1
-1
-1
-1
-1
-1
-1
-1
-1
-1
-1
-1
-1
-1
-1
-1
-1
-1
-1
-1
-1
-1
-1
-1
-1
-1
-1
-1
-1
-1
-1
-1
-1
-1
