0 1 39
0 37 43
2 2 39
2 3 39
2 4 39
2 5 39
2 6 39
2 7 39
2 8 39
2 9 39
2 10 39
2 11 39
2 12 39
2 13 39
2 14 39
2 15 39
2 16 39
2 17 39
2 18 39
2 19 39
2 20 39
2 21 39
2 22 39
2 23 39
2 24 39
2 25 39
2 26 39
2 27 39
2 28 39
2 29 39
2 30 39
2 31 39
2 32 39
2 33 39
2 34 39
2 35 39
2 36 39
1 37 40
1 37 41
1 37 42
5 37 39
-1
-1
-1
-1
-1
-1
-1
-1
-1
-1
-1
-1
-1
-1
-1
-1
-1
-1
-1
-1
-1
-1
-1
-1
-1
-1
-1
-1
-1
-1
-1
-1
-1
-1
-1
-1
-1
-1
-1
-1
-1
-1
-1
-1
-1
-1
-1
-1
-1
-1
-1
-1
-1
-1
-1
-1
-1
-1
-1
-1
-1
-1
-1
-1
-1
-1
-1
-1
-1
-1
-1
-1
-1
-1
-1
-1
-1
-1
-1
-1
-1
-1
-1
-1
-1
-1
-1
-1
-1
-1
-1
-1
-1
-1
-1
-1
-1
-1
-1
-1
-1
-1
-1
-1
-1
-1
-1
-1
-1
-1
-1
-1
-1
-1
-1
-1
-1
-1
-1
-1
-1
-1
-1
-1
-1
-1
-1
-1
-1
-1
-1
-1
-1
-1
-1
-1
-1
-1
-1
-1
-1
-1
-1
-1
-1
-1
-1
-1
-1
-1
-1
-1
-1
-1
-1
-1
-1
-1
-1
-1
-1
-1
-1
-1
-1
-1
-1
-1
-1
-1
-1
-1
-1
-1
-1
-1
-1
-1
-1
-1
-1
1 36 3
1 36 4
1 36 5
1 36 6
1 36 7
1 36 8
1 36 9
1 36 10
1 36 11
1 36 12
1 36 13
1 36 14
1 36 15
1 36 16
1 36 17
1 36 18
1 36 19
1 36 20
1 36 21
1 36 22
1 36 23
1 36 24
1 36 25
1 36 26
1 36 27
1 36 28
1 36 29
1 36 30
1 36 31
1 36 32
1 36 33
1 36 34
1 36 35
1 36 36
1 36 37
3 36 38
2 37 38
5 38 38
1 38 39
1 38 40
1 38 41
1 38 42
4 38 43
0 36 2
-1
-1
-1
-1
-1
-1
-1
-1
-1
-1
-1
-1
-1
-1
-1
-1
-1
-1
-1
-1
-1
-1
-1
-1
-1
-1
-1
-1
-1
-1
-1
-1
-1
-1
-1
-1
-1
-1
-1
-1
-1
-1
-1
1 35 7
1 35 6
1 35 5
1 35 4
1 35 3
6 35 2
0 35 8
-1
-1
-1
-1
-1
-1
-1
-1
-1
-1
-1
-1
-1
-1
-1
-1
-1
-1
-1
-1
-1
-1
-1
1 28 7
3 28 8
2 29 8
2 30 8
2 31 8
2 32 8
2 33 8
2 34 8
0 28 6
-1
-1
-1
-1
-1
-1
-1
-1
-1
-1
-1
-1
-1
-1
2 3 48
2 2 48
3 1 48
1 1 47
1 1 46
1 1 45
1 1 44
1 1 43
1 1 42
1 1 41
1 1 40
0 4 48
-1
-1
-1
-1
-1
-1
-1
-1
2 9 43
2 8 43
2 7 43
2 6 43
2 5 43
6 4 43
1 4 44
1 4 45
1 4 46
1 4 47
0 10 43
-1
-1
-1
-1
-1
-1
-1
-1
-1
5 29 6
0 29 7
1 4 9
1 4 8
1 4 7
6 4 6
2 5 6
2 6 6
2 7 6
2 8 6
2 9 6
2 10 6
2 11 6
2 12 6
2 13 6
2 14 6
2 15 6
2 16 6
2 17 6
2 18 6
2 19 6
2 20 6
2 21 6
2 22 6
2 23 6
2 24 6
2 25 6
2 26 6
2 27 6
0 4 10
1 34 46
1 34 45
1 34 44
6 34 43
2 35 43
2 36 43
0 34 47
1 22 3
1 22 4
3 22 5
2 23 5
2 24 5
2 25 5
2 26 5
2 27 5
5 28 5
0 22 2
2 43 43
2 42 43
2 41 43
2 40 43
6 39 43
4 39 44
2 38 44
3 37 44
0 44 43
1 41 40
1 41 41
3 41 42
2 42 42
2 43 42
5 44 42
0 41 39
2 6 26
2 5 26
2 4 26
2 3 26
2 2 26
6 1 26
1 1 27
1 1 28
1 1 29
1 1 30
1 1 31
1 1 32
1 1 33
1 1 34
1 1 35
1 1 36
1 1 37
1 1 38
0 7 26
2 14 47
2 13 47
2 12 47
2 11 47
3 10 47
1 10 46
1 10 45
1 10 44
0 15 47
2 41 3
2 40 3
2 39 3
2 38 3
3 37 3
5 37 2
0 42 3
2 46 44
2 45 44
3 44 44
0 47 44
2 17 20
2 16 20
2 15 20
2 14 20
2 13 20
2 12 20
2 11 20
2 10 20
2 9 20
2 8 20
6 7 20
1 7 21
1 7 22
1 7 23
1 7 24
1 7 25
0 18 20
6 47 25
1 47 26
1 47 27
1 47 28
1 47 29
1 47 30
1 47 31
1 47 32
1 47 33
1 47 34
1 47 35
1 47 36
1 47 37
1 47 38
1 47 39
1 47 40
1 47 41
1 47 42
1 47 43
0 48 25
1 30 45
1 30 46
3 30 47
2 31 47
2 32 47
2 33 47
0 30 44
1 30 42
1 30 43
0 30 41
2 23 19
2 22 19
2 21 19
2 20 19
2 19 19
6 18 19
0 24 19
3 22 44
2 23 44
2 24 44
2 25 44
2 26 44
2 27 44
2 28 44
2 29 44
0 22 43
3 23 4
1 23 3
5 23 2
0 24 4
6 37 4
2 38 4
2 39 4
2 40 4
2 41 4
2 42 4
4 43 4
1 43 3
5 43 2
2 42 2
2 41 2
2 40 2
2 39 2
3 38 2
5 38 1
2 37 1
6 36 1
0 37 5
3 37 7
1 37 6
0 38 7
2 39 10
3 38 10
1 38 9
1 38 8
0 40 10
2 40 47
2 39 47
2 38 47
2 37 47
2 36 47
2 35 47
0 41 47
2 12 2
2 13 2
2 14 2
2 15 2
2 16 2
2 17 2
2 18 2
2 19 2
2 20 2
2 21 2
0 11 2
1 16 24
1 16 23
1 16 22
6 16 21
2 17 21
4 18 21
0 16 25
2 45 9
2 44 9
2 43 9
2 42 9
2 41 9
6 40 9
0 46 9
6 31 43
4 31 44
0 32 43
3 16 28
1 16 27
1 16 26
0 17 28
2 44 35
2 43 35
2 42 35
6 41 35
1 41 36
1 41 37
1 41 38
0 45 35
-1
-1
-1
-1
-1
-1
-1
-1
-1
-1
-1
-1
-1
-1
-1
-1
-1
-1
-1
-1
-1
-1
-1
-1
-1
-1
-1
-1
-1
-1
-1
-1
-1
-1
-1
-1
-1
-1
-1
-1
-1
-1
-1
-1
-1
-1
-1
-1
-1
-1
-1
-1
-1
-1
-1
-1
-1
-1
-1
-1
-1
-1
-1
-1
-1
-1
-1
-1
-1
-1
-1
-1
-1
-1
-1
-1
-1
-1
-1
-1
-1
-1
-1
-1
-1
-1
-1
-1
-1
-1
-1
-1
-1
-1
-1
-1
-1
-1
-1
-1
-1
-1
-1
-1
-1
-1
-1
-1
-1
-1
-1
-1
-1
-1
-1
-1
-1
-1
-1
-1
-1
-1
-1
-1
-1
-1
-1
-1
-1
-1
-1
-1
-1
-1
-1
-1
-1
-1
-1
-1
-1
-1
-1
-1
-1
-1
-1
-1
-1
-1
-1
-1
-1
-1
-1
-1
