0 49 1
0 3 41
2 4 1
2 5 1
2 6 1
2 7 1
2 8 1
2 9 1
2 10 1
2 11 1
2 12 1
2 13 1
2 14 1
2 15 1
2 16 1
2 17 1
2 18 1
2 19 1
2 20 1
2 21 1
2 22 1
2 23 1
2 24 1
2 25 1
2 26 1
2 27 1
2 28 1
2 29 1
2 30 1
2 31 1
2 32 1
2 33 1
2 34 1
2 35 1
2 36 1
2 37 1
2 38 1
2 39 1
2 40 1
2 41 1
2 42 1
2 43 1
2 44 1
2 45 1
2 46 1
2 47 1
2 48 1
1 3 2
1 3 3
1 3 4
1 3 5
1 3 6
1 3 7
1 3 8
1 3 9
1 3 10
1 3 11
1 3 12
1 3 13
1 3 14
1 3 15
1 3 16
1 3 17
1 3 18
1 3 19
1 3 20
1 3 21
1 3 22
1 3 23
1 3 24
1 3 25
1 3 26
1 3 27
1 3 28
1 3 29
1 3 30
1 3 31
1 3 32
1 3 33
1 3 34
1 3 35
1 3 36
1 3 37
1 3 38
1 3 39
1 3 40
6 3 1
-1
-1
-1
-1
-1
-1
-1
-1
-1
-1
-1
-1
-1
-1
-1
-1
-1
-1
-1
-1
-1
-1
-1
-1
-1
-1
-1
-1
-1
-1
-1
-1
-1
-1
-1
-1
-1
-1
-1
-1
-1
-1
-1
-1
-1
-1
-1
-1
-1
2 10 46
2 9 46
2 8 46
2 7 46
2 6 46
2 5 46
2 4 46
3 3 46
1 3 45
1 3 44
1 3 43
1 3 42
0 11 46
-1
-1
-1
-1
-1
-1
-1
-1
-1
-1
-1
-1
-1
-1
-1
-1
-1
-1
-1
-1
-1
-1
-1
-1
-1
-1
2 6 38
2 5 38
6 4 38
1 4 39
1 4 40
4 4 41
0 7 38
-1
-1
-1
-1
-1
-1
-1
-1
-1
-1
-1
-1
-1
-1
-1
-1
-1
2 13 44
2 12 44
6 11 44
1 11 45
0 14 44
-1
-1
-1
-1
-1
-1
-1
-1
-1
2 42 2
2 43 2
2 44 2
2 45 2
2 46 2
2 47 2
2 48 2
4 49 2
0 41 2
-1
-1
-1
-1
-1
-1
-1
-1
-1
2 37 2
2 38 2
2 39 2
2 40 2
0 36 2
-1
-1
-1
-1
1 2 35
1 2 36
1 2 37
1 2 38
1 2 39
1 2 40
3 2 41
0 2 34
-1
-1
-1
-1
-1
-1
-1
2 42 3
3 41 3
0 43 3
-1
-1
2 16 48
2 15 48
3 14 48
1 14 47
1 14 46
1 14 45
0 17 48
-1
-1
-1
-1
-1
6 17 47
0 18 47
-1
2 22 49
2 21 49
2 20 49
2 19 49
2 18 49
3 17 49
0 23 49
-1
-1
1 2 31
1 2 32
1 2 33
0 2 30
1 42 14
1 42 13
1 42 12
1 42 11
1 42 10
1 42 9
1 42 8
1 42 7
1 42 6
1 42 5
6 42 4
4 43 4
0 42 15
1 43 7
1 43 6
6 43 5
4 44 5
1 44 4
5 44 3
0 43 8
1 1 36
1 1 35
6 1 34
0 1 37
2 46 9
2 45 9
2 44 9
3 43 9
0 47 9
6 18 46
0 19 46
1 7 33
1 7 34
1 7 35
1 7 36
1 7 37
0 7 32
2 15 39
6 14 39
1 14 40
1 14 41
1 14 42
1 14 43
0 16 39
4 44 8
0 44 7
1 39 12
1 39 13
1 39 14
3 39 15
2 40 15
2 41 15
0 39 11
2 9 47
2 10 47
4 11 47
0 8 47
6 39 9
1 39 10
0 40 9
5 40 8
0 39 8
6 40 16
2 41 16
4 42 16
0 40 17
3 15 38
5 16 38
0 15 37
2 16 30
6 15 30
1 15 31
1 15 32
1 15 33
1 15 34
1 15 35
1 15 36
0 17 30
2 18 31
3 17 31
0 19 31
3 43 23
1 43 22
1 43 21
1 43 20
1 43 19
1 43 18
1 43 17
1 43 16
5 43 15
0 44 23
4 19 32
0 18 32
2 27 46
2 26 46
2 25 46
2 24 46
6 23 46
1 23 47
1 23 48
0 28 46
2 35 45
2 34 45
2 33 45
2 32 45
2 31 45
2 30 45
2 29 45
6 28 45
0 36 45
1 0 17
1 0 18
1 0 19
1 0 20
1 0 21
1 0 22
1 0 23
1 0 24
1 0 25
1 0 26
1 0 27
1 0 28
1 0 29
3 0 30
2 1 30
0 0 16
6 0 7
1 0 8
1 0 9
1 0 10
1 0 11
1 0 12
1 0 13
1 0 14
1 0 15
0 1 7
2 35 17
2 36 17
2 37 17
2 38 17
2 39 17
0 34 17
2 34 11
2 35 11
2 36 11
2 37 11
2 38 11
0 33 11
1 37 20
1 37 19
6 37 18
2 38 18
2 39 18
4 40 18
0 37 21
2 21 39
2 20 39
2 19 39
2 18 39
2 17 39
0 22 39
2 46 33
2 45 33
3 44 33
1 44 32
1 44 31
1 44 30
1 44 29
1 44 28
1 44 27
1 44 26
1 44 25
1 44 24
0 47 33
6 47 32
0 48 32
4 38 21
0 38 20
0 47 34
1 16 35
1 16 36
4 16 37
0 16 34
3 33 13
1 33 12
0 34 13
2 25 2
2 26 2
2 27 2
2 28 2
2 29 2
2 30 2
2 31 2
2 32 2
2 33 2
2 34 2
2 35 2
0 24 2
2 17 2
2 18 2
2 19 2
2 20 2
2 21 2
2 22 2
2 23 2
0 16 2
1 13 9
1 13 8
1 13 7
1 13 6
1 13 5
1 13 4
1 13 3
6 13 2
2 14 2
2 15 2
0 13 10
1 10 9
3 10 10
2 11 10
2 12 10
0 10 8
2 45 45
2 44 45
2 43 45
2 42 45
2 41 45
2 40 45
2 39 45
2 38 45
2 37 45
0 46 45
1 7 26
1 7 27
1 7 28
1 7 29
1 7 30
1 7 31
0 7 25
2 39 46
2 38 46
2 37 46
3 36 46
0 40 46
1 23 8
1 23 7
1 23 6
1 23 5
1 23 4
6 23 3
4 24 3
0 23 9
3 45 24
5 45 23
0 46 24
3 13 12
1 13 11
0 14 12
1 47 6
1 47 7
1 47 8
0 47 5
6 8 37
4 8 38
0 9 37
1 1 17
5 1 16
0 1 18
1 32 4
6 32 3
2 33 3
2 34 3
2 35 3
4 36 3
0 32 5
3 40 12
5 40 11
0 41 12
6 19 45
0 20 45
1 12 16
1 12 15
1 12 14
6 12 13
2 13 13
4 14 13
0 12 17
2 8 17
2 9 17
2 10 17
2 11 17
0 7 17
6 44 34
2 45 34
2 46 34
0 44 35
0 7 47
0 1 38
1 40 36
6 40 35
2 41 35
2 42 35
2 43 35
0 40 37
2 15 17
2 14 17
2 13 17
0 16 17
1 12 18
0 12 19
2 8 25
0 9 25
3 46 49
1 46 48
1 46 47
1 46 46
0 47 49
2 17 3
3 16 3
0 18 3
1 23 14
1 23 13
1 23 12
1 23 11
1 23 10
0 23 15
2 23 42
3 22 42
1 22 41
1 22 40
0 24 42
2 46 0
2 47 0
2 48 0
5 49 0
0 45 0
2 42 46
2 41 46
0 43 46
1 31 10
3 31 11
2 32 11
0 31 9
2 29 46
0 30 46
0 7 48
6 24 14
4 24 15
0 25 14
0 6 48
1 47 37
1 47 36
1 47 35
0 47 38
6 4 48
2 5 48
0 4 49
1 19 10
6 19 9
2 20 9
2 21 9
2 22 9
0 19 11
2 41 39
3 40 39
1 40 38
0 42 39
6 14 37
0 14 38
1 44 37
1 44 36
0 44 38
3 34 19
1 34 18
0 35 19
3 8 48
0 9 48
1 9 41
1 9 40
1 9 39
1 9 38
0 9 42
6 6 42
2 7 42
2 8 42
0 6 43
2 19 17
2 18 17
2 17 17
0 20 17
1 20 19
1 20 18
0 20 20
2 23 21
2 22 21
2 21 21
3 20 21
0 24 21
3 2 49
2 3 49
0 2 48
-1
-1
-1
-1
-1
-1
-1
-1
-1
-1
-1
-1
-1
-1
-1
-1
-1
-1
-1
-1
-1
-1
-1
-1
-1
-1
-1
-1
-1
-1
-1
-1
-1
-1
-1
-1
-1
-1
-1
-1
-1
-1
-1
-1
-1
-1
-1
-1
-1
-1
-1
-1
-1
-1
-1
-1
-1
-1
-1
-1
-1
-1
-1
-1
-1
-1
-1
-1
-1
-1
-1
-1
-1
-1
-1
-1
-1
-1
-1
-1
-1
-1
-1
-1
-1
-1
-1
-1
-1
-1
-1
-1
-1
-1
-1
-1
-1
-1
-1
-1
-1
-1
-1
-1
-1
-1
-1
-1
-1
-1
-1
