0 18 21
0 40 21
2 19 21
2 20 21
2 21 21
2 22 21
2 23 21
2 24 21
2 25 21
2 26 21
2 27 21
2 28 21
2 29 21
2 30 21
2 31 21
2 32 21
2 33 21
2 34 21
2 35 21
2 36 21
2 37 21
2 38 21
2 39 21
-1
-1
-1
-1
-1
-1
-1
-1
-1
-1
-1
-1
-1
-1
-1
-1
-1
-1
-1
-1
-1
-1
-1
-1
-1
-1
-1
-1
-1
-1
-1
-1
-1
-1
-1
-1
-1
-1
-1
-1
-1
-1
-1
-1
-1
-1
-1
-1
-1
-1
-1
-1
-1
-1
-1
-1
-1
-1
-1
-1
-1
-1
-1
-1
-1
-1
-1
-1
-1
-1
-1
-1
-1
-1
-1
-1
-1
-1
-1
-1
-1
-1
-1
-1
1 1 6
1 1 7
1 1 8
1 1 9
1 1 10
1 1 11
1 1 12
1 1 13
1 1 14
1 1 15
1 1 16
1 1 17
1 1 18
1 1 19
1 1 20
3 1 21
2 2 21
2 3 21
2 4 21
2 5 21
2 6 21
2 7 21
2 8 21
2 9 21
2 10 21
2 11 21
2 12 21
2 13 21
2 14 21
2 15 21
2 16 21
2 17 21
0 1 5
-1
-1
-1
-1
-1
-1
-1
-1
-1
-1
-1
-1
-1
-1
-1
-1
-1
-1
-1
-1
-1
-1
-1
-1
-1
-1
-1
-1
-1
-1
-1
2 23 47
2 22 47
2 21 47
2 20 47
2 19 47
3 18 47
1 18 46
1 18 45
1 18 44
1 18 43
1 18 42
1 18 41
1 18 40
1 18 39
1 18 38
1 18 37
1 18 36
1 18 35
1 18 34
1 18 33
1 18 32
1 18 31
1 18 30
1 18 29
1 18 28
1 18 27
1 18 26
1 18 25
1 18 24
1 18 23
1 18 22
0 24 47
-1
-1
-1
-1
-1
-1
-1
-1
-1
-1
-1
-1
-1
-1
-1
-1
-1
-1
-1
-1
2 11 3
2 10 3
2 9 3
2 8 3
2 7 3
2 6 3
2 5 3
2 4 3
2 3 3
2 2 3
6 1 3
1 1 4
0 12 3
-1
-1
-1
2 36 48
2 35 48
2 34 48
2 33 48
2 32 48
2 31 48
2 30 48
2 29 48
2 28 48
2 27 48
2 26 48
2 25 48
3 24 48
0 37 48
-1
-1
-1
-1
-1
-1
-1
2 4 4
2 3 4
6 2 4
4 2 5
0 5 4
-1
-1
-1
-1
-1
2 15 1
2 14 1
2 13 1
6 12 1
1 12 2
0 16 1
1 38 30
1 38 29
1 38 28
1 38 27
1 38 26
1 38 25
1 38 24
1 38 23
6 38 22
2 39 22
4 40 22
0 38 31
1 33 41
1 33 42
1 33 43
1 33 44
1 33 45
1 33 46
3 33 47
2 34 47
2 35 47
2 36 47
5 37 47
0 33 40
4 5 1
6 5 0
2 6 0
2 7 0
2 8 0
2 9 0
2 10 0
2 11 0
2 12 0
2 13 0
2 14 0
2 15 0
2 16 0
5 17 0
1 17 1
4 17 2
2 16 2
2 15 2
2 14 2
6 13 2
1 13 3
4 13 4
2 12 4
2 11 4
2 10 4
2 9 4
2 8 4
2 7 4
2 6 4
0 4 1
2 40 33
2 39 33
3 38 33
1 38 32
0 41 33
3 41 22
5 41 21
0 42 22
3 33 31
2 34 31
2 35 31
2 36 31
2 37 31
0 33 30
0 3 1
6 39 23
2 40 23
2 41 23
2 42 23
4 43 23
1 43 22
5 43 21
3 42 21
5 42 20
2 41 20
6 40 20
0 39 24
2 7 10
2 6 10
3 5 10
1 5 9
1 5 8
1 5 7
1 5 6
1 5 5
0 8 10
2 28 47
2 27 47
2 26 47
2 25 47
0 29 47
6 30 40
2 31 40
2 32 40
0 30 41
2 4 11
2 5 11
2 6 11
2 7 11
4 8 11
0 3 11
5 34 40
0 34 41
1 29 45
1 29 46
0 29 44
1 13 17
1 13 18
1 13 19
3 13 20
2 14 20
2 15 20
2 16 20
2 17 20
5 18 20
0 13 16
2 46 45
2 45 45
2 44 45
2 43 45
2 42 45
2 41 45
2 40 45
2 39 45
6 38 45
1 38 46
1 38 47
4 38 48
0 47 45
2 16 16
2 15 16
2 14 16
0 17 16
2 46 36
2 45 36
2 44 36
2 43 36
2 42 36
3 41 36
1 41 35
1 41 34
0 47 36
1 3 16
1 3 15
1 3 14
1 3 13
1 3 12
0 3 17
2 40 27
3 39 27
1 39 26
1 39 25
0 41 27
2 14 11
6 13 11
1 13 12
1 13 13
1 13 14
1 13 15
0 15 11
2 22 46
2 23 46
5 24 46
0 21 46
2 43 26
2 42 26
6 41 26
0 44 26
1 30 37
1 30 38
4 30 39
6 29 39
1 29 40
3 29 41
0 30 36
1 3 10
0 3 9
3 2 9
0 2 8
6 21 44
1 21 45
0 22 44
6 8 6
1 8 7
1 8 8
1 8 9
0 9 6
2 23 39
6 22 39
1 22 40
1 22 41
1 22 42
1 22 43
0 24 39
6 30 46
4 30 47
0 31 46
6 7 5
2 8 5
5 9 5
0 7 6
2 10 6
0 11 6
1 27 33
1 27 34
1 27 35
3 27 36
2 28 36
2 29 36
0 27 32
1 26 25
1 26 26
1 26 27
1 26 28
1 26 29
1 26 30
1 26 31
3 26 32
0 26 24
6 0 2
1 0 3
1 0 4
3 0 5
0 1 2
2 12 7
3 11 7
0 13 7
1 32 31
6 32 30
0 32 32
6 44 24
1 44 25
0 45 24
6 33 25
1 33 26
1 33 27
1 33 28
1 33 29
0 34 25
6 34 22
1 34 23
1 34 24
0 35 22
2 36 22
0 37 22
6 45 8
1 45 9
1 45 10
1 45 11
1 45 12
1 45 13
1 45 14
1 45 15
1 45 16
1 45 17
1 45 18
1 45 19
1 45 20
1 45 21
1 45 22
1 45 23
0 46 8
1 39 3
1 39 4
1 39 5
1 39 6
3 39 7
2 40 7
2 41 7
2 42 7
2 43 7
2 44 7
2 45 7
5 46 7
0 39 2
1 12 18
1 12 17
6 12 16
0 12 19
0 13 6
2 14 5
6 13 5
0 15 5
2 16 4
6 15 4
0 17 4
2 22 3
2 21 3
2 20 3
2 19 3
2 18 3
6 17 3
0 23 3
3 3 20
1 3 19
1 3 18
0 4 20
3 9 8
1 9 7
0 10 8
0 11 8
5 39 8
3 38 8
1 38 7
1 38 6
1 38 5
1 38 4
1 38 3
6 38 2
0 39 9
1 36 13
1 36 12
1 36 11
1 36 10
6 36 9
2 37 9
2 38 9
0 36 14
1 19 37
3 19 38
2 20 38
2 21 38
2 22 38
2 23 38
5 24 38
0 19 36
4 39 10
0 38 10
1 23 1
1 23 2
0 23 0
2 21 0
2 22 0
0 20 0
1 33 13
3 33 14
2 34 14
2 35 14
0 33 12
6 27 12
2 28 12
2 29 12
2 30 12
2 31 12
2 32 12
0 27 13
0 28 44
6 4 16
4 4 17
0 5 16
4 39 49
2 38 49
3 37 49
0 39 48
1 19 35
0 19 34
2 48 1
6 47 1
1 47 2
1 47 3
1 47 4
1 47 5
1 47 6
1 47 7
4 47 8
0 49 1
3 39 44
2 40 44
2 41 44
2 42 44
2 43 44
2 44 44
2 45 44
2 46 44
2 47 44
5 48 44
1 48 45
4 48 46
2 47 46
2 46 46
2 45 46
2 44 46
2 43 46
2 42 46
2 41 46
2 40 46
6 39 46
1 39 47
0 39 43
3 4 15
5 5 15
0 4 14
3 40 49
5 40 48
0 41 49
0 17 15
-1
-1
-1
-1
-1
-1
-1
-1
-1
-1
-1
-1
-1
-1
-1
-1
-1
-1
-1
-1
-1
-1
-1
-1
-1
-1
-1
-1
-1
-1
-1
-1
-1
-1
-1
-1
-1
-1
-1
-1
-1
-1
-1
-1
-1
-1
-1
-1
-1
-1
-1
-1
-1
-1
-1
-1
-1
-1
-1
-1
-1
-1
-1
-1
-1
-1
-1
-1
-1
-1
-1
-1
-1
-1
-1
-1
-1
-1
-1
-1
-1
-1
-1
-1
-1
-1
-1
-1
-1
-1
-1
-1
-1
-1
-1
-1
-1
-1
-1
-1
-1
-1
-1
-1
-1
-1
-1
-1
-1
-1
-1
-1
-1
-1
-1
-1
-1
-1
-1
-1
-1
-1
-1
-1
