0 27 34
0 46 8
2 28 34
2 29 34
2 30 34
2 31 34
2 32 34
2 33 34
2 34 34
2 35 34
2 36 34
2 37 34
2 38 34
2 39 34
2 40 34
2 41 34
2 42 34
2 43 34
2 44 34
2 45 34
1 46 9
1 46 10
1 46 11
1 46 12
1 46 13
1 46 14
1 46 15
1 46 16
1 46 17
1 46 18
1 46 19
1 46 20
1 46 21
1 46 22
1 46 23
1 46 24
1 46 25
1 46 26
1 46 27
1 46 28
1 46 29
1 46 30
1 46 31
1 46 32
1 46 33
4 46 34
-1
-1
-1
-1
-1
-1
-1
-1
-1
-1
-1
-1
-1
-1
-1
-1
-1
-1
-1
-1
-1
-1
-1
-1
-1
-1
-1
-1
-1
-1
-1
-1
-1
-1
-1
-1
-1
-1
-1
-1
-1
-1
-1
-1
-1
-1
-1
-1
-1
-1
-1
-1
-1
-1
-1
-1
-1
-1
-1
-1
-1
-1
1 9 42
1 9 41
1 9 40
1 9 39
1 9 38
1 9 37
1 9 36
1 9 35
6 9 34
2 10 34
2 11 34
2 12 34
2 13 34
2 14 34
2 15 34
2 16 34
2 17 34
2 18 34
2 19 34
2 20 34
2 21 34
2 22 34
2 23 34
2 24 34
2 25 34
2 26 34
0 9 43
-1
-1
-1
-1
-1
-1
-1
-1
-1
-1
-1
-1
-1
-1
-1
-1
-1
-1
-1
-1
-1
-1
-1
-1
-1
-1
-1
-1
1 7 38
1 7 39
1 7 40
1 7 41
1 7 42
3 7 43
2 8 43
0 7 37
-1
-1
-1
-1
-1
-1
-1
-1
-1
-1
-1
-1
-1
-1
-1
-1
-1
2 15 42
2 14 42
2 13 42
2 12 42
2 11 42
6 10 42
4 10 43
0 16 42
-1
-1
-1
-1
-1
-1
-1
-1
-1
-1
-1
-1
2 20 44
2 19 44
2 18 44
2 17 44
3 16 44
1 16 43
0 21 44
1 1 25
1 1 26
1 1 27
1 1 28
1 1 29
1 1 30
1 1 31
1 1 32
1 1 33
1 1 34
1 1 35
1 1 36
3 1 37
2 2 37
2 3 37
2 4 37
2 5 37
2 6 37
0 1 24
1 36 4
1 36 5
1 36 6
1 36 7
3 36 8
2 37 8
2 38 8
2 39 8
2 40 8
2 41 8
2 42 8
2 43 8
2 44 8
2 45 8
0 36 3
-1
-1
-1
-1
-1
-1
2 11 46
2 10 46
3 9 46
1 9 45
1 9 44
0 12 46
-1
-1
-1
-1
-1
-1
-1
6 36 2
0 37 2
6 27 3
2 28 3
2 29 3
2 30 3
2 31 3
2 32 3
2 33 3
2 34 3
2 35 3
0 27 4
2 3 1
2 2 1
6 1 1
1 1 2
1 1 3
1 1 4
1 1 5
1 1 6
1 1 7
1 1 8
1 1 9
1 1 10
1 1 11
1 1 12
1 1 13
1 1 14
1 1 15
1 1 16
1 1 17
1 1 18
1 1 19
1 1 20
1 1 21
1 1 22
1 1 23
0 4 1
3 27 42
1 27 41
1 27 40
1 27 39
1 27 38
1 27 37
1 27 36
1 27 35
0 28 42
2 48 3
2 47 3
6 46 3
1 46 4
1 46 5
1 46 6
1 46 7
0 49 3
2 43 46
2 42 46
2 41 46
2 40 46
2 39 46
2 38 46
2 37 46
2 36 46
2 35 46
2 34 46
2 33 46
2 32 46
2 31 46
2 30 46
2 29 46
3 28 46
1 28 45
1 28 44
1 28 43
0 44 46
2 28 9
3 27 9
1 27 8
1 27 7
1 27 6
1 27 5
0 29 9
2 10 1
2 9 1
2 8 1
2 7 1
2 6 1
2 5 1
0 11 1
2 3 16
6 2 16
1 2 17
1 2 18
1 2 19
1 2 20
1 2 21
1 2 22
1 2 23
4 2 24
0 4 16
2 35 40
2 34 40
2 33 40
2 32 40
2 31 40
2 30 40
2 29 40
6 28 40
1 28 41
0 36 40
2 17 2
2 16 2
2 15 2
2 14 2
2 13 2
2 12 2
3 11 2
0 18 2
4 21 45
0 20 45
1 47 27
1 47 26
1 47 25
1 47 24
1 47 23
1 47 22
1 47 21
1 47 20
1 47 19
1 47 18
1 47 17
1 47 16
1 47 15
1 47 14
1 47 13
1 47 12
1 47 11
1 47 10
1 47 9
5 47 8
0 47 28
1 4 12
1 4 13
1 4 14
1 4 15
0 4 11
6 10 47
2 11 47
4 12 47
0 10 48
1 4 20
1 4 19
1 4 18
1 4 17
0 4 21
2 48 4
4 49 4
0 47 4
6 7 34
1 7 35
1 7 36
0 8 34
2 14 33
2 13 33
2 12 33
2 11 33
2 10 33
2 9 33
6 8 33
0 15 33
1 15 24
1 15 25
1 15 26
1 15 27
1 15 28
1 15 29
1 15 30
1 15 31
1 15 32
0 15 23
1 20 38
1 20 39
1 20 40
1 20 41
1 20 42
3 20 43
5 21 43
0 20 37
2 34 17
2 33 17
2 32 17
2 31 17
2 30 17
3 29 17
1 29 16
1 29 15
1 29 14
1 29 13
1 29 12
1 29 11
1 29 10
0 35 17
2 38 23
2 37 23
2 36 23
3 35 23
1 35 22
1 35 21
1 35 20
1 35 19
1 35 18
0 39 23
2 40 14
2 39 14
2 38 14
2 37 14
2 36 14
6 35 14
1 35 15
1 35 16
0 41 14
3 4 4
1 4 3
1 4 2
0 5 4
6 41 10
1 41 11
1 41 12
1 41 13
0 42 10
0 19 37
2 20 3
2 19 3
3 18 3
0 21 3
2 31 42
2 30 42
2 29 42
0 32 42
2 41 26
2 40 26
3 39 26
1 39 25
1 39 24
0 42 26
2 17 32
6 16 32
4 16 33
0 18 32
2 5 11
0 6 11
2 44 15
2 43 15
2 42 15
3 41 15
0 45 15
2 6 5
3 5 5
0 7 5
0 42 9
2 31 32
2 30 32
2 29 32
2 28 32
6 27 32
1 27 33
0 32 32
2 23 37
2 22 37
2 21 37
0 24 37
1 24 40
1 24 39
1 24 38
0 24 41
2 8 7
3 7 7
1 7 6
0 9 7
0 24 36
3 9 8
0 10 8
1 21 13
1 21 12
1 21 11
1 21 10
1 21 9
1 21 8
1 21 7
1 21 6
1 21 5
1 21 4
0 21 14
1 44 39
1 44 40
1 44 41
1 44 42
1 44 43
1 44 44
1 44 45
0 44 38
2 31 11
3 30 11
1 30 10
5 30 9
0 32 11
2 14 47
3 13 47
5 13 46
0 15 47
2 33 1
2 34 1
2 35 1
2 36 1
2 37 1
5 38 1
1 38 2
4 38 3
2 37 3
0 32 1
1 36 39
0 36 38
2 48 28
0 49 28
2 17 37
2 18 37
0 16 37
3 13 37
2 14 37
2 15 37
0 13 36
2 23 45
3 22 45
5 22 44
0 24 45
5 22 3
0 22 4
2 8 19
2 7 19
2 6 19
6 5 19
1 5 20
4 5 21
0 9 19
2 11 36
2 12 36
0 10 36
1 30 14
1 30 13
6 30 12
2 31 12
4 32 12
0 30 15
4 44 47
0 43 47
0 5 16
6 39 19
1 39 20
1 39 21
1 39 22
0 40 19
3 4 48
2 5 48
2 6 48
2 7 48
2 8 48
2 9 48
0 4 47
1 4 45
1 4 46
0 4 44
1 25 6
1 25 5
6 25 4
2 26 4
0 25 7
1 0 42
1 0 43
3 0 44
2 1 44
2 2 44
2 3 44
0 0 41
2 43 26
0 44 26
1 0 35
1 0 36
1 0 37
1 0 38
1 0 39
1 0 40
0 0 34
1 44 28
1 44 27
0 44 29
3 3 49
1 3 48
6 3 47
0 4 49
-1
-1
-1
-1
-1
-1
-1
-1
-1
-1
-1
-1
-1
-1
-1
-1
-1
-1
-1
-1
-1
-1
-1
-1
-1
-1
-1
-1
-1
-1
-1
-1
-1
-1
-1
-1
-1
-1
-1
-1
-1
-1
-1
-1
-1
-1
-1
-1
-1
-1
-1
-1
-1
-1
-1
-1
-1
-1
-1
-1
-1
-1
-1
-1
-1
-1
-1
-1
-1
-1
-1
-1
-1
-1
-1
-1
-1
-1
-1
-1
-1
-1
-1
-1
-1
-1
-1
-1
-1
-1
-1
-1
-1
-1
-1
-1
-1
-1
-1
-1
-1
-1
-1
-1
-1
-1
-1
-1
-1
-1
-1
-1
-1
-1
-1
-1
-1
-1
-1
-1
-1
-1
-1
-1
-1
-1
-1
-1
-1
-1
-1
-1
-1
