0 3 30
0 42 45
2 4 30
2 5 30
2 6 30
2 7 30
2 8 30
2 9 30
2 10 30
2 11 30
2 12 30
2 13 30
2 14 30
2 15 30
2 16 30
2 17 30
2 18 30
2 19 30
2 20 30
2 21 30
2 22 30
2 23 30
2 24 30
2 25 30
2 26 30
2 27 30
2 28 30
2 29 30
2 30 30
2 31 30
2 32 30
2 33 30
2 34 30
2 35 30
2 36 30
2 37 30
2 38 30
2 39 30
2 40 30
2 41 30
1 42 31
1 42 32
1 42 33
1 42 34
1 42 35
1 42 36
1 42 37
1 42 38
1 42 39
1 42 40
1 42 41
1 42 42
1 42 43
1 42 44
5 42 30
-1
-1
-1
-1
-1
-1
-1
-1
-1
-1
-1
-1
-1
-1
-1
-1
-1
-1
-1
-1
-1
-1
-1
-1
-1
-1
-1
-1
-1
-1
-1
-1
-1
-1
-1
-1
-1
-1
-1
-1
-1
-1
-1
-1
-1
-1
-1
-1
-1
-1
-1
-1
-1
-1
-1
-1
-1
2 11 15
2 10 15
2 9 15
2 8 15
2 7 15
2 6 15
2 5 15
2 4 15
6 3 15
1 3 16
1 3 17
1 3 18
1 3 19
1 3 20
1 3 21
1 3 22
1 3 23
1 3 24
1 3 25
1 3 26
1 3 27
1 3 28
1 3 29
0 12 15
-1
-1
-1
-1
-1
-1
-1
-1
-1
-1
-1
-1
-1
-1
-1
-1
-1
-1
-1
-1
-1
-1
-1
-1
-1
-1
-1
-1
-1
-1
-1
-1
-1
-1
-1
-1
-1
-1
-1
-1
-1
-1
2 44 30
6 43 30
1 43 31
1 43 32
1 43 33
1 43 34
1 43 35
1 43 36
1 43 37
1 43 38
1 43 39
1 43 40
1 43 41
1 43 42
1 43 43
1 43 44
4 43 45
0 45 30
-1
-1
-1
-1
-1
-1
-1
-1
-1
-1
-1
2 25 4
2 24 4
2 23 4
2 22 4
2 21 4
2 20 4
2 19 4
2 18 4
2 17 4
2 16 4
2 15 4
2 14 4
2 13 4
6 12 4
1 12 5
1 12 6
1 12 7
1 12 8
1 12 9
1 12 10
1 12 11
1 12 12
1 12 13
1 12 14
0 26 4
-1
-1
-1
-1
-1
-1
-1
-1
-1
-1
-1
-1
-1
-1
-1
-1
1 1 31
6 1 30
2 2 30
0 1 32
-1
2 10 44
2 9 44
2 8 44
2 7 44
2 6 44
2 5 44
2 4 44
3 3 44
1 3 43
1 3 42
1 3 41
1 3 40
1 3 39
1 3 38
1 3 37
1 3 36
1 3 35
1 3 34
1 3 33
1 3 32
1 3 31
0 11 44
-1
-1
-1
-1
-1
-1
-1
-1
-1
-1
-1
3 26 6
1 26 5
0 27 6
1 37 19
1 37 20
1 37 21
1 37 22
1 37 23
1 37 24
1 37 25
1 37 26
1 37 27
1 37 28
3 37 29
2 38 29
2 39 29
2 40 29
2 41 29
2 42 29
2 43 29
2 44 29
5 45 29
0 37 18
-1
-1
-1
-1
1 1 35
1 1 34
1 1 33
0 1 36
-1
-1
-1
-1
-1
-1
2 34 18
2 35 18
2 36 18
0 33 18
-1
-1
-1
1 40 42
1 40 43
1 40 44
3 40 45
2 41 45
0 40 41
2 40 28
2 41 28
2 42 28
2 43 28
2 44 28
2 45 28
5 46 28
1 46 29
4 46 30
0 39 28
3 4 43
2 5 43
2 6 43
2 7 43
2 8 43
2 9 43
2 10 43
5 11 43
0 4 42
1 29 16
1 29 17
3 29 18
2 30 18
2 31 18
2 32 18
0 29 15
1 31 24
1 31 23
1 31 22
1 31 21
1 31 20
6 31 19
2 32 19
4 33 19
0 31 25
2 33 27
2 32 27
3 31 27
1 31 26
0 34 27
-1
3 34 29
1 34 28
0 35 29
-1
1 12 42
1 12 43
4 12 44
0 12 41
1 29 39
1 29 40
3 29 41
2 30 41
2 31 41
2 32 41
2 33 41
2 34 41
2 35 41
2 36 41
2 37 41
2 38 41
2 39 41
0 29 38
2 33 36
2 32 36
2 31 36
2 30 36
6 29 36
1 29 37
0 34 36
2 21 7
2 22 7
2 23 7
2 24 7
2 25 7
2 26 7
4 27 7
0 20 7
2 16 20
2 15 20
2 14 20
2 13 20
3 12 20
1 12 19
1 12 18
1 12 17
1 12 16
0 17 20
2 38 46
2 39 46
2 40 46
2 41 46
4 42 46
0 37 46
1 17 24
1 17 23
1 17 22
1 17 21
0 17 25
2 9 25
2 10 25
2 11 25
2 12 25
2 13 25
2 14 25
2 15 25
2 16 25
0 8 25
2 38 47
3 37 47
0 39 47
1 8 26
0 8 27
2 34 4
2 33 4
2 32 4
2 31 4
2 30 4
2 29 4
2 28 4
2 27 4
0 35 4
1 4 20
1 4 21
1 4 22
1 4 23
1 4 24
3 4 25
2 5 25
2 6 25
2 7 25
0 4 19
1 4 17
1 4 18
0 4 16
3 5 24
2 6 24
2 7 24
5 8 24
0 5 23
2 39 22
3 38 22
1 38 21
1 38 20
1 38 19
5 38 18
0 40 22
2 18 39
2 17 39
2 16 39
2 15 39
2 14 39
2 13 39
6 12 39
1 12 40
0 19 39
2 31 6
2 30 6
2 29 6
2 28 6
0 32 6
6 6 27
2 7 27
0 6 28
3 4 28
2 5 28
0 4 27
0 4 26
2 21 21
2 20 21
2 19 21
3 18 21
5 18 20
0 22 21
6 28 38
0 28 39
1 27 46
1 27 45
1 27 44
1 27 43
1 27 42
1 27 41
1 27 40
6 27 39
0 27 47
1 47 30
4 47 31
2 46 31
3 45 31
0 47 29
1 5 22
0 5 21
2 21 47
2 22 47
2 23 47
2 24 47
2 25 47
2 26 47
0 20 47
1 22 18
1 22 19
1 22 20
0 22 17
1 19 48
6 19 47
0 19 49
6 34 26
0 35 26
4 6 29
0 5 29
2 37 36
2 36 36
2 35 36
0 38 36
2 20 26
2 19 26
2 18 26
3 17 26
0 21 26
6 22 16
0 23 16
2 43 17
2 42 17
2 41 17
2 40 17
2 39 17
2 38 17
6 37 17
0 44 17
2 12 27
2 11 27
2 10 27
2 9 27
0 13 27
1 40 21
0 40 20
0 30 38
1 27 28
1 27 27
1 27 26
6 27 25
2 28 25
2 29 25
2 30 25
0 27 29
6 4 39
1 4 40
1 4 41
0 5 39
6 5 37
1 5 38
0 6 37
2 40 48
3 39 48
0 41 48
6 26 8
2 27 8
4 28 8
6 28 7
2 29 7
2 30 7
2 31 7
2 32 7
4 33 7
1 33 6
5 33 5
2 32 5
2 31 5
2 30 5
2 29 5
2 28 5
6 27 5
0 26 9
0 38 28
3 33 35
5 34 35
0 33 34
1 31 32
1 31 33
3 31 34
2 32 34
0 31 31
1 37 44
1 37 45
0 37 43
6 38 33
1 38 34
1 38 35
0 39 33
0 37 42
0 2 32
2 33 42
2 34 42
2 35 42
2 36 42
0 32 42
-1
-1
-1
-1
-1
-1
-1
-1
-1
-1
-1
-1
-1
-1
-1
-1
-1
-1
-1
-1
-1
-1
-1
-1
-1
-1
-1
-1
-1
-1
-1
-1
-1
-1
-1
-1
-1
-1
-1
-1
-1
-1
-1
-1
-1
-1
-1
-1
-1
-1
-1
-1
-1
-1
-1
-1
-1
-1
-1
-1
-1
-1
-1
-1
-1
-1
-1
-1
-1
-1
-1
-1
-1
-1
-1
-1
-1
-1
-1
-1
-1
-1
-1
-1
-1
-1
-1
-1
-1
-1
-1
-1
-1
-1
-1
-1
-1
-1
-1
-1
-1
-1
-1
-1
-1
-1
-1
-1
-1
-1
-1
-1
-1
-1
-1
-1
-1
-1
-1
-1
-1
-1
-1
-1
-1
-1
-1
-1
-1
-1
-1
-1
-1
-1
-1
-1
-1
-1
-1
-1
-1
-1
-1
-1
-1
-1
-1
-1
-1
-1
-1
-1
-1
-1
-1
-1
-1
-1
-1
-1
-1
-1
-1
-1
-1
-1
-1
-1
