0 3 29
0 30 38
2 4 29
2 5 29
2 6 29
2 7 29
2 8 29
2 9 29
2 10 29
2 11 29
2 12 29
2 13 29
2 14 29
2 15 29
2 16 29
2 17 29
2 18 29
2 19 29
2 20 29
2 21 29
2 22 29
2 23 29
2 24 29
2 25 29
2 26 29
2 27 29
2 28 29
2 29 29
1 30 30
1 30 31
1 30 32
1 30 33
1 30 34
1 30 35
1 30 36
1 30 37
5 30 29
-1
-1
-1
-1
-1
-1
-1
-1
-1
-1
-1
-1
-1
-1
-1
-1
-1
-1
-1
-1
-1
-1
-1
-1
-1
-1
-1
-1
-1
-1
-1
-1
-1
-1
-1
-1
-1
-1
-1
-1
-1
-1
-1
-1
-1
-1
-1
-1
-1
-1
-1
-1
-1
-1
-1
-1
-1
-1
-1
-1
-1
-1
-1
-1
-1
1 1 12
1 1 13
1 1 14
1 1 15
1 1 16
1 1 17
1 1 18
1 1 19
1 1 20
1 1 21
1 1 22
1 1 23
1 1 24
1 1 25
1 1 26
1 1 27
1 1 28
3 1 29
2 2 29
0 1 11
-1
-1
-1
-1
-1
-1
-1
-1
-1
-1
-1
-1
-1
-1
-1
-1
-1
-1
-1
-1
-1
-1
-1
-1
-1
-1
-1
-1
-1
-1
-1
-1
-1
-1
-1
-1
2 33 34
2 32 34
6 31 34
1 31 35
1 31 36
1 31 37
4 31 38
0 34 34
-1
-1
-1
-1
-1
-1
-1
-1
-1
-1
-1
2 39 48
2 38 48
2 37 48
2 36 48
2 35 48
2 34 48
2 33 48
2 32 48
2 31 48
3 30 48
1 30 47
1 30 46
1 30 45
1 30 44
1 30 43
1 30 42
1 30 41
1 30 40
1 30 39
0 40 48
-1
-1
-1
-1
-1
-1
-1
-1
-1
-1
-1
-1
-1
2 4 25
6 3 25
1 3 26
1 3 27
1 3 28
0 5 25
-1
-1
-1
-1
-1
-1
-1
-1
-1
-1
3 5 27
1 5 26
0 6 27
-1
-1
-1
2 44 44
2 43 44
2 42 44
2 41 44
6 40 44
1 40 45
1 40 46
1 40 47
0 45 44
2 10 3
2 9 3
2 8 3
2 7 3
2 6 3
2 5 3
2 4 3
2 3 3
2 2 3
6 1 3
1 1 4
1 1 5
1 1 6
1 1 7
1 1 8
1 1 9
1 1 10
0 11 3
3 2 24
2 3 24
2 4 24
5 5 24
0 2 23
2 37 43
2 38 43
2 39 43
2 40 43
2 41 43
2 42 43
2 43 43
2 44 43
2 45 43
5 46 43
1 46 44
4 46 45
2 45 45
2 44 45
2 43 45
2 42 45
6 41 45
1 41 46
1 41 47
4 41 48
0 36 43
2 4 13
2 3 13
3 2 13
1 2 12
5 2 11
0 5 13
2 14 5
2 13 5
2 12 5
3 11 5
1 11 4
0 15 5
2 39 41
2 38 41
2 37 41
6 36 41
1 36 42
0 40 41
2 36 37
2 35 37
3 34 37
1 34 36
1 34 35
0 37 37
1 34 46
1 34 45
1 34 44
6 34 43
2 35 43
0 34 47
2 12 3
0 13 3
2 42 13
2 41 13
2 40 13
2 39 13
2 38 13
2 37 13
2 36 13
2 35 13
6 34 13
1 34 14
1 34 15
1 34 16
1 34 17
1 34 18
1 34 19
1 34 20
1 34 21
1 34 22
1 34 23
1 34 24
1 34 25
1 34 26
1 34 27
1 34 28
1 34 29
1 34 30
1 34 31
1 34 32
1 34 33
0 43 13
1 37 9
1 37 10
1 37 11
3 37 12
2 38 12
2 39 12
2 40 12
2 41 12
2 42 12
5 43 12
0 37 8
3 17 38
2 18 38
2 19 38
2 20 38
2 21 38
2 22 38
2 23 38
2 24 38
2 25 38
2 26 38
2 27 38
2 28 38
2 29 38
0 17 37
1 7 45
1 7 44
1 7 43
1 7 42
1 7 41
1 7 40
1 7 39
1 7 38
6 7 37
2 8 37
2 9 37
2 10 37
2 11 37
2 12 37
2 13 37
2 14 37
2 15 37
2 16 37
0 7 46
2 47 27
2 46 27
2 45 27
2 44 27
3 43 27
1 43 26
1 43 25
1 43 24
1 43 23
1 43 22
1 43 21
1 43 20
1 43 19
1 43 18
1 43 17
1 43 16
1 43 15
1 43 14
0 48 27
3 48 36
1 48 35
1 48 34
1 48 33
1 48 32
1 48 31
1 48 30
1 48 29
1 48 28
0 49 36
1 44 18
1 44 17
1 44 16
1 44 15
1 44 14
5 44 13
0 44 19
3 3 33
1 3 32
1 3 31
1 3 30
0 4 33
2 39 7
2 38 7
6 37 7
0 40 7
2 10 32
2 9 32
2 8 32
2 7 32
2 6 32
2 5 32
6 4 32
0 11 32
2 5 37
3 4 37
1 4 36
1 4 35
1 4 34
0 6 37
2 47 16
2 46 16
6 45 16
1 45 17
1 45 18
4 45 19
0 48 16
2 9 31
2 10 31
5 11 31
0 8 31
1 36 7
3 36 8
0 36 6
6 42 47
1 42 48
4 42 49
2 41 49
3 40 49
0 43 47
2 7 6
2 8 6
2 9 6
2 10 6
2 11 6
2 12 6
2 13 6
2 14 6
2 15 6
4 16 6
1 16 5
5 16 4
2 15 4
3 14 4
1 14 3
5 14 2
2 13 2
2 12 2
6 11 2
0 6 6
1 48 19
1 48 18
1 48 17
0 48 20
2 7 31
0 6 31
1 35 5
3 35 6
0 35 4
2 12 43
2 11 43
2 10 43
2 9 43
6 8 43
1 8 44
1 8 45
4 8 46
0 13 43
2 43 0
2 42 0
2 41 0
6 40 0
1 40 1
1 40 2
1 40 3
1 40 4
1 40 5
1 40 6
0 44 0
6 35 38
2 36 38
4 37 38
0 35 39
2 9 15
2 8 15
2 7 15
2 6 15
3 5 15
1 5 14
0 10 15
6 33 39
2 34 39
0 33 40
3 9 14
5 10 14
0 9 13
1 40 9
1 40 8
0 40 10
1 4 27
3 4 28
2 5 28
2 6 28
4 7 28
1 7 27
5 7 26
3 6 26
5 6 25
0 4 26
6 39 10
0 39 11
2 13 16
2 12 16
2 11 16
3 10 16
0 14 16
1 2 20
1 2 21
1 2 22
0 2 19
2 46 1
2 45 1
3 44 1
0 47 1
3 47 26
5 48 26
0 47 25
2 21 45
2 20 45
2 19 45
2 18 45
2 17 45
2 16 45
2 15 45
2 14 45
3 13 45
1 13 44
0 22 45
0 35 3
2 26 46
2 25 46
2 24 46
2 23 46
3 22 46
0 27 46
5 41 7
0 41 8
2 24 41
2 23 41
6 22 41
1 22 42
1 22 43
1 22 44
0 25 41
2 10 12
6 9 12
0 11 12
5 11 11
0 10 11
3 14 44
5 14 43
0 15 44
2 33 47
0 32 47
1 6 38
0 6 39
1 44 22
1 44 21
1 44 20
0 44 23
1 44 25
1 44 24
0 44 26
2 14 32
2 13 32
2 12 32
0 15 32
1 29 2
3 29 3
2 30 3
2 31 3
2 32 3
2 33 3
2 34 3
0 29 1
1 32 46
0 32 45
1 26 5
1 26 4
1 26 3
1 26 2
6 26 1
2 27 1
2 28 1
0 26 6
1 24 11
1 24 10
1 24 9
1 24 8
1 24 7
6 24 6
2 25 6
0 24 12
6 22 12
2 23 12
0 22 13
2 16 11
2 15 11
2 14 11
2 13 11
6 12 11
4 12 12
0 17 11
6 4 46
2 5 46
2 6 46
0 4 47
2 27 15
2 26 15
2 25 15
3 24 15
1 24 14
1 24 13
0 28 15
4 33 38
6 32 38
1 32 39
3 32 40
0 33 37
-1
-1
-1
-1
-1
-1
-1
-1
-1
-1
-1
-1
-1
-1
-1
-1
-1
-1
-1
-1
-1
-1
-1
-1
-1
-1
-1
-1
-1
-1
-1
-1
-1
-1
-1
-1
-1
-1
-1
-1
-1
-1
-1
-1
-1
-1
-1
-1
-1
-1
-1
-1
-1
-1
-1
-1
-1
-1
-1
-1
-1
-1
-1
-1
-1
-1
-1
-1
-1
-1
-1
-1
-1
-1
-1
-1
-1
-1
-1
-1
-1
-1
-1
-1
-1
-1
-1
-1
-1
-1
-1
-1
-1
-1
-1
-1
-1
-1
-1
-1
-1
-1
-1
-1
-1
-1
-1
-1
-1
-1
-1
-1
-1
-1
-1
-1
-1
-1
-1
-1
-1
-1
-1
-1
-1
-1
-1
-1
-1
-1
-1
