0 37 22
0 16 42
2 17 22
2 18 22
2 19 22
2 20 22
2 21 22
2 22 22
2 23 22
2 24 22
2 25 22
2 26 22
2 27 22
2 28 22
2 29 22
2 30 22
2 31 22
2 32 22
2 33 22
2 34 22
2 35 22
2 36 22
1 16 23
1 16 24
1 16 25
1 16 26
1 16 27
1 16 28
1 16 29
1 16 30
1 16 31
1 16 32
1 16 33
1 16 34
1 16 35
1 16 36
1 16 37
1 16 38
1 16 39
1 16 40
1 16 41
6 16 22
-1
-1
-1
-1
-1
-1
-1
-1
-1
-1
-1
-1
-1
-1
-1
-1
-1
-1
-1
-1
-1
-1
-1
-1
-1
-1
-1
-1
-1
-1
-1
-1
-1
-1
-1
-1
-1
-1
-1
-1
-1
-1
-1
-1
-1
-1
-1
-1
-1
-1
-1
-1
-1
-1
-1
-1
-1
-1
-1
-1
-1
-1
-1
-1
-1
-1
-1
-1
-1
-1
-1
-1
-1
-1
-1
-1
-1
-1
-1
-1
-1
-1
-1
-1
-1
-1
-1
-1
-1
-1
-1
-1
-1
-1
-1
-1
-1
-1
-1
-1
-1
-1
-1
-1
-1
-1
-1
-1
-1
-1
-1
-1
-1
-1
-1
-1
-1
-1
-1
-1
-1
-1
-1
-1
-1
-1
-1
-1
-1
-1
-1
-1
-1
-1
-1
-1
-1
-1
-1
-1
-1
2 42 8
2 41 8
2 40 8
2 39 8
2 38 8
6 37 8
1 37 9
1 37 10
1 37 11
1 37 12
1 37 13
1 37 14
1 37 15
1 37 16
1 37 17
1 37 18
1 37 19
1 37 20
1 37 21
0 43 8
-1
-1
-1
-1
-1
-1
-1
-1
-1
-1
-1
-1
-1
-1
-1
-1
-1
-1
-1
-1
-1
-1
-1
-1
-1
-1
-1
-1
-1
-1
-1
-1
-1
-1
-1
-1
-1
-1
-1
-1
-1
-1
-1
-1
3 37 43
1 37 42
1 37 41
1 37 40
1 37 39
1 37 38
1 37 37
1 37 36
1 37 35
1 37 34
1 37 33
1 37 32
1 37 31
1 37 30
1 37 29
1 37 28
1 37 27
1 37 26
1 37 25
1 37 24
1 37 23
0 38 43
-1
-1
-1
-1
-1
-1
-1
-1
-1
-1
-1
-1
-1
-1
-1
-1
-1
-1
-1
-1
-1
-1
-1
-1
-1
-1
-1
-1
-1
-1
-1
2 22 41
2 21 41
2 20 41
2 19 41
2 18 41
6 17 41
4 17 42
0 23 41
-1
-1
-1
-1
-1
-1
-1
-1
-1
-1
-1
-1
-1
-1
-1
-1
-1
-1
-1
-1
-1
-1
-1
-1
2 45 14
2 44 14
3 43 14
1 43 13
1 43 12
1 43 11
1 43 10
1 43 9
0 46 14
-1
-1
-1
-1
-1
-1
-1
-1
-1
-1
-1
-1
-1
-1
-1
-1
-1
-1
-1
-1
3 16 43
0 17 43
2 10 7
2 11 7
2 12 7
2 13 7
2 14 7
2 15 7
2 16 7
2 17 7
2 18 7
2 19 7
2 20 7
2 21 7
2 22 7
2 23 7
2 24 7
2 25 7
2 26 7
2 27 7
2 28 7
2 29 7
2 30 7
2 31 7
2 32 7
2 33 7
2 34 7
2 35 7
2 36 7
2 37 7
2 38 7
2 39 7
2 40 7
2 41 7
2 42 7
5 43 7
0 9 7
-1
-1
-1
-1
2 27 45
2 26 45
2 25 45
2 24 45
3 23 45
1 23 44
1 23 43
1 23 42
0 28 45
1 1 44
1 1 43
6 1 42
2 2 42
2 3 42
2 4 42
2 5 42
2 6 42
2 7 42
2 8 42
2 9 42
2 10 42
2 11 42
2 12 42
2 13 42
2 14 42
2 15 42
0 1 45
-1
-1
-1
-1
1 43 18
1 43 17
1 43 16
6 43 15
2 44 15
2 45 15
4 46 15
0 43 19
-1
2 13 1
2 12 1
2 11 1
2 10 1
6 9 1
1 9 2
1 9 3
1 9 4
1 9 5
1 9 6
0 14 1
-1
-1
-1
-1
-1
-1
2 24 39
6 23 39
1 23 40
0 25 39
-1
-1
-1
-1
-1
6 12 2
2 13 2
4 14 2
0 12 3
-1
-1
1 9 12
1 9 11
1 9 10
1 9 9
1 9 8
0 9 13
2 21 2
2 20 2
2 19 2
2 18 2
2 17 2
2 16 2
3 15 2
5 15 1
0 22 2
-1
2 6 44
2 5 44
2 4 44
2 3 44
6 2 44
4 2 45
0 7 44
2 9 39
2 8 39
6 7 39
1 7 40
4 7 41
2 6 41
2 5 41
2 4 41
2 3 41
2 2 41
2 1 41
6 0 41
1 0 42
1 0 43
1 0 44
1 0 45
3 0 46
2 1 46
2 2 46
4 3 46
6 3 45
2 4 45
2 5 45
2 6 45
4 7 45
0 10 39
2 6 1
2 7 1
4 8 1
6 8 0
2 9 0
2 10 0
2 11 0
2 12 0
2 13 0
5 14 0
0 5 1
2 47 11
6 46 11
1 46 12
1 46 13
0 48 11
1 17 47
1 17 46
1 17 45
1 17 44
0 17 48
2 17 20
2 16 20
2 15 20
2 14 20
2 13 20
2 12 20
2 11 20
2 10 20
3 9 20
1 9 19
1 9 18
1 9 17
1 9 16
1 9 15
1 9 14
0 18 20
1 15 25
1 15 24
1 15 23
1 15 22
6 15 21
2 16 21
2 17 21
4 18 21
0 15 26
1 15 31
1 15 30
1 15 29
1 15 28
1 15 27
0 15 32
2 14 11
2 13 11
2 12 11
2 11 11
6 10 11
1 10 12
4 10 13
0 15 11
6 15 8
1 15 9
1 15 10
0 16 8
2 4 38
2 5 38
2 6 38
2 7 38
2 8 38
2 9 38
5 10 38
0 3 38
2 48 23
2 47 23
2 46 23
2 45 23
2 44 23
3 43 23
1 43 22
1 43 21
1 43 20
0 49 23
3 12 4
0 13 4
1 1 35
1 1 36
1 1 37
3 1 38
2 2 38
0 1 34
-1
-1
-1
-1
-1
-1
-1
-1
-1
-1
-1
-1
-1
-1
-1
-1
-1
-1
-1
-1
-1
-1
-1
-1
-1
-1
-1
-1
-1
-1
-1
-1
-1
-1
-1
-1
-1
-1
-1
-1
-1
-1
-1
-1
-1
-1
-1
-1
-1
-1
-1
-1
-1
-1
-1
-1
-1
-1
-1
-1
-1
-1
-1
-1
-1
-1
-1
-1
-1
-1
-1
-1
-1
-1
-1
-1
-1
-1
-1
-1
-1
-1
-1
-1
-1
-1
-1
-1
-1
-1
-1
-1
-1
-1
-1
-1
-1
-1
-1
-1
-1
-1
-1
-1
-1
-1
-1
-1
-1
-1
-1
-1
-1
-1
-1
-1
-1
-1
-1
-1
-1
-1
-1
-1
-1
-1
-1
-1
-1
-1
-1
-1
-1
-1
-1
-1
-1
-1
-1
-1
-1
-1
-1
-1
-1
-1
-1
-1
-1
-1
-1
-1
-1
-1
-1
-1
-1
-1
-1
-1
-1
-1
-1
-1
-1
-1
-1
-1
-1
-1
-1
-1
-1
-1
-1
-1
-1
-1
-1
-1
-1
-1
-1
-1
-1
-1
-1
