0 43 31
0 3 17
2 4 31
2 5 31
2 6 31
2 7 31
2 8 31
2 9 31
2 10 31
2 11 31
2 12 31
2 13 31
2 14 31
2 15 31
2 16 31
2 17 31
2 18 31
2 19 31
2 20 31
2 21 31
2 22 31
2 23 31
2 24 31
2 25 31
2 26 31
2 27 31
2 28 31
2 29 31
2 30 31
2 31 31
2 32 31
2 33 31
2 34 31
2 35 31
2 36 31
2 37 31
2 38 31
2 39 31
2 40 31
2 41 31
2 42 31
1 3 18
1 3 19
1 3 20
1 3 21
1 3 22
1 3 23
1 3 24
1 3 25
1 3 26
1 3 27
1 3 28
1 3 29
1 3 30
3 3 31
-1
-1
-1
-1
-1
-1
-1
-1
-1
-1
-1
-1
-1
-1
-1
-1
-1
-1
-1
-1
-1
-1
-1
-1
-1
-1
-1
-1
-1
-1
-1
-1
-1
-1
-1
-1
-1
-1
-1
-1
-1
-1
-1
-1
-1
-1
2 46 45
2 45 45
2 44 45
3 43 45
1 43 44
1 43 43
1 43 42
1 43 41
1 43 40
1 43 39
1 43 38
1 43 37
1 43 36
1 43 35
1 43 34
1 43 33
1 43 32
0 47 45
-1
-1
-1
-1
-1
-1
-1
-1
-1
-1
-1
-1
-1
-1
-1
-1
-1
-1
-1
-1
-1
-1
-1
-1
-1
-1
3 2 17
0 2 16
-1
-1
-1
-1
-1
-1
-1
-1
-1
-1
-1
-1
-1
1 44 38
1 44 37
1 44 36
1 44 35
1 44 34
1 44 33
1 44 32
5 44 31
0 44 39
2 6 5
2 5 5
2 4 5
6 3 5
1 3 6
1 3 7
1 3 8
1 3 9
1 3 10
1 3 11
1 3 12
1 3 13
1 3 14
1 3 15
1 3 16
0 7 5
1 42 43
1 42 44
1 42 45
3 42 46
2 43 46
2 44 46
2 45 46
2 46 46
2 47 46
4 48 46
1 48 45
5 48 44
2 47 44
2 46 44
2 45 44
3 44 44
1 44 43
1 44 42
1 44 41
1 44 40
0 42 42
6 4 14
1 4 15
1 4 16
4 4 17
0 5 14
6 45 36
1 45 37
1 45 38
4 45 39
0 46 36
1 1 2
1 1 3
3 1 4
2 2 4
2 3 4
2 4 4
2 5 4
2 6 4
5 7 4
0 1 1
3 36 42
2 37 42
2 38 42
2 39 42
2 40 42
2 41 42
0 36 41
1 5 13
0 5 12
1 5 9
1 5 10
1 5 11
0 5 8
6 46 33
1 46 34
1 46 35
0 47 33
0 1 16
4 47 36
0 47 35
1 1 17
0 1 18
5 45 30
2 44 30
6 43 30
0 45 31
1 2 14
1 2 15
0 2 13
1 1 20
1 1 19
0 1 21
3 46 38
1 46 37
0 47 38
0 42 41
3 45 29
5 46 29
1 46 30
4 46 31
0 45 28
2 37 37
6 36 37
1 36 38
1 36 39
1 36 40
0 38 37
2 40 35
2 39 35
6 38 35
1 38 36
0 41 35
2 10 6
2 9 6
2 8 6
3 7 6
0 11 6
2 16 1
2 15 1
2 14 1
2 13 1
2 12 1
6 11 1
1 11 2
1 11 3
1 11 4
1 11 5
0 17 1
0 45 27
5 6 8
0 6 9
2 22 3
2 21 3
2 20 3
2 19 3
2 18 3
3 17 3
1 17 2
0 23 3
1 0 24
1 0 23
1 0 22
6 0 21
0 0 25
1 47 31
1 47 32
0 47 30
3 41 37
1 41 36
0 42 37
3 39 34
2 40 34
5 41 34
0 39 33
2 9 15
2 8 15
2 7 15
2 6 15
3 5 15
0 10 15
1 47 39
0 47 40
2 48 42
3 47 42
1 47 41
0 49 42
2 1 26
3 0 26
0 2 26
2 1 6
3 0 6
1 0 5
1 0 4
1 0 3
1 0 2
1 0 1
6 0 0
2 1 0
2 2 0
2 3 0
2 4 0
2 5 0
2 6 0
2 7 0
2 8 0
2 9 0
2 10 0
2 11 0
2 12 0
2 13 0
2 14 0
2 15 0
2 16 0
2 17 0
5 18 0
1 18 1
3 18 2
2 19 2
2 20 2
2 21 2
2 22 2
2 23 2
5 24 2
1 24 3
4 24 4
2 23 4
2 22 4
2 21 4
2 20 4
2 19 4
2 18 4
2 17 4
2 16 4
2 15 4
2 14 4
2 13 4
6 12 4
1 12 5
1 12 6
4 12 7
2 11 7
2 10 7
2 9 7
2 8 7
2 7 7
2 6 7
6 5 7
0 2 6
1 10 20
1 10 19
1 10 18
1 10 17
1 10 16
0 10 21
2 7 21
2 8 21
2 9 21
0 6 21
3 11 18
1 11 17
1 11 16
5 11 15
0 12 18
2 46 21
6 45 21
1 45 22
1 45 23
1 45 24
1 45 25
1 45 26
0 47 21
0 10 22
6 44 28
0 44 29
1 45 3
1 45 4
1 45 5
1 45 6
1 45 7
1 45 8
1 45 9
1 45 10
1 45 11
1 45 12
1 45 13
1 45 14
1 45 15
1 45 16
1 45 17
1 45 18
1 45 19
3 45 20
2 46 20
5 47 20
0 45 2
1 1 38
1 1 37
1 1 36
1 1 35
1 1 34
1 1 33
1 1 32
1 1 31
1 1 30
1 1 29
1 1 28
6 1 27
4 2 27
0 1 39
6 45 0
1 45 1
0 46 0
2 3 35
6 2 35
1 2 36
1 2 37
1 2 38
4 2 39
0 4 35
3 36 2
2 37 2
2 38 2
2 39 2
2 40 2
2 41 2
2 42 2
2 43 2
2 44 2
0 36 1
6 33 1
2 34 1
2 35 1
0 33 2
2 31 2
2 32 2
0 30 2
2 37 1
0 38 1
0 5 35
3 33 8
1 33 7
1 33 6
1 33 5
1 33 4
1 33 3
0 34 8
2 40 13
2 39 13
2 38 13
2 37 13
2 36 13
2 35 13
3 34 13
1 34 12
1 34 11
1 34 10
1 34 9
0 41 13
4 4 36
0 3 36
0 42 38
0 38 33
1 28 4
1 28 3
6 28 2
2 29 2
0 28 5
6 25 5
2 26 5
2 27 5
0 25 6
1 21 9
1 21 8
1 21 7
6 21 6
2 22 6
2 23 6
2 24 6
0 21 10
1 17 9
3 17 10
2 18 10
2 19 10
2 20 10
0 17 8
3 16 8
0 16 7
6 37 40
4 37 41
0 38 40
6 41 10
1 41 11
1 41 12
0 42 10
1 35 40
3 35 41
0 35 39
2 42 29
2 43 29
0 41 29
2 18 5
6 17 5
1 17 6
1 17 7
0 19 5
2 5 45
2 4 45
2 3 45
2 2 45
3 1 45
1 1 44
1 1 43
1 1 42
1 1 41
1 1 40
0 6 45
2 19 11
2 20 11
4 21 11
0 18 11
2 17 11
0 16 11
2 36 6
2 35 6
6 34 6
1 34 7
0 37 6
1 48 15
1 48 16
1 48 17
1 48 18
1 48 19
1 48 20
4 48 21
0 48 14
0 39 32
1 8 4
4 8 5
0 8 3
1 46 41
6 46 40
0 46 42
2 7 9
0 8 9
5 12 14
2 11 14
6 10 14
0 12 15
1 5 37
1 5 36
0 5 38
5 6 35
0 6 36
3 41 14
0 42 14
1 0 38
3 0 39
0 0 37
1 4 34
0 4 33
1 46 6
1 46 5
1 46 4
1 46 3
5 46 2
0 46 7
0 26 6
0 11 22
2 24 39
2 25 39
2 26 39
2 27 39
2 28 39
2 29 39
2 30 39
2 31 39
2 32 39
2 33 39
2 34 39
0 23 39
2 16 17
2 15 17
2 14 17
2 13 17
6 12 17
0 17 17
5 17 16
0 16 16
6 27 1
2 28 1
2 29 1
5 30 1
0 27 2
2 14 22
2 13 22
2 12 22
0 15 22
3 42 17
1 42 16
1 42 15
0 43 17
6 5 21
0 5 22
2 44 27
0 43 27
0 38 41
0 5 34
0 3 33
6 39 18
2 40 18
2 41 18
2 42 18
4 43 18
0 39 19
2 38 19
0 37 19
3 39 20
0 40 20
1 36 18
3 36 19
0 36 17
6 6 42
1 6 43
1 6 44
0 7 42
2 43 14
0 44 14
2 35 5
2 36 5
2 37 5
5 38 5
1 38 6
4 38 7
2 37 7
2 36 7
6 35 7
4 35 8
0 34 5
3 28 8
1 28 7
1 28 6
0 29 8
2 36 20
4 37 20
0 35 20
-1
-1
-1
-1
-1
-1
-1
-1
-1
-1
-1
-1
-1
-1
-1
-1
-1
-1
-1
-1
-1
-1
-1
-1
-1
-1
-1
-1
-1
-1
-1
-1
-1
-1
-1
-1
-1
-1
-1
-1
-1
-1
-1
-1
-1
-1
-1
-1
-1
-1
-1
-1
-1
-1
-1
-1
-1
-1
-1
-1
-1
-1
-1
-1
-1
-1
-1
-1
-1
-1
-1
-1
-1
-1
-1
-1
-1
-1
-1
-1
-1
-1
-1
-1
-1
-1
-1
-1
-1
-1
-1
-1
-1
-1
-1
-1
-1
-1
-1
-1
-1
-1
-1
-1
-1
-1
-1
-1
-1
