0 40 11
0 9 39
2 10 11
2 11 11
2 12 11
2 13 11
2 14 11
2 15 11
2 16 11
2 17 11
2 18 11
2 19 11
2 20 11
2 21 11
2 22 11
2 23 11
2 24 11
2 25 11
2 26 11
2 27 11
2 28 11
2 29 11
2 30 11
2 31 11
2 32 11
2 33 11
2 34 11
2 35 11
2 36 11
2 37 11
2 38 11
2 39 11
1 9 12
1 9 13
1 9 14
1 9 15
1 9 16
1 9 17
1 9 18
1 9 19
1 9 20
1 9 21
1 9 22
1 9 23
1 9 24
1 9 25
1 9 26
1 9 27
1 9 28
1 9 29
1 9 30
1 9 31
1 9 32
1 9 33
1 9 34
1 9 35
1 9 36
1 9 37
1 9 38
6 9 11
-1
-1
-1
-1
-1
-1
-1
-1
-1
-1
-1
-1
-1
-1
-1
-1
-1
-1
-1
-1
-1
-1
-1
-1
-1
-1
-1
-1
-1
-1
-1
-1
-1
-1
-1
-1
-1
-1
-1
-1
-1
-1
-1
-1
-1
-1
-1
-1
-1
-1
-1
-1
-1
-1
-1
-1
-1
-1
-1
-1
-1
-1
-1
-1
-1
-1
-1
-1
-1
-1
-1
-1
-1
-1
-1
-1
-1
-1
-1
-1
-1
-1
-1
-1
-1
-1
-1
-1
-1
-1
-1
-1
1 26 9
3 26 10
2 27 10
2 28 10
2 29 10
2 30 10
2 31 10
2 32 10
2 33 10
2 34 10
2 35 10
2 36 10
2 37 10
2 38 10
2 39 10
5 40 10
0 26 8
-1
-1
-1
-1
-1
-1
-1
-1
-1
-1
-1
-1
-1
-1
-1
-1
-1
-1
-1
-1
-1
-1
-1
-1
-1
-1
-1
-1
-1
-1
-1
-1
-1
-1
-1
-1
-1
-1
-1
-1
2 36 45
2 35 45
2 34 45
2 33 45
2 32 45
2 31 45
2 30 45
2 29 45
2 28 45
2 27 45
2 26 45
2 25 45
2 24 45
2 23 45
2 22 45
2 21 45
2 20 45
2 19 45
2 18 45
2 17 45
2 16 45
2 15 45
2 14 45
2 13 45
2 12 45
2 11 45
2 10 45
3 9 45
1 9 44
1 9 43
1 9 42
1 9 41
1 9 40
0 37 45
-1
-1
-1
-1
-1
-1
-1
-1
-1
-1
-1
-1
-1
-1
-1
-1
-1
-1
-1
-1
-1
-1
-1
-1
-1
2 4 8
2 5 8
2 6 8
2 7 8
2 8 8
2 9 8
2 10 8
2 11 8
2 12 8
2 13 8
2 14 8
2 15 8
2 16 8
2 17 8
2 18 8
2 19 8
2 20 8
2 21 8
2 22 8
2 23 8
2 24 8
2 25 8
0 3 8
-1
-1
-1
-1
-1
-1
-1
-1
-1
-1
-1
2 43 28
2 42 28
2 41 28
3 40 28
1 40 27
1 40 26
1 40 25
1 40 24
1 40 23
1 40 22
1 40 21
1 40 20
1 40 19
1 40 18
1 40 17
1 40 16
1 40 15
1 40 14
1 40 13
1 40 12
0 44 28
-1
-1
-1
-1
-1
-1
-1
-1
-1
-1
-1
-1
-1
1 7 34
1 7 35
1 7 36
1 7 37
1 7 38
3 7 39
2 8 39
0 7 33
-1
-1
-1
-1
2 13 3
2 12 3
2 11 3
2 10 3
2 9 3
2 8 3
2 7 3
2 6 3
2 5 3
2 4 3
6 3 3
1 3 4
1 3 5
1 3 6
1 3 7
0 14 3
-1
-1
1 30 39
1 30 40
1 30 41
1 30 42
1 30 43
3 30 44
2 31 44
2 32 44
2 33 44
2 34 44
2 35 44
2 36 44
5 37 44
0 30 38
-1
-1
-1
-1
-1
-1
6 41 6
1 41 7
1 41 8
1 41 9
1 41 10
4 41 11
0 42 6
-1
-1
-1
2 28 1
2 27 1
6 26 1
1 26 2
1 26 3
1 26 4
1 26 5
1 26 6
1 26 7
0 29 1
-1
1 1 29
1 1 30
1 1 31
1 1 32
3 1 33
2 2 33
2 3 33
2 4 33
2 5 33
2 6 33
0 1 28
-1
-1
-1
-1
2 2 23
6 1 23
1 1 24
1 1 25
1 1 26
1 1 27
0 3 23
-1
-1
-1
-1
-1
-1
-1
-1
-1
-1
-1
-1
-1
-1
-1
-1
-1
-1
-1
-1
-1
-1
-1
-1
-1
-1
-1
-1
-1
-1
-1
-1
-1
-1
-1
-1
-1
-1
-1
-1
-1
-1
-1
-1
-1
-1
-1
-1
-1
-1
-1
-1
-1
-1
-1
-1
-1
-1
-1
-1
-1
-1
-1
-1
-1
-1
-1
-1
-1
-1
-1
-1
-1
-1
-1
-1
-1
-1
-1
-1
-1
-1
-1
-1
-1
-1
-1
-1
-1
-1
-1
-1
-1
-1
-1
-1
-1
-1
-1
-1
-1
-1
-1
-1
-1
-1
-1
-1
-1
-1
-1
-1
-1
-1
-1
-1
-1
-1
-1
-1
-1
-1
-1
-1
-1
-1
-1
-1
-1
-1
-1
-1
-1
-1
-1
-1
-1
-1
-1
-1
-1
-1
-1
-1
-1
-1
-1
-1
-1
-1
-1
-1
-1
-1
-1
-1
-1
-1
-1
-1
-1
-1
-1
-1
-1
-1
-1
-1
-1
-1
-1
-1
-1
-1
-1
-1
-1
-1
-1
-1
-1
-1
-1
-1
-1
-1
-1
-1
-1
-1
-1
-1
-1
-1
-1
-1
-1
-1
-1
-1
-1
-1
-1
-1
-1
-1
-1
-1
-1
-1
-1
-1
-1
-1
-1
-1
-1
-1
-1
-1
-1
-1
-1
-1
-1
-1
-1
-1
-1
-1
-1
-1
-1
-1
-1
-1
-1
-1
-1
-1
-1
-1
-1
-1
-1
-1
-1
-1
-1
-1
-1
-1
-1
-1
-1
-1
-1
-1
-1
-1
-1
-1
-1
-1
-1
-1
-1
-1
-1
-1
-1
-1
-1
-1
-1
-1
-1
-1
-1
-1
-1
-1
-1
-1
-1
-1
-1
-1
-1
-1
-1
-1
-1
-1
-1
-1
-1
-1
-1
-1
-1
-1
-1
-1
-1
-1
-1
-1
-1
-1
-1
-1
-1
-1
-1
-1
-1
-1
-1
-1
-1
-1
-1
-1
-1
-1
-1
-1
-1
-1
-1
-1
-1
-1
-1
-1
-1
-1
-1
-1
-1
-1
-1
-1
-1
-1
-1
-1
-1
-1
-1
-1
-1
-1
-1
-1
-1
-1
-1
-1
-1
-1
-1
-1
-1
-1
-1
-1
-1
-1
-1
