0 38 45
0 16 7
2 17 45
2 18 45
2 19 45
2 20 45
2 21 45
2 22 45
2 23 45
2 24 45
2 25 45
2 26 45
2 27 45
2 28 45
2 29 45
2 30 45
2 31 45
2 32 45
2 33 45
2 34 45
2 35 45
2 36 45
2 37 45
1 16 8
1 16 9
1 16 10
1 16 11
1 16 12
1 16 13
1 16 14
1 16 15
1 16 16
1 16 17
1 16 18
1 16 19
1 16 20
1 16 21
1 16 22
1 16 23
1 16 24
1 16 25
1 16 26
1 16 27
1 16 28
1 16 29
1 16 30
1 16 31
1 16 32
1 16 33
1 16 34
1 16 35
1 16 36
1 16 37
1 16 38
1 16 39
1 16 40
1 16 41
1 16 42
1 16 43
1 16 44
3 16 45
-1
-1
-1
-1
-1
-1
-1
-1
-1
-1
-1
-1
-1
-1
-1
-1
-1
-1
-1
-1
-1
-1
-1
-1
-1
-1
-1
-1
-1
-1
-1
-1
-1
-1
-1
-1
-1
-1
-1
-1
-1
-1
-1
-1
-1
-1
-1
-1
-1
-1
-1
-1
-1
-1
-1
-1
-1
-1
-1
-1
-1
-1
-1
-1
-1
-1
-1
-1
-1
-1
-1
-1
-1
-1
-1
-1
-1
-1
-1
-1
-1
-1
-1
-1
-1
-1
-1
-1
-1
2 19 5
2 18 5
2 17 5
6 16 5
1 16 6
0 20 5
-1
-1
-1
-1
-1
-1
-1
-1
-1
-1
-1
-1
-1
-1
-1
-1
-1
-1
-1
-1
-1
-1
-1
-1
-1
-1
-1
-1
-1
-1
-1
-1
-1
-1
-1
-1
-1
1 7 26
1 7 25
1 7 24
1 7 23
1 7 22
1 7 21
1 7 20
1 7 19
1 7 18
1 7 17
1 7 16
1 7 15
1 7 14
1 7 13
1 7 12
1 7 11
1 7 10
1 7 9
1 7 8
6 7 7
2 8 7
2 9 7
2 10 7
2 11 7
2 12 7
2 13 7
2 14 7
2 15 7
0 7 27
-1
-1
-1
-1
-1
-1
-1
-1
-1
-1
-1
-1
-1
-1
-1
-1
-1
-1
-1
-1
-1
-1
-1
-1
-1
-1
2 39 40
6 38 40
1 38 41
1 38 42
1 38 43
1 38 44
0 40 40
-1
-1
-1
-1
-1
-1
-1
-1
-1
-1
-1
-1
-1
-1
-1
-1
-1
-1
-1
-1
2 9 25
6 8 25
1 8 26
4 8 27
0 10 25
-1
-1
-1
-1
-1
-1
-1
-1
-1
2 42 27
2 41 27
6 40 27
1 40 28
1 40 29
1 40 30
1 40 31
1 40 32
1 40 33
1 40 34
1 40 35
1 40 36
1 40 37
1 40 38
1 40 39
0 43 27
-1
-1
-1
-1
-1
-1
-1
1 5 37
1 5 36
1 5 35
1 5 34
1 5 33
1 5 32
1 5 31
1 5 30
1 5 29
1 5 28
6 5 27
2 6 27
0 5 38
-1
-1
-1
-1
-1
-1
-1
2 43 46
2 42 46
2 41 46
2 40 46
2 39 46
3 38 46
0 44 46
-1
-1
-1
-1
-1
1 4 33
1 4 34
1 4 35
1 4 36
1 4 37
3 4 38
0 4 32
-1
-1
-1
2 8 42
2 7 42
2 6 42
3 5 42
1 5 41
1 5 40
1 5 39
0 9 42
-1
-1
-1
-1
2 23 6
2 22 6
2 21 6
3 20 6
0 24 6
2 13 46
2 12 46
2 11 46
2 10 46
3 9 46
1 9 45
1 9 44
1 9 43
0 14 46
1 43 16
1 43 17
1 43 18
1 43 19
1 43 20
1 43 21
1 43 22
1 43 23
1 43 24
1 43 25
1 43 26
0 43 15
2 30 6
2 29 6
2 28 6
2 27 6
2 26 6
2 25 6
0 31 6
1 28 2
1 28 3
1 28 4
3 28 5
2 29 5
2 30 5
5 31 5
0 28 1
2 26 11
2 25 11
3 24 11
1 24 10
1 24 9
1 24 8
1 24 7
0 27 11
2 42 40
2 41 40
0 43 40
2 12 29
2 11 29
3 10 29
1 10 28
1 10 27
1 10 26
0 13 29
2 35 8
2 34 8
2 33 8
2 32 8
3 31 8
1 31 7
0 36 8
1 36 10
1 36 9
0 36 11
3 13 30
0 14 30
2 35 46
2 36 46
5 37 46
3 37 47
2 38 47
2 39 47
2 40 47
2 41 47
2 42 47
2 43 47
2 44 47
4 45 47
1 45 46
5 45 45
2 44 45
2 43 45
2 42 45
2 41 45
2 40 45
2 39 45
0 34 46
2 47 5
2 46 5
2 45 5
2 44 5
6 43 5
1 43 6
1 43 7
1 43 8
1 43 9
1 43 10
1 43 11
1 43 12
1 43 13
1 43 14
0 48 5
2 12 22
2 11 22
6 10 22
1 10 23
1 10 24
0 13 22
1 44 2
1 44 3
3 44 4
2 45 4
2 46 4
2 47 4
5 48 4
0 44 1
2 27 1
0 26 1
2 30 22
2 29 22
2 28 22
3 27 22
1 27 21
1 27 20
1 27 19
1 27 18
1 27 17
1 27 16
1 27 15
1 27 14
1 27 13
1 27 12
0 31 22
2 37 23
2 36 23
2 35 23
2 34 23
2 33 23
2 32 23
3 31 23
0 38 23
2 6 38
0 7 38
1 31 17
1 31 18
1 31 19
1 31 20
1 31 21
0 31 16
1 36 28
1 36 27
1 36 26
1 36 25
6 36 24
2 37 24
4 38 24
0 36 29
4 37 29
0 37 28
6 13 21
0 14 21
2 10 36
2 9 36
2 8 36
6 7 36
1 7 37
0 11 36
6 38 20
1 38 21
1 38 22
0 39 20
2 14 25
2 13 25
2 12 25
2 11 25
0 15 25
3 43 32
1 43 31
1 43 30
1 43 29
1 43 28
0 44 32
1 33 30
6 33 29
2 34 29
2 35 29
0 33 31
1 17 10
1 17 9
1 17 8
5 17 7
0 17 11
1 27 36
1 27 35
1 27 34
1 27 33
1 27 32
6 27 31
2 28 31
2 29 31
2 30 31
2 31 31
2 32 31
0 27 37
1 23 40
1 23 39
1 23 38
6 23 37
2 24 37
2 25 37
2 26 37
0 23 41
6 43 39
0 44 39
1 3 34
1 3 33
6 3 32
0 3 35
-1
-1
-1
-1
-1
-1
-1
-1
-1
-1
-1
-1
-1
-1
-1
-1
-1
-1
-1
-1
-1
-1
-1
-1
-1
-1
-1
-1
-1
-1
-1
-1
-1
-1
-1
-1
-1
-1
-1
-1
-1
-1
-1
-1
-1
-1
-1
-1
-1
-1
-1
-1
-1
-1
-1
-1
-1
-1
-1
-1
-1
-1
-1
-1
-1
-1
-1
-1
-1
-1
-1
-1
-1
-1
-1
-1
-1
-1
-1
-1
-1
-1
-1
-1
-1
-1
-1
-1
-1
-1
-1
-1
-1
-1
-1
-1
-1
-1
-1
-1
-1
-1
-1
-1
-1
-1
-1
-1
-1
-1
-1
-1
-1
-1
-1
-1
-1
-1
-1
-1
-1
-1
-1
-1
-1
-1
-1
-1
-1
-1
-1
-1
-1
-1
-1
-1
-1
-1
-1
-1
-1
-1
-1
-1
-1
-1
-1
-1
-1
-1
-1
-1
-1
-1
-1
-1
-1
-1
-1
-1
-1
-1
-1
-1
-1
-1
-1
-1
-1
-1
-1
-1
-1
-1
-1
-1
-1
-1
-1
-1
-1
-1
-1
-1
-1
-1
-1
-1
-1
-1
-1
-1
-1
-1
-1
-1
-1
-1
-1
-1
-1
-1
-1
-1
-1
-1
-1
-1
-1
-1
-1
