0 47 30
0 8 12
2 9 30
2 10 30
2 11 30
2 12 30
2 13 30
2 14 30
2 15 30
2 16 30
2 17 30
2 18 30
2 19 30
2 20 30
2 21 30
2 22 30
2 23 30
2 24 30
2 25 30
2 26 30
2 27 30
2 28 30
2 29 30
2 30 30
2 31 30
2 32 30
2 33 30
2 34 30
2 35 30
2 36 30
2 37 30
2 38 30
2 39 30
2 40 30
2 41 30
2 42 30
2 43 30
2 44 30
2 45 30
2 46 30
1 8 13
1 8 14
1 8 15
1 8 16
1 8 17
1 8 18
1 8 19
1 8 20
1 8 21
1 8 22
1 8 23
1 8 24
1 8 25
1 8 26
1 8 27
1 8 28
1 8 29
3 8 30
-1
-1
-1
-1
-1
-1
-1
-1
-1
-1
-1
-1
-1
-1
-1
-1
-1
-1
-1
-1
-1
-1
-1
-1
-1
-1
-1
-1
-1
-1
-1
-1
-1
-1
-1
-1
-1
-1
-1
-1
-1
-1
-1
-1
-1
-1
-1
-1
-1
-1
1 4 13
6 4 12
2 5 12
2 6 12
2 7 12
0 4 14
-1
-1
-1
-1
-1
-1
-1
-1
-1
-1
-1
-1
-1
-1
-1
-1
-1
-1
-1
-1
-1
-1
-1
-1
-1
-1
-1
-1
-1
-1
-1
-1
-1
-1
-1
-1
-1
-1
-1
-1
4 47 31
0 46 31
-1
-1
-1
-1
-1
-1
-1
-1
-1
-1
-1
-1
-1
-1
-1
-1
-1
-1
-1
-1
-1
-1
-1
-1
-1
-1
1 46 27
1 46 28
3 46 29
5 47 29
0 46 26
-1
-1
-1
-1
-1
-1
-1
-1
-1
-1
-1
-1
-1
-1
-1
2 37 31
2 38 31
2 39 31
2 40 31
2 41 31
2 42 31
2 43 31
2 44 31
2 45 31
0 36 31
-1
-1
-1
-1
-1
-1
-1
-1
-1
-1
-1
-1
-1
-1
-1
-1
1 8 11
0 8 10
-1
-1
-1
-1
-1
-1
-1
-1
-1
1 41 27
6 41 26
2 42 26
2 43 26
2 44 26
2 45 26
0 41 28
-1
-1
-1
-1
-1
-1
-1
-1
1 2 11
1 2 12
1 2 13
3 2 14
2 3 14
0 2 10
2 12 2
2 11 2
2 10 2
2 9 2
6 8 2
1 8 3
1 8 4
1 8 5
1 8 6
1 8 7
1 8 8
1 8 9
0 13 2
-1
-1
-1
2 47 20
6 46 20
1 46 21
1 46 22
1 46 23
1 46 24
1 46 25
0 48 20
1 0 44
1 0 43
1 0 42
1 0 41
1 0 40
1 0 39
1 0 38
1 0 37
1 0 36
1 0 35
1 0 34
1 0 33
1 0 32
1 0 31
1 0 30
1 0 29
1 0 28
1 0 27
1 0 26
1 0 25
1 0 24
1 0 23
1 0 22
1 0 21
1 0 20
1 0 19
1 0 18
1 0 17
1 0 16
6 0 15
2 1 15
2 2 15
2 3 15
4 4 15
0 0 45
2 20 3
2 19 3
2 18 3
2 17 3
2 16 3
2 15 3
2 14 3
3 13 3
0 21 3
3 21 18
1 21 17
1 21 16
1 21 15
1 21 14
1 21 13
1 21 12
1 21 11
1 21 10
1 21 9
1 21 8
1 21 7
1 21 6
1 21 5
1 21 4
0 22 18
4 45 23
1 45 22
1 45 21
1 45 20
6 45 19
2 46 19
2 47 19
2 48 19
5 49 19
1 49 20
4 49 21
2 48 21
6 47 21
1 47 22
1 47 23
1 47 24
1 47 25
4 47 26
0 44 23
3 38 28
2 39 28
2 40 28
0 38 27
0 5 14
2 4 32
2 3 32
2 2 32
6 1 32
1 1 33
1 1 34
1 1 35
1 1 36
1 1 37
1 1 38
1 1 39
1 1 40
1 1 41
1 1 42
1 1 43
1 1 44
4 1 45
0 5 32
1 44 11
1 44 12
1 44 13
1 44 14
1 44 15
1 44 16
1 44 17
1 44 18
1 44 19
1 44 20
1 44 21
1 44 22
0 44 10
1 5 9
3 5 10
2 6 10
2 7 10
0 5 8
2 7 35
2 6 35
3 5 35
1 5 34
1 5 33
0 8 35
3 45 12
1 45 11
5 45 10
0 46 12
6 5 30
1 5 31
0 6 30
2 16 31
2 15 31
2 14 31
2 13 31
2 12 31
2 11 31
2 10 31
2 9 31
2 8 31
2 7 31
3 6 31
0 17 31
1 45 42
1 45 41
1 45 40
1 45 39
1 45 38
1 45 37
1 45 36
1 45 35
1 45 34
1 45 33
6 45 32
4 46 32
0 45 43
1 16 38
1 16 37
1 16 36
1 16 35
1 16 34
1 16 33
6 16 32
4 17 32
0 16 39
1 39 22
3 39 23
2 40 23
2 41 23
2 42 23
2 43 23
0 39 21
6 2 44
1 2 45
4 2 46
2 1 46
3 0 46
0 3 44
2 35 27
2 36 27
2 37 27
0 34 27
2 35 21
2 36 21
2 37 21
2 38 21
0 34 21
2 18 46
2 17 46
3 16 46
1 16 45
1 16 44
1 16 43
1 16 42
1 16 41
1 16 40
0 19 46
1 5 24
1 5 25
1 5 26
1 5 27
1 5 28
3 5 29
5 6 29
0 5 23
2 24 43
2 23 43
2 22 43
2 21 43
2 20 43
6 19 43
1 19 44
1 19 45
0 25 43
2 43 10
0 42 10
2 8 48
2 7 48
2 6 48
2 5 48
2 4 48
3 3 48
1 3 47
1 3 46
1 3 45
0 9 48
2 9 35
0 10 35
3 25 46
1 25 45
1 25 44
0 26 46
1 45 15
1 45 14
6 45 13
4 46 13
0 45 16
2 11 45
2 10 45
6 9 45
1 9 46
1 9 47
0 12 45
1 43 5
1 43 6
1 43 7
1 43 8
3 43 9
5 44 9
0 43 4
3 5 16
1 5 15
0 6 16
0 6 17
6 10 32
1 10 33
1 10 34
0 11 32
2 39 10
2 40 10
2 41 10
0 38 10
1 3 39
1 3 40
1 3 41
1 3 42
1 3 43
0 3 38
5 21 2
0 20 2
2 2 23
2 3 23
2 4 23
0 1 23
1 46 39
1 46 40
1 46 41
1 46 42
4 46 43
0 46 38
1 9 7
1 9 8
1 9 9
4 9 10
0 9 6
3 6 19
1 6 18
0 7 19
1 15 40
6 15 39
0 15 41
2 35 16
6 34 16
1 34 17
1 34 18
1 34 19
1 34 20
0 36 16
0 34 22
0 44 24
1 30 23
6 30 22
2 31 22
2 32 22
2 33 22
0 30 24
1 29 28
1 29 27
1 29 26
1 29 25
6 29 24
0 29 29
5 3 10
0 3 11
2 42 24
2 43 24
0 41 24
2 9 12
0 10 12
2 12 15
2 11 15
3 10 15
1 10 14
1 10 13
0 13 15
2 5 44
2 4 44
0 6 44
3 13 17
1 13 16
0 14 17
1 9 4
1 9 5
0 9 3
2 13 18
4 14 18
0 12 18
0 47 12
1 11 21
1 11 20
1 11 19
6 11 18
0 11 22
3 33 21
0 33 20
0 6 32
2 31 24
0 32 24
6 1 20
1 1 21
1 1 22
0 2 20
1 33 2
1 33 3
3 33 4
2 34 4
2 35 4
2 36 4
2 37 4
2 38 4
2 39 4
2 40 4
2 41 4
2 42 4
0 33 1
-1
-1
-1
-1
-1
-1
-1
-1
-1
-1
-1
-1
-1
-1
-1
-1
-1
-1
-1
-1
-1
-1
-1
-1
-1
-1
-1
-1
-1
-1
-1
-1
-1
-1
-1
-1
-1
-1
-1
-1
-1
-1
-1
-1
-1
-1
-1
-1
-1
-1
-1
-1
-1
-1
-1
-1
-1
-1
-1
-1
-1
-1
-1
-1
-1
-1
-1
-1
-1
-1
-1
-1
-1
-1
-1
-1
-1
-1
-1
-1
-1
-1
-1
-1
-1
-1
-1
-1
-1
-1
-1
-1
-1
-1
-1
-1
-1
-1
-1
-1
-1
-1
-1
-1
-1
-1
-1
-1
-1
-1
-1
-1
-1
-1
-1
-1
-1
-1
-1
-1
-1
-1
-1
-1
-1
-1
-1
-1
-1
-1
-1
-1
-1
-1
-1
-1
-1
-1
-1
-1
-1
-1
-1
-1
-1
-1
-1
-1
-1
