0 11 44
0 29 12
2 12 44
2 13 44
2 14 44
2 15 44
2 16 44
2 17 44
2 18 44
2 19 44
2 20 44
2 21 44
2 22 44
2 23 44
2 24 44
2 25 44
2 26 44
2 27 44
2 28 44
1 29 13
1 29 14
1 29 15
1 29 16
1 29 17
1 29 18
1 29 19
1 29 20
1 29 21
1 29 22
1 29 23
1 29 24
1 29 25
1 29 26
1 29 27
1 29 28
1 29 29
1 29 30
1 29 31
1 29 32
1 29 33
1 29 34
1 29 35
1 29 36
1 29 37
1 29 38
1 29 39
1 29 40
1 29 41
1 29 42
1 29 43
4 29 44
-1
-1
-1
-1
-1
-1
-1
-1
-1
-1
-1
-1
-1
-1
-1
-1
-1
-1
-1
-1
-1
-1
-1
-1
-1
-1
-1
-1
-1
-1
-1
-1
-1
-1
-1
-1
-1
-1
-1
-1
-1
-1
-1
-1
-1
-1
-1
-1
-1
-1
-1
-1
-1
-1
-1
-1
-1
-1
-1
-1
-1
-1
-1
-1
-1
-1
-1
-1
-1
-1
-1
-1
-1
-1
-1
-1
-1
-1
-1
-1
-1
-1
-1
-1
-1
-1
-1
-1
-1
-1
-1
-1
-1
-1
-1
-1
-1
-1
-1
-1
-1
-1
-1
-1
-1
-1
-1
-1
-1
-1
-1
1 5 46
1 5 45
6 5 44
2 6 44
2 7 44
2 8 44
2 9 44
2 10 44
0 5 47
-1
-1
-1
-1
-1
-1
-1
-1
-1
-1
-1
-1
-1
-1
-1
-1
-1
-1
-1
-1
-1
-1
-1
-1
-1
-1
-1
-1
-1
-1
-1
-1
-1
-1
-1
-1
-1
-1
-1
-1
-1
-1
-1
3 30 15
1 30 14
1 30 13
5 30 12
0 31 15
-1
-1
-1
-1
-1
-1
-1
-1
-1
-1
-1
-1
-1
-1
-1
-1
-1
-1
-1
-1
-1
-1
-1
-1
-1
-1
6 5 42
4 5 43
6 4 43
1 4 44
1 4 45
1 4 46
3 4 47
0 6 42
-1
-1
-1
-1
-1
-1
-1
-1
-1
-1
-1
-1
-1
-1
-1
-1
-1
-1
-1
2 30 10
6 29 10
1 29 11
0 31 10
-1
-1
-1
-1
-1
-1
-1
-1
-1
-1
-1
-1
-1
-1
-1
-1
-1
0 6 43
-1
-1
-1
-1
-1
-1
-1
-1
1 27 6
1 27 7
1 27 8
1 27 9
1 27 10
1 27 11
3 27 12
2 28 12
0 27 5
1 13 2
1 13 3
1 13 4
3 13 5
2 14 5
2 15 5
2 16 5
2 17 5
2 18 5
2 19 5
2 20 5
2 21 5
2 22 5
2 23 5
2 24 5
2 25 5
2 26 5
0 13 1
2 48 24
2 47 24
2 46 24
2 45 24
2 44 24
2 43 24
2 42 24
2 41 24
2 40 24
2 39 24
2 38 24
2 37 24
2 36 24
2 35 24
2 34 24
2 33 24
2 32 24
3 31 24
1 31 23
1 31 22
1 31 21
1 31 20
1 31 19
1 31 18
1 31 17
1 31 16
0 49 24
4 3 43
6 3 42
4 4 42
6 4 41
2 5 41
2 6 41
5 7 41
1 7 42
4 7 43
0 2 43
3 45 23
2 46 23
2 47 23
2 48 23
5 49 23
0 45 22
6 39 22
2 40 22
2 41 22
2 42 22
2 43 22
2 44 22
0 39 23
2 12 45
3 11 45
0 13 45
-1
-1
-1
1 26 3
3 26 4
5 27 4
0 26 2
-1
1 11 39
1 11 40
1 11 41
1 11 42
1 11 43
0 11 38
2 37 9
2 36 9
2 35 9
2 34 9
2 33 9
2 32 9
6 31 9
0 38 9
-1
2 10 38
0 9 38
1 39 20
4 39 21
6 38 21
1 38 22
3 38 23
0 39 19
2 34 15
2 33 15
2 32 15
0 35 15
2 16 48
2 15 48
2 14 48
3 13 48
1 13 47
1 13 46
0 17 48
-1
0 12 38
2 27 38
2 26 38
2 25 38
2 24 38
2 23 38
2 22 38
2 21 38
2 20 38
2 19 38
2 18 38
2 17 38
2 16 38
2 15 38
2 14 38
2 13 38
0 28 38
2 18 45
6 17 45
1 17 46
1 17 47
0 19 45
6 12 36
1 12 37
0 13 36
2 16 39
2 15 39
2 14 39
2 13 39
3 12 39
0 17 39
2 14 45
0 15 45
1 47 31
1 47 30
1 47 29
1 47 28
1 47 27
1 47 26
6 47 25
2 48 25
4 49 25
0 47 32
2 46 17
6 45 17
1 45 18
1 45 19
1 45 20
1 45 21
0 47 17
1 43 38
1 43 37
1 43 36
1 43 35
1 43 34
1 43 33
6 43 32
2 44 32
2 45 32
2 46 32
0 43 39
1 2 5
1 2 4
1 2 3
1 2 2
6 2 1
2 3 1
2 4 1
2 5 1
2 6 1
2 7 1
2 8 1
2 9 1
2 10 1
2 11 1
2 12 1
0 2 6
2 39 39
2 40 39
2 41 39
2 42 39
0 38 39
1 1 8
1 1 7
6 1 6
0 1 9
2 39 38
6 38 38
0 40 38
2 24 46
2 23 46
2 22 46
2 21 46
2 20 46
3 19 46
0 25 46
2 20 48
2 19 48
2 18 48
0 21 48
0 25 45
0 20 45
3 1 16
1 1 15
1 1 14
1 1 13
1 1 12
1 1 11
1 1 10
0 2 16
0 40 37
1 37 38
3 37 39
0 37 37
2 33 47
2 32 47
2 31 47
2 30 47
2 29 47
2 28 47
2 27 47
2 26 47
3 25 47
0 34 47
6 2 14
1 2 15
0 3 14
2 14 0
6 13 0
0 15 0
2 9 14
2 8 14
2 7 14
2 6 14
2 5 14
2 4 14
0 10 14
1 33 45
3 33 46
5 34 46
0 33 44
6 37 33
1 37 34
1 37 35
1 37 36
0 38 33
3 2 23
1 2 22
1 2 21
1 2 20
1 2 19
1 2 18
1 2 17
0 3 23
2 43 1
2 42 1
2 41 1
2 40 1
2 39 1
6 38 1
1 38 2
1 38 3
1 38 4
1 38 5
1 38 6
1 38 7
1 38 8
0 44 1
3 3 25
1 3 24
0 4 25
1 3 28
1 3 27
6 3 26
4 4 26
0 3 29
2 42 11
2 41 11
2 40 11
2 39 11
3 38 11
1 38 10
0 43 11
2 16 10
2 15 10
2 14 10
2 13 10
2 12 10
2 11 10
6 10 10
1 10 11
1 10 12
1 10 13
0 17 10
2 14 11
2 15 11
2 16 11
4 17 11
0 13 11
5 3 13
0 2 13
1 36 31
3 36 32
2 37 32
5 38 32
0 36 30
6 3 20
1 3 21
1 3 22
0 4 20
2 9 15
4 10 15
0 8 15
1 7 16
6 7 15
0 7 17
2 36 40
2 37 40
4 38 40
0 35 40
1 17 7
1 17 8
1 17 9
0 17 6
1 34 39
3 34 40
0 34 38
2 33 38
0 32 38
1 31 36
1 31 37
3 31 38
0 31 35
2 20 6
2 19 6
2 18 6
0 21 6
3 25 2
0 25 1
2 30 4
2 29 4
6 28 4
4 28 5
0 31 4
6 31 3
0 32 3
3 18 13
1 18 12
1 18 11
5 18 10
0 19 13
1 19 14
0 19 15
6 31 34
0 32 34
1 3 5
4 3 6
0 3 4
2 5 10
2 4 10
2 3 10
3 2 10
5 2 9
0 6 10
-1
-1
-1
-1
-1
-1
-1
-1
-1
-1
-1
-1
-1
-1
-1
-1
-1
-1
-1
-1
-1
-1
-1
-1
-1
-1
-1
-1
-1
-1
-1
-1
-1
-1
-1
-1
-1
-1
-1
-1
-1
-1
-1
-1
-1
-1
-1
-1
-1
-1
-1
-1
-1
-1
-1
-1
-1
-1
-1
-1
-1
-1
-1
-1
-1
-1
-1
-1
-1
-1
-1
-1
-1
-1
-1
-1
-1
-1
-1
-1
-1
-1
-1
-1
-1
-1
-1
-1
-1
-1
-1
-1
-1
-1
-1
-1
-1
-1
-1
-1
-1
-1
-1
-1
-1
-1
-1
-1
-1
-1
-1
