0 4 31
0 43 6
2 5 31
2 6 31
2 7 31
2 8 31
2 9 31
2 10 31
2 11 31
2 12 31
2 13 31
2 14 31
2 15 31
2 16 31
2 17 31
2 18 31
2 19 31
2 20 31
2 21 31
2 22 31
2 23 31
2 24 31
2 25 31
2 26 31
2 27 31
2 28 31
2 29 31
2 30 31
2 31 31
2 32 31
2 33 31
2 34 31
2 35 31
2 36 31
2 37 31
2 38 31
2 39 31
2 40 31
2 41 31
2 42 31
1 43 7
1 43 8
1 43 9
1 43 10
1 43 11
1 43 12
1 43 13
1 43 14
1 43 15
1 43 16
1 43 17
1 43 18
1 43 19
1 43 20
1 43 21
1 43 22
1 43 23
1 43 24
1 43 25
1 43 26
1 43 27
1 43 28
1 43 29
1 43 30
4 43 31
-1
-1
-1
-1
-1
-1
-1
-1
-1
-1
-1
-1
-1
-1
2 45 4
2 44 4
6 43 4
1 43 5
0 46 4
-1
-1
-1
-1
-1
-1
-1
-1
-1
-1
-1
-1
-1
-1
-1
-1
-1
-1
-1
-1
-1
1 1 33
1 1 32
6 1 31
2 2 31
2 3 31
0 1 34
-1
-1
-1
-1
-1
-1
-1
-1
-1
-1
-1
-1
-1
3 4 32
0 5 32
-1
-1
-1
-1
-1
-1
-1
-1
-1
0 5 33
-1
-1
-1
-1
-1
-1
-1
3 42 6
0 42 5
-1
-1
-1
-1
-1
2 44 6
0 45 6
-1
-1
-1
-1
6 4 33
0 4 34
2 7 38
2 6 38
3 5 38
1 5 37
1 5 36
1 5 35
1 5 34
0 8 38
1 45 9
1 45 8
1 45 7
0 45 10
-1
2 3 30
5 4 30
0 2 30
-1
-1
5 46 3
0 45 3
-1
2 46 11
3 45 11
0 47 11
-1
-1
5 46 6
0 46 7
2 11 38
2 10 38
2 9 38
0 12 38
-1
6 2 29
0 3 29
1 41 3
1 41 4
3 41 5
0 41 2
3 1 36
1 1 35
0 2 36
-1
0 1 30
2 38 5
2 39 5
4 40 5
1 40 4
1 40 3
1 40 2
6 40 1
2 41 1
5 42 1
1 42 2
1 42 3
1 42 4
0 37 5
6 0 37
2 1 37
4 2 37
0 0 38
1 1 26
1 1 27
1 1 28
1 1 29
0 1 25
3 46 8
0 47 8
5 6 33
0 6 34
2 7 32
2 6 32
0 8 32
0 8 33
2 11 33
2 10 33
2 9 33
0 12 33
3 44 3
0 44 2
2 4 29
0 5 29
2 6 29
0 7 29
3 37 7
1 37 6
0 38 7
2 48 18
3 47 18
1 47 17
1 47 16
1 47 15
1 47 14
1 47 13
1 47 12
0 49 18
1 2 43
1 2 42
1 2 41
1 2 40
1 2 39
6 2 38
4 3 38
1 3 37
5 3 36
0 2 44
1 44 15
1 44 14
1 44 13
1 44 12
1 44 11
6 44 10
0 44 16
6 12 32
0 13 32
6 48 19
4 49 19
0 48 20
2 9 48
3 8 48
1 8 47
1 8 46
1 8 45
1 8 44
1 8 43
1 8 42
1 8 41
1 8 40
1 8 39
0 10 48
2 10 29
2 9 29
2 8 29
0 11 29
3 47 20
0 47 19
1 3 27
1 3 28
0 3 26
0 49 20
0 48 21
0 1 24
2 8 28
6 7 28
0 9 28
3 34 5
2 35 5
2 36 5
0 34 4
1 37 1
1 37 2
1 37 3
1 37 4
0 37 0
2 39 9
3 38 9
1 38 8
0 40 9
3 40 12
1 40 11
1 40 10
0 41 12
3 41 13
0 42 13
5 4 26
0 4 27
1 45 15
4 45 16
0 45 14
0 2 24
1 44 18
1 44 17
0 44 19
2 16 45
2 15 45
2 14 45
2 13 45
2 12 45
2 11 45
6 10 45
1 10 46
1 10 47
0 17 45
1 9 25
1 9 26
1 9 27
0 9 24
2 41 9
0 42 9
5 49 17
0 48 17
2 14 32
0 15 32
1 11 27
1 11 28
0 11 26
0 42 8
0 45 19
1 48 33
1 48 32
1 48 31
1 48 30
1 48 29
1 48 28
1 48 27
1 48 26
1 48 25
1 48 24
1 48 23
1 48 22
0 48 34
1 48 47
1 48 46
1 48 45
1 48 44
1 48 43
1 48 42
1 48 41
1 48 40
1 48 39
1 48 38
1 48 37
1 48 36
1 48 35
0 48 48
2 43 48
2 44 48
2 45 48
2 46 48
2 47 48
0 42 48
1 18 8
1 18 7
1 18 6
1 18 5
6 18 4
2 19 4
2 20 4
2 21 4
2 22 4
2 23 4
2 24 4
2 25 4
2 26 4
2 27 4
2 28 4
2 29 4
2 30 4
2 31 4
2 32 4
2 33 4
0 18 9
5 5 25
2 4 25
6 3 25
0 5 26
5 49 34
0 49 35
1 14 11
1 14 10
6 14 9
2 15 9
2 16 9
2 17 9
0 14 12
1 42 47
0 42 46
2 44 42
2 43 42
6 42 42
1 42 43
1 42 44
1 42 45
0 45 42
2 10 18
6 9 18
1 9 19
1 9 20
1 9 21
1 9 22
1 9 23
0 11 18
1 41 40
3 41 41
2 42 41
2 43 41
2 44 41
5 45 41
0 41 39
1 2 19
1 2 20
1 2 21
1 2 22
1 2 23
0 2 18
3 45 34
2 46 34
2 47 34
0 45 33
2 37 39
2 38 39
2 39 39
2 40 39
0 36 39
1 2 3
1 2 4
1 2 5
1 2 6
1 2 7
1 2 8
1 2 9
1 2 10
1 2 11
1 2 12
1 2 13
1 2 14
1 2 15
1 2 16
1 2 17
0 2 2
3 32 39
2 33 39
2 34 39
2 35 39
0 32 38
2 4 4
3 3 4
1 3 3
5 3 2
0 5 4
1 4 6
6 4 5
4 5 5
0 4 7
1 39 35
1 39 36
1 39 37
3 39 38
2 40 38
5 41 38
0 39 34
0 31 38
3 3 7
0 3 6
0 1 2
6 5 2
1 5 3
0 6 2
1 3 10
1 3 9
6 3 8
4 4 8
0 3 11
2 23 47
2 22 47
2 21 47
2 20 47
2 19 47
2 18 47
3 17 47
1 17 46
0 24 47
0 31 37
0 30 37
3 31 40
5 31 39
3 30 39
5 30 38
3 29 38
1 29 37
6 29 36
2 30 36
2 31 36
5 32 36
1 32 37
0 32 40
3 6 6
1 6 5
5 6 4
0 7 6
0 36 38
1 47 22
6 47 21
0 47 23
6 0 30
0 0 31
1 36 40
0 36 41
0 1 23
1 1 16
1 1 17
3 1 18
0 1 15
2 4 18
2 3 18
0 5 18
3 40 48
2 41 48
0 40 47
0 40 34
3 36 43
1 36 42
0 37 43
3 32 41
0 33 41
0 39 47
3 8 24
0 8 23
1 8 15
1 8 16
3 8 17
2 9 17
2 10 17
5 11 17
0 8 14
0 36 37
2 11 2
2 10 2
2 9 2
2 8 2
2 7 2
0 12 2
6 40 33
0 41 33
1 11 10
1 11 11
3 11 12
2 12 12
2 13 12
0 11 9
2 41 34
0 42 34
6 10 9
0 10 10
3 33 42
0 34 42
1 42 14
0 42 15
0 12 34
2 3 1
6 2 1
0 4 1
1 36 33
3 36 34
2 37 34
2 38 34
0 36 32
2 44 46
2 43 46
0 45 46
3 11 19
0 12 19
2 7 0
6 6 0
1 6 1
0 8 0
4 33 38
0 33 37
3 18 11
1 18 10
0 19 11
2 19 38
2 18 38
2 17 38
2 16 38
2 15 38
2 14 38
2 13 38
0 20 38
5 47 2
1 47 3
4 47 4
0 46 2
3 3 14
1 3 13
1 3 12
0 4 14
3 6 14
2 7 14
0 6 13
2 13 13
4 14 13
0 12 13
2 37 41
0 38 41
1 44 20
0 44 21
1 33 36
0 33 35
6 11 8
0 12 8
2 13 2
0 14 2
2 17 3
2 16 3
2 15 3
3 14 3
0 18 3
2 12 9
0 13 9
4 5 19
0 4 19
4 10 24
0 10 23
2 46 42
0 47 42
1 47 40
1 47 41
0 47 39
2 46 45
6 45 45
0 47 45
2 8 7
3 7 7
0 9 7
6 2 26
0 2 27
3 15 13
5 15 12
0 16 13
2 23 37
2 22 37
2 21 37
6 20 37
0 24 37
0 49 36
-1
-1
-1
-1
-1
-1
-1
-1
-1
-1
-1
-1
-1
-1
-1
-1
-1
-1
-1
-1
-1
-1
-1
-1
-1
-1
-1
-1
-1
-1
-1
-1
-1
-1
-1
-1
-1
-1
-1
-1
-1
-1
-1
-1
-1
-1
-1
-1
-1
-1
-1
-1
-1
-1
-1
-1
-1
-1
-1
-1
-1
-1
-1
-1
-1
-1
-1
-1
-1
-1
-1
-1
-1
-1
-1
-1
-1
-1
-1
-1
-1
-1
-1
-1
-1
-1
-1
-1
-1
-1
-1
-1
-1
-1
-1
-1
-1
-1
-1
-1
-1
-1
-1
-1
-1
-1
-1
-1
-1
-1
-1
-1
-1
-1
-1
-1
