0 43 24
0 9 39
2 10 24
2 11 24
2 12 24
2 13 24
2 14 24
2 15 24
2 16 24
2 17 24
2 18 24
2 19 24
2 20 24
2 21 24
2 22 24
2 23 24
2 24 24
2 25 24
2 26 24
2 27 24
2 28 24
2 29 24
2 30 24
2 31 24
2 32 24
2 33 24
2 34 24
2 35 24
2 36 24
2 37 24
2 38 24
2 39 24
2 40 24
2 41 24
2 42 24
1 9 25
1 9 26
1 9 27
1 9 28
1 9 29
1 9 30
1 9 31
1 9 32
1 9 33
1 9 34
1 9 35
1 9 36
1 9 37
1 9 38
6 9 24
-1
-1
-1
-1
-1
-1
-1
-1
-1
-1
-1
-1
-1
-1
-1
-1
-1
-1
-1
-1
-1
-1
-1
-1
1 43 19
1 43 20
1 43 21
1 43 22
1 43 23
0 43 18
-1
-1
-1
-1
-1
-1
-1
-1
-1
-1
-1
-1
-1
-1
-1
-1
-1
-1
-1
-1
-1
-1
-1
-1
-1
-1
-1
-1
-1
-1
2 11 44
2 10 44
3 9 44
1 9 43
1 9 42
1 9 41
1 9 40
0 12 44
-1
-1
-1
-1
-1
-1
-1
-1
-1
-1
-1
-1
-1
-1
-1
-1
-1
-1
-1
-1
1 39 26
6 39 25
2 40 25
2 41 25
2 42 25
4 43 25
0 39 27
1 0 10
1 0 11
1 0 12
1 0 13
1 0 14
1 0 15
1 0 16
1 0 17
1 0 18
1 0 19
1 0 20
1 0 21
1 0 22
1 0 23
1 0 24
1 0 25
1 0 26
1 0 27
1 0 28
1 0 29
1 0 30
1 0 31
1 0 32
1 0 33
1 0 34
1 0 35
1 0 36
1 0 37
1 0 38
3 0 39
2 1 39
2 2 39
2 3 39
2 4 39
2 5 39
2 6 39
2 7 39
2 8 39
0 0 9
-1
-1
1 35 38
1 35 37
1 35 36
1 35 35
1 35 34
1 35 33
1 35 32
1 35 31
1 35 30
1 35 29
1 35 28
6 35 27
2 36 27
2 37 27
2 38 27
0 35 39
-1
-1
-1
2 10 13
2 9 13
2 8 13
2 7 13
2 6 13
2 5 13
2 4 13
2 3 13
2 2 13
3 1 13
1 1 12
1 1 11
1 1 10
5 1 9
0 11 13
-1
-1
-1
-1
-1
-1
-1
-1
-1
2 14 43
2 13 43
6 12 43
0 15 43
-1
-1
-1
-1
-1
1 10 18
1 10 17
1 10 16
1 10 15
6 10 14
4 11 14
0 10 19
1 3 23
1 3 22
1 3 21
1 3 20
6 3 19
2 4 19
2 5 19
2 6 19
2 7 19
2 8 19
2 9 19
0 3 24
-1
-1
-1
-1
-1
3 44 27
1 44 26
1 44 25
5 44 24
0 45 27
2 13 1
2 12 1
6 11 1
1 11 2
1 11 3
1 11 4
1 11 5
1 11 6
1 11 7
1 11 8
1 11 9
1 11 10
1 11 11
1 11 12
0 14 1
2 15 13
2 14 13
2 13 13
2 12 13
0 16 13
-1
-1
-1
1 16 10
1 16 11
1 16 12
0 16 9
-1
-1
-1
-1
4 40 27
0 40 26
-1
-1
-1
6 40 18
2 41 18
2 42 18
0 40 19
2 45 8
2 44 8
6 43 8
1 43 9
1 43 10
1 43 11
1 43 12
1 43 13
1 43 14
1 43 15
1 43 16
1 43 17
0 46 8
2 19 13
2 18 13
2 17 13
0 20 13
2 28 15
2 27 15
2 26 15
2 25 15
2 24 15
2 23 15
2 22 15
2 21 15
3 20 15
1 20 14
0 29 15
1 38 14
1 38 15
1 38 16
1 38 17
1 38 18
3 38 19
2 39 19
0 38 13
1 2 25
6 2 24
0 2 26
2 46 40
2 45 40
2 44 40
2 43 40
2 42 40
2 41 40
2 40 40
2 39 40
2 38 40
2 37 40
2 36 40
3 35 40
0 47 40
2 12 31
2 11 31
6 10 31
1 10 32
1 10 33
1 10 34
1 10 35
1 10 36
1 10 37
1 10 38
4 10 39
0 13 31
1 2 22
4 2 23
6 1 23
1 1 24
1 1 25
1 1 26
3 1 27
2 2 27
4 3 27
1 3 26
1 3 25
0 2 21
1 1 17
1 1 18
1 1 19
1 1 20
3 1 21
0 1 16
2 21 43
2 20 43
2 19 43
2 18 43
2 17 43
2 16 43
0 22 43
2 22 14
3 21 14
5 21 13
0 23 14
2 17 19
2 16 19
2 15 19
2 14 19
2 13 19
2 12 19
2 11 19
0 18 19
1 34 35
1 34 36
1 34 37
1 34 38
3 34 39
0 34 34
2 45 19
3 44 19
5 44 18
0 46 19
1 27 5
1 27 6
1 27 7
1 27 8
1 27 9
1 27 10
1 27 11
1 27 12
1 27 13
3 27 14
2 28 14
5 29 14
0 27 4
2 33 5
2 32 5
2 31 5
2 30 5
2 29 5
3 28 5
5 28 4
0 34 5
2 21 31
2 20 31
2 19 31
2 18 31
2 17 31
2 16 31
2 15 31
2 14 31
0 22 31
0 37 13
6 36 13
0 36 14
6 10 45
2 11 45
4 12 45
0 10 46
2 30 17
3 29 17
1 29 16
0 31 17
2 36 1
2 35 1
6 34 1
1 34 2
1 34 3
1 34 4
0 37 1
2 40 32
3 39 32
1 39 31
1 39 30
1 39 29
1 39 28
0 41 32
0 4 24
2 32 23
3 31 23
1 31 22
1 31 21
1 31 20
1 31 19
1 31 18
0 33 23
6 18 17
1 18 18
0 19 17
2 48 22
2 47 22
3 46 22
1 46 21
1 46 20
0 49 22
3 4 25
0 5 25
1 5 32
1 5 31
1 5 30
1 5 29
1 5 28
1 5 27
1 5 26
0 5 33
2 6 33
0 7 33
2 17 49
2 16 49
3 15 49
1 15 48
1 15 47
1 15 46
1 15 45
1 15 44
0 18 49
6 35 4
4 35 5
0 36 4
2 13 2
4 14 2
0 12 2
2 20 22
2 19 22
3 18 22
1 18 21
1 18 20
0 21 22
2 24 23
2 23 23
2 22 23
3 21 23
0 25 23
6 45 9
4 46 9
0 45 10
2 13 9
2 14 9
2 15 9
0 12 9
2 22 20
6 21 20
1 21 21
0 23 20
2 40 11
2 39 11
6 38 11
1 38 12
0 41 11
1 47 35
1 47 36
1 47 37
1 47 38
1 47 39
0 47 34
-1
-1
-1
-1
-1
-1
-1
-1
-1
-1
-1
-1
-1
-1
-1
-1
-1
-1
-1
-1
-1
-1
-1
-1
-1
-1
-1
-1
-1
-1
-1
-1
-1
-1
-1
-1
-1
-1
-1
-1
-1
-1
-1
-1
-1
-1
-1
-1
-1
-1
-1
-1
-1
-1
-1
-1
-1
-1
-1
-1
-1
-1
-1
-1
-1
-1
-1
-1
-1
-1
-1
-1
-1
-1
-1
-1
-1
-1
-1
-1
-1
-1
-1
-1
-1
-1
-1
-1
-1
-1
-1
-1
-1
-1
-1
-1
-1
-1
-1
-1
-1
-1
-1
-1
-1
-1
-1
-1
-1
-1
-1
-1
-1
-1
-1
-1
-1
-1
-1
-1
-1
-1
-1
-1
-1
-1
-1
-1
-1
-1
-1
-1
-1
-1
-1
-1
-1
-1
-1
-1
-1
-1
-1
-1
-1
-1
-1
-1
-1
-1
-1
-1
-1
-1
-1
-1
-1
-1
-1
-1
-1
-1
-1
-1
-1
-1
-1
-1
-1
-1
-1
-1
-1
-1
-1
-1
-1
-1
-1
-1
-1
-1
-1
-1
-1
-1
-1
-1
-1
-1
-1
-1
-1
-1
-1
-1
-1
-1
-1
-1
-1
-1
-1
-1
-1
-1
-1
-1
-1
-1
-1
-1
-1
-1
-1
-1
-1
-1
-1
-1
-1
-1
-1
-1
-1
-1
-1
-1
-1
-1
-1
-1
-1
-1
-1
-1
-1
-1
-1
-1
-1
-1
-1
-1
-1
-1
-1
-1
-1
