0 39 34
0 22 5
2 23 34
2 24 34
2 25 34
2 26 34
2 27 34
2 28 34
2 29 34
2 30 34
2 31 34
2 32 34
2 33 34
2 34 34
2 35 34
2 36 34
2 37 34
2 38 34
1 22 6
1 22 7
1 22 8
1 22 9
1 22 10
1 22 11
1 22 12
1 22 13
1 22 14
1 22 15
1 22 16
1 22 17
1 22 18
1 22 19
1 22 20
1 22 21
1 22 22
1 22 23
1 22 24
1 22 25
1 22 26
1 22 27
1 22 28
1 22 29
1 22 30
1 22 31
1 22 32
1 22 33
3 22 34
-1
-1
-1
-1
-1
-1
-1
-1
-1
-1
-1
-1
-1
-1
-1
-1
-1
-1
-1
-1
-1
-1
-1
-1
-1
-1
-1
-1
-1
-1
-1
-1
-1
-1
-1
-1
-1
-1
-1
-1
-1
-1
-1
-1
-1
-1
-1
-1
-1
-1
-1
-1
-1
-1
-1
-1
-1
-1
-1
-1
-1
-1
-1
-1
-1
-1
-1
-1
-1
-1
-1
-1
-1
-1
-1
-1
-1
-1
-1
-1
-1
-1
-1
-1
-1
-1
-1
-1
-1
-1
-1
-1
-1
-1
-1
-1
-1
-1
-1
-1
-1
-1
-1
-1
-1
-1
-1
-1
-1
-1
-1
-1
-1
-1
-1
-1
-1
-1
-1
-1
-1
-1
-1
2 47 33
2 46 33
2 45 33
2 44 33
2 43 33
2 42 33
2 41 33
2 40 33
6 39 33
0 48 33
-1
-1
-1
-1
-1
-1
-1
-1
-1
-1
-1
-1
-1
-1
-1
-1
-1
-1
-1
-1
-1
-1
-1
-1
-1
-1
-1
-1
-1
-1
-1
-1
-1
-1
-1
-1
-1
-1
-1
-1
-1
-1
-1
-1
-1
-1
-1
1 4 12
1 4 11
1 4 10
1 4 9
1 4 8
1 4 7
1 4 6
6 4 5
2 5 5
2 6 5
2 7 5
2 8 5
2 9 5
2 10 5
2 11 5
2 12 5
2 13 5
2 14 5
2 15 5
2 16 5
2 17 5
2 18 5
2 19 5
2 20 5
2 21 5
0 4 13
-1
-1
-1
-1
-1
-1
-1
-1
-1
-1
-1
-1
-1
-1
-1
-1
-1
-1
-1
-1
-1
-1
-1
-1
1 3 29
1 3 28
1 3 27
1 3 26
1 3 25
1 3 24
1 3 23
1 3 22
1 3 21
1 3 20
1 3 19
1 3 18
1 3 17
1 3 16
1 3 15
1 3 14
6 3 13
0 3 30
-1
-1
-1
-1
-1
-1
-1
-1
-1
-1
1 24 42
1 24 41
1 24 40
1 24 39
1 24 38
1 24 37
1 24 36
6 24 35
2 25 35
2 26 35
2 27 35
2 28 35
2 29 35
2 30 35
2 31 35
2 32 35
2 33 35
2 34 35
2 35 35
2 36 35
2 37 35
2 38 35
4 39 35
0 24 43
-1
-1
-1
-1
1 39 31
3 39 32
2 40 32
2 41 32
2 42 32
2 43 32
2 44 32
2 45 32
2 46 32
2 47 32
2 48 32
5 49 32
1 49 33
4 49 34
2 48 34
2 47 34
2 46 34
2 45 34
2 44 34
2 43 34
2 42 34
2 41 34
2 40 34
0 39 30
-1
-1
-1
-1
-1
-1
-1
-1
-1
-1
-1
1 23 11
1 23 10
1 23 9
1 23 8
1 23 7
1 23 6
5 23 5
0 23 12
-1
-1
-1
-1
-1
-1
-1
2 33 43
2 32 43
2 31 43
2 30 43
2 29 43
2 28 43
2 27 43
2 26 43
2 25 43
0 34 43
-1
-1
-1
-1
-1
-1
6 5 6
1 5 7
1 5 8
1 5 9
1 5 10
1 5 11
1 5 12
4 5 13
0 6 6
-1
-1
-1
-1
-1
-1
2 42 27
2 41 27
2 40 27
6 39 27
1 39 28
1 39 29
0 43 27
-1
-1
-1
-1
1 33 38
1 33 39
1 33 40
1 33 41
3 33 42
5 34 42
0 33 37
1 18 38
1 18 39
1 18 40
1 18 41
1 18 42
3 18 43
2 19 43
2 20 43
2 21 43
2 22 43
2 23 43
0 18 37
2 45 15
2 44 15
6 43 15
1 43 16
1 43 17
1 43 18
1 43 19
1 43 20
1 43 21
1 43 22
1 43 23
1 43 24
1 43 25
1 43 26
0 46 15
6 28 37
2 29 37
2 30 37
2 31 37
2 32 37
0 28 38
2 32 2
2 31 2
2 30 2
2 29 2
2 28 2
2 27 2
2 26 2
2 25 2
2 24 2
2 23 2
6 22 2
1 22 3
1 22 4
0 33 2
3 14 37
2 15 37
2 16 37
2 17 37
0 14 36
2 15 27
6 14 27
1 14 28
1 14 29
1 14 30
1 14 31
1 14 32
1 14 33
1 14 34
1 14 35
0 16 27
1 37 24
1 37 25
1 37 26
1 37 27
1 37 28
1 37 29
3 37 30
2 38 30
0 37 23
1 0 35
1 0 34
1 0 33
1 0 32
1 0 31
6 0 30
2 1 30
2 2 30
0 0 36
2 13 13
2 12 13
2 11 13
2 10 13
2 9 13
2 8 13
2 7 13
6 6 13
4 6 14
2 5 14
3 4 14
0 14 13
2 16 11
2 15 11
6 14 11
1 14 12
0 17 11
1 0 47
1 0 46
1 0 45
1 0 44
1 0 43
1 0 42
1 0 41
1 0 40
1 0 39
1 0 38
1 0 37
0 0 48
2 43 42
2 42 42
2 41 42
2 40 42
2 39 42
2 38 42
2 37 42
2 36 42
6 35 42
4 35 43
0 44 42
6 27 38
0 27 39
1 16 7
1 16 8
1 16 9
3 16 10
5 17 10
0 16 6
6 44 38
1 44 39
1 44 40
1 44 41
0 45 38
1 18 9
1 18 10
4 18 11
0 18 8
1 10 25
3 10 26
2 11 26
2 12 26
2 13 26
2 14 26
2 15 26
5 16 26
0 10 24
6 44 22
1 44 23
1 44 24
1 44 25
1 44 26
4 44 27
0 45 22
2 18 15
3 17 15
1 17 14
1 17 13
1 17 12
0 19 15
2 19 7
6 18 7
0 20 7
2 43 3
2 42 3
2 41 3
2 40 3
2 39 3
2 38 3
2 37 3
2 36 3
2 35 3
2 34 3
3 33 3
0 44 3
2 22 36
2 21 36
2 20 36
2 19 36
6 18 36
0 23 36
1 24 10
1 24 11
4 24 12
0 24 9
3 44 4
0 45 4
2 20 27
2 19 27
2 18 27
2 17 27
0 21 27
-1
-1
-1
-1
-1
-1
-1
-1
-1
-1
-1
-1
-1
-1
-1
-1
-1
-1
-1
-1
-1
-1
-1
-1
-1
-1
-1
-1
-1
-1
-1
-1
-1
-1
-1
-1
-1
-1
-1
-1
-1
-1
-1
-1
-1
-1
-1
-1
-1
-1
-1
-1
-1
-1
-1
-1
-1
-1
-1
-1
-1
-1
-1
-1
-1
-1
-1
-1
-1
-1
-1
-1
-1
-1
-1
-1
-1
-1
-1
-1
-1
-1
-1
-1
-1
-1
-1
-1
-1
-1
-1
-1
-1
-1
-1
-1
-1
-1
-1
-1
-1
-1
-1
-1
-1
-1
-1
-1
-1
-1
-1
-1
-1
-1
-1
-1
-1
-1
-1
-1
-1
-1
-1
-1
-1
-1
-1
-1
-1
-1
-1
-1
-1
-1
-1
-1
-1
-1
-1
-1
-1
-1
-1
-1
-1
-1
-1
-1
-1
-1
-1
-1
-1
-1
-1
-1
-1
-1
-1
-1
-1
-1
-1
-1
-1
-1
-1
-1
-1
-1
-1
-1
-1
-1
-1
-1
