0 35 37
0 2 22
2 3 37
2 4 37
2 5 37
2 6 37
2 7 37
2 8 37
2 9 37
2 10 37
2 11 37
2 12 37
2 13 37
2 14 37
2 15 37
2 16 37
2 17 37
2 18 37
2 19 37
2 20 37
2 21 37
2 22 37
2 23 37
2 24 37
2 25 37
2 26 37
2 27 37
2 28 37
2 29 37
2 30 37
2 31 37
2 32 37
2 33 37
2 34 37
1 2 23
1 2 24
1 2 25
1 2 26
1 2 27
1 2 28
1 2 29
1 2 30
1 2 31
1 2 32
1 2 33
1 2 34
1 2 35
1 2 36
3 2 37
1 2 14
1 2 15
1 2 16
1 2 17
1 2 18
1 2 19
1 2 20
1 2 21
0 2 13
-1
-1
-1
-1
-1
-1
-1
-1
2 5 6
2 4 6
2 3 6
6 2 6
1 2 7
1 2 8
1 2 9
1 2 10
1 2 11
1 2 12
0 6 6
-1
-1
-1
-1
1 27 41
1 27 40
1 27 39
6 27 38
2 28 38
2 29 38
2 30 38
2 31 38
2 32 38
2 33 38
2 34 38
4 35 38
0 27 42
-1
-1
-1
-1
-1
2 7 10
3 6 10
1 6 9
1 6 8
1 6 7
0 8 10
-1
-1
-1
-1
-1
-1
2 37 37
2 36 37
0 38 37
-1
-1
-1
1 3 21
4 3 22
0 3 20
-1
-1
-1
3 37 36
5 38 36
0 37 35
-1
-1
3 1 22
0 1 21
2 16 3
2 15 3
2 14 3
2 13 3
2 12 3
2 11 3
2 10 3
2 9 3
2 8 3
2 7 3
6 6 3
1 6 4
1 6 5
0 17 3
2 43 46
2 42 46
2 41 46
2 40 46
2 39 46
3 38 46
1 38 45
1 38 44
1 38 43
1 38 42
1 38 41
1 38 40
1 38 39
1 38 38
0 44 46
2 19 4
2 18 4
3 17 4
0 20 4
1 8 46
1 8 45
1 8 44
1 8 43
6 8 42
2 9 42
2 10 42
2 11 42
2 12 42
2 13 42
2 14 42
2 15 42
2 16 42
2 17 42
2 18 42
2 19 42
2 20 42
2 21 42
2 22 42
2 23 42
2 24 42
2 25 42
2 26 42
0 8 47
2 45 12
2 44 12
2 43 12
2 42 12
2 41 12
2 40 12
2 39 12
2 38 12
6 37 12
1 37 13
1 37 14
1 37 15
1 37 16
1 37 17
1 37 18
1 37 19
1 37 20
1 37 21
1 37 22
1 37 23
1 37 24
1 37 25
1 37 26
1 37 27
1 37 28
1 37 29
1 37 30
1 37 31
1 37 32
1 37 33
1 37 34
0 46 12
3 1 47
2 2 47
2 3 47
2 4 47
2 5 47
2 6 47
2 7 47
0 1 46
3 39 11
2 40 11
2 41 11
2 42 11
2 43 11
2 44 11
2 45 11
5 46 11
0 39 10
6 1 39
1 1 40
1 1 41
1 1 42
1 1 43
1 1 44
1 1 45
0 2 39
1 47 11
4 47 12
0 47 10
2 14 48
2 13 48
2 12 48
2 11 48
2 10 48
2 9 48
3 8 48
0 15 48
2 7 38
2 6 38
2 5 38
2 4 38
2 3 38
6 2 38
0 8 38
1 2 44
1 2 45
4 2 46
0 2 43
1 34 4
1 34 5
1 34 6
1 34 7
1 34 8
1 34 9
3 34 10
2 35 10
2 36 10
2 37 10
2 38 10
0 34 3
0 16 48
3 46 13
0 47 13
1 16 44
1 16 45
1 16 46
1 16 47
0 16 43
6 31 3
2 32 3
2 33 3
0 31 4
1 29 8
1 29 7
1 29 6
1 29 5
6 29 4
2 30 4
0 29 9
0 0 46
2 32 12
2 31 12
2 30 12
3 29 12
1 29 11
1 29 10
0 33 12
2 35 15
2 34 15
3 33 15
1 33 14
1 33 13
0 36 15
6 34 16
2 35 16
4 36 16
0 34 17
5 33 11
0 32 11
1 28 13
1 28 12
1 28 11
1 28 10
6 28 9
0 28 14
1 45 9
3 45 10
2 46 10
0 45 8
6 15 43
0 15 44
1 47 5
1 47 6
1 47 7
1 47 8
1 47 9
0 47 4
2 5 43
2 4 43
2 3 43
0 6 43
1 44 6
1 44 7
3 44 8
0 44 5
3 4 21
5 4 20
0 5 21
2 43 26
2 42 26
2 41 26
2 40 26
2 39 26
6 38 26
1 38 27
1 38 28
1 38 29
1 38 30
1 38 31
1 38 32
1 38 33
1 38 34
4 38 35
0 44 26
1 9 46
4 9 47
0 9 45
2 39 2
2 38 2
2 37 2
2 36 2
2 35 2
6 34 2
0 40 2
2 45 21
6 44 21
1 44 22
1 44 23
1 44 24
1 44 25
0 46 21
1 17 47
4 17 48
0 17 46
2 31 11
0 30 11
4 20 5
0 19 5
0 32 10
2 7 27
2 6 27
3 5 27
1 5 26
1 5 25
1 5 24
1 5 23
1 5 22
0 8 27
1 5 30
1 5 29
6 5 28
2 6 28
2 7 28
4 8 28
0 5 31
2 6 32
3 5 32
0 7 32
1 7 34
1 7 33
0 7 35
2 23 0
2 22 0
2 21 0
6 20 0
1 20 1
1 20 2
1 20 3
0 24 0
5 10 45
0 10 46
3 22 14
2 23 14
2 24 14
2 25 14
2 26 14
2 27 14
0 22 13
2 47 19
6 46 19
1 46 20
0 48 19
6 5 44
4 6 44
0 5 45
3 3 31
2 4 31
0 3 30
1 3 27
1 3 28
1 3 29
0 3 26
2 41 3
3 40 3
0 42 3
0 3 25
2 11 40
2 10 40
2 9 40
3 8 40
1 8 39
0 12 40
2 35 12
2 34 12
0 36 12
2 5 35
2 6 35
0 4 35
0 4 36
2 19 47
3 18 47
5 18 46
0 20 47
3 11 2
2 12 2
2 13 2
2 14 2
2 15 2
2 16 2
5 17 2
0 11 1
0 20 48
2 23 4
2 22 4
2 21 4
0 24 4
1 0 47
0 0 48
2 2 49
2 1 49
3 0 49
0 3 49
4 39 37
0 39 36
1 22 9
1 22 10
1 22 11
1 22 12
0 22 8
0 12 41
0 4 26
0 31 10
2 11 6
2 10 6
2 9 6
2 8 6
2 7 6
0 12 6
6 22 7
0 23 7
6 6 42
0 7 42
2 40 36
0 41 36
6 5 18
1 5 19
1 5 20
0 6 18
0 4 34
0 13 6
2 26 43
4 27 43
0 25 43
6 13 5
0 14 5
0 36 14
2 47 21
0 48 21
3 36 35
0 36 34
0 36 33
2 3 13
0 4 13
2 29 14
0 30 14
2 46 27
2 45 27
3 44 27
0 47 27
2 26 3
2 25 3
6 24 3
0 27 3
1 41 44
3 41 45
2 42 45
2 43 45
5 44 45
0 41 43
2 31 41
2 30 41
2 29 41
6 28 41
4 28 42
0 32 41
1 47 3
0 47 2
2 33 42
3 32 42
0 34 42
2 8 1
2 9 1
2 10 1
0 7 1
6 2 1
2 3 1
2 4 1
2 5 1
2 6 1
0 2 2
0 2 3
3 13 9
1 13 8
1 13 7
0 14 9
0 5 46
0 30 15
2 16 1
2 17 1
5 18 1
1 18 2
4 18 3
0 15 1
6 41 40
1 41 41
1 41 42
0 42 40
1 1 19
1 1 20
0 1 18
1 8 12
1 8 11
0 8 13
4 40 40
6 40 39
2 41 39
5 42 39
0 39 40
0 4 25
2 41 10
2 40 10
0 42 10
1 14 14
1 14 13
1 14 12
1 14 11
1 14 10
0 14 15
3 8 15
1 8 14
0 9 15
2 23 1
4 24 1
0 22 1
3 10 47
0 11 47
6 32 39
1 32 40
0 33 39
3 9 28
5 9 27
0 10 28
6 45 25
4 45 26
0 46 25
6 2 42
0 3 42
4 30 9
0 30 8
2 13 41
0 14 41
0 25 44
0 7 2
3 25 45
0 26 45
2 23 47
2 22 47
2 21 47
0 24 47
6 4 17
2 5 17
5 6 17
0 4 18
5 8 26
0 7 26
1 12 39
0 12 38
1 47 15
1 47 14
0 47 16
0 3 2
3 45 16
2 46 16
0 45 15
1 41 16
6 41 15
2 42 15
2 43 15
2 44 15
0 41 17
2 39 17
2 40 17
0 38 17
2 23 43
2 24 43
0 22 43
0 18 5
0 43 40
0 3 24
1 39 35
0 39 34
4 15 15
0 15 14
4 48 10
0 48 9
5 36 11
0 35 11
3 30 16
0 31 16
6 15 0
0 16 0
5 35 36
0 34 36
1 34 41
0 34 40
3 15 10
5 15 9
0 16 10
3 16 11
0 17 11
2 28 46
2 27 46
3 26 46
0 29 46
2 21 48
0 22 48
-1
-1
-1
-1
-1
-1
-1
-1
-1
-1
-1
-1
-1
-1
-1
-1
-1
-1
-1
-1
-1
-1
-1
-1
-1
-1
-1
-1
-1
-1
-1
-1
-1
-1
-1
-1
-1
-1
-1
-1
-1
-1
-1
-1
-1
-1
-1
-1
-1
-1
-1
-1
-1
-1
-1
-1
-1
-1
-1
-1
-1
-1
-1
-1
-1
-1
-1
-1
-1
-1
-1
-1
-1
-1
-1
-1
-1
-1
-1
-1
-1
-1
-1
-1
-1
-1
-1
-1
-1
-1
-1
-1
-1
-1
-1
-1
-1
-1
-1
-1
-1
-1
-1
-1
-1
-1
-1
-1
-1
-1
-1
-1
-1
-1
-1
-1
