0 8 2
0 46 17
2 9 2
2 10 2
2 11 2
2 12 2
2 13 2
2 14 2
2 15 2
2 16 2
2 17 2
2 18 2
2 19 2
2 20 2
2 21 2
2 22 2
2 23 2
2 24 2
2 25 2
2 26 2
2 27 2
2 28 2
2 29 2
2 30 2
2 31 2
2 32 2
2 33 2
2 34 2
2 35 2
2 36 2
2 37 2
2 38 2
2 39 2
2 40 2
2 41 2
2 42 2
2 43 2
2 44 2
2 45 2
1 46 3
1 46 4
1 46 5
1 46 6
1 46 7
1 46 8
1 46 9
1 46 10
1 46 11
1 46 12
1 46 13
1 46 14
1 46 15
1 46 16
5 46 2
-1
-1
-1
-1
-1
-1
-1
-1
-1
-1
-1
-1
-1
-1
-1
-1
-1
-1
-1
-1
-1
-1
-1
-1
-1
-1
-1
-1
-1
-1
-1
-1
-1
-1
-1
-1
-1
-1
-1
-1
-1
-1
-1
-1
-1
-1
-1
-1
-1
-1
-1
-1
-1
-1
-1
-1
-1
-1
-1
-1
-1
-1
-1
-1
-1
-1
-1
-1
-1
-1
-1
-1
-1
-1
-1
-1
-1
-1
-1
-1
-1
-1
-1
-1
-1
-1
-1
-1
-1
1 38 18
6 38 17
2 39 17
2 40 17
2 41 17
2 42 17
2 43 17
2 44 17
2 45 17
0 38 19
-1
-1
-1
-1
-1
-1
-1
-1
-1
-1
-1
-1
-1
-1
-1
-1
-1
-1
-1
-1
-1
-1
-1
-1
-1
-1
-1
-1
-1
-1
-1
-1
-1
-1
-1
-1
-1
-1
-1
-1
-1
-1
-1
-1
-1
-1
-1
2 15 1
2 14 1
2 13 1
2 12 1
2 11 1
2 10 1
2 9 1
6 8 1
0 16 1
-1
-1
-1
-1
-1
-1
-1
-1
-1
-1
-1
-1
-1
-1
-1
-1
-1
-1
-1
-1
-1
-1
-1
-1
1 27 33
1 27 32
1 27 31
1 27 30
1 27 29
1 27 28
1 27 27
1 27 26
1 27 25
1 27 24
1 27 23
1 27 22
1 27 21
1 27 20
6 27 19
2 28 19
2 29 19
2 30 19
2 31 19
2 32 19
2 33 19
2 34 19
2 35 19
2 36 19
2 37 19
0 27 34
-1
-1
-1
-1
-1
-1
-1
-1
-1
-1
-1
-1
-1
-1
-1
1 20 44
1 20 43
1 20 42
1 20 41
1 20 40
1 20 39
1 20 38
1 20 37
1 20 36
1 20 35
6 20 34
2 21 34
2 22 34
2 23 34
2 24 34
2 25 34
2 26 34
0 20 45
-1
-1
-1
-1
-1
-1
-1
-1
-1
2 5 45
2 6 45
2 7 45
2 8 45
2 9 45
2 10 45
2 11 45
2 12 45
2 13 45
2 14 45
2 15 45
2 16 45
2 17 45
2 18 45
2 19 45
0 4 45
-1
-1
-1
-1
-1
-1
-1
-1
-1
-1
-1
2 9 47
2 8 47
2 7 47
2 6 47
2 5 47
3 4 47
1 4 46
0 10 47
-1
-1
-1
-1
-1
-1
-1
-1
-1
-1
3 46 21
1 46 20
1 46 19
1 46 18
0 47 21
-1
-1
-1
1 1 4
1 1 3
6 1 2
2 2 2
2 3 2
2 4 2
2 5 2
2 6 2
2 7 2
0 1 5
-1
-1
-1
-1
-1
1 8 8
1 8 7
1 8 6
1 8 5
1 8 4
1 8 3
0 8 9
-1
-1
-1
2 29 38
2 28 38
3 27 38
1 27 37
1 27 36
1 27 35
0 30 38
-1
-1
-1
2 13 10
2 12 10
2 11 10
2 10 10
2 9 10
3 8 10
0 14 10
3 1 14
1 1 13
1 1 12
1 1 11
1 1 10
1 1 9
1 1 8
1 1 7
1 1 6
0 2 14
2 48 30
3 47 30
1 47 29
1 47 28
1 47 27
1 47 26
1 47 25
1 47 24
1 47 23
1 47 22
0 49 30
1 28 32
1 28 33
4 28 34
0 28 31
-1
-1
3 0 5
0 0 4
6 26 39
2 27 39
2 28 39
2 29 39
4 30 39
0 26 40
-1
-1
6 9 8
4 9 9
0 10 8
-1
2 3 16
3 2 16
1 2 15
0 4 16
2 45 1
2 46 1
5 47 1
1 47 2
1 47 3
1 47 4
1 47 5
1 47 6
1 47 7
1 47 8
1 47 9
1 47 10
1 47 11
1 47 12
1 47 13
1 47 14
1 47 15
1 47 16
4 47 17
0 44 1
2 29 37
5 30 37
0 28 37
3 21 40
2 22 40
2 23 40
2 24 40
2 25 40
0 21 39
1 37 26
1 37 25
1 37 24
1 37 23
1 37 22
1 37 21
6 37 20
4 38 20
0 37 27
1 13 14
1 13 13
1 13 12
6 13 11
4 14 11
0 13 15
6 31 37
4 31 38
0 32 37
1 12 19
1 12 18
1 12 17
1 12 16
6 12 15
0 12 20
4 10 44
2 9 44
2 8 44
2 7 44
2 6 44
2 5 44
2 4 44
6 3 44
1 3 45
1 3 46
1 3 47
3 3 48
2 4 48
2 5 48
2 6 48
2 7 48
2 8 48
2 9 48
4 10 48
0 10 43
1 10 6
1 10 7
0 10 5
1 3 28
1 3 27
1 3 26
1 3 25
1 3 24
1 3 23
1 3 22
1 3 21
1 3 20
1 3 19
1 3 18
6 3 17
4 4 17
0 3 29
2 41 20
2 40 20
3 39 20
5 39 19
0 42 20
2 23 1
2 22 1
2 21 1
2 20 1
2 19 1
2 18 1
2 17 1
0 24 1
2 19 8
2 18 8
2 17 8
2 16 8
2 15 8
6 14 8
1 14 9
0 20 8
1 19 6
3 19 7
5 20 7
0 19 5
1 33 24
1 33 25
1 33 26
3 33 27
2 34 27
2 35 27
2 36 27
0 33 23
1 9 35
1 9 36
1 9 37
1 9 38
1 9 39
1 9 40
1 9 41
1 9 42
3 9 43
0 9 34
1 31 21
1 31 22
3 31 23
2 32 23
0 31 20
6 21 35
1 21 36
1 21 37
1 21 38
0 22 35
2 14 30
2 13 30
2 12 30
2 11 30
2 10 30
6 9 30
1 9 31
1 9 32
1 9 33
0 15 30
2 19 30
2 18 30
2 17 30
2 16 30
0 20 30
3 20 32
1 20 31
0 21 32
2 23 32
2 22 32
0 24 32
6 24 31
0 25 31
6 25 29
1 25 30
0 26 29
1 20 26
1 20 27
1 20 28
1 20 29
0 20 25
-1
-1
-1
-1
-1
-1
-1
-1
-1
-1
-1
-1
-1
-1
-1
-1
-1
-1
-1
-1
-1
-1
-1
-1
-1
-1
-1
-1
-1
-1
-1
-1
-1
-1
-1
-1
-1
-1
-1
-1
-1
-1
-1
-1
-1
-1
-1
-1
-1
-1
-1
-1
-1
-1
-1
-1
-1
-1
-1
-1
-1
-1
-1
-1
-1
-1
-1
-1
-1
-1
-1
-1
-1
-1
-1
-1
-1
-1
-1
-1
-1
-1
-1
-1
-1
-1
-1
-1
-1
-1
-1
-1
-1
-1
-1
-1
-1
-1
-1
-1
-1
-1
-1
-1
-1
-1
-1
-1
-1
-1
-1
-1
-1
-1
-1
-1
-1
-1
-1
-1
-1
-1
-1
-1
-1
-1
-1
-1
-1
-1
-1
-1
-1
-1
-1
-1
-1
-1
-1
-1
-1
-1
-1
-1
-1
-1
-1
-1
-1
-1
-1
-1
-1
-1
-1
-1
-1
-1
-1
-1
-1
-1
-1
-1
-1
-1
-1
-1
-1
-1
-1
-1
-1
-1
-1
-1
-1
-1
-1
-1
-1
-1
-1
-1
-1
