31 80
31 65
75 93
62 68
54 90
47 46
32 74
45 4
39 78
65 73
81 85
52 49
43 90
4 6
36 48
20 38
17 58
57 89
89 67
46 47
43 57
10 29
90 23
16 27
79 93
14 24
10 72
23 39
29 8
57 37
4 0
92 55
58 87
98 12
99 86
91 67
86 69
77 26
59 50
76 80
95 39
51 18
38 93
77 21
65 8
70 40
6 19
87 34
78 53
9 84
15 35
40 1
25 32
63 28
22 64
41 82
53 80
11 66
55 94
50 56
86 33
51 83
47 66
95 97
81 88
92 82
35 88
0 33
60 3
95 14
65 91
54 17
13 79
78 42
81 72
10 72
63 71
4 32
11 1
74 30
3 36
84 36
32 23
38 0
4 93
19 38
97 59
62 68
25 71
8 61
16 53
70 18
7 94
99 47
7 96
40 1
52 49
15 61
88 44
5 31
