1 87
49 45
90 26
15 11
65 89
10 96
70 32
93 76
82 21
69 43
37 0
10 65
18 68
24 32
51 74
83 22
71 11
41 39
68 72
71 33
24 89
2 59
51 82
29 45
22 70
95 4
72 17
62 48
36 84
30 69
22 14
89 54
46 87
49 66
66 80
18 22
45 99
69 75
46 23
40 96
91 4
50 85
36 84
25 8
68 83
21 95
54 42
19 73
38 43
8 7
71 83
45 49
64 60
72 35
63 20
22 65
29 53
59 73
28 98
39 7
13 37
44 12
29 27
13 3
83 46
26 94
8 35
57 30
49 61
29 14
24 97
74 67
77 6
42 92
71 67
87 1
72 58
81 6
17 86
12 96
44 18
9 91
81 25
55 16
49 11
41 47
28 93
56 78
85 50
98 48
5 27
2 31
34 8
97 86
96 32
77 88
37 62
52 78
58 40
25 59
