99 66
52 48
68 59
79 10
61 18
87 13
72 76
27 84
45 74
85 86
94 64
86 17
19 88
87 57
97 81
76 42
50 51
61 21
15 79
83 48
16 78
91 2
74 25
75 66
72 35
22 52
42 91
77 62
4 45
41 15
69 18
82 76
75 94
7 92
10 32
42 57
27 69
16 20
19 95
11 3
82 26
79 38
39 73
42 87
41 75
55 90
9 40
70 32
1 95
56 96
37 49
59 33
22 25
32 70
12 70
56 8
89 51
27 13
34 77
23 50
81 37
11 93
7 19
9 54
0 68
44 59
27 78
34 76
53 63
99 42
66 29
5 80
24 13
93 2
8 1
98 60
38 85
63 92
23 18
11 84
35 43
29 2
60 28
92 14
65 45
58 31
62 46
67 40
35 69
96 49
89 55
44 21
83 38
71 0
53 98
85 30
90 20
47 36
94 82
19 68
