51 8
58 25
78 6
48 33
70 17
37 20
46 24
41 28
67 23
87 57
32 97
43 90
28 17
95 91
66 95
71 14
60 13
86 8
76 91
30 96
76 37
66 42
44 74
50 89
18 3
86 4
69 27
96 57
3 79
70 1
41 83
99 65
72 83
98 52
74 41
63 64
60 98
20 18
82 96
53 25
94 55
55 94
34 44
77 56
66 78
34 71
52 88
27 69
87 13
4 89
63 43
0 49
46 2
14 59
83 92
51 21
78 40
35 80
81 95
63 99
64 11
82 22
44 22
77 80
19 99
90 29
70 78
48 79
59 15
29 65
47 10
92 82
49 36
62 5
92 61
16 51
3 27
1 39
20 37
75 72
2 36
58 75
84 45
16 18
45 42
17 47
11 26
6 10
12 13
85 35
54 7
25 9
48 96
68 81
15 53
9 5
23 0
28 92
32 97
93 31
