59 18
72 64
83 24
67 59
72 75
34 13
66 96
9 41
86 53
56 34
47 12
98 20
97 16
75 60
27 93
73 55
11 73
71 45
16 50
57 78
28 35
94 24
13 49
32 59
8 21
68 97
25 10
53 87
93 27
86 77
85 47
7 23
86 77
72 83
36 27
89 29
79 1
80 12
31 58
47 79
5 69
82 52
32 14
15 98
84 17
74 90
22 5
99 55
18 63
95 68
41 0
54 5
21 72
87 39
76 26
7 28
66 61
75 90
33 9
67 85
94 36
93 37
95 26
71 62
61 6
18 97
6 46
30 39
60 64
62 9
40 4
75 16
48 11
35 91
88 19
65 15
98 15
56 96
21 81
91 70
77 51
78 83
7 32
21 75
94 14
38 40
29 92
46 43
75 90
35 92
78 32
99 85
9 89
42 68
44 8
54 3
22 1
62 67
80 24
4 65
