9 12
17 45
77 9
37 74
68 23
54 34
95 12
35 69
31 45
77 73
97 78
56 55
15 82
17 57
10 39
20 25
42 96
85 2
41 77
8 84
42 68
34 83
19 58
4 27
75 59
15 79
94 41
32 80
57 79
43 72
19 31
1 47
76 65
15 50
63 20
69 55
32 80
49 64
18 62
33 3
66 67
50 37
16 51
49 36
78 8
35 86
43 58
23 98
28 76
27 63
23 87
53 10
21 65
50 30
5 91
24 48
45 89
41 2
92 13
5 25
22 37
28 49
74 23
22 13
4 76
21 52
28 43
90 9
7 89
7 88
81 44
81 54
99 40
86 11
59 16
46 29
83 28
9 11
46 44
70 52
36 43
84 39
38 29
70 59
4 98
68 38
73 56
19 99
22 61
26 71
81 1
12 31
77 9
87 33
90 87
87 18
14 17
0 68
78 39
60 75
