34 10
53 89
79 85
99 40
81 13
8 84
1 43
55 46
62 86
28 88
18 22
33 18
72 68
81 65
75 32
72 73
21 67
1 43
15 93
52 59
44 85
58 75
79 59
16 64
38 56
70 79
74 77
48 58
80 92
9 0
24 67
20 34
14 87
99 72
22 10
68 63
26 46
1 54
97 13
90 73
45 61
21 6
94 50
97 49
83 69
31 37
26 83
43 67
61 35
98 11
53 89
32 96
31 2
78 57
23 58
74 7
7 2
94 60
2 6
55 70
80 41
27 43
99 31
35 23
16 45
21 45
80 71
77 36
12 28
44 76
19 90
67 35
9 78
66 93
69 70
97 95
52 55
30 24
99 57
20 5
68 5
95 51
72 2
36 47
82 20
25 56
68 54
67 75
29 92
42 3
39 88
4 50
15 29
39 18
49 98
91 81
14 4
75 30
96 17
1 42
