45 70
48 84
29 43
5 9
9 79
39 1
28 52
76 45
75 81
29 3
80 17
4 44
77 74
27 46
28 34
96 10
18 98
53 79
92 54
34 85
31 18
43 12
41 32
1 97
46 23
56 29
88 69
63 51
14 6
82 43
71 34
89 45
83 25
88 76
18 98
49 48
78 20
58 0
68 86
76 35
20 49
47 71
16 80
15 3
31 89
11 4
64 13
83 41
8 65
97 91
47 71
21 20
60 44
67 17
67 16
71 21
51 50
29 55
23 33
99 72
57 42
46 62
39 1
99 71
49 31
86 75
90 95
63 93
37 59
26 71
87 32
26 69
96 10
63 87
83 22
8 58
52 6
20 43
41 36
40 24
61 38
35 37
92 30
77 94
39 91
66 38
65 61
67 98
66 80
11 14
42 23
84 81
73 15
7 72
50 55
85 93
66 82
19 68
53 2
38 88
