36 23
13 18
8 17
5 71
0 31
63 78
65 16
86 45
7 96
48 30
47 67
88 77
8 45
94 25
70 20
58 22
43 32
50 71
64 51
83 38
34 44
8 2
58 46
99 77
19 80
45 29
81 9
43 15
59 93
66 80
83 38
6 75
68 47
21 65
86 7
89 29
97 84
34 99
6 88
37 34
24 55
82 48
67 18
58 25
74 0
50 41
0 90
17 76
69 96
98 42
51 72
3 27
95 21
13 34
62 40
61 54
84 16
16 40
89 53
69 14
97 73
72 82
10 2
68 91
47 65
88 54
57 3
56 70
12 85
83 20
66 55
61 9
49 41
45 1
21 32
37 99
14 94
60 80
52 35
22 8
28 9
18 19
91 35
93 13
33 49
78 63
34 2
28 52
97 32
59 33
84 4
76 85
40 87
64 26
56 51
43 15
70 56
92 17
87 84
22 79
