12 18
75 62
61 44
99 47
35 50
98 93
45 79
11 10
77 24
18 30
5 99
75 51
81 90
29 96
25 21
73 69
89 68
4 84
63 21
73 86
53 38
97 35
1 28
63 7
55 46
67 85
76 54
25 14
6 91
40 74
36 32
22 80
26 66
19 95
17 5
92 73
30 9
20 51
41 45
58 93
15 31
66 69
66 21
49 2
11 10
71 26
55 34
32 43
67 85
3 23
22 25
91 6
73 32
52 42
39 78
87 71
52 42
47 99
90 37
72 41
77 59
10 22
88 78
7 79
24 2
54 76
23 27
76 54
86 8
80 20
90 37
1 95
32 60
47 33
58 37
44 92
28 50
59 94
43 62
33 49
36 9
72 86
39 83
31 18
40 39
46 8
57 26
58 13
98 82
11 56
35 50
42 97
16 70
34 82
0 45
9 18
39 80
20 48
65 58
31 36
