70 21
85 82
58 98
46 93
47 12
41 9
10 27
20 33
59 35
45 41
88 25
3 71
16 13
4 39
73 31
56 75
48 95
84 92
81 86
89 77
91 26
94 20
90 94
86 55
27 41
64 0
88 91
15 23
33 64
43 16
36 54
3 99
17 1
74 2
29 54
26 87
16 72
97 24
54 55
13 68
47 84
89 31
79 61
39 84
28 37
60 5
80 76
40 34
8 76
19 22
49 48
18 14
1 92
74 25
10 38
67 96
30 63
63 45
45 98
37 14
50 5
32 67
8 36
89 79
60 28
44 42
30 76
32 81
43 78
42 26
6 69
6 44
83 11
51 11
10 65
8 48
52 66
63 16
16 84
82 51
81 69
52 94
72 50
77 45
56 80
17 1
90 57
59 2
53 7
80 71
94 92
53 7
15 73
50 75
21 0
40 34
47 89
62 28
58 87
62 87
