65 68
9 53
97 48
61 10
32 91
39 94
17 73
94 5
12 24
81 93
76 55
89 44
62 57
52 11
79 56
19 49
3 70
74 18
57 84
70 72
8 6
93 53
40 95
5 25
74 49
17 12
1 77
18 96
5 9
45 36
15 8
93 27
82 4
60 97
88 35
20 42
37 67
61 10
71 78
7 71
43 0
18 28
40 79
19 16
40 22
15 26
47 87
83 58
51 19
30 76
38 85
30 50
83 13
70 21
12 63
0 51
81 23
59 69
42 34
18 64
52 11
10 4
63 24
84 33
37 92
15 44
47 8
14 2
55 61
85 46
60 2
95 68
29 80
53 13
66 62
74 25
80 72
73 38
83 37
39 98
32 86
63 9
77 2
58 90
87 21
54 75
64 22
31 89
15 26
59 33
63 13
35 99
51 17
92 12
46 20
22 71
79 5
39 94
36 64
10 61
