15 61
56 14
34 43
81 6
58 64
68 0
21 43
62 29
35 25
42 34
96 71
7 9
9 51
7 94
36 6
52 45
81 92
50 61
41 31
2 15
68 10
49 79
67 44
3 41
55 75
46 89
12 71
28 1
24 70
16 83
67 59
28 11
77 8
60 19
1 28
53 65
79 20
64 90
44 93
6 22
95 76
13 63
53 18
84 33
64 37
19 91
97 78
10 25
55 23
35 94
10 47
38 1
21 65
95 85
21 3
29 72
40 57
70 48
42 95
73 58
10 98
0 45
54 88
12 67
70 30
82 13
11 4
3 31
92 80
97 78
33 84
26 39
78 34
21 78
86 5
61 26
32 61
17 87
30 18
36 74
42 32
83 16
51 0
75 5
53 91
63 60
96 7
97 94
95 73
35 94
47 89
2 14
40 57
67 44
27 85
65 55
41 66
50 61
96 99
77 23
