44 76
11 40
44 76
47 31
32 60
24 16
50 95
93 58
2 84
85 26
51 61
23 2
33 48
16 59
1 8
95 98
17 77
98 40
91 7
75 53
45 73
89 1
32 4
12 44
3 83
40 27
56 21
14 46
85 69
0 79
94 99
91 62
70 4
92 1
22 41
51 68
42 88
48 19
34 69
59 28
27 25
29 20
29 36
5 47
94 91
93 31
60 55
57 43
78 52
69 74
22 35
30 72
50 88
50 95
65 10
87 25
12 29
79 37
13 64
71 75
46 22
7 97
99 49
17 33
82 18
5 54
34 96
92 70
92 30
55 90
35 68
52 76
74 63
41 90
37 81
77 57
17 16
82 49
56 0
24 62
45 15
94 67
64 92
78 69
52 88
56 70
88 7
6 39
7 73
86 66
75 34
9 65
80 10
3 20
43 80
55 34
86 12
48 84
35 70
54 88
