15 22
36 34
31 70
42 38
92 69
61 80
17 54
58 89
97 96
19 50
24 30
76 1
33 13
5 16
30 79
24 55
61 78
6 94
57 56
40 85
27 32
91 52
77 24
13 0
75 33
18 48
13 99
53 56
87 90
93 26
84 73
71 48
44 23
89 29
95 63
99 82
84 20
87 74
49 23
27 95
12 16
10 75
72 3
15 19
9 39
27 32
60 86
21 9
35 43
15 14
81 18
48 6
64 91
56 62
83 7
22 65
72 7
17 60
44 20
11 30
34 46
62 37
53 90
36 51
16 98
33 40
99 31
70 35
67 32
40 66
69 1
12 77
57 28
52 36
37 88
41 79
54 77
34 6
59 73
25 58
81 43
74 8
7 2
42 57
21 68
76 59
45 83
28 81
41 5
14 38
8 47
21 5
71 4
7 71
53 42
52 46
97 98
49 3
96 64
12 54
