42 4
68 45
57 14
54 97
84 52
86 43
2 28
89 50
37 5
13 96
64 54
41 53
90 38
18 74
45 87
20 44
15 85
64 70
93 63
47 22
52 61
6 13
29 26
67 11
6 35
3 94
30 25
45 6
7 48
63 92
85 46
0 25
67 41
3 74
73 39
28 72
84 52
8 33
86 32
14 24
99 12
83 10
23 65
11 37
0 15
61 12
66 26
0 51
96 49
36 92
59 70
76 19
16 58
49 21
82 73
44 66
1 62
7 27
16 46
7 68
76 19
84 90
6 68
95 22
49 5
44 66
13 58
98 91
48 24
55 9
79 45
83 69
70 0
71 99
82 8
81 80
74 3
57 68
43 10
89 63
71 13
25 34
42 93
92 55
75 20
19 30
17 31
56 35
45 59
45 77
78 60
67 41
49 40
17 94
18 23
51 80
55 72
99 81
73 70
45 40
