53 30
66 59
27 29
40 90
91 89
2 52
10 83
50 28
6 98
88 73
55 81
81 88
43 40
38 22
54 99
94 87
76 75
23 57
37 10
38 36
4 55
6 55
15 35
54 83
62 66
43 71
85 80
42 92
83 98
77 74
3 35
40 91
39 49
37 68
46 78
54 84
41 70
84 30
41 60
69 7
13 82
61 82
92 93
25 17
48 84
90 10
99 8
94 36
98 94
9 79
0 83
77 90
71 32
48 33
6 14
21 34
4 49
79 96
97 42
5 2
29 9
20 70
24 5
19 38
80 37
81 10
85 58
26 78
3 35
44 72
17 63
96 27
80 86
2 5
3 95
16 59
48 84
63 36
35 16
96 12
59 16
88 43
45 11
65 3
7 66
32 67
33 15
85 28
61 51
56 52
31 47
56 3
97 89
85 46
46 98
30 15
79 77
1 62
24 58
94 14
