27 52
7 24
32 84
13 80
94 15
16 19
97 56
61 26
74 75
59 14
35 51
98 58
51 92
79 48
25 36
76 48
90 82
12 6
31 26
58 18
75 9
65 51
54 33
81 47
68 87
14 8
13 20
83 72
78 64
2 38
5 50
57 34
77 38
31 65
18 19
99 73
4 25
7 24
49 99
27 60
43 84
95 83
58 72
81 3
39 98
70 96
16 49
51 21
94 1
91 92
63 3
99 86
63 17
89 63
55 31
11 42
17 39
59 40
37 41
9 10
6 56
55 3
42 67
89 26
19 35
45 36
21 16
55 81
51 11
16 54
16 82
65 60
53 85
35 13
65 46
81 65
62 23
31 69
63 22
39 80
11 32
9 59
91 70
97 0
66 20
53 41
44 12
21 65
74 94
95 85
45 49
29 93
88 86
17 57
74 4
42 31
30 40
0 28
2 42
90 60
