33 73
57 42
86 67
94 77
79 99
68 16
76 22
83 85
95 70
8 18
88 52
3 32
48 13
60 78
13 39
34 49
2 87
81 70
55 36
44 2
1 9
14 63
7 43
37 25
30 14
80 53
63 85
24 74
95 54
55 83
1 17
55 83
74 99
73 81
26 38
21 89
92 11
88 40
97 9
94 65
15 61
78 68
52 60
64 95
22 55
65 87
4 73
63 1
93 35
5 12
80 61
66 25
5 6
3 41
80 61
86 56
9 72
83 19
89 59
84 54
29 20
93 12
70 98
7 46
46 75
45 50
69 81
10 40
92 81
2 74
89 8
62 58
75 16
97 65
3 41
9 70
44 47
6 96
28 69
62 12
77 10
14 76
10 40
57 91
69 65
35 82
1 18
45 16
51 23
51 37
69 33
43 47
48 49
71 39
96 27
23 56
64 53
73 85
58 52
41 31
