41 38
41 17
60 50
2 23
83 56
44 15
84 82
80 25
50 68
28 37
32 87
40 86
42 43
20 7
76 15
4 84
39 74
79 81
33 64
51 67
77 85
6 77
3 60
86 3
10 48
69 42
19 14
40 50
91 57
15 67
85 34
49 90
98 73
64 31
89 69
77 55
83 6
24 59
97 91
73 32
5 70
79 97
39 36
16 24
74 70
12 41
71 4
22 76
55 23
22 45
39 2
75 72
63 36
60 90
40 34
21 32
81 92
49 74
11 94
61 93
36 58
7 52
9 91
59 1
18 45
59 20
85 96
98 71
22 17
53 9
46 67
20 62
3 16
94 11
54 82
60 65
99 51
44 62
8 87
43 63
88 95
30 78
26 5
0 95
93 25
66 35
58 13
96 27
54 23
6 27
16 12
89 43
30 57
22 8
29 46
48 80
8 3
42 65
37 61
75 72
