17 30
36 74
6 70
21 7
33 58
81 76
97 45
75 43
16 61
96 75
31 92
95 97
95 66
92 62
15 54
49 95
27 60
59 14
8 71
90 82
12 5
63 51
0 2
12 94
84 42
32 87
42 59
57 23
29 34
71 25
90 0
28 70
99 16
19 96
24 36
9 27
66 80
52 20
87 62
2 27
32 85
97 78
8 1
7 26
17 40
65 20
10 25
52 96
66 59
55 35
56 11
5 37
32 67
73 72
50 15
81 83
60 38
61 91
33 91
38 80
64 93
18 96
48 86
81 79
41 92
83 39
28 84
73 45
6 26
83 21
47 77
94 97
65 19
69 68
24 89
30 88
43 46
50 91
91 2
89 19
83 18
82 38
90 1
57 22
26 10
55 67
13 53
31 98
49 75
34 29
82 74
89 13
23 76
25 10
19 51
39 79
3 22
44 73
69 37
60 93
