49 7
38 92
1 19
58 62
22 65
14 77
34 99
22 49
75 62
17 91
60 52
34 99
90 86
71 65
48 94
34 88
35 73
70 83
67 78
94 56
71 58
52 68
56 64
48 94
59 87
22 5
47 93
18 19
9 62
84 63
60 82
12 43
75 69
31 77
29 11
23 66
60 27
77 78
21 93
61 33
2 45
30 89
9 57
39 74
38 20
70 24
60 52
81 50
99 87
53 96
81 80
77 58
51 41
26 44
47 16
46 38
40 2
73 35
62 43
46 8
98 89
99 90
58 74
15 72
97 10
78 99
71 37
11 72
21 95
26 83
69 50
82 28
11 71
26 44
33 12
91 95
17 59
79 42
55 68
4 0
40 35
87 54
71 41
0 85
59 94
69 19
76 36
13 36
15 48
52 30
39 31
45 7
32 3
1 80
25 54
17 91
79 61
14 37
13 92
96 95
