88 37
29 11
1 38
86 85
14 61
96 73
75 49
8 3
21 61
15 39
83 7
12 97
25 31
42 9
19 17
66 75
24 23
48 46
93 27
25 38
83 50
95 19
56 68
89 32
47 42
8 4
68 40
35 93
67 78
18 27
9 85
90 65
13 90
34 84
91 67
2 48
75 71
55 87
17 46
23 71
13 79
49 6
20 47
81 42
0 62
42 68
14 4
16 78
35 2
60 41
99 58
36 70
25 94
54 33
30 45
57 43
0 35
59 71
28 33
11 81
92 39
3 7
70 87
57 43
25 90
36 51
79 45
28 20
33 88
29 34
51 37
10 9
88 63
81 59
98 30
6 60
81 50
98 36
84 16
72 40
50 37
76 69
53 59
90 22
58 82
41 74
77 52
19 52
69 91
85 10
24 80
88 59
10 5
87 18
13 30
26 53
63 87
36 71
77 64
35 44
