48 11
91 14
15 41
22 58
17 28
42 95
14 31
89 16
38 14
99 83
31 56
3 86
10 24
46 66
54 48
97 12
57 10
39 79
72 92
85 8
13 92
49 24
91 69
94 29
77 21
79 91
9 81
87 65
90 55
66 98
9 68
20 28
56 60
15 64
32 10
71 98
53 21
83 54
1 80
67 94
1 39
89 53
54 58
25 5
33 23
70 82
52 87
63 11
44 0
7 73
60 52
38 94
67 3
42 36
27 50
70 85
92 44
35 42
15 61
29 18
59 73
6 76
30 85
32 8
72 67
2 5
37 35
34 40
80 26
25 29
74 1
47 65
0 12
23 70
71 79
62 50
93 19
96 97
57 88
25 36
75 78
43 83
81 74
5 48
68 99
80 11
7 4
80 32
50 27
49 4
31 74
41 72
13 41
81 43
45 46
27 51
43 47
25 86
72 88
1 94
