77 24
51 28
82 61
80 49
16 41
89 9
98 60
87 27
62 2
57 52
68 90
19 71
31 23
11 37
57 21
23 20
56 7
65 79
69 25
66 58
13 79
61 78
90 83
73 18
29 74
9 50
48 35
36 82
81 44
63 76
51 28
68 16
37 48
60 84
17 85
31 93
71 19
59 87
50 36
98 5
42 26
19 90
94 9
81 30
42 1
83 32
33 84
46 79
0 64
92 4
79 99
6 94
43 49
4 92
72 29
26 21
34 12
86 70
7 66
73 60
21 16
96 49
38 73
34 76
32 78
95 25
56 91
61 38
24 77
0 64
72 59
9 86
22 63
75 8
15 69
10 95
72 4
0 68
45 35
75 96
82 51
42 26
20 91
11 14
89 39
13 91
55 67
50 41
93 53
50 13
71 99
23 88
57 54
88 55
39 33
65 54
45 97
87 29
16 47
58 40
