53 34
52 22
16 23
20 81
17 0
81 27
87 5
79 16
57 9
95 66
51 99
90 23
86 24
5 79
31 80
25 40
96 44
42 29
78 57
7 28
14 84
25 58
50 41
73 3
15 85
21 49
42 77
8 9
3 45
30 31
36 79
24 49
76 89
0 8
17 33
91 20
43 89
26 48
4 46
19 94
67 39
1 98
68 60
46 8
33 79
12 32
27 91
83 10
37 47
31 21
54 98
77 11
41 22
34 73
48 10
74 65
71 28
73 93
15 95
75 50
56 54
81 82
8 2
47 92
86 43
79 55
75 50
63 83
6 9
72 4
86 12
7 96
69 97
58 85
61 92
60 26
64 88
63 56
55 53
65 84
59 11
62 70
87 88
67 80
20 81
18 35
12 52
76 38
86 4
82 64
27 19
27 19
99 71
42 29
13 67
18 62
55 51
72 4
75 1
90 37
