35 24
88 2
18 73
10 96
64 29
67 54
58 60
57 89
75 78
4 94
11 48
3 60
8 79
45 73
68 36
75 79
56 38
39 26
64 97
34 26
26 53
51 12
98 62
43 27
0 99
72 8
34 46
54 72
52 76
83 71
53 45
55 18
44 33
16 69
37 55
0 24
41 13
46 42
32 85
34 5
59 58
77 22
50 43
42 23
81 32
29 87
37 10
67 84
11 26
53 47
57 74
91 21
89 28
11 93
57 46
34 53
63 86
52 7
63 90
97 40
53 6
84 18
34 82
33 6
44 81
53 45
30 19
54 65
77 87
92 16
95 73
9 83
94 15
70 95
18 35
76 28
72 25
41 75
35 54
99 20
5 19
1 4
80 66
98 21
45 66
70 97
69 38
98 29
69 38
7 23
40 49
14 9
64 40
59 31
91 51
88 45
61 11
56 93
71 14
41 77
