72 86
9 70
8 35
66 96
85 47
7 34
20 60
34 50
23 45
34 3
68 77
84 14
83 95
50 61
18 35
48 31
28 44
26 19
24 14
59 66
63 36
34 79
28 38
33 32
94 82
72 71
3 16
59 19
41 89
73 81
48 22
33 87
79 60
51 31
21 43
4 72
1 86
54 1
24 65
14 76
2 54
45 88
12 95
75 96
15 79
40 2
62 97
4 0
52 9
57 36
86 73
47 1
30 54
61 4
22 50
64 38
22 49
11 92
63 71
65 88
30 39
27 16
92 46
24 81
29 93
25 17
53 99
69 23
52 58
77 31
87 51
91 6
99 98
29 41
9 94
34 86
62 52
42 82
5 84
61 93
33 63
1 67
13 14
20 71
86 7
8 37
44 26
70 74
40 67
96 56
55 17
34 50
52 60
90 55
64 69
81 83
80 98
46 1
0 10
27 90
