93 26
29 50
4 79
92 53
84 42
13 15
60 7
6 72
10 80
52 73
71 67
74 94
86 31
58 66
45 67
39 44
35 36
20 76
76 85
25 52
93 29
61 30
0 95
31 63
47 56
78 21
41 5
40 48
11 48
14 26
85 35
25 3
89 59
37 51
50 85
3 91
19 77
39 66
43 96
97 12
6 84
6 57
54 88
27 59
29 36
74 23
65 7
23 2
69 20
7 89
1 35
57 48
97 68
80 93
88 56
4 64
91 14
89 8
89 78
16 34
38 27
35 40
78 12
92 33
85 19
62 37
4 79
55 46
80 49
45 8
19 87
9 10
55 61
71 24
21 54
40 12
29 26
11 49
20 42
89 11
24 69
20 76
62 44
36 99
76 11
64 81
55 75
90 18
51 22
57 48
20 61
49 39
9 82
63 73
53 22
74 94
99 31
47 70
78 49
48 93
