82 65
6 70
86 85
97 89
89 90
34 81
77 3
68 94
22 74
7 20
98 34
15 84
27 90
55 17
24 27
56 11
45 83
42 51
64 73
13 79
58 9
52 7
62 94
0 14
26 58
32 76
71 13
35 1
86 67
67 93
51 12
46 95
48 23
16 1
38 96
92 30
87 57
79 40
43 66
52 47
22 57
37 63
8 44
65 24
61 26
51 95
12 51
46 32
74 69
43 10
34 36
41 91
85 28
86 72
19 81
89 6
2 55
17 88
14 50
47 13
70 2
42 54
9 73
32 76
13 48
66 15
68 4
31 59
0 60
53 98
8 78
88 62
53 29
18 78
36 25
77 97
18 98
80 84
50 49
60 33
38 11
93 7
38 35
12 86
75 22
0 5
26 61
20 71
92 81
6 3
40 72
27 52
14 95
76 41
95 93
87 79
69 21
80 75
43 99
85 19
