55 11
70 48
67 45
21 17
12 14
80 14
94 27
82 28
61 82
52 24
19 42
39 33
17 47
75 43
44 66
85 77
12 93
42 7
75 67
81 90
37 79
69 86
50 41
96 55
88 57
26 34
5 38
36 22
27 2
89 83
28 99
51 77
91 31
99 60
94 19
25 16
74 98
22 58
64 8
96 59
65 17
55 58
32 38
10 61
24 56
3 71
38 62
91 57
95 18
27 62
29 14
85 8
76 37
87 22
83 9
42 4
68 92
40 88
15 0
28 99
49 92
18 15
51 29
26 84
45 40
11 72
56 74
66 2
76 22
51 35
95 21
68 69
38 27
95 89
4 63
72 59
18 47
54 43
96 53
75 43
46 55
87 6
7 13
54 58
78 18
36 0
33 70
97 23
24 47
73 21
73 31
64 33
30 90
52 39
24 76
44 29
39 79
1 80
95 12
90 32
