72 34
56 76
99 50
58 94
72 79
91 83
34 95
63 61
59 62
8 24
49 80
96 41
50 46
30 55
67 58
68 35
18 54
48 91
81 65
87 97
41 38
32 61
62 82
53 81
77 20
15 12
6 3
62 75
7 47
83 78
57 12
68 9
21 14
68 13
37 86
85 64
48 90
38 45
93 28
74 21
8 86
51 37
54 89
3 73
88 16
51 93
96 52
5 71
85 19
44 5
33 26
92 91
63 32
35 82
85 0
4 92
66 74
53 60
17 29
61 31
75 23
33 43
26 42
4 11
22 70
18 45
69 78
97 40
30 27
56 76
40 2
35 1
80 84
99 50
97 24
13 65
16 21
36 58
60 39
8 25
42 50
23 0
22 16
27 99
12 42
63 79
98 78
89 3
68 20
11 16
44 80
32 61
74 21
88 83
80 88
87 1
6 46
86 9
27 75
89 25
