82 75
95 32
25 80
69 67
9 40
92 26
39 67
99 13
47 39
42 35
38 61
37 68
1 33
19 72
90 79
14 83
44 33
75 57
82 36
10 60
67 99
56 5
14 31
10 11
10 93
3 84
81 86
1 95
21 50
81 31
23 33
70 28
48 56
78 38
63 55
75 42
99 17
82 67
63 62
60 15
2 49
72 83
58 65
87 73
71 74
64 3
85 29
65 90
21 50
60 58
82 66
93 91
49 24
56 48
3 18
61 94
92 46
74 90
52 30
16 17
27 89
40 55
53 96
7 6
18 37
88 98
85 22
34 89
18 54
47 74
31 28
44 83
87 41
2 98
72 47
43 41
83 14
60 8
16 82
70 76
14 90
12 48
94 12
76 79
39 45
53 51
9 73
88 43
47 86
4 20
5 81
36 84
97 34
71 77
27 20
59 52
17 99
29 0
22 35
4 10
