93 21
2 53
43 87
41 68
31 18
52 83
73 65
82 16
35 70
43 38
39 43
14 63
58 25
15 86
8 98
21 13
92 22
95 67
96 2
84 55
41 21
12 96
11 48
80 33
89 98
97 54
62 84
20 83
29 98
61 19
83 55
8 87
87 54
5 91
65 6
76 78
82 17
88 34
43 33
15 99
70 12
39 66
80 41
90 42
30 73
74 72
94 36
92 16
91 51
82 39
48 27
97 9
44 81
79 75
88 46
50 89
71 23
69 28
39 57
20 95
83 20
81 62
57 32
20 67
66 56
94 46
48 24
29 63
0 13
58 8
44 99
4 81
3 44
6 82
70 0
53 22
32 59
64 40
30 73
90 77
60 72
53 35
5 28
77 17
59 16
74 28
33 10
96 47
54 34
88 34
8 79
33 11
9 26
87 13
75 47
19 61
85 37
1 51
25 37
47 7
