28 14
53 24
82 5
56 35
54 56
64 79
30 94
46 36
30 13
85 80
40 3
52 14
70 48
81 2
19 59
91 80
90 10
42 43
63 79
45 78
55 98
6 96
97 12
33 21
5 18
17 83
25 1
90 80
65 76
67 5
88 32
41 83
87 11
88 8
50 23
57 7
37 73
57 7
44 71
95 84
54 26
52 77
83 47
9 41
10 71
8 10
81 60
63 79
58 75
34 20
60 8
5 70
99 64
43 10
72 85
87 74
11 28
77 12
49 26
58 61
47 4
0 17
67 95
14 67
78 45
62 61
68 39
34 20
38 92
95 39
48 99
16 90
85 80
24 40
72 6
22 3
22 97
59 31
81 25
12 51
88 93
24 21
43 24
80 39
65 34
51 72
69 29
52 19
87 63
55 66
10 85
80 23
65 27
89 67
59 20
60 35
40 23
89 86
10 37
95 4
