71 4
43 46
86 77
42 22
90 55
24 18
44 93
53 10
49 83
12 84
38 62
88 81
74 53
40 30
91 73
17 11
39 80
74 12
48 75
96 62
63 44
86 99
42 92
83 58
13 6
91 94
93 28
95 25
18 11
78 31
23 32
26 67
58 2
22 37
2 32
64 82
61 4
91 18
21 51
34 28
52 87
17 35
59 89
2 84
1 3
84 83
72 28
9 49
90 55
60 94
68 34
33 71
58 57
95 14
32 69
36 88
76 62
51 85
78 36
25 20
89 21
29 35
40 20
70 96
31 58
28 68
67 50
6 72
76 81
68 98
19 27
70 52
45 60
16 59
79 69
14 5
68 5
38 31
7 13
34 72
46 65
75 11
38 62
33 29
8 76
8 54
11 14
47 31
0 66
97 7
19 51
61 94
49 56
76 68
48 0
26 3
63 83
53 80
34 79
53 72
