82 27
15 90
24 64
94 21
78 9
82 45
72 54
5 38
30 32
61 37
86 2
79 87
41 71
50 80
4 65
82 84
76 22
49 85
42 69
4 65
7 33
9 12
53 90
87 72
92 8
60 20
70 62
51 35
66 80
66 13
60 25
39 45
33 97
76 2
90 24
73 32
44 96
94 21
1 53
4 61
74 29
83 0
73 91
88 28
65 28
31 96
11 51
55 51
40 77
0 81
75 17
49 62
15 81
16 34
61 57
85 68
18 30
54 93
59 67
18 24
8 56
36 3
10 31
79 0
32 7
36 44
29 67
74 59
70 52
88 58
55 52
31 65
85 73
42 86
58 73
72 61
5 16
48 43
32 19
11 65
13 77
47 95
83 12
23 3
14 26
15 87
18 10
62 49
10 48
83 7
97 20
43 40
30 6
87 62
37 4
70 10
38 89
22 25
79 4
4 11
