94 99
20 97
99 77
64 89
46 16
11 82
84 2
71 31
57 97
37 66
34 90
71 7
53 28
68 28
37 80
9 86
86 45
28 96
17 73
49 26
74 19
33 92
47 87
57 39
15 58
12 20
47 74
13 18
67 51
38 5
21 64
68 28
52 63
57 68
76 16
83 22
59 54
22 14
39 46
20 89
12 25
65 67
83 30
44 42
94 78
7 55
67 23
72 75
27 23
66 87
93 7
64 10
32 25
24 14
59 36
5 96
70 94
63 48
45 84
36 54
65 46
97 92
15 58
52 32
39 88
48 63
81 43
69 19
88 82
3 49
15 58
99 96
77 6
7 68
3 75
90 24
4 8
43 72
60 77
61 28
0 26
16 96
5 85
6 91
50 80
25 9
82 5
40 57
12 53
98 1
10 69
56 29
39 16
99 13
0 81
61 6
41 62
70 27
60 53
11 35
