76 30
18 45
46 11
99 10
82 71
8 38
98 65
16 24
48 87
81 28
49 85
86 92
43 68
36 79
33 81
74 3
7 62
30 24
6 34
22 83
80 41
73 58
54 40
84 96
16 69
1 81
83 66
45 37
72 43
7 41
0 93
36 4
1 25
54 1
12 95
39 68
94 21
89 53
25 56
27 97
98 38
52 9
46 77
76 89
70 78
51 97
96 36
19 53
25 60
4 47
40 63
18 55
58 88
12 2
56 78
67 5
47 49
92 72
82 88
58 73
82 45
75 70
29 83
66 46
60 78
77 19
20 26
43 72
95 93
17 27
60 26
99 10
40 70
60 59
13 77
86 57
6 42
81 84
20 23
64 32
53 5
20 9
62 69
50 35
78 90
48 56
91 44
61 14
29 52
34 23
86 74
59 74
70 15
37 17
44 42
39 72
31 59
35 0
18 94
22 36
