97 25
30 24
57 40
4 74
65 41
32 39
10 32
28 93
63 21
72 66
18 92
21 80
54 60
32 88
37 29
66 38
87 1
0 82
40 89
94 90
71 99
37 17
7 78
58 89
50 74
96 26
3 97
15 59
89 17
63 80
19 84
47 14
62 6
52 16
92 85
44 79
68 33
77 63
22 77
50 17
29 56
93 86
27 17
26 51
73 95
13 5
12 11
91 17
1 43
18 96
22 35
52 78
48 65
13 61
37 29
60 38
64 98
75 77
23 70
70 5
46 54
16 36
14 57
74 3
0 42
48 52
15 76
91 78
75 73
80 73
81 98
85 20
55 9
53 44
3 79
92 72
97 22
36 9
69 42
49 95
88 35
64 56
34 8
12 70
57 40
34 71
83 45
70 54
34 68
38 81
80 89
38 40
58 23
16 99
2 29
4 35
39 45
51 61
6 40
93 20
