99 18
42 14
93 79
70 7
81 22
49 90
76 72
89 83
59 30
23 52
75 6
0 92
46 3
57 17
62 89
54 85
99 59
5 52
64 86
55 62
13 47
5 58
38 77
12 79
61 59
48 24
11 66
20 53
66 36
56 6
34 0
20 92
73 16
25 1
30 99
83 23
25 28
6 2
57 41
97 20
95 10
71 11
94 81
28 45
37 63
69 55
69 37
4 44
94 88
50 38
82 43
25 80
91 9
84 40
88 42
98 36
34 41
31 63
97 87
1 15
47 96
43 13
41 8
29 8
84 51
43 26
81 2
68 22
67 89
51 4
82 27
78 35
52 65
11 47
99 66
67 65
48 3
51 16
31 71
91 9
62 89
2 33
61 77
35 38
56 60
21 33
4 82
96 36
32 54
78 39
65 74
93 76
82 44
12 7
6 15
89 47
19 38
73 22
65 34
16 85
