82 32
31 65
71 22
34 56
80 0
7 0
28 65
33 72
73 95
53 39
80 81
99 20
54 27
40 63
28 84
86 35
22 92
9 26
80 91
57 63
26 94
30 82
44 2
9 49
13 55
53 4
86 37
2 41
19 98
68 55
14 93
1 4
69 53
74 8
6 3
24 88
35 6
6 21
33 96
52 83
89 19
66 73
58 97
49 70
79 90
33 60
34 56
74 8
70 80
38 50
47 29
17 92
39 18
27 97
66 35
32 52
95 15
59 12
54 27
67 57
7 48
47 14
70 0
46 85
38 39
59 94
24 88
97 3
42 72
79 91
36 44
82 31
10 62
87 30
86 44
77 29
42 3
21 76
48 45
50 32
73 61
5 23
46 93
66 41
85 43
26 54
15 41
16 21
16 89
98 13
15 84
55 77
87 61
64 25
35 23
11 75
84 45
51 18
51 40
72 68
