11 9
28 98
68 63
77 22
5 70
49 64
91 82
21 14
1 71
33 66
50 56
3 0
59 15
52 43
27 4
35 84
38 35
11 59
97 67
10 64
17 79
96 7
66 70
32 78
19 54
31 74
57 27
33 14
1 48
80 12
85 19
2 53
85 25
75 0
29 39
58 83
19 92
79 99
31 56
86 62
66 51
54 26
25 20
44 27
38 39
12 55
21 93
30 27
55 52
4 9
71 93
42 17
18 40
2 74
34 95
38 6
34 41
34 10
90 69
94 12
47 97
56 23
53 18
7 24
35 37
20 83
45 85
25 70
96 43
86 44
75 5
81 35
19 73
35 81
62 65
13 58
8 73
51 68
21 30
17 94
85 64
88 36
55 90
87 52
57 20
6 82
63 29
61 25
73 19
78 57
87 49
16 14
19 8
28 89
60 79
52 55
65 99
77 22
76 72
46 80
