65 25
12 25
43 32
19 88
39 97
90 82
21 66
29 56
55 70
47 98
7 75
85 39
17 0
74 25
74 84
89 26
39 4
54 96
58 53
50 3
41 91
28 95
75 16
52 76
87 15
79 63
12 38
24 65
31 6
42 52
41 54
85 93
78 59
92 13
84 20
61 14
24 12
53 8
69 90
22 11
15 99
29 51
74 7
76 34
83 89
13 98
19 81
33 30
38 37
62 63
67 95
44 10
42 45
5 52
99 40
69 15
35 41
59 2
90 68
5 52
98 44
80 23
54 9
1 65
36 48
79 49
50 21
64 1
20 52
47 62
43 20
75 7
67 64
57 85
4 16
93 28
74 18
81 19
86 61
72 77
34 25
66 73
47 92
55 8
5 61
6 31
70 94
59 96
72 96
40 60
82 20
20 60
87 71
46 97
86 76
3 81
88 49
4 75
51 91
69 27
