11 5
33 19
83 43
69 25
97 68
74 52
32 10
18 6
12 0
91 18
87 62
42 21
50 31
27 59
17 91
20 67
1 82
37 93
87 40
1 49
8 95
10 83
87 58
98 39
28 64
23 65
75 25
35 22
23 25
60 28
1 82
73 77
20 26
0 89
55 60
25 62
78 42
93 29
9 90
57 99
3 9
58 75
7 38
47 12
54 86
90 70
93 44
43 58
13 1
42 57
86 44
2 65
82 92
51 94
91 34
46 56
69 40
4 88
29 17
15 85
24 63
47 12
58 57
34 37
7 38
98 74
59 81
62 71
5 48
86 3
45 44
15 22
53 92
0 77
52 76
87 35
82 8
73 89
41 71
68 20
53 11
16 82
88 80
2 65
66 68
68 8
54 70
50 90
4 20
25 85
45 96
24 63
95 80
72 14
62 30
19 79
61 36
72 39
55 97
29 37
