54 27
98 73
81 64
5 59
80 88
34 54
89 2
65 25
3 87
41 27
6 76
83 17
13 56
24 58
71 68
89 78
92 56
95 14
81 21
42 99
42 43
35 79
78 58
48 42
13 57
71 39
93 81
60 65
54 64
49 1
17 61
52 66
18 40
9 67
88 95
97 50
60 16
76 64
21 75
30 4
76 64
54 30
20 44
40 93
42 21
46 41
30 10
41 21
21 60
5 34
12 29
59 74
83 47
98 31
1 16
62 43
53 91
55 70
22 90
92 73
89 38
39 85
25 74
39 17
68 71
77 66
96 33
65 23
45 24
24 89
69 40
25 72
74 63
75 31
8 72
38 77
46 86
3 29
57 15
94 93
4 8
97 13
19 11
11 82
16 45
50 94
82 26
5 34
80 7
22 15
53 12
38 0
84 20
62 36
69 37
65 51
28 59
13 81
50 94
93 89
