67 79
84 38
39 50
8 92
64 14
4 57
81 0
74 44
40 83
77 59
86 4
2 73
75 41
10 76
65 27
57 98
73 22
51 97
68 43
78 14
3 59
85 53
16 33
79 24
9 52
1 90
8 56
40 69
24 66
16 96
66 18
50 67
42 90
45 62
88 83
95 4
46 35
54 78
64 94
30 3
60 27
51 26
33 81
55 49
28 35
43 72
92 91
70 78
80 87
58 18
40 79
75 17
15 24
92 56
39 34
45 68
6 37
30 99
97 35
6 63
1 3
84 36
87 42
70 78
17 32
99 95
36 19
73 41
30 55
1 90
33 76
11 13
98 67
22 49
73 7
61 74
30 85
66 88
89 29
5 60
21 82
38 48
70 25
47 16
93 47
25 34
10 2
5 71
28 35
52 94
66 0
19 23
12 6
61 92
89 83
46 91
86 9
96 32
36 15
20 65
