2 92
41 25
45 7
91 14
66 72
98 30
40 20
2 90
50 67
1 83
29 64
1 62
79 28
91 82
5 87
39 26
21 91
94 3
86 96
29 64
17 12
82 65
16 45
4 36
32 55
26 92
27 80
1 88
6 59
71 63
42 44
15 96
6 91
93 27
23 78
17 34
21 57
76 87
99 8
9 59
54 59
60 10
25 66
33 58
61 34
36 40
73 48
71 21
6 98
15 81
54 57
37 72
98 74
10 60
61 47
94 3
72 24
50 68
69 62
56 23
52 99
7 42
32 55
52 13
45 84
22 58
35 97
31 12
58 15
38 49
17 56
11 19
51 17
11 44
3 94
22 93
97 89
84 0
53 89
62 70
51 27
65 40
69 68
99 72
5 77
90 37
61 84
71 95
63 70
51 18
53 14
77 85
78 82
51 62
95 85
0 30
41 35
96 24
4 46
11 44
