17 70
82 94
53 3
11 62
38 10
69 83
79 23
46 76
34 24
57 21
66 74
12 53
47 82
32 3
59 83
83 95
84 15
73 37
33 29
67 46
52 93
95 64
15 51
86 88
88 62
60 91
41 63
36 22
23 97
20 80
14 20
97 23
6 10
24 72
71 51
4 38
95 71
80 18
58 0
43 79
16 29
43 64
49 98
7 69
41 25
25 96
19 89
56 90
29 89
62 17
91 96
84 27
42 66
99 39
65 28
65 87
47 9
42 2
26 87
54 76
74 66
4 79
30 23
10 81
73 49
40 48
10 24
44 92
25 96
99 78
4 41
54 46
35 40
9 61
56 11
37 21
55 53
0 67
41 31
85 98
93 52
66 51
50 12
44 5
92 68
36 22
5 94
68 8
86 17
2 75
48 55
24 74
19 45
10 1
92 48
39 77
50 23
79 67
15 11
75 1
