6 69
94 24
29 86
63 90
63 65
64 80
99 26
30 77
56 0
24 74
94 45
78 37
27 22
25 9
8 38
49 50
54 22
63 81
82 48
40 15
89 11
95 28
98 9
57 38
23 96
50 6
35 18
92 69
32 33
26 36
76 66
71 34
58 62
54 61
20 23
73 86
35 25
7 10
57 68
60 21
45 1
59 5
60 21
34 71
90 17
58 82
87 47
24 74
84 59
70 60
51 4
15 19
90 81
36 54
22 33
19 50
2 38
79 86
45 60
52 80
67 75
28 51
39 50
44 17
41 98
54 20
77 83
93 71
11 87
18 23
97 74
47 96
79 21
25 99
91 75
67 46
18 99
72 28
81 88
78 37
48 64
61 44
18 31
36 6
72 19
58 53
43 30
12 46
7 85
91 14
55 16
3 20
29 42
38 3
97 69
3 39
68 88
86 91
5 41
66 76
