48 36
28 99
80 99
42 56
63 0
50 30
1 35
20 11
52 50
74 25
12 66
3 92
60 31
52 89
62 61
91 77
14 40
26 75
57 51
12 20
38 98
5 49
3 27
32 74
2 90
88 97
80 96
50 23
15 30
63 89
73 10
33 55
49 5
42 72
18 95
94 10
51 24
83 78
32 93
43 94
61 64
55 17
34 71
19 21
73 31
93 67
53 0
13 72
9 12
87 52
42 18
35 63
13 3
16 98
76 41
72 13
94 65
59 85
32 68
80 85
45 86
69 35
64 16
64 24
59 70
7 3
18 75
47 82
73 31
74 25
88 17
75 36
65 54
93 21
60 91
71 0
87 8
74 41
40 9
76 32
46 84
84 58
52 89
7 34
79 98
44 57
21 19
54 37
89 34
4 6
28 64
81 29
43 42
77 39
28 99
61 37
7 34
22 13
15 25
79 81
