92 26
24 63
87 31
78 26
88 39
69 34
18 3
70 47
40 17
37 51
84 1
93 29
74 13
11 68
41 6
81 72
21 62
8 41
69 39
35 83
38 15
98 12
3 62
73 55
69 55
91 80
92 62
61 29
18 37
77 59
17 99
86 46
19 5
30 64
49 23
53 4
50 10
66 40
1 84
75 43
81 53
56 48
84 97
4 75
71 42
54 63
69 45
28 22
95 9
71 70
62 16
46 60
19 51
12 27
55 80
82 52
95 14
81 12
8 34
6 8
91 94
11 33
99 78
91 42
67 30
90 34
64 43
86 9
33 1
33 79
85 76
24 32
38 16
58 0
64 43
19 2
58 14
41 19
18 2
60 28
25 65
52 23
33 48
27 76
73 47
35 67
47 88
48 74
70 85
98 90
65 97
22 61
0 3
36 73
5 62
0 96
86 44
25 54
72 15
7 57
