99 8
20 19
59 69
41 40
33 53
47 56
72 13
27 30
55 0
85 5
81 41
36 51
63 70
4 22
48 80
2 55
76 95
46 67
13 90
70 87
98 64
24 41
1 64
22 83
48 25
52 46
79 83
67 34
21 18
20 70
0 37
78 7
60 91
16 77
4 77
42 6
17 16
57 97
17 9
88 73
86 78
78 90
11 35
36 51
43 68
9 65
42 54
14 55
69 44
91 65
98 96
43 9
13 81
17 7
37 44
27 78
73 44
73 29
87 18
30 89
83 3
32 24
17 58
9 22
84 75
49 74
20 29
27 22
14 88
31 93
96 19
14 87
71 67
6 82
21 71
95 76
85 84
1 34
66 28
97 68
4 62
29 66
99 39
26 61
50 45
54 57
78 38
35 94
25 12
86 81
58 23
42 54
10 17
41 79
8 50
79 82
33 15
58 30
75 11
26 94
