19 1
2 93
81 3
4 6
14 28
96 77
86 7
8 69
34 9
10 10
11 59
12 8
78 49
14 14
3 98
16 69
17 17
18 18
50 13
94 12
21 92
22 40
90 81
24 49
25 25
26 43
27 88
28 96
61 0
53 86
66 23
32 32
73 33
34 83
35 35
94 65
7 16
87 38
39 40
40 40
41 41
42 42
43 43
69 44
43 45
66 61
59 47
48 20
49 49
18 26
30 51
91 52
53 83
40 94
96 67
15 9
69 57
20 56
1 65
69 32
99 86
98 62
61 43
67 64
65 25
23 66
32 67
68 16
69 8
50 70
71 71
72 72
73 46
74 74
75 75
64 28
10 79
54 78
79 79
80 80
81 1
82 82
83 54
84 56
85 85
86 86
5 87
17 88
89 89
90 90
91 2
92 92
93 93
37 94
68 95
96 58
7 97
97 77
99 99
28 0
