1 1
0 8
56 3
4 4
5 98
6 54
59 70
23 19
52 61
20 72
96 96
27 70
13 62
88 14
15 15
16 19
17 12
18 18
89 19
53 20
21 34
11 22
23 23
42 31
96 4
57 26
21 87
28 28
29 56
30 30
69 31
94 32
33 33
34 34
35 82
36 38
18 78
38 38
18 34
30 91
78 27
89 99
43 40
44 71
45 45
0 46
74 47
64 89
49 39
50 50
51 86
83 52
43 53
54 16
79 58
31 56
57 57
58 58
59 59
2 60
61 6
30 62
53 63
64 64
85 65
66 66
67 12
68 68
69 69
70 9
71 71
26 72
73 40
21 74
77 75
76 76
93 77
78 31
79 81
80 91
61 81
37 82
83 83
31 84
85 41
86 52
87 4
15 88
7 1
90 94
21 44
92 92
19 99
21 20
95 95
96 96
39 97
20 98
52 72
26 72
