1 1
2 0
3 3
4 78
5 19
78 6
7 59
47 8
9 9
10 10
98 11
12 64
64 26
84 14
15 15
89 27
17 17
15 18
19 19
2 20
21 21
22 22
23 92
24 24
25 25
38 26
22 27
28 28
68 29
75 17
31 31
32 32
33 69
88 34
35 35
14 74
8 37
81 38
39 39
29 40
41 21
42 42
82 45
88 44
60 8
83 46
47 56
58 48
49 49
50 45
51 51
23 66
4 0
70 54
55 55
48 96
57 57
58 58
63 59
60 56
61 60
62 62
16 7
64 53
65 98
37 32
63 30
26 24
85 47
78 74
71 71
91 72
73 34
74 74
27 75
41 76
77 77
11 79
79 53
80 55
81 18
82 87
83 83
84 84
92 85
86 86
87 87
88 89
89 89
90 90
91 91
37 48
62 93
94 1
95 95
96 16
76 97
98 30
99 19
94 94
