1 80
2 2
21 3
4 6
5 5
6 6
36 7
8 8
9 35
10 76
11 43
49 50
23 13
37 14
24 34
57 16
17 91
18 18
19 94
20 43
21 87
60 19
58 23
24 24
25 99
26 26
27 27
48 28
76 29
30 30
31 31
8 48
9 33
34 34
43 35
36 11
37 37
47 38
39 86
10 40
41 41
42 97
15 24
44 38
69 78
88 96
47 13
57 18
60 25
96 43
51 83
25 29
53 93
54 34
55 99
56 64
57 57
3 91
46 20
86 20
76 61
62 8
27 63
64 1
65 64
66 66
67 67
68 96
51 21
70 70
71 71
23 72
73 73
74 18
75 76
77 76
52 3
72 78
79 79
80 80
81 32
0 82
83 90
84 34
85 85
86 19
87 15
88 88
89 89
90 19
26 91
92 92
13 17
63 94
95 95
77 96
97 97
98 63
99 87
0 9
