1 87
2 2
29 3
4 4
98 5
6 6
7 41
8 8
9 9
93 10
11 66
12 26
13 13
14 14
15 15
10 97
17 17
26 91
55 59
92 93
42 73
22 64
23 89
24 24
25 17
75 26
27 33
28 39
29 16
30 30
31 53
23 32
33 33
16 34
35 35
1 36
37 37
38 71
60 39
86 68
41 41
5 42
73 43
47 34
45 45
46 46
67 47
48 6
53 40
26 39
51 51
92 52
53 59
54 94
15 55
85 56
40 57
58 58
59 61
60 60
80 61
62 11
63 63
64 64
65 65
50 66
67 67
77 68
39 69
80 70
29 92
72 72
73 73
22 74
93 75
36 76
77 77
78 78
44 61
47 80
81 81
82 82
35 96
90 44
75 85
86 31
90 87
88 88
21 89
90 90
91 42
92 56
26 93
94 72
95 95
96 96
78 97
98 98
99 99
0 0
