1 46
2 84
3 3
4 4
5 5
6 79
7 73
20 32
9 37
10 10
11 2
12 12
13 9
69 14
15 2
62 61
50 46
13 18
88 19
20 63
21 62
22 22
23 29
89 24
25 25
26 60
21 45
48 93
17 46
30 30
78 87
32 32
72 33
94 34
35 33
36 98
26 69
38 38
97 39
40 40
41 21
42 66
89 43
83 98
71 8
75 62
47 58
48 65
49 49
50 50
22 51
60 52
40 53
54 54
55 55
34 10
85 93
98 58
64 86
5 53
61 61
65 45
88 63
64 50
82 97
44 66
67 67
65 68
13 69
5 70
71 34
73 72
73 73
74 48
75 75
76 54
57 77
78 78
79 64
80 28
29 81
82 37
83 8
84 84
85 85
63 86
87 87
31 88
89 86
90 39
91 91
14 92
93 70
95 41
82 95
96 77
97 97
98 28
99 99
72 0
