76 10
12 2
3 80
14 2
45 5
36 6
7 7
11 8
9 83
10 49
11 11
8 12
2 6
37 85
8 15
16 44
17 17
85 18
19 19
20 73
21 21
22 22
41 23
24 31
25 25
26 10
27 59
55 28
23 29
44 97
31 31
32 32
33 34
95 65
35 21
36 39
37 37
32 52
39 98
40 40
41 88
25 27
43 28
44 44
45 46
46 36
47 70
19 48
49 45
85 50
51 35
52 52
2 53
54 54
55 15
56 73
57 57
58 26
59 68
60 60
68 61
42 62
58 78
64 64
65 17
66 45
42 67
20 86
69 69
47 70
4 71
5 40
95 18
74 74
58 75
76 35
34 77
78 77
79 49
80 28
6 81
82 56
17 83
76 98
85 85
63 86
87 87
88 27
89 66
90 90
55 77
92 92
93 93
94 94
9 5
96 96
97 97
91 13
43 55
53 67
