56 1
2 54
3 42
4 2
18 5
6 6
14 7
20 8
9 85
79 10
3 11
12 5
13 78
81 88
15 15
29 16
17 17
97 18
92 36
20 14
21 65
22 77
84 23
24 71
25 25
26 26
27 7
84 9
39 29
30 30
49 31
32 32
33 83
34 34
35 35
3 36
37 37
97 38
39 89
40 40
79 41
42 74
43 43
30 44
45 45
46 44
47 47
24 78
49 16
51 50
46 51
52 69
53 53
1 54
55 55
56 51
57 57
58 30
75 59
60 7
61 61
28 62
24 63
9 64
65 65
66 66
67 96
19 68
45 69
13 70
99 71
72 7
73 73
74 28
75 75
76 76
77 69
78 78
79 79
95 80
54 81
91 5
76 37
85 15
39 75
86 71
87 36
88 88
47 89
90 90
91 99
92 85
93 93
94 67
70 95
85 96
51 97
37 98
73 99
81 0
