13 1
2 69
3 19
4 26
53 5
38 23
78 7
8 72
45 9
36 49
11 11
12 68
13 13
14 11
82 15
98 16
17 17
61 18
19 63
44 98
18 24
74 18
49 70
24 58
40 25
26 26
26 27
28 28
29 29
30 30
31 51
23 32
33 33
34 34
87 35
36 76
37 37
38 38
39 39
40 88
41 93
38 42
43 63
44 44
45 45
28 3
47 47
48 48
74 49
50 16
51 86
52 52
91 4
54 54
55 68
56 56
57 53
58 58
66 59
96 95
61 43
62 62
78 63
64 64
65 84
15 66
10 65
41 92
69 69
70 70
71 71
61 72
73 84
70 79
75 75
58 34
31 77
76 98
79 79
80 80
46 81
82 30
1 83
84 84
67 85
8 86
87 43
88 88
89 89
6 90
72 94
92 35
35 93
59 94
97 95
86 96
71 97
99 7
0 99
0 79
