73 1
2 6
3 90
4 4
5 99
6 6
7 78
24 8
85 9
80 10
11 11
91 11
13 13
15 74
15 66
16 16
17 9
54 18
19 9
20 20
21 21
22 52
83 23
95 24
25 25
98 18
27 27
28 28
29 38
30 30
31 83
51 32
33 33
34 73
35 35
36 7
37 37
38 38
39 27
40 97
36 41
5 22
43 25
44 44
90 45
43 46
47 95
48 84
49 79
50 50
34 51
52 52
53 32
52 54
55 55
63 56
57 57
74 97
12 59
24 60
61 61
28 55
63 63
64 26
65 62
26 66
67 67
68 68
69 69
49 70
88 71
33 27
15 12
74 57
75 75
76 76
12 77
78 78
79 48
80 92
81 42
82 82
83 83
84 84
79 1
86 76
92 18
39 88
91 22
90 90
47 91
19 46
66 93
94 49
95 55
8 39
97 42
45 15
99 99
0 69
