1 14
2 8
3 6
4 72
5 90
6 65
7 7
8 8
27 9
88 10
11 11
12 12
13 12
14 14
33 15
60 16
17 38
18 66
19 19
20 20
20 21
55 22
23 23
24 25
25 25
26 26
27 97
28 55
8 80
30 30
31 31
32 32
33 33
68 34
35 40
36 36
37 37
38 38
39 39
40 40
86 41
8 42
43 66
23 44
45 45
46 46
47 23
48 48
49 49
50 50
51 58
7 52
53 53
71 54
55 19
56 56
29 85
29 49
25 59
93 60
61 61
68 62
63 63
64 32
65 65
66 87
67 46
86 88
69 2
70 45
71 71
71 72
73 75
74 12
75 75
76 87
77 59
78 78
79 49
80 80
81 81
92 82
83 60
53 84
18 85
77 86
87 84
59 88
61 89
90 90
91 15
92 92
93 84
94 94
1 95
96 75
97 97
49 98
99 99
51 7
