89 1
76 2
71 0
4 14
5 5
0 6
44 7
8 8
45 57
10 33
11 9
71 12
13 8
14 14
70 15
16 62
17 17
18 13
19 91
12 20
82 21
22 22
30 51
24 24
76 51
26 47
53 27
59 28
29 63
30 23
31 47
32 94
63 33
8 22
49 35
36 36
84 37
23 38
18 39
39 40
41 63
42 84
43 43
10 44
87 14
50 46
47 49
48 48
70 29
50 14
0 43
52 95
53 53
54 15
55 55
56 56
24 57
58 58
59 4
60 60
61 55
62 39
83 59
32 97
43 65
46 55
87 41
68 34
41 69
73 70
71 71
72 19
73 73
27 74
94 75
76 76
77 34
78 78
79 79
32 80
81 81
82 12
83 97
84 73
85 45
56 86
51 87
88 88
92 89
90 9
91 91
92 42
93 93
94 66
95 95
36 96
2 97
98 98
99 21
15 9
