29 1
2 2
3 12
69 4
5 5
51 6
7 93
8 8
34 60
52 35
11 11
96 12
13 95
43 45
15 61
16 16
17 17
91 18
19 73
20 41
21 72
22 84
23 23
0 24
25 25
26 60
27 27
19 28
29 28
94 30
40 31
5 32
53 33
34 61
35 35
64 36
37 37
38 38
52 39
10 40
41 79
6 42
43 43
44 44
45 45
46 49
61 47
48 15
97 49
50 96
51 51
52 52
53 81
38 54
55 55
6 56
57 57
58 58
91 59
60 33
61 84
50 62
55 63
18 64
15 65
66 71
67 67
68 68
69 56
70 47
93 71
15 72
79 24
31 26
75 52
76 76
60 77
29 21
95 79
70 80
21 1
82 79
83 83
12 84
84 85
28 86
87 87
95 88
89 10
90 90
91 78
92 65
93 93
14 0
47 95
75 71
97 97
98 98
34 99
0 0
