1 34
4 2
3 25
43 4
5 4
26 58
36 7
8 8
21 9
10 10
11 11
98 12
13 13
14 14
15 15
3 16
17 17
18 18
19 10
62 40
21 21
22 44
67 23
40 24
25 25
1 93
68 27
28 65
29 29
30 60
10 31
32 32
33 44
34 34
35 35
58 36
37 37
73 38
26 39
40 40
41 41
93 42
43 81
73 48
79 45
46 46
84 47
48 48
49 85
50 50
51 51
72 94
53 28
54 91
48 55
56 15
57 57
58 58
59 27
45 60
61 61
62 6
63 63
64 76
95 52
29 66
24 67
90 68
69 69
70 65
71 0
23 22
73 64
31 74
58 75
32 59
77 77
47 78
79 79
80 2
81 48
82 82
80 22
48 72
70 85
86 86
55 87
88 88
89 89
16 90
91 91
92 92
77 67
94 94
20 2
96 96
97 97
20 98
99 99
5 0
