50 56
43 2
3 99
99 4
5 37
6 6
7 7
56 8
9 9
10 3
11 17
88 5
13 13
14 95
15 49
67 21
17 43
18 18
19 19
20 20
57 21
16 22
91 5
24 77
25 25
50 26
27 61
52 30
30 69
24 33
62 31
32 5
33 33
34 34
23 78
36 36
17 37
38 75
44 39
24 40
41 23
15 42
43 37
44 97
45 45
77 46
47 47
60 48
72 49
96 50
51 58
52 62
53 53
54 54
42 55
56 68
4 57
94 27
59 59
51 60
61 61
62 38
90 63
18 21
65 65
66 66
52 16
68 68
69 74
30 70
71 71
72 72
32 73
74 74
75 61
76 64
43 77
78 14
79 79
49 80
15 81
82 82
72 83
13 84
85 85
21 86
87 87
90 88
89 89
90 90
91 87
82 54
3 69
16 62
95 98
96 96
97 81
98 36
99 99
13 0
