1 1
2 79
6 3
4 9
5 43
89 6
6 4
41 17
88 9
33 10
76 43
91 12
1 46
55 5
15 15
23 16
17 17
10 18
19 19
20 20
21 2
22 64
23 46
24 24
25 78
26 26
14 27
28 62
29 83
30 52
31 31
32 32
77 33
34 55
35 95
36 36
37 81
38 51
61 39
40 40
41 94
42 42
97 66
29 44
45 85
82 46
38 47
48 48
49 49
14 50
61 51
52 52
53 83
54 36
55 36
88 56
57 81
45 61
59 98
24 45
61 93
54 62
63 13
64 24
65 65
66 66
67 67
68 60
40 69
61 70
63 71
72 77
73 14
74 42
44 75
36 76
77 10
58 90
61 79
92 9
81 81
12 82
88 83
84 70
85 56
86 86
79 87
32 88
89 38
70 10
74 91
92 92
11 33
10 4
95 95
96 19
97 2
98 98
99 99
40 27
