64 1
2 92
11 3
4 4
5 5
6 6
7 7
70 8
78 9
10 10
37 73
12 30
13 38
96 14
15 46
30 16
54 17
9 18
19 6
20 20
98 21
46 22
30 23
16 24
25 97
24 26
79 27
55 28
29 29
16 15
29 31
32 3
18 33
68 34
64 35
36 36
10 86
77 38
39 39
40 40
41 41
42 19
74 40
44 30
45 22
24 46
47 45
48 70
49 30
50 50
96 17
24 83
53 33
32 54
59 55
64 56
57 57
85 58
59 39
60 37
83 83
59 62
63 63
63 64
65 44
66 69
67 67
94 11
34 69
70 70
89 71
72 72
69 73
74 74
31 75
89 76
94 77
33 78
79 79
85 38
27 81
82 82
32 83
84 84
81 3
86 85
87 87
88 62
89 13
34 90
76 91
92 92
98 86
25 52
95 95
83 33
97 27
98 98
99 47
15 0
