1 1
2 2
3 41
4 3
70 5
6 66
7 7
8 8
9 9
10 10
81 11
51 12
13 13
14 43
15 17
16 55
17 71
53 18
37 91
37 48
41 86
78 22
65 1
24 24
25 25
26 17
27 27
28 28
24 29
30 30
31 31
88 68
18 33
31 34
35 12
36 36
34 14
38 38
59 39
92 40
41 41
35 42
43 43
44 44
45 3
32 11
5 47
91 48
54 12
3 32
51 54
52 28
53 69
56 54
88 55
92 56
57 19
58 58
50 56
60 60
23 61
62 75
74 63
64 64
65 47
66 66
67 67
68 68
52 69
70 84
71 99
59 72
73 73
94 72
75 75
74 90
77 40
73 78
79 79
90 40
81 73
82 82
35 83
84 60
85 85
86 86
31 19
94 5
12 65
80 23
24 81
74 92
32 93
94 15
95 97
96 96
97 97
6 15
15 6
0 53
