1 13
2 49
3 74
4 4
45 5
6 6
7 7
31 8
9 9
10 10
97 11
12 4
13 0
14 8
91 17
16 92
41 18
75 18
19 19
20 25
25 21
22 22
40 73
82 33
56 25
26 33
27 27
83 95
29 36
45 14
57 20
32 95
33 79
26 34
35 80
74 36
37 37
38 38
39 40
40 75
41 41
70 42
48 43
36 44
45 72
86 46
47 49
48 48
2 86
50 53
51 51
52 52
8 53
54 54
60 16
56 85
5 57
58 58
59 59
60 29
61 61
51 62
63 63
64 0
65 65
99 89
67 67
53 54
61 69
70 64
82 71
72 72
73 33
82 74
64 75
76 56
77 59
78 78
72 59
72 80
81 81
82 24
83 74
3 29
94 85
40 14
87 60
88 88
89 84
90 90
81 91
15 43
73 93
90 94
94 95
96 93
97 84
98 42
64 33
12 58
