3 1
2 59
3 3
4 51
84 20
51 6
44 7
60 8
19 9
10 10
86 41
9 12
13 13
14 29
15 37
24 16
17 17
16 76
84 19
20 20
9 21
22 22
23 73
24 24
83 25
26 26
45 27
28 28
29 40
86 25
21 72
94 37
1 53
34 65
35 35
8 36
37 40
38 91
64 53
40 79
93 49
48 89
43 89
45 83
45 40
5 46
47 12
48 48
49 8
50 72
35 26
67 52
55 53
45 54
37 55
98 78
76 57
2 86
78 57
60 60
61 18
62 62
63 61
64 63
65 65
96 66
67 67
54 68
69 69
70 77
71 71
1 72
73 18
74 74
72 75
42 56
83 77
78 52
79 47
80 80
79 81
16 82
40 34
5 81
85 85
86 42
87 12
88 88
89 89
56 90
91 94
70 92
93 93
94 94
95 1
45 96
51 97
66 23
99 6
20 0
