51 1
97 2
3 32
62 4
5 5
6 66
96 7
8 8
57 32
72 10
11 42
12 12
19 45
83 14
15 15
6 16
51 86
7 77
19 19
74 20
61 62
76 84
97 23
80 22
25 25
26 69
29 27
61 28
89 29
30 30
31 87
5 21
33 33
82 34
24 35
36 36
84 37
13 38
39 27
40 40
22 41
64 42
43 43
34 31
45 12
66 46
47 17
48 35
49 51
50 50
8 15
52 52
1 53
54 85
10 55
56 56
57 57
70 58
51 83
60 60
98 61
95 9
63 63
64 0
65 65
6 66
67 67
1 68
69 69
9 70
71 71
72 72
73 59
74 74
75 1
83 42
36 91
78 5
62 79
80 80
71 81
62 72
76 33
84 38
85 60
86 76
26 87
88 44
97 23
90 90
81 85
92 92
93 76
19 93
29 95
96 41
29 47
24 28
32 99
17 0
