1 58
2 2
3 69
4 12
5 9
6 54
64 7
32 8
9 9
16 10
11 11
30 42
13 94
14 17
15 36
66 9
44 54
18 46
78 19
99 20
21 21
22 20
40 61
24 87
25 25
27 26
39 18
28 34
29 29
30 47
31 31
62 32
45 3
34 27
35 39
36 29
37 7
95 38
39 39
40 40
41 41
52 27
92 43
44 44
67 80
68 32
47 91
48 48
3 49
23 44
23 51
81 4
49 53
54 54
0 96
22 56
57 57
24 95
59 56
60 60
61 61
10 53
63 76
29 4
3 41
32 10
95 70
68 68
69 58
70 70
37 71
72 72
65 73
74 96
75 82
43 76
18 77
78 10
79 79
54 80
81 81
82 82
83 83
84 76
85 85
86 53
87 87
23 88
22 52
4 90
0 33
43 92
93 93
94 46
64 42
46 17
97 26
98 95
3 99
83 0
