1 71
2 32
81 89
4 1
23 5
6 6
7 7
70 8
9 9
89 10
77 18
87 12
53 79
14 14
15 15
16 55
17 17
18 18
56 19
20 1
21 21
22 68
23 23
99 26
48 79
12 55
75 91
28 28
29 29
30 88
31 53
32 32
33 33
41 34
35 35
36 36
53 48
59 38
91 39
75 33
41 41
42 42
43 73
44 58
45 45
46 7
62 47
48 65
36 49
90 50
51 28
52 52
53 83
50 54
2 55
40 56
57 73
48 58
59 59
60 31
61 61
22 62
62 64
64 64
64 77
66 60
96 67
68 68
69 69
43 82
71 71
71 72
13 63
74 74
75 75
76 45
89 77
12 78
79 79
80 93
81 81
82 76
17 83
84 84
85 19
86 86
87 87
88 17
89 91
47 90
98 91
92 55
93 93
94 94
95 95
96 96
59 97
23 98
99 51
0 0
