17 1
2 2
3 3
98 4
32 5
6 81
7 7
8 51
9 40
10 43
11 11
77 12
13 24
39 14
15 15
16 16
76 55
42 18
19 18
20 20
27 97
56 65
59 5
94 24
25 26
27 26
51 64
28 81
29 29
30 30
97 31
7 58
48 33
56 34
29 35
36 36
58 37
38 66
10 28
40 40
41 32
36 42
16 19
44 44
45 45
46 46
47 0
10 67
49 16
35 68
67 30
52 52
53 43
54 54
55 98
56 29
57 34
71 58
87 59
60 60
38 61
51 62
61 63
64 41
61 65
1 39
74 67
68 68
69 69
70 93
78 61
63 72
73 12
5 10
75 2
71 35
77 15
78 78
79 79
80 72
81 81
82 94
43 83
84 84
85 85
86 23
75 87
88 88
0 89
90 90
65 91
31 92
93 94
94 73
95 95
96 96
97 32
74 99
49 76
80 0
