1 1
26 67
15 3
89 4
5 5
81 6
7 96
8 92
9 9
10 10
11 11
39 12
81 13
25 21
15 15
86 16
17 2
18 35
19 19
20 20
21 80
22 89
88 23
83 27
83 25
65 28
27 55
28 65
15 29
30 30
31 31
32 81
33 85
67 34
54 35
36 70
37 37
8 38
39 31
52 40
41 41
65 42
43 43
44 44
45 54
46 46
47 85
48 65
49 49
72 50
97 23
52 12
63 53
30 23
55 55
56 56
57 57
58 76
59 10
97 34
25 95
62 51
54 41
64 64
52 6
24 66
92 60
68 68
69 14
70 70
95 71
72 80
73 73
38 74
75 75
76 76
77 4
78 1
34 79
63 80
32 99
82 82
3 83
84 35
61 85
89 86
16 87
88 88
42 37
90 90
58 91
76 92
93 32
94 94
95 95
96 11
97 22
38 98
99 99
0 0
