1 94
2 2
3 36
4 4
5 5
65 6
29 7
81 53
9 9
10 73
49 11
12 84
13 13
25 14
15 86
77 16
88 41
18 11
19 17
49 61
21 21
21 28
23 57
31 0
81 25
94 2
55 94
41 28
29 60
89 24
31 39
9 32
33 33
34 24
35 22
36 36
23 37
27 38
86 39
40 1
41 41
15 42
20 43
12 44
48 83
57 25
60 47
48 48
7 49
50 2
51 48
52 52
53 53
46 54
55 55
56 56
57 8
58 13
59 27
52 60
74 61
62 62
63 63
64 98
65 65
66 89
75 67
57 49
69 58
32 70
73 21
54 72
73 91
74 74
24 75
76 94
99 77
78 93
79 91
31 80
81 66
82 44
83 83
84 42
85 85
86 86
87 78
80 88
1 89
90 50
8 35
92 92
93 93
41 58
95 95
91 96
34 67
99 98
99 99
31 0
