1 42
13 2
28 3
4 4
5 5
63 6
7 15
8 8
9 9
10 38
11 11
12 12
19 13
38 14
15 73
45 16
17 17
18 18
69 65
20 52
21 36
22 22
23 23
24 24
25 25
26 99
27 46
28 28
29 92
30 29
31 22
13 32
97 33
19 86
35 35
38 35
83 37
75 38
48 39
88 40
41 44
42 31
43 43
85 44
15 45
33 46
47 47
48 24
49 77
7 50
92 51
52 52
69 53
54 54
17 55
56 56
59 21
30 14
59 59
60 60
61 61
62 91
86 45
64 64
40 90
66 29
67 67
68 36
50 69
4 70
71 32
72 72
20 73
74 74
75 75
99 76
77 77
78 78
54 79
80 78
81 81
51 82
20 83
84 84
85 85
86 27
87 67
51 71
89 89
90 90
40 50
70 92
93 91
94 94
95 95
96 96
97 13
98 98
42 88
0 35
