1 99
2 2
3 24
4 61
5 5
6 6
7 7
7 8
9 62
10 10
11 75
94 12
93 37
74 0
57 15
16 16
17 87
34 18
80 79
95 20
48 56
22 22
23 23
48 24
25 37
75 26
27 27
28 28
29 29
30 0
31 3
32 32
58 26
6 34
35 21
36 77
15 95
38 4
39 81
3 71
41 76
83 42
43 81
49 9
93 8
90 0
24 47
64 32
49 79
60 50
40 51
52 52
16 53
35 54
49 73
19 78
57 57
58 58
55 50
56 60
61 24
62 62
63 63
85 64
52 41
66 80
71 67
68 68
21 69
41 29
35 71
72 72
73 73
14 97
88 80
71 76
19 77
78 25
65 79
42 80
29 81
66 86
83 66
84 84
19 85
35 86
87 67
88 88
89 89
90 90
45 91
92 92
93 3
94 41
9 95
96 96
97 76
98 98
59 99
0 56
