1 9
2 74
94 3
52 4
5 5
6 61
7 7
84 41
71 47
12 10
11 10
12 12
13 13
14 13
8 15
16 49
17 17
2 18
19 19
81 20
21 21
63 22
50 47
24 87
31 7
26 26
54 27
28 28
20 29
30 30
19 31
55 32
33 33
34 34
35 99
78 36
37 51
67 40
39 47
8 40
41 41
42 42
81 43
44 44
45 45
90 47
47 47
40 48
49 79
50 50
51 51
52 52
53 23
27 54
55 55
56 93
57 57
58 58
59 59
79 60
61 65
62 62
63 48
57 64
65 65
92 94
84 67
68 68
69 69
13 63
71 0
72 31
56 70
74 74
75 75
74 76
77 25
78 24
2 70
97 80
81 81
82 82
83 83
84 85
85 15
86 86
25 73
42 88
89 89
90 90
65 77
41 8
62 93
20 0
96 95
96 96
97 97
98 0
66 99
0 0
