1 1
2 2
3 3
77 4
16 5
32 6
7 44
8 8
9 47
10 69
82 11
21 12
13 13
14 14
62 15
60 18
65 38
38 18
64 4
52 16
21 33
22 33
23 13
51 24
25 25
26 91
13 27
3 68
29 29
30 30
31 66
14 70
72 33
34 37
35 11
36 36
86 37
38 11
39 39
40 81
41 69
42 42
43 32
44 16
45 64
89 46
47 47
48 41
7 49
95 82
39 69
68 52
68 39
54 82
58 4
85 81
91 13
58 98
6 66
60 14
75 40
29 48
63 63
66 64
59 57
15 81
67 67
64 56
51 67
70 70
40 71
34 72
6 73
97 37
0 75
28 6
77 20
86 78
53 79
62 98
81 11
82 97
76 83
23 81
18 85
86 54
87 87
88 88
89 9
90 90
91 95
92 92
93 93
53 94
28 64
69 96
67 97
98 55
93 99
0 6
