1 1
4 86
58 3
88 4
3 5
96 70
70 7
8 40
9 9
10 93
11 81
99 90
22 13
46 26
15 95
16 16
58 17
31 18
85 17
28 15
21 21
49 22
23 17
24 24
50 25
26 24
27 44
28 28
29 29
8 30
31 19
32 19
33 33
93 34
35 47
5 36
37 37
38 3
72 39
40 40
41 25
42 33
82 9
11 90
45 71
46 86
48 47
48 52
49 49
41 45
17 51
52 52
51 53
54 54
55 77
21 56
57 57
26 58
59 87
74 60
16 94
8 65
3 79
64 47
65 99
66 66
47 67
68 99
69 69
76 70
72 34
72 72
2 54
49 74
75 61
76 65
77 5
78 64
79 79
80 31
81 66
11 82
83 98
6 84
85 64
86 89
65 38
79 88
87 89
21 90
91 19
92 92
28 67
94 94
73 95
96 40
20 97
98 98
99 72
0 0
