1 1
2 84
3 85
4 4
65 5
6 6
46 7
8 8
9 13
10 89
60 11
22 31
13 33
14 14
97 15
11 19
23 17
76 18
19 19
20 31
11 21
95 22
58 23
24 57
25 58
26 26
27 27
28 28
8 6
70 7
65 3
32 32
60 33
51 34
35 49
43 36
37 37
38 38
39 46
40 40
68 41
75 42
43 4
44 29
86 45
20 46
17 47
48 48
49 49
36 50
89 73
24 52
79 53
54 15
37 97
56 56
33 57
73 58
6 93
60 26
62 61
43 62
63 63
64 80
65 50
88 46
65 49
8 48
69 69
77 70
71 71
72 13
73 93
39 74
75 76
55 76
77 77
15 78
79 79
31 80
80 81
82 86
66 70
26 43
9 43
9 86
48 87
88 21
19 8
40 90
91 91
92 26
40 2
94 94
95 95
96 96
11 97
98 98
99 87
0 0
