1 68
2 24
3 42
28 4
5 3
97 32
32 7
8 22
9 9
0 10
11 46
12 93
13 13
14 14
9 15
16 16
17 17
18 27
77 74
20 41
21 21
62 22
92 23
73 24
21 25
15 26
27 48
28 85
29 89
30 30
31 31
32 32
6 33
34 34
54 80
19 5
37 37
31 38
39 39
48 38
60 26
42 42
58 43
21 44
11 45
46 81
54 47
48 37
3 49
50 50
51 51
52 52
53 53
12 50
55 51
56 56
57 57
91 58
42 96
87 45
61 61
62 62
63 95
64 68
65 30
38 85
28 65
68 62
61 69
70 70
3 71
72 72
4 73
74 61
41 75
77 19
77 77
59 78
79 79
17 58
25 81
82 82
17 83
38 84
85 77
30 86
87 72
88 88
89 89
91 62
91 6
92 78
94 93
83 7
12 95
41 17
85 97
98 98
99 96
72 0
