1 1
2 2
3 71
26 49
5 5
53 6
61 7
8 8
66 42
10 52
11 81
12 12
13 36
14 14
15 74
16 16
17 17
18 18
66 19
20 20
90 21
91 22
23 83
24 33
60 25
24 26
94 27
11 28
29 29
30 50
94 31
32 32
81 33
34 33
35 31
36 90
37 52
38 38
39 39
63 40
61 41
42 42
43 43
44 44
45 45
46 24
47 28
22 16
49 49
50 11
51 51
52 3
73 81
54 88
55 55
19 56
57 93
11 58
55 52
60 61
48 61
30 62
12 63
1 64
67 53
86 19
4 67
70 68
50 69
70 70
71 71
72 91
13 24
55 74
75 75
76 92
77 77
78 4
70 60
80 80
81 32
7 59
83 46
84 84
85 85
22 86
87 87
88 83
89 89
16 88
91 75
92 40
49 57
99 30
95 95
96 82
97 89
59 98
99 99
0 0
