1 1
2 10
3 3
4 56
5 5
39 6
85 7
8 8
22 63
10 10
7 11
12 12
13 39
14 76
43 15
16 54
17 59
86 18
19 19
20 20
44 25
21 22
23 23
42 24
25 72
26 91
27 95
28 28
18 29
30 30
31 31
32 32
33 58
34 83
39 35
40 36
43 20
36 38
37 39
65 40
41 21
42 89
43 43
51 2
45 45
13 37
77 23
48 48
49 49
50 38
43 51
94 52
53 53
85 17
91 77
56 18
43 57
22 58
59 94
85 60
61 61
62 62
16 60
64 64
8 65
16 66
67 67
68 68
69 80
70 70
73 71
72 72
73 73
82 74
7 75
76 76
21 60
78 78
37 79
80 51
81 38
20 67
83 44
84 77
97 88
86 48
87 30
88 1
15 89
90 90
82 91
92 24
93 82
94 82
95 9
96 96
97 97
98 29
99 99
0 0
