1 75
6 40
43 57
17 97
5 5
6 5
7 7
4 8
9 17
10 17
11 30
12 12
13 95
78 14
15 15
16 3
7 17
18 30
19 19
20 36
20 21
22 22
23 45
84 24
25 25
26 18
57 27
28 60
29 29
48 97
31 31
58 32
55 86
3 43
5 35
36 5
37 89
38 38
39 39
40 37
41 89
42 42
43 43
44 46
40 45
91 48
97 47
36 77
49 23
48 23
23 95
35 52
53 53
54 54
55 55
56 35
30 10
58 49
95 59
60 58
61 61
60 13
63 35
64 64
65 65
66 46
67 80
43 68
69 69
70 70
71 71
72 83
73 62
95 71
75 56
52 76
77 3
25 78
67 79
47 80
84 81
82 82
83 83
84 52
73 85
57 86
87 87
93 88
96 20
90 92
91 43
92 92
93 64
94 9
2 0
98 96
97 81
26 80
99 99
0 0
