1 18
2 2
93 3
4 24
5 5
54 6
7 7
99 25
82 9
10 55
95 11
35 12
5 13
14 14
15 15
16 53
86 17
63 18
85 19
20 14
17 30
22 22
58 23
87 24
27 25
9 26
27 29
67 3
29 82
30 30
54 41
32 96
33 33
34 47
35 33
36 11
37 47
63 38
42 39
40 40
41 41
44 42
55 43
44 44
45 21
46 21
48 74
48 48
49 49
50 11
51 51
52 52
53 59
54 7
55 82
36 56
57 96
58 4
80 59
66 60
21 61
5 36
99 63
12 64
8 65
66 66
67 67
68 62
69 32
70 70
71 26
72 15
73 73
74 74
56 75
45 76
24 75
78 44
79 90
7 73
81 81
82 39
83 69
84 84
85 85
86 86
71 87
88 88
89 89
90 20
91 55
92 33
45 93
94 36
67 95
96 19
77 3
98 33
99 99
94 0
