8 17
2 39
3 81
4 4
5 5
6 6
89 7
8 1
9 9
10 92
11 11
66 12
13 66
14 14
15 15
65 16
67 11
18 18
19 19
20 20
36 21
22 22
23 65
24 23
65 25
1 26
77 27
28 28
73 29
77 30
31 98
32 73
48 33
79 65
35 90
51 36
37 85
38 38
39 39
40 64
41 41
49 25
43 43
44 44
26 45
4 46
47 74
48 48
67 1
56 50
51 91
52 52
79 53
16 58
55 28
56 38
56 57
58 58
15 95
60 60
61 61
48 74
34 62
90 64
40 65
86 66
67 95
68 68
69 54
70 70
71 71
72 51
35 59
74 74
6 75
61 85
93 90
78 78
91 79
34 80
44 81
82 82
83 83
84 84
85 44
86 86
42 87
88 88
20 89
90 7
30 91
92 99
93 33
49 72
95 34
11 96
97 97
98 98
99 35
17 0
