1 77
2 2
92 3
4 4
5 31
6 29
7 7
22 8
76 9
10 10
11 11
35 12
7 13
63 14
15 15
14 16
17 70
18 18
30 19
20 20
21 21
35 18
23 77
24 20
25 15
26 9
44 27
28 59
99 29
1 85
31 31
32 32
94 33
22 34
35 35
71 36
37 54
38 38
39 45
40 58
41 23
38 74
41 43
37 44
45 45
46 59
48 93
48 21
49 76
50 12
99 51
89 52
53 53
84 86
55 42
76 15
57 82
84 21
59 93
12 60
61 6
62 62
6 63
64 79
65 65
66 66
67 97
30 63
69 69
89 70
71 88
72 72
25 73
48 50
75 28
76 76
77 88
0 78
83 79
41 80
81 81
82 7
54 91
82 98
85 85
86 51
58 87
57 33
89 84
90 25
69 91
81 92
93 83
61 94
95 0
24 96
78 97
98 16
99 99
43 0
