98 1
2 17
3 86
63 4
69 5
6 6
32 92
8 8
87 93
74 10
81 11
23 97
81 89
14 14
15 28
16 16
17 17
30 18
19 19
87 20
21 19
33 22
23 23
24 44
73 21
39 26
27 24
27 57
35 29
73 13
61 26
95 2
41 33
54 34
6 35
75 36
86 23
90 38
39 39
40 39
41 41
87 42
43 43
54 95
45 45
25 46
47 92
95 47
56 49
75 54
51 51
89 59
53 53
29 54
55 13
56 56
57 57
58 58
79 97
60 60
61 40
63 62
63 31
52 64
65 65
66 86
67 67
99 68
69 44
70 35
71 38
72 72
73 73
74 29
75 85
76 76
32 77
51 93
79 79
85 80
32 81
82 82
83 15
84 70
85 85
86 86
87 22
88 0
81 89
37 90
91 91
34 92
50 3
55 94
95 57
87 46
97 22
98 1
80 99
0 30
