16 10
95 2
3 3
82 1
78 26
6 6
7 7
8 8
9 73
10 22
11 11
12 32
13 79
88 14
15 63
28 30
17 17
18 12
19 19
20 20
99 21
22 20
23 95
24 79
80 25
26 26
27 0
28 28
29 2
30 15
31 25
32 66
93 33
34 34
58 13
62 63
92 61
38 38
75 39
82 40
41 16
42 42
43 43
21 44
45 13
46 46
47 73
48 25
49 15
2 50
22 51
52 52
55 62
50 49
55 50
41 56
93 57
58 58
59 59
77 55
61 75
23 62
64 32
51 64
6 65
66 5
70 63
30 68
69 25
70 53
71 86
72 72
49 73
98 74
75 75
23 76
75 77
5 47
79 79
51 13
15 47
5 6
83 83
84 13
59 14
38 86
87 68
88 88
85 89
90 90
91 58
90 92
93 71
94 70
40 95
83 96
32 97
82 47
10 99
23 0
