46 1
2 2
3 90
4 4
5 31
2 6
7 36
8 36
9 8
8 45
11 71
39 24
13 82
14 14
15 93
16 74
17 13
89 18
83 19
95 20
69 21
22 12
69 41
24 4
33 25
26 16
27 27
58 91
96 96
96 41
74 32
32 32
33 99
34 71
35 45
36 89
37 24
38 87
59 39
40 49
20 41
42 42
43 43
3 44
45 87
46 81
47 90
81 36
83 14
50 50
9 51
52 22
82 53
54 54
55 55
56 56
52 57
58 75
59 59
60 75
24 61
62 62
63 63
64 76
65 65
34 66
67 67
23 81
53 69
41 70
71 60
68 72
73 99
77 74
13 39
76 83
77 77
78 78
79 79
80 95
81 55
71 19
96 72
84 98
85 85
86 4
81 87
88 62
39 89
16 90
91 91
92 95
11 75
98 94
74 65
96 47
97 49
93 84
46 55
84 0
