73 1
13 35
3 53
4 4
5 5
10 6
7 29
8 25
59 9
21 10
11 57
12 12
13 46
14 14
3 15
16 1
17 68
18 57
19 86
20 20
84 21
22 22
23 23
40 24
10 88
56 26
27 27
28 28
96 68
30 37
31 15
32 76
33 23
50 34
48 35
16 36
37 76
38 38
31 11
40 29
56 41
77 42
43 43
68 48
45 45
37 46
47 49
48 94
48 49
50 50
51 51
52 66
53 59
91 54
55 55
56 56
27 84
58 58
65 59
60 60
61 1
62 62
88 63
64 64
65 86
22 66
63 39
68 85
69 69
44 70
71 71
72 82
73 73
49 74
91 75
76 7
94 77
78 78
79 79
80 38
81 81
29 82
83 57
1 84
85 85
19 86
41 87
88 80
89 89
90 90
91 91
92 41
36 93
94 94
95 25
96 16
97 22
7 98
99 56
0 0
