1 7
86 2
39 3
4 4
5 5
82 6
7 7
61 8
49 49
10 10
94 11
98 12
13 5
14 14
16 15
63 16
17 17
18 70
31 19
20 84
21 21
10 22
23 23
24 24
60 25
26 94
23 27
90 34
47 97
59 64
51 31
87 32
33 90
52 34
35 35
43 36
65 37
38 38
39 29
40 40
44 41
34 42
43 43
14 44
23 45
14 46
95 49
52 49
26 36
84 50
79 51
52 19
16 53
29 54
55 55
56 68
57 57
58 9
98 59
60 60
31 33
62 62
56 63
74 64
65 55
12 4
97 67
68 37
69 12
74 70
3 51
74 27
95 73
74 53
75 75
77 37
77 50
78 77
79 88
80 53
81 35
70 57
83 85
75 84
85 85
86 79
94 87
47 27
64 89
90 98
67 91
92 92
93 93
0 94
95 9
96 96
97 97
98 66
99 2
0 0
