1 1
2 2
38 3
4 98
5 5
6 31
45 7
8 9
9 9
90 10
47 11
12 12
13 13
18 14
12 15
66 16
4 17
40 48
19 19
83 20
82 70
22 22
23 23
24 24
76 64
28 71
27 27
85 91
29 29
24 30
31 31
32 32
74 33
34 0
35 35
36 5
37 37
38 38
39 41
40 20
41 41
96 42
46 7
44 26
43 89
46 52
44 47
48 48
69 49
50 21
51 52
52 18
53 94
54 54
4 55
64 56
57 57
5 97
79 59
60 78
64 82
47 62
63 97
64 64
86 65
77 18
28 67
49 68
2 75
10 70
71 71
72 15
73 73
28 74
75 39
69 33
77 77
80 64
79 85
95 80
81 94
58 78
83 83
82 84
85 46
61 61
87 17
9 70
20 16
15 90
91 91
43 27
47 60
88 73
95 16
58 96
97 97
98 1
81 3
25 17
