1 1
63 2
3 3
4 4
55 87
83 33
91 73
65 34
9 9
10 81
97 11
84 83
13 13
9 14
62 84
11 34
18 17
18 18
19 19
14 20
21 21
9 22
23 90
33 24
85 25
71 26
27 49
28 28
29 59
30 99
48 49
32 91
18 94
34 34
35 35
88 36
37 37
38 38
61 39
40 54
99 41
71 42
22 43
44 45
36 45
46 82
33 47
48 60
49 34
50 50
51 89
93 52
28 53
36 54
22 40
6 56
57 67
58 16
58 59
34 6
61 61
34 62
63 32
64 51
65 49
86 66
67 68
68 68
66 69
70 97
71 56
43 12
73 14
74 74
75 56
49 76
77 77
78 78
18 79
80 24
81 81
82 81
83 50
33 82
85 83
86 86
32 87
50 74
54 59
24 90
6 78
4 92
48 93
94 48
95 25
96 88
75 40
70 1
32 13
0 99
