1 36
33 1
3 85
27 88
5 5
6 75
7 7
8 8
9 19
42 10
11 11
12 28
62 51
14 14
97 98
54 97
17 97
50 44
22 31
20 20
5 21
8 22
32 23
91 24
3 25
26 26
74 50
4 34
29 29
65 30
34 31
32 32
33 93
28 34
16 35
97 36
37 37
38 38
39 39
1 40
41 41
42 20
15 43
44 44
45 45
64 46
59 47
48 48
49 49
50 50
51 51
52 3
99 4
31 54
7 55
62 56
2 57
58 58
59 59
60 72
61 61
62 89
63 65
64 77
61 81
95 66
67 67
46 68
69 69
70 74
71 71
57 47
73 73
74 89
75 75
96 78
22 75
78 78
88 79
80 80
81 81
82 82
90 63
84 84
97 85
86 86
58 24
88 88
98 8
59 66
36 58
97 12
93 97
12 95
81 96
96 75
93 39
98 21
66 99
6 53
