70 1
22 2
3 48
80 4
19 67
6 6
54 31
71 8
9 49
16 25
11 6
12 79
16 13
14 14
2 15
86 16
17 17
2 18
19 65
20 35
21 63
22 52
23 4
24 24
25 30
11 72
92 32
28 95
78 89
30 30
31 31
32 88
7 33
34 34
57 24
67 36
37 13
33 85
39 39
40 40
41 41
42 46
43 43
80 65
45 45
71 46
22 47
8 53
45 25
5 50
51 51
87 52
53 53
54 93
55 39
20 46
57 57
58 58
13 59
5 60
61 61
62 59
3 71
31 67
58 65
66 77
67 29
98 68
38 69
70 39
49 71
72 72
64 73
74 74
75 68
21 4
58 77
78 78
24 56
80 78
81 90
82 62
83 51
84 53
85 85
14 86
99 87
24 45
88 89
90 14
91 76
92 92
87 93
94 94
95 67
96 96
97 97
95 73
33 70
67 0
