1 1
2 43
3 61
4 94
37 13
6 6
7 41
8 8
9 9
10 10
74 11
82 40
13 13
14 50
15 15
81 16
39 0
85 18
19 40
89 20
74 10
48 23
23 85
24 49
25 25
26 64
69 53
28 69
50 29
30 61
23 31
9 19
66 33
34 17
35 45
73 83
37 98
26 38
32 15
40 66
36 41
42 56
40 43
99 44
45 45
76 46
47 47
17 48
49 49
50 23
21 51
64 39
17 53
54 52
60 55
75 56
20 19
58 99
59 69
12 74
52 5
62 36
36 40
65 64
65 12
47 66
67 67
53 68
69 69
29 83
84 10
29 51
73 83
74 2
75 86
99 25
77 77
78 78
79 35
80 5
81 81
82 44
0 23
84 84
91 85
86 84
54 51
88 29
24 89
90 90
91 16
92 92
93 93
94 9
95 95
88 96
80 97
98 98
88 99
0 34
