1 1
12 18
68 3
4 37
5 79
91 6
7 75
8 80
98 9
10 83
11 11
12 12
1 13
65 48
15 15
30 44
69 19
18 18
14 19
59 20
29 21
22 87
23 48
24 24
25 3
26 26
27 66
15 28
29 29
60 30
31 31
32 32
33 33
34 50
35 35
94 36
92 37
67 38
41 39
63 40
77 17
42 40
38 43
44 17
32 45
69 46
47 92
1 48
1 49
50 37
51 51
52 52
35 53
54 14
91 55
56 86
72 92
30 58
59 53
60 6
82 61
62 9
63 63
64 64
65 65
96 66
67 9
68 68
23 69
37 70
71 71
72 72
99 73
48 74
33 75
75 76
77 77
59 78
15 79
24 80
98 81
47 82
83 45
84 84
54 85
86 86
87 87
88 88
83 89
90 80
91 91
6 92
93 96
50 94
4 95
96 29
97 58
98 60
3 20
0 0
