1 17
8 2
3 94
4 4
5 64
57 6
7 7
8 51
9 9
85 10
11 11
69 12
13 67
42 14
15 15
16 14
17 17
18 18
92 77
75 28
21 99
22 0
9 9
33 24
25 47
26 26
27 27
3 20
14 43
30 30
31 65
32 32
33 45
34 3
35 30
36 11
37 37
38 75
39 39
40 40
96 41
42 42
24 43
44 87
18 45
46 46
33 47
48 23
65 55
50 46
54 51
52 52
53 53
54 61
55 55
83 23
57 87
32 58
72 18
29 60
35 95
97 62
60 63
64 64
65 24
66 66
67 67
59 68
69 69
70 70
71 41
72 50
73 6
74 74
75 31
22 76
77 77
78 18
79 79
80 36
81 81
27 22
74 83
84 45
72 84
86 61
87 87
17 88
89 89
1 90
91 65
92 32
73 93
94 94
61 95
6 96
85 27
98 98
35 99
90 0
