1 59
2 2
82 3
18 4
5 5
88 6
37 61
84 59
9 9
10 10
62 11
12 12
13 24
38 14
15 15
16 16
17 12
74 23
89 25
11 62
67 95
22 20
26 23
24 76
25 35
76 39
27 44
28 24
29 29
15 30
31 31
32 32
33 9
34 76
35 35
48 36
37 37
81 82
39 90
25 40
62 19
44 42
82 98
44 44
45 59
43 46
47 8
48 79
1 49
50 50
51 51
52 52
53 53
54 54
28 55
56 18
95 74
58 62
0 79
97 60
60 61
82 62
63 46
64 64
65 59
66 66
67 49
68 68
69 88
70 70
73 71
18 72
73 44
74 34
28 75
0 93
77 24
38 78
79 72
80 80
61 81
78 65
83 97
84 21
90 15
86 21
87 87
88 88
57 85
90 90
91 89
92 92
10 93
94 69
89 95
64 76
43 12
98 21
20 99
0 34
