69 90
2 2
3 3
4 4
5 2
6 6
7 67
96 95
9 41
69 67
11 11
12 12
39 58
14 14
15 7
26 16
84 17
18 59
19 19
61 20
21 21
16 22
17 23
71 28
25 25
70 97
70 27
74 28
38 29
30 30
33 31
31 32
33 33
34 77
35 45
11 65
18 88
38 60
10 80
40 40
41 13
68 42
21 43
44 44
45 45
82 46
29 47
13 48
49 49
71 50
51 93
58 60
2 53
54 54
55 26
56 56
57 57
86 58
59 59
60 41
61 61
80 62
63 53
24 64
65 65
66 66
68 67
9 79
69 28
34 70
46 71
93 72
18 73
82 74
75 75
76 76
76 77
43 78
79 97
82 80
81 47
82 65
15 52
39 96
72 33
46 86
87 89
88 88
89 89
89 90
20 94
16 92
93 41
94 73
95 95
81 96
41 97
98 49
8 99
8 48
