1 1
96 56
87 3
91 57
5 5
6 51
7 7
8 8
18 35
25 10
26 36
12 12
21 94
14 1
15 65
16 16
87 57
14 40
62 19
77 20
21 21
22 48
23 23
61 4
92 2
26 26
51 27
28 28
29 77
74 30
32 40
32 93
33 33
34 86
90 6
36 8
37 53
38 28
39 39
13 40
48 96
21 42
44 28
19 32
32 24
53 27
95 47
19 48
49 20
50 50
47 22
52 52
89 53
54 19
38 55
56 51
57 25
58 58
76 74
60 86
61 44
62 62
63 59
64 64
63 82
66 7
32 67
68 48
69 58
14 70
92 71
72 72
49 17
72 74
75 24
76 36
8 77
69 78
79 79
80 2
81 31
1 82
83 83
9 84
85 85
86 9
12 87
88 88
46 89
90 68
87 91
23 92
93 99
94 3
94 95
65 96
97 80
98 82
86 99
0 0
