1 1
2 8
3 3
4 5
5 86
6 6
90 7
8 8
9 38
60 10
11 51
12 12
13 13
14 14
58 15
16 16
17 17
87 18
19 19
57 20
21 63
22 22
73 23
24 24
2 25
45 26
67 27
28 28
29 16
33 30
31 31
32 6
33 17
34 87
35 77
97 36
7 37
38 38
44 61
64 28
41 38
42 42
97 43
5 44
45 36
19 54
75 76
48 97
15 49
50 23
36 51
51 52
53 53
54 54
55 48
56 56
80 51
58 19
40 59
87 60
46 61
62 68
63 28
75 64
65 38
59 66
90 67
77 57
74 69
70 70
11 71
72 65
63 73
74 74
96 71
76 76
9 77
78 78
79 79
80 80
22 81
82 82
83 37
84 20
85 85
86 80
99 87
2 88
47 89
90 90
91 91
92 92
93 93
94 82
95 27
96 41
97 70
87 98
99 1
83 88
