8 1
2 42
3 9
4 4
81 5
6 8
76 7
8 8
31 9
10 10
48 11
12 12
52 79
14 14
15 15
16 4
7 90
18 54
19 19
20 91
21 21
22 22
23 54
24 75
25 25
26 26
27 31
1 28
54 87
11 30
78 80
19 32
33 24
58 34
35 35
36 36
37 37
42 27
39 98
63 40
41 41
42 8
43 32
13 44
45 4
72 46
47 47
48 91
90 39
42 50
51 69
71 52
53 21
54 84
55 13
56 56
57 57
58 66
59 59
65 60
14 61
62 62
63 63
64 72
65 65
66 66
39 67
56 62
75 93
52 70
86 22
72 79
73 73
27 74
86 75
99 76
77 73
78 94
79 56
80 2
81 79
9 82
45 83
29 71
85 85
64 92
87 19
88 88
7 89
90 82
91 50
92 92
93 93
82 94
95 95
96 25
97 96
34 98
99 79
0 0
