1 71
47 2
91 3
4 46
5 91
6 6
7 15
8 4
9 46
10 10
11 11
12 51
63 13
96 14
15 14
35 16
24 0
18 18
19 19
75 17
56 21
76 22
23 30
44 17
33 84
26 26
35 27
46 28
29 29
30 30
73 31
32 77
87 33
34 34
59 35
3 36
35 37
81 38
13 5
85 40
10 86
19 42
84 8
44 44
54 88
85 33
10 28
48 48
49 96
50 93
51 94
91 52
53 53
81 54
13 48
36 10
57 57
58 58
68 92
79 60
61 61
15 62
20 7
17 64
65 12
66 30
67 67
68 89
69 47
76 44
64 71
0 72
51 73
74 74
88 75
76 76
77 77
39 78
29 79
79 80
81 81
82 6
63 72
84 84
85 82
71 86
87 46
88 31
64 89
83 90
91 2
20 92
80 93
94 94
95 95
96 26
43 97
98 98
99 56
38 0
