93 1
35 2
3 3
4 4
9 24
28 7
73 42
10 8
39 9
10 54
11 24
52 87
13 94
14 45
84 15
16 16
34 17
0 72
19 19
20 71
21 99
22 61
3 23
24 80
25 25
35 26
27 75
73 18
3 90
63 30
29 60
76 32
33 52
34 32
35 35
36 40
37 37
38 38
16 39
40 51
41 41
54 42
12 43
44 13
91 64
43 46
81 3
63 34
49 49
21 50
51 51
52 5
76 18
54 58
31 55
56 96
17 57
16 58
59 59
87 41
13 89
62 19
79 60
64 64
68 65
66 66
89 86
78 56
69 5
70 70
79 71
30 72
73 18
74 74
75 75
76 58
51 77
46 92
79 76
80 80
84 81
99 82
13 83
89 84
85 24
86 86
90 92
88 88
75 89
90 90
91 91
75 92
63 48
94 94
95 95
96 96
97 97
98 14
81 99
92 0
