1 75
23 2
70 14
4 11
10 5
6 6
21 63
54 59
16 9
11 10
11 11
96 12
13 21
45 14
15 15
84 64
90 17
18 11
19 47
75 95
63 14
8 22
9 23
24 24
25 25
26 99
27 88
28 28
29 79
30 30
31 31
32 80
97 33
73 34
35 24
51 36
82 9
61 17
0 39
90 40
41 41
50 42
3 70
44 91
45 89
47 26
2 47
48 48
72 49
50 50
63 51
52 94
53 57
26 54
55 55
56 56
14 57
58 58
17 4
60 60
61 78
62 62
63 63
89 64
65 65
80 66
67 67
33 68
69 49
89 89
18 71
73 72
73 84
9 74
75 34
76 76
77 77
78 0
79 49
80 90
78 81
82 82
83 83
93 84
85 85
86 54
27 87
46 88
60 2
35 90
91 45
92 97
39 85
94 94
95 12
33 39
31 32
98 98
99 67
0 40
