1 1
95 2
28 3
4 4
66 80
6 6
42 49
23 8
58 9
10 10
11 53
18 12
13 13
14 25
15 89
16 47
17 17
18 98
88 19
20 20
28 21
22 33
23 23
24 9
17 33
60 26
6 27
44 58
29 73
30 22
31 56
32 99
33 33
73 34
35 35
36 12
37 1
38 49
39 27
40 40
41 1
42 1
23 43
42 44
34 45
95 46
47 47
61 48
49 50
5 50
51 55
52 52
98 53
54 54
19 39
66 56
57 57
58 58
4 59
60 92
61 61
62 62
63 63
64 87
3 65
14 61
30 67
68 68
26 69
70 70
62 53
95 75
92 73
74 38
75 75
76 76
77 53
78 78
30 81
75 22
81 35
76 82
83 83
49 80
85 85
86 37
51 23
50 88
89 89
12 90
16 91
92 14
93 38
94 94
95 39
96 50
97 90
98 78
99 16
0 0
