44 66
81 92
21 36
96 10
67 83
98 50
88 14
97 79
44 79
28 74
65 54
24 43
20 44
14 30
59 6
26 59
62 74
3 80
25 86
62 91
73 39
76 0
52 16
71 75
29 72
88 32
34 13
82 16
79 52
50 51
20 82
41 87
43 95
31 31
41 18
79 46
99 88
68 51
44 5
85 16
30 21
28 4
14 87
90 93
89 71
11 67
74 56
32 73
32 83
19 23
31 28
45 46
82 11
73 67
6 2
90 57
91 18
61 97
92 16
43 32
49 75
96 17
12 46
56 20
99 66
7 98
61 51
59 67
11 49
0 26
23 91
26 37
62 88
7 11
57 49
23 0
52 7
9 42
34 92
99 86
77 50
32 17
70 78
83 35
90 34
34 12
46 82
6 99
2 64
4 70
10 80
18 18
93 8
64 96
52 91
89 6
60 98
7 47
96 88
7 81
