8 48
74 41
50 19
76 67
36 29
89 2
32 72
28 54
60 81
4 74
51 45
82 77
67 74
26 17
96 77
71 49
41 10
49 71
50 49
44 91
30 59
65 67
97 97
95 21
35 87
7 71
51 47
62 73
67 69
86 71
75 13
11 86
48 76
24 30
29 76
39 8
14 37
87 87
94 59
88 22
6 51
6 74
39 22
49 51
76 17
49 85
45 32
7 62
27 40
99 42
17 77
41 67
22 46
74 54
5 21
63 98
97 69
6 4
81 10
50 76
4 65
89 58
86 59
59 20
8 40
49 25
60 24
69 60
34 48
70 74
58 40
82 46
9 81
1 29
86 32
78 26
4 8
49 38
67 51
56 14
15 72
93 97
89 81
64 91
98 26
93 50
14 11
29 25
62 73
84 30
89 21
75 89
39 89
83 58
89 30
39 41
55 24
4 24
8 67
39 5
