51 29
96 70
27 26
51 27
25 92
75 65
16 25
76 15
16 48
8 28
74 83
82 18
19 62
92 5
38 94
19 20
23 42
92 91
59 79
7 44
94 56
59 89
90 52
45 56
19 38
95 1
51 22
75 55
15 95
98 45
90 1
52 45
50 68
85 85
92 75
41 50
53 85
69 77
92 93
48 78
94 59
31 71
18 20
76 81
95 35
18 22
32 0
16 78
10 89
81 81
78 96
38 62
96 25
59 91
17 56
66 98
74 27
30 22
11 49
62 92
76 56
30 51
85 86
61 62
98 29
51 95
32 90
17 42
37 96
52 14
38 77
14 28
11 55
90 95
2 37
20 38
15 33
16 58
52 36
82 15
18 55
77 29
42 98
32 23
19 42
19 60
38 62
85 49
61 85
46 90
25 48
45 95
63 96
21 49
2 73
85 31
8 83
42 11
81 37
22 28
