71 88
69 61
69 16
46 35
83 74
76 3
80 84
66 36
36 95
74 71
53 19
62 10
98 28
81 54
78 72
60 11
58 74
38 68
17 32
28 25
78 77
98 21
49 61
18 42
62 73
53 0
36 99
50 31
31 22
18 13
66 54
69 88
68 94
2 85
44 47
64 21
61 33
20 18
66 42
81 17
36 92
21 58
82 41
33 97
28 38
36 58
76 88
38 38
96 1
59 87
34 60
33 14
34 47
74 59
57 40
57 18
79 69
31 11
26 19
30 63
33 79
29 37
12 65
3 78
63 59
58 13
70 57
59 0
13 75
39 89
87 3
38 34
41 54
65 83
78 61
32 85
6 42
29 74
38 60
87 95
65 78
42 31
70 20
41 88
34 59
50 80
47 3
32 89
72 82
43 61
47 58
2 95
40 69
66 25
3 73
50 83
31 32
58 82
31 61
84 37
