13 43
11 89
36 70
30 78
43 23
43 92
89 20
64 49
25 77
3 13
56 70
32 8
48 28
80 57
60 31
98 13
11 86
23 72
99 90
89 11
17 64
1 48
23 97
83 18
50 80
36 13
64 26
43 6
37 25
10 0
35 54
91 80
98 10
23 28
77 12
59 6
4 10
20 1
57 60
34 78
90 3
4 57
99 49
50 84
91 28
86 48
52 46
64 47
97 65
8 78
87 49
6 58
51 40
52 21
87 48
80 91
64 59
58 2
11 37
35 79
76 27
36 6
77 52
9 58
46 70
92 27
21 96
8 60
83 12
29 8
35 88
25 99
39 93
35 20
37 21
20 57
96 97
9 16
87 96
79 87
48 24
78 90
69 95
82 37
6 50
6 48
3 77
8 17
37 86
14 91
18 18
97 89
17 8
0 63
49 89
13 48
40 68
5 41
96 37
96 29
