57 24
43 36
82 14
27 43
45 4
29 25
39 81
27 40
54 61
17 19
50 15
21 7
82 24
75 99
80 49
7 83
41 95
75 51
72 46
62 12
99 5
67 53
4 2
22 36
99 28
23 87
27 61
30 21
36 92
75 76
6 40
43 40
80 99
31 99
10 42
53 83
54 2
3 56
12 88
80 36
93 24
45 14
77 76
75 27
74 94
16 61
0 32
59 99
41 53
51 11
28 13
58 95
26 99
59 26
20 54
27 14
32 77
40 33
82 97
76 14
83 22
98 58
17 62
96 28
21 2
49 78
25 69
99 99
20 95
72 95
12 71
99 62
11 43
20 94
22 69
9 27
83 68
56 19
66 84
4 63
89 25
99 74
10 20
4 82
62 66
3 67
43 39
53 28
69 54
88 13
73 72
13 76
65 59
9 51
28 95
37 92
51 54
66 66
10 19
40 44
