41 49
51 42
1 9
70 78
93 19
21 31
22 70
36 66
78 2
80 80
14 79
62 79
59 75
55 64
98 33
6 1
19 86
32 95
12 95
67 12
10 75
63 2
13 9
39 62
27 46
52 62
55 79
28 63
22 99
79 42
5 22
46 16
33 50
6 28
95 48
92 61
13 60
37 9
55 72
64 48
83 28
9 91
5 37
50 12
77 89
46 69
86 62
84 63
61 77
90 88
53 98
40 1
30 24
15 64
30 94
84 99
56 91
69 72
28 63
84 88
24 46
43 98
19 21
94 23
88 34
8 89
4 58
46 14
46 95
62 88
92 69
86 77
82 30
35 44
37 88
90 50
23 88
3 98
40 37
54 89
70 58
41 82
79 84
39 84
89 71
21 46
10 48
53 40
97 54
72 75
4 17
2 78
52 97
40 44
0 20
3 30
69 8
84 53
26 61
93 45
