69 79
56 35
99 41
5 9
24 28
69 87
34 48
11 58
54 53
17 44
2 11
49 79
26 68
31 36
9 35
84 11
8 70
81 28
68 80
70 44
91 65
79 69
1 47
83 75
20 76
26 39
15 5
55 55
76 94
35 19
59 50
65 75
34 34
31 86
2 65
55 57
21 56
78 43
69 92
68 81
79 56
80 25
7 59
96 33
88 56
9 87
78 42
19 49
86 68
32 45
81 48
76 45
83 36
77 5
49 46
81 52
9 79
4 43
73 34
44 69
28 41
31 9
70 7
87 25
8 51
27 23
63 19
78 65
35 54
63 16
45 51
15 55
29 43
29 4
56 79
13 23
69 7
23 84
56 61
57 80
41 86
57 22
50 32
24 52
32 59
89 55
19 89
50 89
37 77
77 17
77 69
73 32
89 77
26 63
98 23
96 57
73 42
90 45
37 31
44 21
