34 74
83 77
36 85
56 83
20 19
18 39
52 55
88 72
34 77
68 26
47 80
20 56
19 73
7 73
80 76
65 12
67 91
0 95
16 10
59 28
36 42
47 90
44 32
90 15
56 46
25 6
57 24
76 99
72 7
78 82
96 50
2 26
99 9
52 80
53 81
80 67
69 89
39 2
50 55
66 98
81 20
17 5
40 93
80 96
11 91
55 70
69 5
32 62
32 56
81 77
53 65
30 28
15 75
18 52
81 55
84 78
7 30
17 70
41 69
9 36
93 91
20 40
44 74
77 65
49 97
89 2
39 15
73 70
96 47
74 91
60 13
56 13
44 1
79 46
92 4
38 38
96 97
15 57
12 76
74 83
2 9
98 98
96 2
49 84
44 43
26 3
17 31
95 29
36 75
9 85
76 81
95 24
4 76
29 26
83 78
55 2
90 56
20 25
93 83
39 74
