69 20
96 63
29 79
67 57
67 64
76 93
38 26
69 42
98 92
88 11
1 59
53 98
44 89
9 73
46 53
99 14
4 28
31 13
44 54
38 89
91 8
91 92
97 86
68 19
48 1
21 69
88 75
29 72
97 67
38 37
86 26
49 15
1 69
40 14
93 31
61 46
97 69
45 2
82 65
91 89
67 91
49 59
37 91
90 68
76 8
71 60
92 48
57 18
23 39
84 14
53 52
15 99
61 34
47 53
31 67
81 62
5 26
58 81
17 14
63 81
30 91
0 35
45 31
15 10
51 58
69 72
52 24
72 66
88 67
97 80
6 89
44 80
28 10
79 68
46 27
62 95
61 57
64 88
38 16
67 29
16 49
7 66
85 52
68 44
24 29
3 43
11 60
13 83
42 6
26 58
71 68
90 32
3 68
71 53
91 45
97 75
53 88
69 71
87 44
28 31
