3 50
0 44
9 86
49 59
45 41
58 43
14 3
58 21
51 61
94 83
85 49
3 86
34 33
45 70
33 62
13 45
52 54
67 72
68 21
91 41
69 47
2 25
14 40
8 20
70 35
83 14
7 22
68 61
9 20
42 63
3 82
20 86
34 35
80 50
17 91
94 13
32 96
84 45
41 21
80 7
56 16
96 33
34 70
20 0
48 48
50 51
72 51
48 49
72 40
34 71
68 82
71 59
85 5
47 96
17 96
71 22
56 57
8 5
89 88
33 29
52 32
45 55
24 51
22 96
43 56
69 56
41 88
76 62
65 54
28 61
61 86
25 7
8 47
80 50
65 44
20 29
66 93
95 22
61 47
47 44
66 98
88 8
14 52
93 2
34 48
20 32
44 68
30 70
97 44
43 84
49 20
90 66
64 34
53 82
14 70
6 74
21 51
91 84
95 71
86 50
