40 25
2 71
13 60
47 27
59 38
90 19
38 25
66 17
59 99
92 31
68 29
2 39
78 24
14 83
17 98
30 90
75 32
32 26
21 41
86 64
93 61
45 58
33 74
41 31
87 15
19 53
66 87
87 29
25 53
80 25
16 64
25 61
6 40
69 74
1 53
18 74
2 14
0 62
7 35
2 43
65 74
68 6
72 81
40 35
20 18
59 40
41 75
56 14
18 45
5 96
68 69
16 58
84 64
82 75
61 16
74 61
13 39
86 12
23 52
55 44
1 23
59 32
59 29
86 58
69 98
14 46
85 79
85 38
38 75
37 92
56 45
10 85
26 81
44 71
49 21
89 8
20 12
87 63
95 34
55 8
97 56
56 82
58 90
92 60
72 93
39 97
52 52
29 50
57 44
63 44
68 44
75 51
29 27
72 80
34 94
78 40
70 98
91 69
12 94
5 20
