80 74
38 30
42 3
21 45
9 28
6 59
64 28
24 7
1 69
87 84
88 0
94 21
40 45
93 79
76 58
91 26
5 35
94 79
2 88
94 33
10 15
37 70
14 7
1 5
54 50
53 71
52 41
87 74
20 21
81 0
45 60
52 60
5 28
49 6
51 72
37 7
35 57
14 95
87 33
59 8
4 74
44 46
25 87
64 63
63 59
17 82
10 6
5 69
84 54
15 25
53 51
83 31
10 25
48 75
44 25
33 21
18 89
94 64
58 58
80 36
9 94
58 85
52 35
3 20
2 27
61 35
70 60
33 91
45 41
60 73
15 98
48 66
49 45
94 94
88 76
16 56
81 2
10 41
60 86
69 26
33 11
92 74
69 98
50 71
67 91
30 79
59 28
72 5
8 89
1 20
64 73
53 3
58 50
89 30
89 7
93 91
2 5
35 33
75 76
41 10
