68 22
95 30
68 80
5 32
94 50
22 84
35 2
60 72
11 47
68 15
52 44
53 91
48 30
82 83
51 39
76 94
30 4
19 65
97 71
33 34
10 53
18 45
8 51
37 72
4 74
74 24
37 48
68 22
48 15
11 29
89 2
40 18
43 64
76 57
79 62
70 34
61 47
86 35
4 68
36 7
72 49
19 71
35 85
75 46
1 33
0 64
68 89
8 82
90 6
17 92
42 59
22 60
33 95
91 12
10 12
43 68
49 88
86 95
42 35
26 59
4 84
11 92
13 97
62 65
51 48
46 95
70 87
49 58
87 55
49 39
69 70
32 93
4 70
47 49
31 51
54 20
32 16
55 13
13 89
84 5
61 10
49 40
19 80
71 40
0 57
82 18
80 7
11 21
87 30
30 77
52 32
76 94
83 0
95 71
92 40
24 43
6 70
4 79
83 39
83 96
