33 10
92 5
43 2
28 79
84 60
36 52
55 82
53 65
57 12
41 0
13 7
97 71
20 50
15 15
29 26
1 57
57 24
43 34
43 78
95 92
95 60
67 58
61 67
61 9
68 20
26 33
83 10
49 31
71 52
12 35
21 92
34 55
72 76
1 99
3 22
5 57
41 98
9 91
7 1
96 29
6 28
60 6
11 53
2 71
70 33
16 10
26 90
83 91
15 71
24 19
13 11
14 13
81 94
18 70
54 57
15 41
63 80
34 28
68 74
19 31
38 34
26 98
70 65
53 4
88 67
19 63
30 13
6 55
6 35
40 5
61 28
33 91
1 39
81 10
11 30
44 55
29 41
23 79
93 29
83 95
85 28
74 62
7 12
85 36
21 70
34 29
45 56
26 21
83 67
2 75
9 37
71 79
41 96
70 24
94 96
65 45
78 19
56 27
97 2
51 6
