49 99
17 46
43 44
40 17
46 43
62 75
16 87
49 51
46 73
3 15
57 3
95 14
73 51
70 3
64 22
41 57
32 55
30 4
32 8
82 47
40 68
1 79
65 99
95 88
18 63
88 82
49 45
16 25
15 99
80 95
75 61
88 47
77 17
92 35
94 51
30 93
73 94
73 47
68 48
74 60
54 4
64 22
60 55
78 65
84 94
27 91
78 62
94 14
68 60
87 98
45 34
12 88
80 31
40 34
16 93
9 30
46 57
60 1
73 97
24 49
79 74
52 47
57 85
23 68
32 68
7 99
5 52
37 34
29 90
46 43
93 62
80 45
46 60
60 27
70 34
44 91
41 29
69 95
40 34
24 10
29 29
35 46
22 41
31 99
87 55
98 72
22 80
20 61
92 14
32 94
49 76
4 14
60 55
45 27
5 92
50 79
55 30
73 31
68 37
58 35
