38 16
91 97
7 78
24 50
15 52
43 58
81 15
57 96
59 42
77 17
90 63
27 86
67 52
16 7
3 95
56 74
81 0
89 15
64 37
9 8
86 87
30 17
8 64
64 89
53 95
0 90
53 90
14 38
8 40
44 37
38 97
74 58
98 80
44 91
97 33
47 23
96 96
18 64
55 15
27 72
53 42
54 79
18 30
29 96
40 24
80 90
15 48
81 19
53 91
9 49
79 37
97 37
15 60
61 87
34 8
61 44
89 60
81 66
87 42
34 5
56 88
91 7
8 15
7 33
49 98
64 91
62 24
89 97
87 3
27 53
85 58
28 90
36 8
32 40
78 6
50 9
75 14
98 26
39 52
91 83
99 3
41 0
43 97
28 37
75 7
73 7
84 76
20 74
5 73
43 8
19 89
89 44
9 83
49 75
51 14
21 13
72 28
52 57
68 21
28 88
