43 58
22 67
73 92
90 99
10 20
93 93
42 18
82 20
37 78
73 3
85 41
92 5
41 53
63 49
81 19
17 25
13 10
44 96
9 17
94 13
16 73
22 8
40 85
73 30
73 75
82 3
10 49
63 90
55 49
29 90
78 60
44 38
92 35
33 49
46 20
98 75
23 6
95 82
66 47
54 5
45 79
12 57
15 31
95 91
44 36
26 49
99 18
30 79
64 13
86 46
97 75
13 58
92 84
26 38
8 55
13 65
12 0
90 46
42 84
33 46
25 84
3 20
30 66
12 38
18 19
37 67
10 58
8 86
18 23
74 8
52 51
26 22
0 19
0 61
54 64
83 81
84 91
20 60
52 84
45 11
38 71
16 54
66 75
8 97
19 86
8 91
74 92
19 65
31 13
99 23
70 20
82 11
40 22
30 8
71 61
43 18
43 52
17 63
57 5
42 66
