85 51
63 14
29 94
89 19
42 66
65 5
63 5
62 63
62 78
6 58
79 34
29 70
21 63
4 49
75 48
7 99
34 43
77 32
24 5
14 90
87 40
54 62
46 6
96 96
89 2
82 77
61 54
57 88
70 32
11 47
97 27
55 92
92 3
90 92
77 83
42 19
12 45
56 39
58 94
7 81
15 83
52 55
36 16
99 24
93 79
21 70
49 74
59 34
51 85
49 66
46 96
36 78
82 36
84 10
1 5
97 93
34 88
70 38
9 82
71 35
67 16
2 89
8 98
40 49
61 6
77 66
79 67
52 91
82 1
46 43
3 38
84 78
79 70
16 88
57 16
61 10
24 36
41 88
31 67
57 48
90 38
21 71
7 83
4 54
27 40
58 81
43 34
65 29
90 24
31 59
99 17
77 91
55 28
42 90
38 88
56 35
4 20
14 41
55 68
17 45
