31 19
8 42
20 53
24 78
16 80
69 31
3 71
68 69
82 24
24 69
70 66
19 47
67 94
4 63
79 87
90 88
52 54
35 84
60 15
60 35
69 38
73 98
41 33
77 72
76 85
11 63
44 22
76 20
64 19
9 40
88 53
74 85
77 97
11 52
67 84
63 83
87 36
6 74
4 19
9 11
69 73
38 13
47 35
5 88
91 20
41 98
84 96
40 34
44 43
21 99
42 31
4 43
44 71
69 72
42 94
49 8
84 18
4 45
7 14
8 63
62 7
4 71
67 47
52 43
6 65
91 89
19 63
84 97
75 87
77 36
55 70
78 70
84 52
96 5
91 6
90 62
68 92
34 36
15 97
41 13
66 54
44 76
98 41
56 69
64 73
63 10
6 64
9 58
59 79
81 59
43 96
0 72
18 34
34 35
43 96
69 77
47 57
38 91
9 45
10 96
