96 90
65 43
12 90
7 85
19 67
67 67
12 54
66 6
82 70
70 61
69 69
88 52
54 3
31 35
37 5
30 5
84 96
35 24
73 96
23 91
69 73
43 0
56 95
99 6
38 81
55 83
25 73
55 55
75 20
57 67
92 12
82 35
41 7
57 65
36 85
97 83
21 14
7 30
94 52
3 94
61 92
13 49
12 30
24 6
94 47
57 63
23 20
88 33
92 63
0 80
92 59
14 94
21 61
40 63
69 54
34 55
94 90
16 36
37 75
65 48
42 55
60 86
71 12
38 51
36 94
75 21
87 73
47 45
93 3
11 70
19 38
98 3
92 63
2 69
38 16
82 48
82 88
17 55
3 12
6 2
8 12
56 84
54 7
16 37
34 63
30 13
56 82
12 33
10 40
3 61
43 25
30 59
2 36
38 80
20 4
74 38
29 73
47 59
5 80
85 95
