86 72
77 8
92 63
19 98
27 55
15 36
16 72
70 30
6 12
10 63
45 14
17 16
52 59
39 14
86 94
13 89
74 58
28 4
79 92
40 82
92 42
17 95
72 65
91 70
39 59
53 99
25 65
39 28
91 49
35 88
97 9
70 57
12 14
74 15
14 66
65 33
19 91
49 0
25 6
4 93
90 9
7 31
65 31
91 56
0 35
9 16
84 93
26 16
32 90
31 13
29 25
11 73
59 65
86 49
14 83
26 3
39 59
83 94
86 85
7 1
0 72
82 7
35 36
17 84
74 72
92 60
18 94
65 39
41 83
56 74
97 42
65 84
8 43
88 63
70 75
9 82
86 13
38 12
8 45
0 26
90 9
17 14
83 38
85 13
18 29
59 25
20 81
45 0
45 15
65 30
26 60
48 6
75 36
26 51
21 36
26 86
99 91
66 42
5 49
84 86
