76 46
73 2
10 51
69 48
9 1
80 91
75 8
22 3
57 6
74 73
87 42
2 45
65 22
67 77
51 75
16 16
92 81
74 69
25 64
40 53
56 25
22 7
15 44
56 74
46 61
35 67
28 80
6 44
42 94
60 61
80 25
53 48
73 63
80 8
9 77
13 41
56 86
95 93
49 51
77 91
46 96
2 83
87 61
23 53
18 37
86 75
9 4
6 78
76 39
10 32
44 74
11 80
5 65
95 44
12 91
66 97
14 48
25 58
1 47
94 95
95 92
62 45
26 95
12 65
57 56
19 9
9 78
52 61
40 49
50 40
67 99
79 60
89 79
68 98
89 56
94 7
19 63
70 18
55 51
2 35
55 71
61 87
12 81
68 6
8 2
47 23
16 1
83 37
15 59
16 87
41 3
55 25
16 40
25 65
1 65
88 63
36 85
43 83
70 71
53 89
