44 54
67 68
57 40
35 6
6 37
58 73
95 13
43 93
59 27
20 37
60 52
81 11
58 84
74 42
55 37
7 94
71 60
61 20
81 44
37 85
60 29
20 83
94 9
82 84
58 46
83 54
35 40
80 84
77 7
20 91
42 83
15 38
10 67
14 80
4 22
94 98
70 27
58 85
15 95
35 86
0 3
1 91
85 6
2 46
36 79
66 62
20 38
87 5
13 70
46 44
23 2
0 25
39 48
58 37
32 36
67 59
37 32
36 52
19 71
23 69
91 5
37 48
32 7
60 39
42 23
2 62
77 40
95 89
69 74
12 67
97 86
46 8
1 3
81 2
6 0
25 69
60 50
63 62
11 42
63 23
50 42
71 48
11 83
28 50
3 25
86 22
50 66
20 3
82 50
85 16
46 97
61 5
61 68
9 59
67 40
61 7
58 67
58 11
86 89
41 3
