82 22
70 64
92 11
74 87
49 36
69 10
92 68
74 80
5 17
9 77
29 34
63 29
55 40
4 11
47 19
13 58
23 63
40 96
31 64
88 67
59 70
67 43
2 86
16 22
76 62
92 88
28 82
7 85
54 90
39 39
25 74
16 38
90 16
77 37
38 35
38 0
23 44
0 11
12 28
63 89
5 22
83 67
7 28
84 13
37 54
34 66
58 48
87 61
13 39
97 76
77 81
2 18
96 97
96 20
9 44
4 34
20 37
55 94
80 31
61 44
96 0
93 90
79 78
25 18
17 43
26 44
59 69
92 32
34 48
92 4
44 50
77 49
26 11
53 68
18 84
63 38
91 41
85 80
49 9
34 59
5 68
19 7
59 91
17 96
61 46
16 89
47 30
44 9
88 43
82 31
81 22
86 64
34 49
19 70
43 33
29 77
7 53
9 76
96 28
13 98
