56 88
42 2
43 36
51 45
51 22
7 49
86 1
7 55
53 7
35 35
77 2
72 96
6 46
45 12
48 83
4 33
92 2
91 68
23 52
85 58
21 39
23 59
56 81
71 77
51 73
9 0
82 24
85 69
8 48
55 26
89 40
87 53
42 96
31 57
46 26
52 12
14 28
41 79
59 87
82 45
20 68
37 73
74 95
90 42
23 47
57 29
55 4
57 36
12 39
21 21
73 19
26 33
36 21
70 4
64 80
37 79
58 34
32 47
74 49
82 52
64 98
60 55
52 53
63 69
34 18
85 12
18 49
87 83
32 77
22 18
46 76
42 60
92 46
98 62
59 85
81 9
72 43
27 36
43 43
19 1
60 23
80 51
72 45
67 68
45 4
63 89
40 82
5 91
85 55
67 79
40 2
49 71
19 83
39 96
17 44
32 14
81 32
2 46
30 75
87 36
