94 25
78 40
96 5
54 39
45 31
41 6
95 17
72 47
72 80
26 29
24 81
7 86
71 30
78 29
65 19
95 80
27 80
22 60
12 90
30 69
96 86
76 30
70 91
67 26
24 22
82 69
15 70
68 85
26 47
16 69
24 99
32 12
54 75
46 18
20 42
62 64
38 87
64 34
32 72
27 38
4 31
95 25
75 61
64 20
98 2
69 53
75 80
36 3
59 41
82 13
69 19
30 7
59 88
61 90
68 82
31 87
45 17
32 54
0 64
9 40
70 18
52 31
49 22
87 42
52 82
93 54
18 47
95 30
74 12
5 12
76 80
56 11
70 39
41 95
47 84
49 36
52 59
90 47
46 80
40 17
48 52
58 42
92 81
48 85
81 17
77 1
83 39
99 3
94 46
94 85
66 26
87 4
96 35
69 95
96 33
58 44
27 96
22 56
46 7
81 17
