14 93
9 34
92 13
86 34
72 8
84 56
68 45
63 43
62 6
12 38
92 69
37 25
53 78
47 70
68 98
33 99
62 66
23 39
28 8
70 47
62 6
53 51
63 72
62 3
62 72
35 60
14 12
34 29
14 53
94 79
26 76
83 34
10 0
48 51
43 30
35 85
22 49
41 11
21 14
34 73
29 37
44 90
43 69
65 52
28 51
33 46
59 23
66 99
68 44
92 60
69 57
80 26
7 33
29 81
36 9
65 83
91 56
52 65
53 6
23 26
7 78
31 53
83 82
30 5
10 6
39 70
50 96
32 96
62 22
36 97
30 40
10 50
88 19
17 6
30 45
91 52
3 54
71 74
11 45
28 7
17 70
4 46
64 77
96 64
67 27
47 54
29 21
68 9
72 58
61 14
14 5
42 6
93 32
22 61
65 10
23 35
31 90
45 28
21 0
82 61
