41 27
83 89
80 98
94 58
90 70
44 47
74 83
77 17
13 52
38 21
32 77
52 89
40 79
12 79
4 26
5 57
31 40
49 71
95 66
90 91
68 83
19 54
69 41
60 27
23 35
36 41
32 82
36 71
65 71
19 3
50 71
3 10
71 9
12 0
0 74
95 41
76 22
43 73
62 14
82 68
12 49
69 74
39 17
61 99
70 52
30 30
3 40
2 39
39 93
99 60
86 54
24 5
7 10
50 50
22 0
16 36
19 58
95 70
93 2
99 78
38 26
93 87
42 1
98 36
28 26
59 68
26 79
30 62
81 50
66 96
94 24
59 41
26 82
42 74
79 87
42 71
69 4
79 43
22 70
77 56
62 33
91 89
41 92
40 30
58 51
7 91
39 57
0 98
41 49
99 45
96 9
53 47
26 43
51 41
31 33
44 2
12 49
31 35
85 31
16 30
