1 9
94 23
52 30
50 20
98 19
67 68
87 46
30 58
69 51
75 97
9 48
75 85
38 24
15 70
31 9
53 63
79 40
46 3
15 55
46 16
45 2
62 9
57 72
48 69
38 2
67 55
94 57
41 85
55 32
65 2
5 24
86 84
78 35
40 81
45 76
16 55
1 81
95 98
83 98
37 35
17 91
74 46
65 4
0 50
58 91
87 61
96 75
41 32
70 15
20 95
2 51
40 81
67 80
27 78
3 1
58 42
51 35
69 96
0 95
54 54
31 91
45 72
35 9
96 34
9 26
69 88
16 12
44 41
39 39
51 75
17 25
29 17
20 76
12 61
28 93
31 60
98 0
20 51
29 48
18 68
39 92
4 2
1 70
8 81
71 35
26 56
80 22
63 10
74 12
61 27
76 2
9 67
69 52
97 90
44 40
75 75
74 12
34 0
67 81
55 30
