14 78
25 47
59 16
48 19
7 25
87 6
98 42
48 77
1 35
84 10
1 44
88 92
7 60
88 18
25 49
1 25
3 46
40 28
24 29
31 82
60 38
50 20
41 14
92 36
58 30
38 6
41 29
9 87
3 94
2 28
67 99
85 91
8 41
79 91
18 3
71 21
19 36
4 61
50 49
84 25
4 61
8 60
78 74
49 71
39 61
86 87
2 35
81 11
34 17
46 83
85 60
58 2
33 22
66 12
60 18
50 67
90 40
49 39
23 10
27 11
86 68
82 19
9 80
11 88
10 14
68 90
19 8
74 41
77 56
55 1
19 68
71 4
4 83
66 38
80 64
16 6
7 3
85 17
35 43
42 26
84 60
17 83
4 6
52 47
83 21
92 85
16 68
92 14
75 34
10 18
2 88
97 2
83 93
24 17
88 16
78 19
73 35
3 47
12 50
1 16
