91 7
71 32
93 14
26 41
91 14
89 46
77 51
23 17
78 54
78 22
70 26
92 73
89 92
99 91
43 21
52 69
26 66
73 72
96 90
8 40
92 33
80 28
71 25
53 44
24 83
24 94
53 31
77 65
10 93
98 46
85 36
98 38
86 91
51 37
13 23
69 35
20 83
8 51
13 90
93 63
32 13
25 23
10 15
9 88
99 22
23 45
92 54
49 24
99 13
21 9
73 96
90 62
64 65
35 9
97 5
66 44
54 74
42 97
45 89
14 54
14 88
45 39
61 74
5 44
9 60
18 27
92 14
14 92
72 72
26 14
63 24
44 53
97 77
92 93
66 92
0 79
91 66
79 7
40 30
31 69
30 85
72 52
92 11
75 60
88 14
52 10
32 73
87 46
96 8
42 51
36 70
91 4
97 59
43 6
92 92
32 40
66 88
26 77
9 40
50 35
