83 87
34 36
14 62
96 25
94 45
63 95
95 64
22 88
77 34
56 15
65 75
35 59
9 57
7 97
20 9
17 45
21 7
23 83
23 41
36 64
76 65
38 72
97 66
31 71
79 34
68 13
95 90
93 0
65 16
56 16
0 73
4 73
13 92
8 63
72 93
61 57
40 57
76 66
18 21
32 25
70 65
64 19
8 15
19 61
49 95
63 53
46 58
63 10
15 0
59 91
55 49
24 4
34 79
4 75
8 99
34 71
25 24
65 90
22 68
52 48
35 9
11 86
71 7
26 86
32 72
37 81
34 37
48 76
71 73
11 99
66 20
12 91
53 68
54 29
79 90
78 97
61 96
92 82
11 63
99 13
58 56
50 10
63 58
99 27
93 77
99 68
77 0
7 24
79 76
87 61
12 76
77 91
75 95
75 74
7 96
16 14
57 24
41 45
25 77
58 0
