93 53
50 34
22 4
83 38
72 1
89 25
10 94
68 59
23 87
2 6
44 94
23 26
26 99
32 64
33 25
45 45
3 1
98 43
72 58
16 33
94 8
89 70
56 56
64 36
33 71
44 60
81 44
97 93
18 11
33 29
81 94
46 9
63 40
21 44
46 67
4 68
76 45
11 6
73 59
24 93
79 11
52 55
91 11
18 77
74 55
28 38
86 14
91 71
93 9
52 53
98 98
57 83
40 95
29 10
44 46
90 58
97 85
69 58
86 52
71 71
31 32
28 15
80 69
15 59
56 8
68 58
38 97
73 37
95 16
29 27
76 75
87 0
48 72
57 21
63 63
71 75
6 59
64 83
22 68
64 96
9 57
29 41
4 56
42 16
97 24
18 76
16 77
91 31
48 6
94 6
6 47
43 69
86 92
56 42
97 11
95 73
1 28
60 99
21 69
51 97
