23 0
98 55
88 80
2 4
93 33
88 67
65 28
17 47
24 25
69 10
38 3
41 23
28 8
54 1
47 88
77 38
31 73
8 32
72 55
64 83
41 73
34 88
47 55
90 3
74 1
90 61
38 66
70 37
19 70
53 44
33 19
41 1
63 72
85 90
70 24
90 33
96 51
76 40
9 59
41 65
40 28
33 24
28 0
10 51
53 29
26 29
90 48
61 32
31 87
2 2
45 79
42 51
86 1
16 66
16 35
51 28
26 65
47 53
54 53
65 50
77 16
41 61
14 70
33 29
4 27
87 99
26 86
43 83
48 71
98 17
17 31
70 47
59 21
8 87
70 67
2 66
67 80
28 1
86 21
69 77
27 72
93 32
74 93
59 44
51 99
94 72
48 93
70 72
65 47
2 23
96 60
90 22
72 40
0 14
28 26
36 45
53 38
44 93
72 43
30 37
