47 76
86 64
37 8
25 39
63 82
97 7
56 23
42 69
72 21
4 55
97 54
77 51
85 3
97 57
86 22
91 31
14 74
93 10
71 31
60 45
69 95
55 9
61 74
63 35
23 29
35 7
4 80
41 92
7 86
19 93
33 7
91 46
57 63
63 13
73 49
30 2
2 92
76 95
72 44
45 90
80 31
52 12
48 89
37 47
29 92
88 22
6 78
63 38
6 49
20 53
57 93
6 76
14 73
55 51
93 61
52 52
94 73
89 29
93 76
72 25
8 21
29 89
93 84
60 26
27 14
26 81
51 4
49 10
49 56
71 80
60 94
40 61
20 24
74 47
71 10
35 76
74 95
45 20
55 10
33 67
66 36
7 84
78 81
55 42
19 7
27 61
67 12
49 56
12 31
64 31
56 12
61 49
46 91
87 84
92 62
85 92
3 50
51 48
55 56
69 51
