15 80
78 90
14 34
11 58
93 26
18 85
84 24
77 61
82 0
66 54
26 11
27 84
86 43
11 42
9 93
11 86
18 11
32 43
56 7
62 97
64 66
36 65
44 8
14 70
77 66
95 70
50 89
78 6
74 54
4 29
71 97
23 27
64 89
9 76
20 24
41 33
70 73
73 88
4 71
89 97
81 76
58 22
98 2
0 73
66 22
9 25
11 93
66 37
92 51
14 36
97 71
3 87
50 33
58 66
2 1
75 52
36 58
76 11
3 26
2 98
34 72
94 27
87 97
80 18
83 74
13 60
38 75
17 28
63 15
65 84
18 56
65 61
66 60
44 6
17 38
95 3
86 87
49 43
69 7
55 54
62 79
80 8
87 68
70 84
89 17
40 6
43 30
96 48
11 97
79 38
26 82
8 0
35 30
37 71
40 91
94 22
68 63
42 40
80 84
48 24
