98 50
74 33
92 86
37 83
21 67
38 6
4 65
83 42
21 37
20 77
62 26
16 9
60 4
54 20
68 45
93 7
47 86
58 45
36 42
16 25
79 41
46 95
82 58
80 38
26 50
32 79
99 32
26 21
6 42
54 83
99 83
18 80
6 40
34 74
8 12
14 23
30 20
84 74
12 3
93 65
61 89
39 27
88 65
11 96
21 75
81 12
43 86
74 47
93 8
3 21
94 53
75 32
3 96
79 34
48 55
92 22
9 94
38 81
6 34
42 85
46 84
63 1
0 85
45 51
3 23
33 62
38 30
35 13
72 62
22 46
24 79
78 36
6 85
68 85
89 68
74 64
16 34
78 4
88 41
25 35
0 93
64 76
43 51
33 33
29 4
81 31
41 67
55 86
93 64
61 55
62 22
27 75
87 13
18 27
23 68
24 63
88 24
96 46
91 95
3 13
