99 67
24 81
2 60
73 31
32 28
97 83
29 78
81 25
14 99
55 21
60 66
42 50
34 77
5 26
46 79
12 16
15 6
9 49
92 12
42 40
22 61
52 5
94 88
87 75
58 35
46 4
48 42
38 50
10 56
82 98
4 70
90 92
23 83
65 79
5 40
12 27
65 31
30 33
48 39
43 50
96 53
60 35
1 99
82 82
82 58
38 16
72 76
94 48
26 79
3 74
7 71
74 44
79 88
49 55
61 87
89 66
75 94
2 42
71 70
1 73
76 34
14 35
12 33
95 41
78 23
99 43
4 67
92 61
42 14
96 48
6 83
49 48
95 99
25 61
84 72
28 76
27 31
88 2
40 1
17 70
79 5
81 33
10 90
63 86
72 87
28 14
20 28
5 33
56 27
20 27
93 52
92 90
24 17
4 29
87 85
47 20
31 47
57 61
55 63
1 33
