17 34
66 39
92 57
79 64
8 92
5 69
77 88
7 51
44 98
1 8
94 43
75 52
98 83
65 15
1 56
21 14
77 82
54 98
95 38
38 7
39 79
35 92
57 53
19 8
67 81
73 82
83 63
84 86
78 80
30 90
90 96
44 88
33 51
73 51
65 11
9 53
46 17
16 79
16 89
36 6
12 90
67 54
31 62
43 79
35 43
53 76
22 41
53 77
94 35
39 50
33 17
61 28
35 59
97 34
94 89
74 94
16 35
91 51
28 26
93 40
35 47
5 63
92 40
29 99
43 52
29 48
92 81
34 24
79 6
41 46
44 59
64 8
11 5
86 9
19 67
22 37
57 70
25 25
70 95
53 21
81 32
83 84
41 11
46 35
6 54
20 95
53 21
84 65
61 36
82 26
9 75
94 38
19 85
20 55
63 75
57 33
81 34
58 13
92 75
88 48
