33 56
86 15
42 90
18 56
69 98
69 4
42 50
13 30
13 18
46 69
69 32
80 77
98 59
73 40
39 4
25 8
89 88
1 30
83 58
73 20
96 89
83 7
48 53
36 79
19 29
9 30
49 63
49 41
8 14
95 66
77 92
83 33
85 73
32 92
4 44
89 13
8 71
69 33
32 61
38 80
46 26
51 39
32 14
15 61
12 20
9 78
92 41
36 4
54 0
21 25
49 31
51 40
21 88
30 76
58 31
79 62
35 97
42 58
23 14
39 53
13 16
76 77
15 75
20 25
97 75
62 83
74 2
97 30
99 9
92 8
41 59
80 4
26 88
5 1
13 75
97 79
19 48
32 48
58 6
94 75
41 13
59 90
61 54
78 48
18 56
59 71
75 22
76 86
54 26
50 52
39 16
58 79
73 98
42 83
87 89
81 26
36 79
30 62
44 83
88 38
