80 78
72 25
3 69
37 55
2 19
21 73
67 26
65 70
43 21
0 37
81 4
74 74
46 36
3 26
51 12
53 73
72 89
84 3
26 51
38 75
44 30
64 87
82 53
57 33
74 3
25 62
88 6
82 4
7 35
57 72
37 15
37 89
89 46
83 9
4 45
69 72
17 71
21 77
78 85
99 26
12 97
84 35
70 88
30 58
35 44
84 22
28 10
71 47
9 60
60 72
99 10
67 40
6 99
32 1
99 23
1 40
5 77
22 85
64 63
52 94
8 82
19 17
4 60
58 32
30 34
24 38
27 8
20 23
3 30
40 3
6 17
57 77
57 5
47 44
52 60
98 64
64 74
97 32
7 16
25 29
5 2
28 33
23 58
10 68
4 71
52 13
84 23
78 26
74 38
30 81
3 52
45 91
8 97
5 6
0 77
75 17
33 56
39 33
19 81
60 36
