35 16
81 68
71 77
59 41
3 90
93 18
44 6
62 12
28 6
80 40
98 16
72 36
77 29
12 88
95 60
39 42
71 52
4 30
89 42
97 34
0 8
45 13
78 88
5 49
52 39
30 27
98 28
91 34
17 78
29 55
62 24
70 95
51 95
93 9
41 16
96 23
63 49
96 29
59 81
82 60
62 45
17 27
53 83
9 1
37 41
97 37
36 70
16 97
97 20
32 45
69 72
2 24
97 58
81 89
94 27
35 84
45 94
40 82
43 43
40 53
41 86
29 49
31 52
7 69
44 30
1 24
53 9
72 7
31 24
18 81
26 65
77 77
22 9
70 35
37 24
58 83
45 66
36 82
0 20
93 35
20 81
88 68
35 46
35 27
5 20
5 20
23 77
16 17
88 84
88 39
90 62
45 0
27 54
67 94
76 35
94 62
72 92
69 24
58 81
37 28
