5 36
44 25
76 52
78 32
61 2
24 47
69 85
94 38
63 85
27 99
5 85
20 57
59 23
57 49
6 12
53 57
79 97
47 43
73 47
81 93
33 20
18 14
21 42
7 0
2 35
58 12
23 35
82 54
39 93
85 57
51 85
93 28
64 41
12 81
44 45
22 9
41 88
15 99
88 41
43 47
63 0
91 3
66 55
24 12
42 0
79 93
39 54
59 38
1 61
47 6
71 19
66 7
6 11
70 91
76 92
27 38
77 99
35 39
7 1
24 92
6 42
20 25
91 11
32 6
6 89
39 33
37 31
29 1
43 46
76 38
34 81
66 28
33 83
81 87
8 88
41 99
54 45
16 28
2 2
84 48
59 81
88 48
73 25
70 89
47 0
71 12
79 20
83 98
51 83
13 35
89 1
4 13
9 52
40 61
12 94
52 91
77 59
37 48
90 6
85 97
