98 41
97 69
83 18
53 39
92 91
15 50
56 28
16 87
26 85
27 52
91 65
40 65
31 29
19 71
13 18
92 38
66 87
80 95
66 15
40 22
10 28
35 27
26 15
16 89
97 18
82 61
35 51
32 4
47 63
55 40
69 98
90 68
16 93
56 93
19 28
57 95
21 43
30 49
6 47
97 74
79 92
6 44
63 80
86 52
86 46
40 40
11 93
25 36
21 23
89 52
63 29
32 79
8 24
40 21
26 55
17 13
24 21
73 80
94 73
39 57
35 92
15 98
26 55
72 14
68 75
50 86
30 61
59 84
90 2
2 87
80 38
98 53
2 76
15 28
41 19
51 85
92 84
34 46
30 16
55 56
82 86
46 55
16 14
37 51
58 35
84 3
88 33
18 75
85 9
41 89
63 67
38 30
65 87
58 44
98 11
37 41
32 85
67 43
88 54
15 84
