56 52
90 48
25 71
12 34
93 37
27 35
75 94
82 34
85 75
12 70
91 45
56 40
78 10
25 64
20 74
91 6
98 14
66 67
18 6
21 98
25 50
15 33
88 72
45 36
89 70
37 97
65 13
34 82
78 40
0 1
45 90
51 58
34 90
47 62
28 3
86 80
28 27
59 92
9 21
45 1
31 98
50 74
53 71
74 33
76 25
14 82
82 88
42 41
85 96
48 9
43 6
93 41
55 39
35 82
39 38
10 63
96 6
38 33
62 6
42 3
56 59
78 8
74 95
85 50
12 64
34 53
66 40
91 56
56 69
40 85
86 0
0 91
69 63
45 82
67 71
1 35
37 8
86 5
93 70
48 66
7 46
84 42
56 74
50 12
13 13
78 76
90 53
70 56
13 43
1 83
12 46
17 97
6 97
34 33
57 37
88 13
13 5
16 72
4 51
57 82
