82 86
80 9
82 10
28 44
95 15
58 3
87 10
73 83
23 62
16 43
26 69
49 41
13 93
25 8
73 0
89 17
55 90
21 3
6 55
72 96
30 79
42 21
25 7
29 56
88 13
20 28
25 6
79 7
75 94
93 10
73 2
34 25
16 87
39 80
13 79
77 95
95 77
0 25
7 93
2 2
85 52
93 17
70 49
61 88
88 66
13 21
49 63
76 89
92 70
19 38
25 20
56 48
0 21
80 6
88 7
52 70
16 3
40 43
57 95
95 2
43 64
63 13
77 63
76 11
63 1
4 63
31 8
49 70
15 81
23 52
0 99
95 28
55 90
1 68
96 55
4 13
95 56
15 52
33 42
34 30
83 23
91 17
32 91
29 25
73 24
41 48
68 33
84 75
6 49
90 83
11 90
60 5
64 53
85 21
55 95
30 37
99 26
55 80
77 29
58 34
