36 54
99 49
19 42
68 59
90 54
78 79
11 71
39 50
34 31
87 26
75 72
11 3
69 91
91 69
96 60
98 8
0 93
91 76
26 43
58 39
5 36
34 59
75 93
86 87
39 56
84 70
45 74
99 22
70 47
36 87
89 68
97 33
23 62
86 85
73 89
75 55
12 6
53 72
92 90
54 50
7 26
52 9
48 41
45 87
26 61
66 89
75 60
41 24
62 69
24 63
96 92
76 75
39 85
60 45
99 85
88 84
41 91
89 53
23 84
0 75
90 78
79 5
16 6
65 74
60 61
8 62
41 51
74 0
15 13
81 44
77 68
25 82
95 61
23 71
78 39
98 83
96 5
57 3
9 93
91 49
26 39
93 89
37 19
8 33
41 65
51 71
24 53
80 61
90 97
2 95
12 99
57 9
98 34
83 57
62 87
36 28
97 69
76 58
54 84
68 36
