39 37
53 18
7 8
7 32
15 31
28 53
69 17
41 18
49 37
51 33
39 3
77 60
66 81
21 73
48 54
59 65
99 9
4 29
46 97
94 5
58 98
13 41
20 21
45 53
37 96
41 61
61 41
97 99
89 13
37 39
74 42
20 48
44 37
43 54
69 25
69 62
3 13
31 1
46 99
75 78
50 63
4 41
28 22
51 4
70 74
54 60
9 54
29 36
92 30
49 58
13 92
40 77
94 5
70 51
74 49
50 9
22 34
49 99
96 64
27 83
39 15
96 64
70 61
84 26
64 75
47 76
72 55
82 9
78 4
51 36
44 51
1 39
15 12
54 73
7 48
82 10
15 12
80 94
77 75
63 51
78 5
22 99
26 84
95 99
52 67
77 55
54 46
53 37
83 99
23 60
18 38
28 89
69 76
51 49
37 35
26 4
84 24
51 78
97 90
23 11
