49 13
5 72
35 62
77 40
52 68
10 85
44 22
58 91
34 55
73 80
70 14
12 13
31 84
81 93
65 69
54 77
15 12
72 8
27 90
17 64
37 0
5 64
58 79
2 0
48 72
42 44
61 0
16 24
0 16
98 78
69 66
75 70
38 40
69 34
96 54
84 38
35 58
70 52
45 93
61 79
61 55
40 15
24 38
19 64
34 70
74 43
17 53
35 77
28 5
74 87
60 58
64 64
55 18
90 10
94 44
37 5
58 22
16 31
71 68
13 57
91 60
59 74
36 25
71 67
12 63
85 27
96 96
77 11
85 58
18 87
22 36
0 95
78 75
16 89
9 42
10 49
31 2
17 63
82 52
6 51
56 10
71 39
69 46
69 36
89 67
54 74
25 32
55 52
0 86
71 46
40 27
86 60
36 24
78 78
35 22
20 34
60 9
36 98
93 31
91 27
