71 91
73 97
59 90
27 41
41 31
41 20
24 46
65 59
91 66
3 25
52 77
78 64
31 88
48 66
64 46
59 44
59 22
45 15
59 82
32 58
78 25
8 10
46 84
82 56
1 78
69 77
57 82
91 64
24 78
66 37
63 1
17 22
40 68
37 37
31 17
89 23
57 6
23 6
30 68
38 96
85 46
64 65
32 13
56 64
65 96
15 89
12 93
44 28
17 0
96 37
6 82
67 82
38 97
83 57
78 15
53 56
13 89
96 53
74 52
87 48
40 39
81 38
42 69
60 36
92 10
68 56
52 76
53 84
81 3
43 60
39 25
25 45
42 96
53 51
36 28
0 32
22 56
46 65
40 63
4 63
36 59
12 19
12 37
95 82
56 14
38 84
81 91
1 81
75 51
72 69
3 97
41 1
31 76
53 5
10 72
87 3
23 21
78 79
13 4
17 95
