62 90
86 28
83 14
5 2
55 59
68 12
63 79
9 77
60 9
55 0
18 96
84 75
93 70
60 33
35 13
69 4
70 34
29 94
80 27
56 12
27 27
0 49
52 70
79 79
86 46
75 42
4 13
7 10
49 52
60 5
78 80
96 59
42 84
65 15
85 14
33 21
87 70
20 80
79 22
52 64
31 22
56 24
69 33
23 62
25 53
17 78
56 64
91 0
62 38
91 41
75 67
26 45
17 49
17 20
4 86
34 61
54 84
76 56
86 11
66 35
37 83
87 91
99 94
6 82
75 38
5 17
4 9
7 18
39 2
51 75
58 80
60 59
41 64
77 7
83 6
59 14
15 77
9 33
83 70
99 90
11 22
17 82
31 13
70 44
79 5
49 12
18 3
70 90
96 37
25 79
40 64
58 43
23 97
85 67
74 69
40 84
47 12
34 66
14 59
74 80
