84 47
70 6
90 12
33 92
25 5
62 63
25 26
39 3
63 70
18 31
71 71
48 94
44 23
70 56
37 2
99 46
87 94
10 7
81 2
17 70
21 0
78 78
73 63
37 74
63 87
4 57
78 71
24 17
47 99
72 3
44 92
27 34
44 48
17 36
95 42
41 39
77 95
77 26
19 57
6 88
92 63
98 92
2 59
60 37
20 54
90 58
79 41
1 75
98 6
11 37
47 25
21 20
79 88
90 46
5 33
21 17
57 16
46 10
54 23
25 6
99 82
37 59
86 67
94 68
6 60
28 63
6 82
9 87
67 98
18 2
9 2
74 14
27 64
18 60
60 7
95 98
63 63
2 26
41 95
70 73
14 69
98 41
32 97
12 67
92 11
22 98
21 40
4 97
1 5
27 21
56 80
98 21
18 88
88 36
60 11
64 62
94 55
94 55
97 22
22 12
