58 95
65 19
10 54
42 87
12 49
85 60
70 44
2 82
52 9
27 46
4 93
27 20
8 23
88 19
4 61
64 76
93 60
49 78
38 39
28 61
80 40
79 76
17 82
43 1
15 59
98 98
42 4
24 88
41 1
31 46
71 7
1 33
33 85
84 94
65 99
44 27
24 42
95 2
5 52
91 88
33 61
86 13
20 22
0 52
74 11
4 24
61 58
43 46
77 1
20 6
44 12
88 28
7 76
58 11
75 73
41 60
20 77
28 93
90 31
66 86
18 36
69 47
19 10
43 40
76 63
17 82
66 1
96 78
66 89
31 23
91 1
60 61
54 2
64 64
36 6
16 54
94 3
22 43
2 37
19 85
15 78
76 49
71 64
50 28
53 90
78 39
18 33
98 31
83 70
86 42
83 35
64 96
62 3
53 45
10 85
60 59
2 96
85 91
38 19
58 80
