37 36
66 89
91 84
85 53
55 95
51 96
74 99
45 85
99 61
89 10
25 85
6 84
76 14
64 10
61 71
23 92
61 17
87 17
30 11
55 91
64 66
6 91
4 82
1 72
87 7
12 58
92 47
25 3
3 26
4 62
10 30
41 51
0 24
60 97
58 64
40 56
57 59
78 50
62 26
22 94
78 2
7 0
1 52
18 82
29 99
14 52
82 77
40 14
57 2
95 11
34 35
98 15
74 55
58 99
36 87
32 5
19 61
38 12
42 53
97 27
82 34
30 51
91 27
4 56
76 89
72 64
11 46
60 34
45 21
59 63
4 87
66 23
3 32
50 90
77 94
77 94
44 54
85 84
87 0
59 35
3 39
98 1
55 66
51 32
78 2
71 94
4 15
49 17
82 39
86 90
95 90
14 40
69 45
44 90
65 72
77 45
25 91
32 24
64 55
72 22
