69 61
67 95
93 18
53 25
44 66
94 8
98 54
75 40
69 86
89 61
74 47
48 10
34 33
75 80
65 95
83 29
54 9
83 63
51 8
82 51
37 75
73 18
80 98
51 4
44 33
84 91
82 12
32 86
88 28
15 4
75 31
36 78
84 37
94 32
67 47
81 96
91 73
46 92
59 96
67 40
37 17
69 85
96 1
88 67
7 96
37 99
1 4
48 61
88 77
32 83
49 45
37 24
80 69
3 58
65 80
33 48
10 89
7 53
59 44
64 59
15 34
20 96
92 29
79 91
81 47
92 15
96 3
99 56
94 67
23 25
17 98
15 48
34 8
31 2
25 99
82 41
17 3
52 33
2 5
58 54
89 46
33 94
33 80
38 6
18 64
18 18
15 40
99 18
4 18
88 31
33 99
16 12
40 31
17 18
98 75
67 48
45 14
38 17
64 32
98 8
