68 78
17 41
81 87
9 24
65 38
25 72
52 55
13 33
35 73
34 89
37 73
82 84
21 11
2 54
26 74
59 33
0 38
1 93
16 9
81 23
57 84
61 76
30 80
3 78
37 33
54 52
28 61
53 26
26 53
52 54
57 9
89 24
90 20
18 47
75 38
45 34
59 49
17 2
52 42
60 92
83 28
53 39
72 42
40 29
53 73
83 36
90 38
14 76
80 71
87 49
46 92
30 70
77 95
39 19
75 47
67 1
98 65
5 19
47 94
9 5
28 73
51 37
47 0
77 74
1 46
34 47
63 78
89 92
72 78
2 38
32 11
11 22
23 31
13 73
24 75
51 3
36 16
73 49
59 71
11 13
87 90
59 98
14 22
5 42
22 93
78 16
29 23
84 12
4 5
53 97
66 83
87 28
50 25
27 6
53 17
90 6
37 25
76 1
33 54
89 32
