10 65
7 85
31 1
42 96
58 86
44 78
41 0
16 35
95 64
99 66
28 54
66 99
68 27
1 6
71 4
42 22
69 59
33 60
60 66
7 70
52 94
35 60
70 26
46 51
27 14
22 17
30 14
68 44
17 35
69 83
72 3
3 43
65 30
32 8
35 4
64 78
71 38
77 78
18 77
84 19
68 61
39 23
33 15
22 70
65 35
95 23
74 66
83 97
84 58
97 14
40 11
71 68
84 48
7 95
65 69
27 42
99 99
42 23
57 40
72 33
59 41
87 76
10 24
99 87
20 6
92 33
55 68
42 33
81 88
3 83
60 47
46 3
99 43
33 44
77 53
70 96
87 35
85 23
39 1
44 12
87 31
31 12
81 88
23 88
85 41
8 30
18 17
56 56
27 81
47 39
30 48
36 37
65 40
22 59
60 65
87 33
46 99
46 4
88 0
86 94
