52 46
64 72
70 22
82 0
76 10
62 84
54 10
73 92
79 44
62 62
3 65
3 58
45 6
94 3
40 86
66 90
15 51
88 15
70 53
28 95
34 90
12 34
95 84
23 9
52 0
97 30
28 2
18 78
83 64
93 69
27 18
86 49
82 34
58 78
87 46
31 63
59 48
57 8
90 76
39 25
47 60
6 11
18 39
14 54
61 28
61 24
10 24
19 16
43 44
53 74
29 67
84 37
48 88
59 97
97 64
97 48
22 53
49 93
61 22
84 64
49 57
51 50
51 65
83 52
93 20
38 82
84 15
94 39
81 30
38 34
64 41
49 20
0 37
81 17
67 90
92 20
81 81
84 3
30 0
1 14
55 12
32 17
37 78
32 49
52 95
37 97
94 38
54 0
50 91
9 34
12 70
62 11
23 97
54 35
79 17
86 20
63 25
7 63
43 89
18 67
