52 77
68 85
56 54
80 44
95 49
61 7
58 16
81 97
6 53
64 48
81 30
9 61
4 42
48 47
11 76
4 95
26 81
31 54
41 80
37 57
52 38
32 3
34 85
38 11
59 44
85 72
48 14
58 31
76 1
24 30
35 58
5 27
78 7
91 19
38 55
15 45
67 0
61 46
75 14
46 61
72 50
21 96
46 35
75 95
33 8
27 43
28 93
34 15
11 28
40 18
13 37
53 89
61 93
29 27
6 38
51 44
17 68
59 49
49 77
63 19
32 6
30 21
46 89
41 73
31 4
34 5
29 9
68 98
47 11
94 8
3 26
35 80
18 21
81 87
11 50
94 77
20 13
55 5
87 11
61 94
46 51
59 67
29 1
8 51
69 89
62 38
37 82
33 79
96 41
79 15
29 47
76 22
49 38
16 18
16 72
49 33
48 69
67 56
85 76
46 97
