92 32
64 9
1 12
30 48
74 84
58 54
87 17
28 45
91 75
3 5
81 92
63 66
7 88
19 82
74 41
40 88
98 3
82 7
23 61
22 19
4 18
20 38
3 33
22 90
45 36
96 43
40 90
50 37
55 46
48 40
90 28
79 59
97 63
72 63
52 67
31 93
20 90
81 11
99 15
19 88
70 80
5 60
81 18
90 5
61 63
80 16
1 71
27 19
90 9
51 79
44 46
51 81
59 24
58 74
20 15
85 38
82 88
82 19
43 80
75 78
91 31
17 84
33 99
34 54
57 88
57 16
82 81
67 59
41 67
91 77
64 33
25 74
63 93
7 30
38 55
47 19
59 77
31 7
54 59
54 87
60 57
44 51
87 18
38 47
63 32
16 45
23 89
16 31
96 81
99 54
98 64
64 60
86 54
68 76
84 41
37 88
58 41
28 61
50 17
9 94
