40 25
21 52
83 77
55 18
41 16
70 51
83 0
99 70
8 88
97 40
13 28
57 91
30 13
17 21
64 42
14 51
62 20
43 26
65 79
8 91
3 62
46 68
3 30
8 1
95 16
66 26
94 51
44 77
25 17
12 0
95 15
13 22
15 57
7 64
26 13
18 47
25 64
7 35
24 73
67 75
85 8
32 45
90 15
46 11
45 51
67 64
22 42
63 2
75 5
26 17
24 32
76 57
90 9
62 92
63 53
94 99
62 36
48 94
42 11
78 93
63 63
16 42
25 22
90 11
9 33
22 24
62 27
49 23
14 93
91 43
82 93
25 32
8 64
16 54
17 73
97 77
21 73
16 69
21 93
16 88
75 54
64 75
42 39
54 92
36 61
3 13
99 35
54 23
22 29
3 53
83 8
20 39
86 13
45 27
60 82
18 23
92 49
40 93
70 10
11 41
