32 44
25 39
55 91
36 2
96 85
2 44
90 33
21 25
34 32
90 12
81 2
6 28
26 10
28 72
85 18
70 82
55 71
39 22
62 50
64 28
81 91
69 19
28 82
75 99
81 88
68 41
9 17
92 32
27 72
17 39
18 27
25 65
80 79
75 61
28 65
72 60
71 59
82 73
67 25
43 71
90 19
72 49
60 77
54 25
12 72
85 82
35 82
5 79
30 32
99 28
39 5
1 20
77 79
26 54
28 40
23 79
81 33
55 75
95 67
2 93
85 2
8 77
22 9
77 62
67 72
72 65
94 79
18 92
92 29
36 54
11 55
86 28
84 0
51 25
3 67
93 61
36 97
68 19
21 41
41 76
97 23
43 22
37 83
30 70
30 7
25 96
88 3
20 54
7 54
10 49
82 76
79 43
88 18
74 19
80 31
36 19
83 81
20 16
33 6
73 93
