13 47
25 96
81 6
90 1
81 24
51 28
23 94
33 49
90 51
75 64
70 8
70 84
42 37
80 32
56 73
53 23
62 7
42 34
43 89
94 81
2 21
95 41
11 78
29 78
76 52
35 49
91 98
37 42
84 85
23 1
90 90
13 36
76 60
41 6
51 42
63 50
16 12
62 52
85 91
89 4
61 43
71 90
72 19
8 60
48 64
39 69
98 68
5 15
65 68
76 5
31 45
16 55
28 26
7 90
53 54
23 67
71 61
65 59
64 95
26 91
92 64
16 57
14 37
87 51
44 71
8 80
23 88
57 47
64 99
10 57
39 13
1 33
51 50
72 52
26 65
83 37
85 24
51 50
74 42
81 1
47 43
21 6
2 64
89 66
45 80
22 20
42 51
48 51
85 72
52 0
95 63
43 21
53 31
22 45
15 4
75 68
10 96
29 37
32 72
64 86
