97 41
79 56
9 36
14 31
36 10
71 94
16 80
18 20
27 70
13 63
74 71
47 15
91 41
83 68
83 67
25 70
65 28
11 65
46 51
91 84
38 48
95 58
96 92
70 19
34 18
91 32
8 91
0 25
55 24
38 72
39 72
63 39
52 1
33 6
95 20
99 87
2 84
20 41
81 7
25 28
54 38
8 9
81 0
45 97
6 80
72 98
10 68
62 70
7 21
60 58
22 41
80 69
33 79
7 6
61 74
24 56
34 54
7 82
81 35
37 32
43 67
84 32
69 58
93 32
93 59
11 58
32 96
63 5
65 60
27 31
18 6
72 27
10 39
54 8
17 43
6 97
45 49
16 59
9 90
25 78
87 95
16 14
69 79
30 3
67 85
94 61
34 62
57 34
14 8
11 54
37 99
58 32
71 24
36 28
19 60
87 97
18 58
82 94
62 25
56 54
