35 39
75 50
11 96
75 4
8 2
79 64
84 58
75 75
98 5
51 77
73 63
44 25
49 95
35 51
33 44
29 79
84 5
69 27
69 98
53 4
87 82
67 67
17 20
49 84
22 9
90 91
1 42
22 53
83 42
17 82
9 88
43 75
94 45
47 78
67 54
44 0
63 36
43 43
26 44
22 36
82 6
80 44
57 61
82 33
70 78
46 35
13 41
78 74
58 77
54 85
44 68
34 26
7 35
94 46
57 84
26 71
85 16
21 79
53 35
77 98
85 29
97 73
16 42
90 72
9 19
4 96
30 52
8 45
1 65
94 83
37 27
6 11
57 11
42 69
71 96
24 50
6 95
66 68
65 99
75 67
98 55
61 16
83 14
36 81
85 84
76 4
21 35
34 20
67 84
27 8
96 80
17 13
12 24
94 88
64 30
97 71
50 68
94 55
72 73
87 16
