69 15
55 38
1 88
32 12
71 39
75 90
98 80
34 22
89 60
78 6
39 68
39 38
95 30
0 27
62 54
76 2
14 7
73 1
77 76
3 73
12 18
53 13
9 45
50 82
56 30
55 22
53 69
44 95
4 0
13 78
26 35
42 6
36 90
66 13
17 37
28 42
30 77
60 7
7 49
44 66
17 19
88 7
90 63
88 83
2 79
62 14
69 23
3 53
75 4
58 93
93 91
28 22
13 47
78 99
93 7
11 71
35 28
42 92
50 63
28 51
53 87
2 50
25 97
15 88
41 98
56 73
74 19
77 38
48 55
28 22
48 3
81 20
78 58
21 39
85 23
0 12
7 34
77 20
23 66
42 57
12 76
2 26
52 58
74 30
76 47
56 66
80 70
44 89
56 32
90 25
14 18
1 17
47 2
68 33
22 30
6 47
25 66
57 73
96 49
31 89
