1 5
1 7
1 11
1 20
1 23
1 25
1 28
1 35
1 37
2 2
2 4
2 14
2 26
2 33
3 3
3 8
3 10
3 15
3 27
3 34
4 2
4 23
4 25
4 28
4 30
4 32
4 36
5 3
5 8
5 10
5 27
5 29
5 37
6 2
6 9
6 11
6 28
6 33
7 8
7 10
7 12
7 19
7 29
7 34
7 36
8 7
8 11
8 13
8 17
8 20
8 31
8 33
8 35
8 37
9 1
9 4
9 8
9 23
9 26
9 32
9 34
9 36
10 2
10 13
10 24
10 27
10 33
11 1
11 11
11 14
11 17
11 25
12 6
12 9
12 15
13 1
13 11
13 20
13 29
14 18
14 25
14 28
15 4
15 6
15 8
15 16
15 20
15 23
15 29
15 34
16 1
16 5
16 7
16 9
16 11
16 24
16 26
16 30
16 35
17 2
17 6
17 8
17 10
17 17
17 36
17 38
18 1
18 3
18 5
18 7
18 11
18 19
18 30
18 35
18 37
19 4
19 6
19 14
19 27
19 29
19 34
19 36
19 38
20 5
20 10
20 13
20 15
20 21
20 23
21 3
21 8
21 11
21 14
21 16
21 19
21 22
21 27
22 9
22 15
22 23
23 8
23 14
23 16
23 20
23 28
24 5
24 7
24 9
24 11
24 15
24 17
24 19
24 27
24 31
25 8
25 28
25 30
25 35
26 22
26 27
26 34
27 11
27 13
27 17
27 21
27 23
28 2
28 6
28 12
28 14
28 18
28 20
28 22
28 24
28 27
28 30
28 34
28 36
28 38
29 1
29 19
29 23
29 28
29 31
29 37
30 2
30 11
30 18
30 22
30 24
30 27
30 29
30 34
30 38
31 3
31 9
31 12
31 19
31 21
31 25
31 28
31 30
32 7
32 10
32 14
32 26
32 29
33 2
33 22
33 27
33 30
33 38
34 7
34 10
34 21
34 28
35 1
35 4
35 6
35 16
35 22
35 24
35 27
35 29
35 31
35 36
36 5
36 10
36 32
36 35
36 37
37 4
37 6
37 8
37 11
37 18
37 27
37 33
38 3
38 5
38 7
38 17
38 19
38 24
38 30
38 32
38 35
38 37
0 3
0 20
0 30
0 32
0 37
1 19
1 31
2 20
2 21
2 31
3 36
3 35
3 37
4 34
4 33
5 17
5 21
6 25
5 25
7 0
8 1
8 2
8 15
8 14
8 23
8 24
8 38
7 38
8 39
9 0
9 5
8 5
9 20
9 29
8 29
9 38
10 5
10 8
10 9
10 39
11 19
11 18
11 37
11 36
12 11
12 10
12 12
12 17
12 34
12 33
12 38
12 39
13 3
13 4
13 36
14 16
14 15
14 20
14 19
14 21
14 36
15 13
15 18
15 17
15 39
16 0
16 25
15 25
16 31
15 31
17 16
16 16
17 19
17 20
17 25
17 39
18 16
19 17
20 36
21 33
21 34
22 0
22 5
21 5
22 36
23 1
23 23
23 35
23 37
24 2
24 4
23 4
24 33
24 32
24 38
24 39
25 1
25 22
26 0
26 8
26 9
26 25
27 2
27 27
27 26
27 28
32 0
32 12
33 31
34 12
35 13
36 1
36 0
36 2
37 22
38 2
38 22
38 25
37 25
39 2
39 5
39 7
39 9
39 24
39 30
39 32
39 37
6 4
29 6
29 5
0 14
10 31
11 31
16 22
26 30
26 31
30 0
31 35
32 35
31 38
31 39
33 16
38 15
39 15
0 22
1 15
1 38
2 11
2 24
3 22
4 4
5 12
3 29
4 14
5 19
4 26
5 1
5 31
7 3
7 21
9 10
11 23
12 2
12 30
13 14
14 9
13 27
14 0
14 5
14 12
14 30
15 10
14 38
16 28
17 23
17 27
17 34
18 9
18 21
18 28
19 8
20 30
19 32
22 17
20 26
21 20
21 31
21 38
22 7
22 25
24 13
25 11
25 16
26 36
29 3
26 6
26 4
27 15
27 33
28 4
27 37
30 36
28 32
31 1
31 5
31 13
31 31
32 21
33 9
34 17
33 25
34 5
35 8
34 19
34 30
34 35
35 11
35 18
36 15
37 20
36 26
37 34
38 10
38 39
39 20
1 9
1 8
0 8
10 3
11 3
11 4
11 27
11 26
12 26
12 21
12 22
13 22
32 19
32 18
33 18
0 0
0 2
0 4
0 5
0 7
0 9
0 11
0 13
0 15
0 18
0 19
0 21
0 23
0 25
0 26
0 28
0 29
0 31
0 33
0 35
0 36
0 38
0 39
1 2
1 4
1 6
1 10
1 12
1 14
1 17
1 21
1 22
1 24
1 26
1 27
1 29
1 33
1 34
1 36
1 39
2 0
2 1
2 3
2 5
2 7
2 8
2 10
2 12
2 13
2 15
2 17
2 19
2 23
2 25
2 27
2 28
2 30
2 32
2 34
2 35
2 37
2 38
3 0
3 2
3 4
3 6
3 7
3 9
3 11
3 13
3 14
3 16
3 21
3 23
3 25
3 26
3 28
3 30
3 32
3 33
3 39
4 1
4 3
4 6
4 8
4 10
4 12
4 15
4 18
4 19
4 21
4 22
4 24
4 27
4 29
4 31
4 35
4 37
5 2
5 4
5 5
5 7
5 9
5 11
5 14
5 16
5 18
5 23
5 24
5 26
5 28
5 30
5 32
5 33
5 36
5 38
5 39
6 0
6 1
6 3
6 8
6 10
6 12
6 13
6 15
6 19
6 21
6 23
6 27
6 29
6 32
6 34
6 36
6 37
7 2
7 4
7 6
7 7
7 9
7 11
7 13
7 14
7 17
7 18
7 20
7 24
7 25
7 28
7 30
7 31
7 33
7 35
7 37
7 39
8 0
8 4
8 6
8 8
8 10
8 12
8 16
8 18
8 19
8 21
8 22
8 26
8 28
8 30
8 32
8 34
8 36
9 2
9 3
9 7
9 9
9 11
9 13
9 14
9 16
9 17
9 19
9 21
9 22
9 24
9 25
9 27
9 31
9 33
9 35
9 37
9 39
10 0
10 1
10 4
10 6
10 7
10 11
10 12
10 14
10 15
10 17
10 18
10 23
10 25
10 26
10 28
10 29
10 32
10 34
10 36
11 0
11 2
11 6
11 9
11 10
11 12
11 13
11 15
11 16
11 20
11 22
11 24
11 28
11 30
11 32
11 33
11 38
11 39
12 1
12 4
12 5
12 7
12 8
12 14
12 16
12 18
12 20
12 25
12 27
12 29
12 35
12 36
13 0
13 2
13 6
13 7
13 9
13 10
13 12
13 13
13 15
13 18
13 19
13 21
13 23
13 25
13 28
13 30
13 31
13 33
13 38
13 39
14 1
14 4
14 6
14 8
14 11
14 13
14 17
14 23
14 24
14 26
14 27
14 29
14 32
14 34
14 35
14 37
14 39
15 0
15 1
15 3
15 5
15 7
15 9
15 11
15 15
15 19
15 21
15 22
15 24
15 26
15 28
15 30
15 32
15 33
15 35
15 37
16 2
16 4
16 6
16 8
16 10
16 12
16 13
16 15
16 17
16 20
16 23
16 27
16 29
16 33
16 34
16 36
16 38
16 39
17 0
17 1
17 3
17 5
17 7
17 9
17 11
17 13
17 14
17 18
17 22
17 24
17 26
17 30
17 31
17 35
17 37
18 0
18 2
18 4
18 6
18 8
18 10
18 12
18 14
18 15
18 17
18 18
18 20
18 22
18 24
18 27
18 29
18 31
18 32
18 34
18 36
18 38
18 39
19 1
19 3
19 5
19 7
19 10
19 11
19 13
19 15
19 19
19 21
19 23
19 26
19 28
19 30
19 33
19 35
19 37
19 39
20 1
20 3
20 4
20 6
20 8
20 9
20 11
20 12
20 14
20 16
20 17
20 19
20 20
20 22
20 24
20 27
20 29
20 31
20 32
20 34
20 35
20 37
20 38
21 0
21 2
21 4
21 6
21 7
21 9
21 10
21 12
21 13
21 15
21 17
21 18
21 21
21 23
21 25
21 26
21 28
21 29
21 32
21 39
22 3
22 8
22 10
22 11
22 14
22 16
22 19
22 20
22 22
22 24
22 27
22 28
22 30
22 31
22 34
22 35
22 37
22 38
23 0
23 2
23 3
23 5
23 7
23 9
23 11
23 13
23 15
23 17
23 19
23 21
23 22
23 24
23 25
23 27
23 29
23 31
23 32
23 39
24 6
24 8
24 10
24 12
24 14
24 16
24 18
24 20
24 26
24 28
24 30
24 34
24 35
24 37
25 0
25 2
25 4
25 5
25 7
25 9
25 10
25 12
25 15
25 17
25 19
25 21
25 23
25 27
25 29
25 31
25 32
25 34
25 36
25 37
25 39
26 5
26 7
26 11
26 13
26 17
26 19
26 21
26 23
26 24
26 26
26 28
26 29
26 33
26 35
26 38
26 39
27 0
27 1
27 3
27 4
27 6
27 9
27 10
27 12
27 14
27 16
27 18
27 20
27 22
27 24
27 30
27 31
27 34
27 36
27 38
28 1
28 3
28 5
28 7
28 11
28 13
28 15
28 17
28 19
28 21
28 23
28 25
28 26
28 28
28 29
28 31
28 33
28 35
28 37
28 39
29 0
29 2
29 7
29 9
29 11
29 12
29 14
29 16
29 18
29 20
29 22
29 24
29 27
29 29
29 30
29 32
29 34
29 36
29 38
30 1
30 3
30 5
30 6
30 9
30 10
30 12
30 13
30 15
30 17
30 19
30 21
30 23
30 25
30 26
30 28
30 30
30 31
30 33
30 35
30 37
30 39
31 0
31 2
31 4
31 7
31 8
31 10
31 11
31 14
31 17
31 18
31 20
31 22
31 24
31 26
31 27
31 29
31 32
31 34
31 37
32 2
32 3
32 5
32 6
32 8
32 9
32 11
32 13
32 15
32 20
32 22
32 24
32 25
32 27
32 28
32 30
32 31
32 33
32 34
32 36
32 38
32 39
33 0
33 1
33 3
33 4
33 7
33 10
33 14
33 15
33 17
33 19
33 21
33 23
33 26
33 28
33 29
33 33
33 37
33 39
34 1
34 2
34 4
34 6
34 8
34 9
34 11
34 13
34 16
34 20
34 22
34 24
34 25
34 27
34 29
34 31
34 34
34 36
34 38
35 0
35 2
35 3
35 5
35 7
35 10
35 15
35 17
35 19
35 21
35 23
35 25
35 26
35 28
35 30
35 32
35 33
35 35
35 37
35 39
36 4
36 6
36 8
36 9
36 11
36 13
36 16
36 18
36 20
36 22
36 24
36 27
36 29
36 31
36 33
36 34
36 36
36 38
37 0
37 2
37 3
37 5
37 7
37 9
37 10
37 12
37 14
37 15
37 17
37 19
37 24
37 26
37 28
37 30
37 32
37 35
37 37
37 39
38 0
38 4
38 6
38 8
38 11
38 13
38 16
38 18
38 20
38 21
38 23
38 27
38 29
38 31
38 33
38 34
38 36
38 38
39 1
39 3
39 4
39 6
39 8
39 10
39 12
39 14
39 16
39 17
39 19
39 21
39 23
39 25
39 27
39 29
39 31
39 33
39 35
39 36
39 38
39 39
