1 1
1 4
1 7
1 11
1 13
1 16
1 18
1 22
1 24
1 34
1 36
1 38
2 3
2 8
2 10
2 12
2 17
2 19
2 21
2 23
2 35
2 37
3 4
3 7
3 11
3 16
3 18
3 24
3 31
3 33
3 38
4 12
4 15
4 17
4 25
4 32
4 34
5 1
5 13
5 18
5 21
5 23
5 26
5 29
5 31
5 35
5 37
6 2
6 24
6 27
6 30
6 36
6 38
7 1
7 3
7 12
7 25
7 28
7 31
7 34
8 4
8 7
8 17
8 20
8 23
8 29
9 5
9 11
9 16
9 24
9 26
9 28
9 30
9 33
9 38
10 1
10 14
10 17
10 20
10 22
10 25
10 27
10 29
10 37
11 2
11 6
11 8
11 15
11 19
11 21
11 26
11 28
11 30
11 36
11 38
12 1
12 3
12 7
12 13
12 20
12 25
12 29
12 34
12 37
13 2
13 4
13 8
13 11
13 14
13 19
13 35
14 9
14 12
14 15
14 18
14 24
14 30
14 36
15 10
15 13
15 17
15 19
15 22
15 25
15 29
15 31
16 5
16 14
16 18
16 20
16 26
16 28
16 30
16 32
17 4
17 6
17 9
17 17
17 19
17 21
17 25
17 29
17 31
17 33
17 38
18 1
18 3
18 5
18 8
18 10
18 16
18 20
18 26
18 28
18 30
18 36
19 2
19 4
19 9
19 21
19 24
19 29
19 31
19 33
19 35
19 37
20 1
20 3
20 5
20 10
20 16
20 19
20 22
20 25
20 30
20 32
20 34
20 36
21 2
21 4
21 6
21 9
21 15
21 17
21 20
21 23
21 26
21 33
21 35
22 5
22 10
22 16
22 18
22 34
22 36
23 6
23 14
23 17
23 19
23 21
23 24
23 32
23 37
24 10
24 13
24 15
24 33
24 38
25 2
25 4
25 6
25 14
25 16
25 19
25 31
25 34
25 36
26 1
26 3
26 7
26 10
26 22
26 24
26 27
26 37
27 2
27 8
27 11
27 16
27 18
27 28
27 38
28 1
28 3
28 6
28 10
28 12
28 14
28 19
28 21
28 25
29 4
29 11
29 15
29 18
29 20
29 22
29 31
29 35
30 1
30 5
30 19
30 21
30 25
30 30
30 36
30 38
31 2
31 4
31 10
31 12
31 17
31 22
31 24
31 26
31 28
32 3
32 11
32 13
32 15
32 23
32 25
32 27
32 32
33 4
33 9
33 12
33 14
33 16
33 21
33 24
33 26
33 28
33 33
33 36
34 2
34 5
34 8
34 10
34 13
34 15
34 17
34 19
34 22
34 25
34 27
34 32
34 34
35 1
35 3
35 6
35 11
35 14
35 16
35 18
35 20
35 23
35 26
35 28
35 31
35 33
36 4
36 12
36 15
36 17
36 19
36 21
36 24
36 27
36 29
36 37
37 5
37 7
37 11
37 13
37 16
37 18
37 20
37 22
37 25
37 28
37 35
37 38
38 1
38 8
38 10
38 14
38 23
38 26
38 33
38 36
0 1
0 7
0 13
0 18
0 20
0 22
0 24
0 26
0 28
0 36
0 38
1 0
1 26
1 25
1 39
2 1
3 39
5 6
5 7
4 7
6 6
6 9
6 10
5 10
6 39
7 0
7 10
7 14
9 14
10 13
12 0
12 23
13 39
14 4
14 5
15 0
15 2
14 2
15 34
15 38
14 38
15 39
16 2
17 36
17 39
18 11
17 11
19 38
18 38
19 39
20 12
20 11
20 13
20 38
21 39
24 39
26 23
25 23
27 23
27 33
27 39
28 0
28 8
28 7
28 31
30 0
30 6
29 6
30 28
30 39
31 6
32 0
32 38
31 38
32 39
33 38
34 36
34 35
34 37
35 0
35 8
35 7
37 6
36 6
38 6
38 28
38 27
38 29
39 4
39 14
39 23
39 26
39 28
39 30
39 33
39 36
3 26
6 4
24 27
36 1
12 32
16 12
30 34
38 37
1 2
1 14
2 5
0 5
3 13
3 20
3 28
3 35
4 19
4 27
4 38
5 33
6 15
6 19
6 22
6 32
7 5
7 26
7 35
8 1
8 25
8 39
9 6
9 18
9 31
9 36
10 34
8 34
11 4
12 9
12 15
13 6
13 29
13 33
15 15
15 23
14 20
14 32
17 0
17 7
17 13
18 18
19 26
18 22
19 6
19 17
21 7
21 31
21 21
21 24
21 37
22 3
22 20
22 27
23 35
24 22
22 38
25 8
23 12
24 3
25 11
25 26
26 5
25 38
26 12
26 19
27 9
28 29
28 36
29 13
30 32
28 38
29 33
31 8
30 11
31 35
32 5
32 17
32 30
32 34
34 29
36 10
36 32
37 0
38 12
38 17
38 15
38 21
38 24
38 31
38 34
39 2
39 38
36 30
37 30
11 17
11 16
16 22
17 23
31 18
32 19
10 10
11 10
11 11
22 1
23 1
23 2
22 29
22 30
23 30
0 0
0 2
0 4
0 6
0 8
0 9
0 11
0 12
0 14
0 16
0 17
0 19
0 21
0 23
0 25
0 27
0 29
0 32
0 34
0 35
0 37
0 39
1 3
1 5
1 6
1 8
1 10
1 12
1 15
1 17
1 19
1 21
1 23
1 27
1 29
1 33
1 35
1 37
2 0
2 2
2 4
2 7
2 9
2 11
2 13
2 14
2 16
2 18
2 20
2 22
2 24
2 25
2 28
2 30
2 31
2 33
2 34
2 36
2 38
2 39
3 0
3 3
3 5
3 6
3 8
3 10
3 12
3 15
3 17
3 19
3 21
3 23
3 25
3 27
3 29
3 30
3 32
3 34
3 36
3 37
4 1
4 2
4 4
4 6
4 8
4 9
4 11
4 13
4 14
4 16
4 18
4 21
4 23
4 24
4 26
4 29
4 31
4 33
4 35
4 37
4 39
5 0
5 2
5 3
5 9
5 11
5 12
5 14
5 15
5 17
5 19
5 20
5 22
5 24
5 25
5 27
5 28
5 30
5 32
5 34
5 36
5 38
5 39
6 0
6 1
6 3
6 5
6 7
6 12
6 13
6 16
6 18
6 21
6 23
6 25
6 26
6 28
6 29
6 31
6 34
6 35
6 37
7 2
7 4
7 7
7 9
7 11
7 13
7 15
7 17
7 19
7 20
7 23
7 24
7 27
7 29
7 30
7 32
7 33
7 36
7 38
7 39
8 0
8 2
8 3
8 5
8 6
8 8
8 11
8 12
8 16
8 18
8 19
8 21
8 22
8 24
8 26
8 28
8 30
8 31
8 33
8 35
8 38
9 1
9 3
9 4
9 7
9 9
9 10
9 12
9 13
9 15
9 17
9 20
9 22
9 23
9 25
9 27
9 29
9 32
9 34
9 35
9 37
9 39
10 0
10 2
10 5
10 6
10 8
10 11
10 15
10 16
10 18
10 19
10 21
10 23
10 24
10 26
10 28
10 30
10 31
10 33
10 36
10 38
11 0
11 1
11 3
11 5
11 7
11 9
11 13
11 14
11 18
11 20
11 22
11 25
11 27
11 29
11 31
11 32
11 34
11 35
11 37
11 39
12 2
12 4
12 6
12 8
12 11
12 12
12 14
12 16
12 17
12 19
12 21
12 22
12 24
12 26
12 28
12 30
12 33
12 35
12 36
12 38
12 39
13 0
13 1
13 3
13 5
13 7
13 9
13 10
13 12
13 13
13 15
13 18
13 20
13 21
13 24
13 25
13 28
13 30
13 32
13 34
13 36
13 37
14 0
14 1
14 3
14 8
14 10
14 11
14 13
14 14
14 16
14 17
14 19
14 22
14 23
14 25
14 27
14 29
14 31
14 35
14 37
14 39
15 5
15 6
15 9
15 11
15 12
15 14
15 16
15 18
15 20
15 21
15 24
15 26
15 28
15 30
15 32
15 33
15 35
15 36
16 0
16 1
16 3
16 4
16 6
16 7
16 9
16 10
16 13
16 15
16 17
16 19
16 21
16 23
16 25
16 27
16 29
16 31
16 33
16 38
16 39
17 1
17 3
17 5
17 8
17 10
17 12
17 14
17 16
17 18
17 20
17 22
17 24
17 26
17 28
17 30
17 32
17 34
17 35
17 37
18 0
18 2
18 4
18 6
18 7
18 9
18 15
18 17
18 19
18 21
18 24
18 25
18 27
18 29
18 31
18 33
18 35
18 37
18 39
19 1
19 3
19 5
19 8
19 10
19 11
19 13
19 14
19 16
19 19
19 20
19 22
19 23
19 25
19 27
19 28
19 30
19 32
19 34
19 36
20 0
20 2
20 4
20 6
20 7
20 9
20 15
20 17
20 18
20 20
20 21
20 23
20 24
20 26
20 29
20 31
20 33
20 35
20 37
20 39
21 0
21 1
21 3
21 5
21 8
21 10
21 11
21 13
21 14
21 16
21 18
21 19
21 22
21 25
21 27
21 28
21 30
21 32
21 34
21 36
22 2
22 4
22 6
22 7
22 9
22 11
22 12
22 14
22 15
22 17
22 19
22 21
22 23
22 24
22 26
22 28
22 32
22 33
22 35
22 37
22 39
23 0
23 5
23 7
23 8
23 10
23 13
23 15
23 16
23 18
23 20
23 22
23 23
23 25
23 29
23 31
23 33
23 34
23 36
23 38
23 39
24 0
24 2
24 4
24 6
24 8
24 9
24 11
24 12
24 14
24 16
24 17
24 19
24 21
24 24
24 26
24 28
24 31
24 32
24 34
24 36
24 37
25 1
25 3
25 5
25 7
25 10
25 13
25 15
25 17
25 18
25 20
25 22
25 24
25 27
25 30
25 32
25 33
25 35
25 37
25 39
26 0
26 2
26 4
26 6
26 8
26 9
26 11
26 13
26 14
26 16
26 18
26 20
26 21
26 25
26 26
26 28
26 30
26 31
26 33
26 34
26 36
26 38
26 39
27 0
27 1
27 3
27 6
27 7
27 10
27 12
27 14
27 15
27 17
27 19
27 21
27 22
27 24
27 25
27 27
27 29
27 35
27 37
28 2
28 4
28 5
28 9
28 11
28 13
28 15
28 16
28 18
28 20
28 22
28 24
28 26
28 28
28 30
28 32
28 33
28 35
28 37
28 39
29 0
29 1
29 3
29 5
29 7
29 10
29 12
29 14
29 16
29 17
29 19
29 21
29 23
29 25
29 30
29 32
29 34
29 36
29 38
29 39
30 2
30 4
30 8
30 10
30 12
30 14
30 15
30 17
30 18
30 20
30 22
30 24
30 26
30 27
30 29
30 31
30 35
30 37
31 0
31 1
31 3
31 5
31 7
31 9
31 11
31 13
31 15
31 16
31 19
31 21
31 23
31 25
31 27
31 29
31 30
31 32
31 34
31 36
31 37
31 39
32 2
32 4
32 7
32 9
32 10
32 12
32 14
32 16
32 18
32 21
32 22
32 24
32 26
32 28
32 31
32 33
32 36
33 0
33 2
33 3
33 5
33 6
33 8
33 10
33 11
33 13
33 15
33 17
33 19
33 20
33 22
33 23
33 25
33 27
33 29
33 30
33 32
33 34
33 35
33 37
33 39
34 0
34 1
34 3
34 4
34 6
34 7
34 9
34 11
34 12
34 14
34 16
34 18
34 20
34 21
34 23
34 24
34 26
34 28
34 31
34 33
35 2
35 4
35 5
35 9
35 10
35 12
35 13
35 15
35 17
35 19
35 21
35 22
35 24
35 25
35 27
35 29
35 30
35 32
35 34
35 35
35 37
35 38
36 0
36 2
36 3
36 5
36 7
36 11
36 13
36 14
36 16
36 18
36 20
36 22
36 23
36 25
36 26
36 28
36 31
36 33
36 35
36 36
36 38
36 39
37 1
37 4
37 8
37 10
37 12
37 14
37 15
37 17
37 19
37 21
37 23
37 24
37 26
37 27
37 29
37 31
37 33
37 34
37 36
37 37
37 39
38 0
38 2
38 3
38 5
38 7
38 9
38 11
38 13
38 16
38 18
38 20
38 22
38 25
38 32
38 35
38 38
39 1
39 3
39 5
39 7
39 8
39 10
39 13
39 15
39 16
39 18
39 20
39 22
39 24
39 25
39 27
39 29
39 31
39 32
39 34
39 35
39 37
39 39
