1 10
1 12
1 20
1 22
1 24
1 26
1 38
2 5
2 19
2 21
2 23
2 25
2 30
3 1
3 4
3 6
3 14
3 20
3 24
3 26
3 28
3 31
3 34
4 5
4 13
4 19
4 25
4 27
4 29
4 35
5 2
5 6
5 15
5 20
5 23
5 28
5 31
5 36
6 3
6 5
6 7
6 9
6 21
6 34
7 6
7 8
7 10
7 12
7 23
7 27
7 31
7 33
7 38
8 2
8 5
8 7
8 11
8 18
8 20
8 28
8 32
9 6
9 10
9 21
9 23
9 31
10 1
10 11
10 24
10 32
10 38
11 12
11 15
11 18
11 21
11 34
11 36
12 3
12 10
12 17
12 19
12 29
13 2
13 4
13 11
13 18
13 30
14 17
14 29
14 36
15 4
15 7
15 15
15 23
16 6
16 8
16 16
16 22
16 24
16 31
16 34
16 36
16 38
17 11
17 23
17 28
17 30
17 35
18 2
18 6
18 12
18 19
19 1
19 3
19 5
19 10
19 18
19 25
19 27
19 38
20 2
20 6
20 9
20 20
20 28
20 37
21 10
21 21
21 24
21 29
21 31
21 33
21 38
22 9
22 16
22 22
22 28
22 30
22 37
23 15
23 21
23 23
23 29
23 36
24 1
24 4
24 14
24 20
24 22
24 28
24 30
24 33
24 35
25 8
25 13
25 15
25 17
25 21
25 27
25 29
25 31
25 34
26 3
26 5
26 9
26 14
26 26
27 1
27 4
27 10
27 18
27 25
27 31
28 2
28 11
28 13
28 26
28 35
29 12
29 14
29 20
29 22
29 37
30 8
30 11
30 13
30 23
30 25
30 34
31 4
31 9
31 12
31 24
31 33
32 5
32 8
32 10
32 14
32 16
32 19
32 23
32 29
33 6
33 9
33 15
33 17
33 22
34 4
34 8
34 23
34 26
34 28
34 32
34 34
35 1
35 5
35 24
35 27
35 35
36 6
36 8
36 12
36 17
36 28
36 31
36 36
36 38
37 1
37 4
37 22
37 24
38 2
38 5
38 15
38 17
38 23
38 25
38 28
38 30
38 35
0 1
0 4
0 15
0 20
0 22
0 24
0 26
0 29
0 31
0 36
0 38
1 35
1 37
1 39
2 1
2 2
2 38
3 0
3 10
3 39
4 31
4 30
4 32
5 25
5 24
6 0
6 12
6 13
6 23
6 22
7 14
7 15
7 25
7 39
8 16
9 15
9 28
9 36
11 26
12 0
12 15
12 14
12 21
12 20
12 22
12 24
12 27
12 32
11 32
13 32
14 0
14 13
13 13
15 13
16 4
16 3
16 11
16 12
16 17
15 17
16 26
16 25
17 10
17 17
17 19
17 20
17 27
18 30
19 33
18 33
19 39
20 16
20 31
21 0
21 6
21 5
21 7
21 32
21 39
22 32
23 25
23 39
26 37
26 36
28 22
28 23
28 27
28 37
28 36
29 15
29 21
29 27
29 31
30 0
30 2
29 2
30 15
30 21
30 35
29 35
31 2
32 20
33 12
32 12
33 19
33 18
33 38
34 11
36 10
36 9
36 13
37 12
37 11
38 19
38 18
38 36
37 36
39 2
39 10
39 17
39 19
39 28
39 36
5 17
6 17
0 13
3 36
3 37
8 3
9 3
8 38
11 37
12 37
14 8
14 9
15 1
18 22
19 36
19 35
25 10
27 6
38 3
1 16
3 12
1 14
1 28
2 11
4 21
3 18
4 1
6 19
4 9
6 28
6 35
7 21
9 8
9 12
9 33
9 39
11 23
12 35
14 5
14 31
15 21
15 28
16 0
16 32
18 4
17 37
18 14
19 7
19 23
18 28
20 22
21 35
22 4
21 3
22 11
23 17
23 31
23 19
24 9
24 12
24 26
25 4
24 37
25 38
26 17
26 7
26 11
26 28
26 24
26 33
28 0
28 5
29 9
29 18
30 29
30 17
30 19
30 38
28 39
31 22
31 31
32 0
32 34
33 7
34 6
35 3
35 29
36 2
36 19
36 21
37 14
38 7
38 9
39 4
39 24
1 6
0 6
3 15
2 15
12 5
12 6
17 15
18 16
28 3
29 4
10 6
10 7
11 7
14 25
13 25
13 26
21 17
21 18
22 18
33 29
33 30
34 30
0 0
0 2
0 3
0 5
0 7
0 9
0 10
0 12
0 14
0 16
0 18
0 19
0 21
0 23
0 25
0 27
0 28
0 30
0 32
0 34
0 35
0 37
0 39
1 2
1 3
1 5
1 8
1 9
1 11
1 13
1 17
1 19
1 21
1 23
1 25
1 27
1 30
1 33
2 0
2 4
2 6
2 8
2 10
2 12
2 14
2 16
2 18
2 20
2 22
2 24
2 26
2 28
2 29
2 31
2 34
2 35
2 37
2 39
3 2
3 3
3 5
3 7
3 13
3 16
3 19
3 21
3 23
3 25
3 27
3 29
3 30
3 32
3 33
3 35
4 0
4 2
4 4
4 6
4 8
4 10
4 12
4 14
4 15
4 17
4 18
4 20
4 23
4 24
4 26
4 28
4 34
4 36
4 37
4 39
5 0
5 1
5 3
5 5
5 7
5 9
5 13
5 14
5 16
5 19
5 21
5 22
5 26
5 27
5 29
5 30
5 32
5 34
5 35
5 37
5 38
6 2
6 4
6 6
6 8
6 10
6 11
6 15
6 16
6 18
6 20
6 24
6 27
6 29
6 31
6 33
6 36
6 38
6 39
7 0
7 2
7 3
7 5
7 7
7 9
7 11
7 13
7 18
7 20
7 22
7 24
7 26
7 28
7 30
7 32
7 34
7 35
7 37
8 0
8 1
8 4
8 6
8 8
8 10
8 12
8 15
8 17
8 19
8 21
8 23
8 26
8 27
8 29
8 31
8 33
8 34
8 36
8 37
8 39
9 1
9 2
9 4
9 5
9 7
9 9
9 11
9 18
9 20
9 22
9 24
9 27
9 29
9 30
9 32
9 38
10 0
10 2
10 5
10 9
10 10
10 12
10 13
10 15
10 18
10 19
10 21
10 23
10 25
10 26
10 31
10 33
10 34
10 36
10 37
10 39
11 0
11 1
11 3
11 6
11 8
11 10
11 11
11 13
11 14
11 16
11 17
11 19
11 20
11 22
11 24
11 28
11 29
11 31
11 33
11 35
11 38
12 2
12 4
12 9
12 11
12 12
12 16
12 18
12 26
12 28
12 30
12 34
12 36
12 38
12 39
13 0
13 1
13 3
13 5
13 6
13 9
13 10
13 12
13 14
13 17
13 19
13 20
13 22
13 24
13 29
13 31
13 33
13 36
13 39
14 2
14 4
14 7
14 11
14 15
14 16
14 18
14 20
14 21
14 23
14 26
14 28
14 30
14 33
14 35
14 37
14 38
15 0
15 2
15 3
15 5
15 6
15 8
15 9
15 12
15 14
15 16
15 18
15 19
15 22
15 24
15 25
15 29
15 31
15 32
15 34
15 36
15 38
16 1
16 5
16 7
16 9
16 10
16 14
16 15
16 20
16 21
16 23
16 27
16 28
16 30
16 33
16 35
16 37
16 39
17 0
17 2
17 3
17 6
17 8
17 12
17 13
17 16
17 18
17 22
17 24
17 25
17 29
17 31
17 32
17 34
17 36
17 38
18 1
18 3
18 5
18 7
18 8
18 10
18 11
18 13
18 15
18 18
18 20
18 23
18 25
18 27
18 29
18 31
18 32
18 34
18 35
18 38
18 39
19 0
19 2
19 4
19 6
19 9
19 11
19 12
19 14
19 16
19 17
19 19
19 20
19 22
19 24
19 26
19 28
19 37
20 0
20 1
20 3
20 5
20 7
20 8
20 10
20 12
20 13
20 18
20 19
20 21
20 24
20 25
20 27
20 29
20 30
20 32
20 33
20 35
20 36
20 38
20 39
21 2
21 9
21 11
21 14
21 16
21 20
21 22
21 23
21 25
21 26
21 28
21 30
21 34
21 37
22 0
22 2
22 3
22 5
22 7
22 8
22 10
22 15
22 17
22 19
22 21
22 23
22 24
22 27
22 29
22 31
22 33
22 35
22 36
22 38
22 39
23 1
23 4
23 6
23 7
23 9
23 11
23 12
23 14
23 16
23 20
23 22
23 24
23 26
23 28
23 30
23 33
23 35
23 37
24 0
24 2
24 3
24 5
24 6
24 8
24 13
24 15
24 17
24 19
24 21
24 23
24 27
24 29
24 31
24 32
24 34
24 36
24 38
24 39
25 0
25 1
25 3
25 5
25 7
25 9
25 11
25 12
25 14
25 16
25 18
25 20
25 22
25 26
25 28
25 30
25 32
25 33
25 35
25 36
25 39
26 1
26 2
26 4
26 6
26 8
26 10
26 13
26 15
26 16
26 18
26 21
26 23
26 25
26 27
26 29
26 31
26 34
26 38
27 0
27 2
27 3
27 5
27 8
27 9
27 11
27 13
27 14
27 17
27 19
27 23
27 24
27 26
27 27
27 30
27 32
27 33
27 35
27 36
27 39
28 1
28 4
28 6
28 9
28 10
28 12
28 14
28 15
28 18
28 20
28 21
28 25
28 30
28 31
28 33
28 34
28 38
29 0
29 1
29 3
29 6
29 8
29 11
29 13
29 17
29 19
29 23
29 25
29 26
29 28
29 29
29 34
29 36
29 38
29 39
30 4
30 7
30 9
30 10
30 12
30 14
30 16
30 20
30 22
30 24
30 26
30 28
30 31
30 33
30 37
31 0
31 1
31 3
31 5
31 6
31 8
31 10
31 11
31 13
31 14
31 16
31 17
31 19
31 20
31 23
31 25
31 29
31 32
31 34
31 35
31 37
31 38
32 1
32 3
32 4
32 6
32 7
32 9
32 11
32 13
32 15
32 17
32 18
32 22
32 24
32 25
32 28
32 30
32 31
32 33
32 36
33 0
33 4
33 5
33 8
33 10
33 14
33 16
33 20
33 21
33 23
33 26
33 28
33 32
33 34
33 35
33 37
33 39
34 1
34 3
34 5
34 7
34 9
34 10
34 12
34 15
34 17
34 18
34 22
34 24
34 25
34 27
34 29
34 31
34 33
34 35
34 37
34 39
35 0
35 2
35 4
35 6
35 8
35 9
35 12
35 13
35 15
35 17
35 19
35 20
35 23
35 25
35 26
35 28
35 31
35 32
35 34
35 36
35 38
36 1
36 4
36 5
36 7
36 11
36 16
36 18
36 20
36 22
36 24
36 27
36 29
36 30
36 32
36 34
36 35
36 37
36 39
37 0
37 2
37 3
37 5
37 6
37 8
37 9
37 13
37 15
37 17
37 18
37 21
37 23
37 25
37 26
37 28
37 30
37 31
37 33
37 35
37 37
37 38
38 0
38 1
38 4
38 6
38 8
38 11
38 14
38 16
38 20
38 22
38 24
38 26
38 27
38 29
38 31
38 33
38 34
38 38
38 39
39 1
39 3
39 5
39 7
39 9
39 11
39 13
39 15
39 16
39 18
39 20
39 23
39 25
39 27
39 29
39 30
39 32
39 35
39 37
