1 6
1 10
1 15
1 17
1 19
1 25
1 27
1 31
1 33
1 35
1 37
2 7
2 9
2 16
2 20
2 26
2 34
2 36
2 38
3 2
3 8
3 10
3 13
3 15
3 25
3 27
3 35
3 37
4 1
4 3
4 7
4 9
4 11
4 14
4 23
4 26
4 28
4 36
4 38
5 8
5 10
5 12
5 24
5 32
5 35
5 37
6 9
6 11
6 16
6 20
6 28
6 31
6 33
6 36
7 10
7 21
7 34
7 37
8 8
8 15
8 22
8 35
9 7
9 9
9 16
9 31
9 36
10 6
10 12
10 22
10 28
10 34
11 3
11 5
11 7
11 9
11 13
11 16
11 25
11 27
11 35
12 4
12 6
12 8
12 14
12 17
12 19
12 28
12 31
12 34
12 38
13 5
13 7
13 9
13 13
13 15
13 18
13 20
13 22
13 30
14 1
14 4
14 6
14 16
14 23
14 27
14 31
14 34
14 37
15 5
15 7
15 24
15 26
15 28
15 30
15 32
16 1
16 4
16 6
16 9
16 15
16 23
16 25
16 27
16 29
16 31
17 2
17 5
17 13
17 16
17 26
17 30
17 32
17 35
17 37
18 1
18 9
18 14
18 17
18 27
18 29
18 31
18 33
18 36
18 38
19 2
19 5
19 7
19 10
19 15
19 25
19 28
19 30
19 32
19 34
19 37
20 1
20 3
20 6
20 8
20 16
20 19
20 21
20 23
20 26
20 29
20 31
20 33
20 35
20 38
21 2
21 4
21 7
21 14
21 18
21 20
21 22
21 27
21 30
21 32
21 34
21 36
22 1
22 3
22 5
22 8
22 13
22 19
22 21
22 23
22 26
22 31
22 33
22 37
23 4
23 7
23 9
23 12
23 20
23 22
23 36
24 8
24 10
24 14
24 16
24 21
24 24
24 26
24 33
24 35
24 37
25 4
25 7
25 9
25 11
25 15
25 17
25 25
25 34
25 36
26 1
26 3
26 5
26 8
26 10
26 14
26 16
26 24
26 26
26 35
27 2
27 6
27 9
27 15
27 23
27 27
27 29
27 34
27 36
28 7
28 13
28 19
28 24
28 26
28 28
28 30
28 33
28 35
28 37
29 2
29 5
29 8
29 12
29 14
29 20
29 25
29 27
29 36
29 38
30 4
30 6
30 13
30 18
30 26
30 31
30 37
31 5
31 7
31 10
31 14
31 17
31 19
31 21
31 27
31 36
31 38
32 2
32 4
32 6
32 8
32 13
32 22
32 35
33 1
33 3
33 5
33 19
33 32
33 34
33 38
34 4
34 6
34 12
34 31
34 33
34 35
34 37
35 1
35 3
35 5
35 23
35 25
35 27
35 38
36 4
36 6
36 9
36 19
36 22
36 30
36 37
37 5
37 7
37 10
37 18
37 23
37 31
37 36
37 38
38 8
38 13
38 17
38 19
38 21
38 24
38 27
38 29
38 37
0 1
0 3
0 8
0 10
0 15
0 17
0 19
0 22
0 25
0 37
1 1
1 0
1 2
1 18
1 32
0 32
2 18
2 32
3 23
3 22
4 0
4 20
4 32
4 31
4 39
5 1
6 0
6 3
6 39
7 13
8 4
8 13
8 26
9 0
9 4
9 18
9 19
9 30
8 30
9 37
8 37
9 39
10 21
10 30
10 37
11 21
11 24
10 24
11 36
12 24
12 36
13 11
15 34
15 33
15 35
16 0
16 18
16 19
16 22
17 20
17 22
18 21
18 23
18 39
19 12
20 39
22 0
22 38
21 38
23 1
23 28
24 0
25 1
26 0
26 39
28 18
30 30
29 30
31 28
32 28
33 0
33 10
32 10
33 29
33 39
34 13
33 13
34 16
33 16
34 27
34 29
35 0
35 12
35 16
35 26
35 28
35 33
35 39
36 1
36 26
36 28
37 39
38 2
38 3
39 2
39 8
39 13
39 19
39 21
39 24
39 27
39 29
39 35
39 37
1 4
2 4
34 19
34 20
1 13
1 11
1 21
1 29
2 30
2 28
3 6
4 5
5 29
6 7
5 13
5 22
5 25
7 16
9 11
7 27
7 32
8 20
9 27
10 17
10 32
11 29
11 39
12 10
12 2
12 26
13 32
13 35
13 28
14 14
14 21
16 36
17 3
17 7
17 24
18 19
19 20
20 9
20 17
23 18
21 12
24 5
25 22
21 25
21 28
25 27
22 6
23 30
24 12
24 19
25 32
26 18
26 30
26 37
27 4
28 9
29 34
28 11
29 21
30 15
30 20
30 24
31 34
30 33
31 23
33 21
35 7
32 15
32 31
35 31
36 35
37 25
38 6
38 11
38 32
38 9
38 22
38 30
38 34
7 23
7 24
11 1
11 0
14 38
15 38
24 38
25 38
28 15
28 16
38 15
38 14
36 13
7 29
8 28
33 23
34 22
14 12
15 12
15 13
21 16
21 15
22 15
5 17
5 18
6 18
0 0
0 2
0 4
0 6
0 7
0 9
0 11
0 12
0 14
0 16
0 18
0 20
0 21
0 23
0 24
0 26
0 27
0 29
0 31
0 33
0 35
0 36
0 38
0 39
1 5
1 7
1 9
1 12
1 14
1 16
1 20
1 23
1 24
1 26
1 28
1 30
1 34
1 36
1 38
2 0
2 2
2 3
2 5
2 6
2 8
2 10
2 11
2 13
2 15
2 17
2 19
2 21
2 22
2 25
2 27
2 31
2 33
2 35
2 37
2 39
3 0
3 1
3 3
3 7
3 9
3 11
3 12
3 14
3 16
3 19
3 20
3 24
3 26
3 28
3 30
3 31
3 34
3 36
3 38
3 39
4 2
4 4
4 6
4 8
4 10
4 12
4 13
4 15
4 18
4 22
4 24
4 25
4 27
4 29
4 33
4 35
4 37
5 0
5 2
5 3
5 5
5 7
5 9
5 11
5 14
5 16
5 20
5 23
5 26
5 28
5 31
5 33
5 34
5 36
5 38
5 39
6 6
6 8
6 10
6 12
6 13
6 15
6 17
6 19
6 21
6 22
6 24
6 25
6 27
6 29
6 30
6 32
6 34
6 35
6 37
7 0
7 1
7 3
7 4
7 6
7 8
7 9
7 11
7 15
7 17
7 20
7 22
7 26
7 28
7 31
7 33
7 35
7 36
7 38
7 39
8 0
8 1
8 7
8 9
8 10
8 12
8 14
8 16
8 19
8 21
8 23
8 24
8 29
8 31
8 33
8 34
8 36
8 38
8 39
9 2
9 3
9 5
9 6
9 8
9 10
9 12
9 14
9 15
9 17
9 21
9 22
9 26
9 28
9 32
9 34
9 35
10 0
10 1
10 3
10 5
10 7
10 9
10 11
10 13
10 16
10 19
10 23
10 25
10 27
10 29
10 31
10 33
10 35
10 36
10 38
10 39
11 2
11 4
11 6
11 8
11 10
11 12
11 14
11 15
11 17
11 19
11 20
11 22
11 26
11 28
11 31
11 34
11 38
12 0
12 3
12 5
12 7
12 9
12 13
12 15
12 16
12 18
12 20
12 22
12 23
12 25
12 27
12 29
12 30
12 32
12 33
12 35
12 37
12 39
13 1
13 2
13 4
13 6
13 8
13 10
13 12
13 14
13 16
13 17
13 19
13 21
13 23
13 25
13 27
13 29
13 31
13 34
13 37
13 38
14 0
14 2
14 3
14 5
14 7
14 9
14 13
14 15
14 17
14 18
14 20
14 22
14 24
14 26
14 28
14 30
14 32
14 33
14 35
14 36
14 39
15 0
15 1
15 4
15 6
15 8
15 9
15 11
15 15
15 16
15 19
15 22
15 23
15 25
15 27
15 29
15 31
15 37
15 39
16 2
16 3
16 5
16 7
16 8
16 10
16 11
16 13
16 14
16 16
16 17
16 24
16 26
16 28
16 30
16 32
16 33
16 35
16 37
17 0
17 1
17 4
17 6
17 9
17 12
17 14
17 15
17 17
17 19
17 21
17 23
17 25
17 27
17 29
17 31
17 33
17 34
17 36
17 38
17 39
18 0
18 2
18 3
18 5
18 7
18 8
18 10
18 11
18 13
18 15
18 16
18 18
18 25
18 26
18 28
18 30
18 32
18 34
18 35
18 37
19 1
19 3
19 4
19 6
19 8
19 9
19 11
19 13
19 14
19 16
19 17
19 19
19 21
19 23
19 24
19 26
19 27
19 29
19 31
19 33
19 35
19 36
19 38
19 39
20 0
20 2
20 4
20 5
20 7
20 10
20 14
20 15
20 18
20 20
20 22
20 24
20 25
20 27
20 28
20 30
20 32
20 34
20 36
20 37
21 0
21 1
21 3
21 5
21 6
21 8
21 9
21 11
21 13
21 17
21 19
21 21
21 23
21 26
21 29
21 31
21 33
21 35
21 37
21 39
22 2
22 4
22 7
22 9
22 10
22 12
22 14
22 16
22 18
22 20
22 22
22 24
22 25
22 27
22 28
22 30
22 32
22 34
22 36
23 0
23 2
23 3
23 5
23 6
23 8
23 10
23 11
23 13
23 14
23 16
23 17
23 19
23 21
23 23
23 24
23 26
23 31
23 33
23 35
23 37
23 38
24 4
24 7
24 9
24 11
24 13
24 15
24 17
24 20
24 22
24 23
24 25
24 27
24 28
24 30
24 32
24 34
24 36
24 39
25 0
25 2
25 3
25 5
25 6
25 8
25 10
25 12
25 14
25 16
25 18
25 19
25 21
25 24
25 26
25 31
25 33
25 35
25 37
25 39
26 2
26 4
26 6
26 7
26 9
26 11
26 13
26 15
26 17
26 20
26 22
26 23
26 25
26 27
26 29
26 31
26 34
26 36
27 0
27 1
27 3
27 5
27 7
27 8
27 10
27 13
27 14
27 16
27 18
27 19
27 22
27 24
27 26
27 28
27 30
27 32
27 33
27 35
27 37
27 39
28 2
28 5
28 6
28 8
28 10
28 12
28 14
28 20
28 21
28 23
28 25
28 27
28 29
28 31
28 32
28 34
28 36
28 38
29 0
29 1
29 3
29 4
29 6
29 7
29 9
29 11
29 13
29 15
29 16
29 18
29 19
29 22
29 24
29 26
29 28
29 29
29 31
29 33
29 35
29 37
29 39
30 2
30 3
30 5
30 7
30 8
30 10
30 12
30 14
30 17
30 19
30 21
30 23
30 25
30 27
30 28
30 32
30 36
30 38
31 0
31 2
31 4
31 6
31 8
31 9
31 11
31 13
31 15
31 16
31 18
31 20
31 22
31 25
31 26
31 30
31 31
31 33
31 35
31 37
31 39
32 0
32 1
32 3
32 5
32 7
32 9
32 11
32 12
32 14
32 17
32 19
32 21
32 23
32 24
32 27
32 29
32 32
32 34
32 36
32 38
32 39
33 2
33 4
33 6
33 8
33 12
33 14
33 15
33 17
33 18
33 20
33 22
33 25
33 31
33 33
33 35
33 37
34 0
34 1
34 3
34 5
34 7
34 8
34 10
34 11
34 18
34 23
34 25
34 26
34 28
34 30
34 32
34 34
34 36
34 38
34 39
35 2
35 4
35 6
35 9
35 11
35 13
35 15
35 17
35 19
35 20
35 22
35 24
35 30
35 32
35 34
35 35
35 37
36 0
36 2
36 3
36 5
36 7
36 8
36 10
36 14
36 18
36 20
36 21
36 23
36 25
36 27
36 29
36 31
36 36
36 38
36 39
37 0
37 3
37 4
37 6
37 8
37 9
37 11
37 13
37 14
37 16
37 17
37 19
37 21
37 22
37 24
37 27
37 29
37 30
37 32
37 34
37 35
37 37
38 1
38 5
38 7
38 10
38 12
38 16
38 18
38 20
38 23
38 25
38 26
38 28
38 31
38 33
38 36
38 38
38 39
39 0
39 1
39 3
39 4
39 7
39 9
39 10
39 12
39 14
39 15
39 17
39 18
39 20
39 22
39 23
39 25
39 26
39 28
39 30
39 31
39 33
39 34
39 36
39 38
39 39
