1 4
1 6
1 9
1 14
1 16
1 18
1 22
1 24
1 26
1 29
2 5
2 7
2 10
2 13
2 17
2 19
2 23
2 25
2 32
2 36
3 1
3 6
3 8
3 11
3 16
3 18
3 22
3 27
3 37
4 2
4 7
4 12
4 17
4 31
4 36
4 38
5 1
5 3
5 5
5 8
5 11
5 13
5 15
5 22
5 24
5 28
5 30
5 32
5 37
6 2
6 4
6 12
6 14
6 16
6 18
6 21
6 23
6 25
6 29
6 31
6 33
6 35
7 1
7 3
7 11
7 13
7 15
7 17
7 19
7 22
7 24
7 26
7 28
7 30
7 32
7 34
7 36
8 2
8 4
8 7
8 9
8 12
8 14
8 16
8 18
8 20
8 23
8 25
8 27
8 31
8 35
8 37
9 1
9 3
9 10
9 13
9 15
9 17
9 19
9 21
9 26
9 36
9 38
10 2
10 11
10 14
10 16
10 18
10 20
10 37
11 1
11 3
11 5
11 9
11 12
11 15
11 17
11 19
11 21
11 29
11 31
11 38
12 2
12 4
12 6
12 10
12 13
12 18
12 23
12 30
12 32
13 1
13 3
13 5
13 12
13 14
13 24
13 31
13 33
14 4
14 6
14 13
14 15
14 17
14 25
14 29
14 32
14 34
14 38
15 1
15 3
15 14
15 16
15 18
15 24
15 30
15 33
16 2
16 6
16 17
16 19
16 23
16 29
16 34
17 1
17 5
17 7
17 10
17 20
17 30
17 35
18 12
18 16
18 21
18 23
18 26
18 28
18 31
18 34
18 36
19 1
19 8
19 17
19 19
19 22
19 24
19 27
19 29
19 35
19 37
20 2
20 5
20 7
20 9
20 12
20 25
20 28
20 30
20 33
20 38
21 1
21 3
21 8
21 11
21 13
21 16
21 26
21 29
21 32
22 2
22 4
22 14
22 17
22 20
22 22
22 24
22 27
23 1
23 5
23 7
23 9
23 11
23 15
23 23
23 32
23 36
24 6
24 8
24 10
24 16
24 18
24 25
24 31
24 33
25 1
25 5
25 7
25 9
25 11
25 17
25 19
25 26
25 32
26 2
26 4
26 8
26 15
26 18
26 20
26 22
26 25
26 27
26 30
26 33
26 36
27 1
27 3
27 5
27 9
27 11
27 14
27 23
27 26
27 29
27 37
28 4
28 12
28 15
28 18
28 22
28 24
28 35
28 38
29 8
29 14
29 23
29 25
29 34
30 3
30 11
30 21
30 24
30 27
30 35
31 2
31 12
31 16
31 28
31 34
32 3
32 6
32 11
32 27
32 29
33 2
33 7
33 9
33 16
33 19
33 21
33 23
33 25
33 28
33 30
34 1
34 3
34 6
34 8
34 10
34 13
34 15
34 20
34 22
34 24
34 26
34 29
34 31
34 34
34 38
35 2
35 4
35 9
35 11
35 14
35 16
35 19
35 21
35 23
35 27
35 30
35 33
35 36
36 1
36 3
36 8
36 10
36 15
36 17
36 22
36 28
37 6
37 9
37 11
37 16
37 18
37 23
37 27
37 29
37 36
37 38
38 5
38 8
38 10
38 15
38 22
38 24
38 26
38 28
38 33
38 35
0 4
0 6
0 12
0 14
0 16
0 18
0 20
0 22
0 24
0 26
0 38
1 30
0 30
1 39
2 30
2 34
2 33
3 0
4 35
4 39
5 0
6 39
7 0
9 0
9 39
10 26
10 25
10 27
11 0
11 23
11 22
11 39
13 10
13 21
12 21
14 36
14 35
14 39
16 38
16 39
17 0
17 12
17 11
17 38
18 14
18 13
21 35
20 35
22 36
23 0
24 1
24 2
24 30
23 30
24 34
23 34
24 39
25 0
27 0
28 1
29 9
28 9
29 27
29 26
29 30
29 31
30 8
30 7
30 36
31 24
31 23
31 25
32 9
34 0
34 36
34 35
34 39
36 0
38 0
38 1
37 1
38 25
37 25
38 32
37 32
39 1
39 5
39 19
39 22
39 24
39 33
39 35
0 10
0 36
3 32
9 34
10 34
11 36
12 36
13 18
13 19
26 38
26 39
38 13
39 13
1 2
1 11
1 0
1 27
1 37
2 38
3 3
3 13
3 20
4 25
4 33
5 6
5 17
5 26
6 9
7 6
7 38
8 29
8 33
9 22
9 5
10 6
10 30
9 8
11 33
12 11
12 8
12 15
12 28
12 34
12 38
13 7
14 27
15 8
15 12
15 22
16 15
16 21
17 18
16 32
17 8
17 24
18 6
19 3
19 10
20 17
20 22
20 31
21 5
22 33
21 19
22 8
22 25
23 17
23 3
23 13
23 21
24 12
24 20
24 27
26 12
25 3
26 28
27 7
27 17
27 32
28 13
28 20
28 36
29 12
29 16
31 4
30 38
31 14
32 13
32 17
32 22
33 14
32 38
33 4
34 17
35 25
34 32
35 38
36 13
36 19
36 24
38 17
37 7
38 37
38 39
39 9
22 28
23 28
29 4
29 5
32 34
32 35
38 3
39 3
25 23
24 23
24 22
30 17
30 18
31 18
37 30
36 30
36 31
0 0
0 2
0 3
0 5
0 7
0 9
0 11
0 13
0 15
0 17
0 19
0 21
0 23
0 25
0 27
0 29
0 31
0 35
0 37
0 39
1 1
1 3
1 5
1 7
1 8
1 10
1 13
1 15
1 17
1 19
1 21
1 23
1 25
1 28
1 32
1 33
1 36
2 0
2 1
2 4
2 6
2 8
2 9
2 11
2 12
2 14
2 16
2 18
2 20
2 22
2 24
2 26
2 27
2 29
2 31
2 35
2 37
2 39
3 2
3 4
3 5
3 7
3 9
3 10
3 12
3 14
3 15
3 17
3 19
3 21
3 23
3 25
3 26
3 28
3 29
3 31
3 33
3 35
3 36
3 38
3 39
4 0
4 1
4 3
4 5
4 6
4 8
4 11
4 13
4 15
4 16
4 18
4 22
4 24
4 27
4 28
4 30
4 32
4 37
5 2
5 4
5 7
5 9
5 10
5 12
5 14
5 16
5 18
5 21
5 23
5 25
5 27
5 29
5 31
5 33
5 35
5 36
5 38
5 39
6 0
6 1
6 3
6 5
6 6
6 8
6 11
6 13
6 15
6 17
6 19
6 20
6 22
6 24
6 26
6 28
6 30
6 32
6 34
6 36
6 37
7 2
7 4
7 7
7 9
7 10
7 12
7 14
7 16
7 18
7 20
7 21
7 23
7 25
7 27
7 29
7 31
7 33
7 35
7 37
7 39
8 0
8 1
8 3
8 5
8 6
8 8
8 10
8 11
8 13
8 15
8 17
8 19
8 21
8 22
8 24
8 26
8 28
8 30
8 32
8 34
8 36
8 38
8 39
9 2
9 4
9 7
9 9
9 11
9 12
9 14
9 16
9 18
9 20
9 23
9 25
9 27
9 31
9 32
9 35
9 37
10 0
10 1
10 3
10 5
10 7
10 9
10 10
10 12
10 13
10 15
10 17
10 19
10 21
10 22
10 29
10 31
10 33
10 35
10 36
10 38
10 39
11 2
11 4
11 6
11 8
11 10
11 11
11 13
11 14
11 16
11 18
11 20
11 24
11 25
11 27
11 28
11 30
11 32
11 37
12 0
12 1
12 3
12 5
12 7
12 9
12 12
12 14
12 16
12 17
12 19
12 20
12 22
12 24
12 27
12 29
12 31
12 33
12 35
12 37
12 39
13 0
13 2
13 4
13 6
13 9
13 11
13 13
13 15
13 17
13 23
13 25
13 26
13 29
13 30
13 32
13 34
13 35
13 38
13 39
14 1
14 3
14 5
14 7
14 8
14 12
14 14
14 16
14 18
14 19
14 21
14 22
14 24
14 26
14 28
14 30
14 31
14 33
14 37
15 0
15 2
15 4
15 6
15 9
15 11
15 13
15 15
15 17
15 19
15 20
15 23
15 25
15 27
15 29
15 31
15 32
15 34
15 35
15 38
15 39
16 0
16 1
16 3
16 5
16 7
16 8
16 10
16 11
16 14
16 16
16 18
16 20
16 22
16 24
16 26
16 28
16 30
16 33
16 35
16 36
17 2
17 4
17 6
17 9
17 13
17 16
17 17
17 19
17 21
17 23
17 26
17 28
17 29
17 31
17 32
17 34
17 36
17 37
17 39
18 0
18 1
18 3
18 5
18 7
18 8
18 10
18 11
18 15
18 17
18 19
18 20
18 22
18 24
18 25
18 27
18 29
18 30
18 32
18 33
18 35
18 37
18 39
19 0
19 2
19 5
19 7
19 9
19 12
19 13
19 15
19 16
19 18
19 20
19 21
19 23
19 25
19 26
19 28
19 30
19 31
19 33
19 34
19 36
19 38
20 1
20 3
20 4
20 6
20 8
20 10
20 11
20 13
20 14
20 16
20 18
20 19
20 21
20 23
20 24
20 26
20 27
20 29
20 32
20 34
20 36
20 37
20 39
21 0
21 2
21 4
21 6
21 7
21 9
21 10
21 12
21 14
21 15
21 17
21 20
21 22
21 24
21 25
21 27
21 28
21 30
21 31
21 33
21 38
21 39
22 0
22 1
22 3
22 5
22 7
22 9
22 11
22 13
22 15
22 16
22 18
22 19
22 21
22 23
22 26
22 29
22 32
22 35
22 37
23 2
23 4
23 6
23 8
23 10
23 12
23 14
23 16
23 18
23 20
23 22
23 24
23 25
23 27
23 29
23 31
23 33
23 35
23 37
23 39
24 0
24 5
24 7
24 9
24 11
24 15
24 17
24 19
24 24
24 26
24 32
24 36
25 2
25 4
25 6
25 8
25 10
25 12
25 13
25 15
25 16
25 18
25 20
25 22
25 25
25 27
25 28
25 30
25 31
25 33
25 34
25 36
25 37
25 39
26 0
26 1
26 3
26 5
26 7
26 9
26 11
26 14
26 16
26 17
26 19
26 21
26 23
26 24
26 26
26 29
26 31
26 32
26 34
26 35
26 37
27 2
27 4
27 6
27 8
27 10
27 12
27 13
27 15
27 18
27 20
27 22
27 24
27 25
27 27
27 28
27 30
27 33
27 35
27 36
27 38
27 39
28 0
28 2
28 3
28 5
28 6
28 8
28 10
28 11
28 14
28 16
28 17
28 19
28 21
28 23
28 25
28 26
28 29
28 31
28 32
28 34
28 37
28 39
29 3
29 7
29 11
29 13
29 15
29 18
29 19
29 21
29 22
29 24
29 28
29 29
29 33
29 35
29 36
29 38
30 0
30 2
30 4
30 5
30 9
30 10
30 12
30 14
30 16
30 20
30 22
30 23
30 25
30 26
30 28
30 31
30 32
30 34
30 39
31 0
31 1
31 3
31 6
31 7
31 11
31 13
31 15
31 17
31 19
31 21
31 27
31 29
31 31
31 33
31 35
31 36
31 38
31 39
32 2
32 4
32 5
32 7
32 8
32 10
32 12
32 16
32 19
32 21
32 23
32 25
32 26
32 28
32 30
32 33
32 37
33 0
33 1
33 3
33 6
33 8
33 10
33 11
33 13
33 15
33 17
33 18
33 20
33 22
33 24
33 26
33 27
33 29
33 31
33 32
33 34
33 35
33 38
33 39
34 2
34 4
34 5
34 7
34 9
34 11
34 12
34 14
34 16
34 19
34 21
34 23
34 25
34 27
34 28
34 30
34 33
34 37
35 0
35 1
35 3
35 5
35 6
35 8
35 10
35 12
35 13
35 15
35 17
35 18
35 20
35 22
35 24
35 26
35 28
35 29
35 31
35 32
35 34
35 35
35 37
35 39
36 2
36 4
36 6
36 7
36 9
36 11
36 14
36 16
36 18
36 20
36 21
36 23
36 27
36 29
36 33
36 34
36 36
36 38
37 0
37 2
37 3
37 5
37 8
37 10
37 12
37 13
37 15
37 17
37 19
37 22
37 24
37 26
37 28
37 31
37 33
37 35
37 37
37 39
38 4
38 6
38 7
38 9
38 11
38 14
38 16
38 18
38 20
38 21
38 23
38 27
38 29
38 30
38 34
38 36
38 38
39 0
39 2
39 4
39 6
39 8
39 10
39 12
39 14
39 15
39 18
39 20
39 21
39 23
39 25
39 26
39 28
39 29
39 32
39 34
39 36
39 38
39 39
