1 2
1 6
1 9
1 11
1 14
1 16
1 23
1 25
1 31
1 35
1 37
2 1
2 3
2 5
2 8
2 12
2 17
2 22
2 28
2 30
2 34
3 4
3 13
3 18
3 21
4 3
4 5
4 8
4 16
4 22
4 34
4 36
5 4
5 6
5 23
5 25
5 28
5 35
5 37
6 3
6 7
6 10
6 12
6 15
6 18
6 24
6 31
6 33
6 38
7 11
7 14
7 16
7 19
7 25
7 32
7 34
8 1
8 3
8 6
8 9
8 15
8 17
8 20
8 27
8 31
8 35
9 2
9 4
9 18
9 21
9 38
10 1
10 3
10 5
10 7
10 12
10 17
10 19
10 30
10 32
10 35
10 37
11 2
11 6
11 13
11 18
11 31
11 36
12 1
12 7
12 11
12 19
12 23
12 27
13 8
13 10
13 12
13 18
13 20
13 22
13 24
13 30
13 32
14 2
14 5
14 7
14 11
14 13
14 19
14 21
15 1
15 3
15 12
15 18
15 20
15 29
15 33
15 35
16 2
16 8
16 10
16 14
16 16
16 19
16 24
16 28
16 32
16 34
17 7
17 9
17 15
17 17
17 23
17 27
17 29
17 31
17 33
17 35
17 37
18 2
18 5
18 16
18 18
18 30
18 36
18 38
19 1
19 3
19 10
19 17
19 26
19 29
20 4
20 7
20 13
20 15
20 27
20 35
21 5
21 8
21 10
21 12
21 16
21 20
21 24
21 28
21 33
21 38
22 7
22 9
22 11
22 13
22 17
22 19
22 32
22 34
23 1
23 8
23 10
23 12
23 14
23 16
23 18
23 21
23 31
23 33
23 37
24 3
24 5
24 9
24 11
24 13
24 15
24 17
24 28
24 30
24 32
24 34
25 4
25 6
25 10
25 14
25 16
25 18
25 29
25 31
25 35
25 37
26 1
26 3
26 15
26 30
26 36
27 2
27 14
27 22
27 29
27 31
27 35
27 37
28 1
28 3
28 8
28 13
28 20
28 23
28 26
28 30
28 32
28 38
29 2
29 7
29 9
29 15
29 18
29 21
29 24
29 27
29 29
29 33
29 37
30 1
30 3
30 8
30 16
30 19
30 22
30 26
30 28
30 38
31 7
31 9
31 15
31 17
31 20
31 23
31 27
31 29
31 32
32 8
32 14
32 16
32 18
32 22
32 24
32 33
33 1
33 19
33 29
33 32
34 5
34 11
34 24
34 28
34 33
34 36
35 12
35 16
35 18
36 2
36 6
36 13
36 15
36 17
36 28
36 33
36 36
37 1
37 3
37 8
37 11
37 14
37 18
37 21
38 2
38 4
38 9
38 12
38 15
38 17
38 22
38 27
38 32
0 4
0 6
0 16
0 21
0 23
0 25
0 29
0 31
1 10
0 10
1 24
1 32
2 0
2 10
2 24
2 27
1 27
2 32
3 14
3 27
4 14
4 25
4 26
4 33
6 39
7 27
7 26
7 28
8 11
8 12
9 23
9 22
10 0
10 21
10 20
10 26
10 27
12 0
12 28
12 36
12 35
12 37
13 9
12 9
13 28
13 31
12 31
13 34
13 39
14 9
14 15
14 14
14 16
14 27
14 31
14 38
15 39
16 5
15 5
16 25
17 2
17 1
17 3
17 25
18 21
18 39
19 32
19 33
21 39
23 0
25 23
26 0
26 39
27 17
27 18
28 12
27 12
28 39
29 13
30 39
31 6
32 6
32 34
32 39
33 20
32 20
35 9
35 8
35 26
34 26
35 39
36 26
37 0
37 25
37 38
36 38
37 39
38 25
38 28
37 28
38 33
37 33
38 36
39 2
39 4
39 27
39 32
39 34
39 36
1 39
3 30
3 31
32 11
36 34
38 10
39 10
1 20
0 36
1 7
2 38
4 18
3 6
3 9
3 37
4 38
5 21
5 2
6 13
4 12
6 20
6 29
6 35
7 4
8 7
8 37
8 33
9 6
9 13
9 25
11 4
9 31
10 15
11 8
11 33
12 5
12 21
13 1
14 23
14 25
18 14
14 36
15 7
16 38
18 34
19 8
19 24
21 22
22 4
21 1
22 25
21 6
21 31
22 27
24 1
24 38
22 38
25 8
26 6
26 28
25 12
25 27
25 33
26 32
26 34
27 4
28 10
27 27
27 33
29 25
29 31
29 35
30 24
30 30
31 21
32 26
32 31
33 12
33 4
33 17
33 25
33 27
34 2
34 19
34 38
34 22
35 29
35 37
34 34
36 4
36 31
37 30
37 35
38 19
39 23
39 38
4 1
4 0
26 10
26 11
30 33
30 34
32 2
32 3
38 6
39 6
12 25
13 26
25 25
26 26
18 19
17 19
17 20
16 12
16 11
17 11
21 29
20 29
20 30
23 23
23 24
24 24
26 19
26 20
25 20
33 8
33 7
34 7
0 0
0 2
0 3
0 5
0 7
0 9
0 11
0 14
0 15
0 17
0 18
0 20
0 22
0 24
0 26
0 28
0 30
0 32
0 33
0 35
0 37
0 39
1 0
1 1
1 3
1 5
1 8
1 12
1 13
1 15
1 17
1 19
1 22
1 26
1 28
1 30
1 34
1 36
1 38
2 2
2 4
2 6
2 7
2 9
2 11
2 13
2 14
2 16
2 18
2 20
2 21
2 23
2 25
2 29
2 31
2 33
2 35
2 37
2 39
3 0
3 1
3 3
3 5
3 8
3 11
3 12
3 16
3 17
3 19
3 20
3 22
3 26
3 28
3 29
3 33
3 34
3 36
4 2
4 4
4 6
4 7
4 9
4 10
4 13
4 15
4 17
4 19
4 21
4 23
4 24
4 28
4 30
4 31
4 35
4 37
4 39
5 0
5 3
5 5
5 7
5 8
5 10
5 12
5 13
5 15
5 16
5 18
5 20
5 22
5 24
5 26
5 27
5 29
5 31
5 33
5 34
5 36
5 38
5 39
6 1
6 2
6 4
6 6
6 8
6 9
6 11
6 14
6 16
6 17
6 19
6 22
6 23
6 25
6 26
6 28
6 30
6 32
6 34
6 36
6 37
7 1
7 3
7 6
7 7
7 9
7 10
7 12
7 13
7 15
7 17
7 18
7 20
7 23
7 24
7 31
7 33
7 35
7 38
7 39
8 0
8 2
8 4
8 5
8 8
8 10
8 14
8 16
8 18
8 19
8 21
8 22
8 25
8 26
8 28
8 30
8 32
8 34
8 36
8 38
9 0
9 1
9 3
9 5
9 7
9 9
9 12
9 14
9 15
9 17
9 19
9 20
9 24
9 27
9 28
9 30
9 32
9 35
9 37
9 39
10 2
10 4
10 6
10 8
10 9
10 11
10 13
10 16
10 18
10 22
10 25
10 29
10 31
10 33
10 34
10 36
10 38
10 39
11 0
11 1
11 3
11 5
11 7
11 11
11 12
11 14
11 15
11 17
11 19
11 20
11 23
11 24
11 27
11 28
11 30
11 32
11 34
11 35
11 37
11 38
12 2
12 3
12 6
12 8
12 10
12 12
12 13
12 15
12 16
12 18
12 20
12 22
12 24
12 26
12 30
12 32
12 39
13 0
13 2
13 5
13 7
13 11
13 13
13 14
13 16
13 17
13 19
13 21
13 23
13 25
13 27
13 29
13 33
13 35
13 37
14 1
14 3
14 4
14 6
14 8
14 10
14 12
14 18
14 20
14 22
14 24
14 29
14 30
14 32
14 33
14 35
14 37
14 39
15 0
15 2
15 4
15 6
15 8
15 10
15 11
15 13
15 14
15 16
15 17
15 19
15 21
15 22
15 24
15 25
15 27
15 28
15 30
15 32
15 34
15 36
16 0
16 1
16 3
16 7
16 9
16 13
16 15
16 17
16 18
16 20
16 21
16 23
16 27
16 29
16 31
16 33
16 35
16 37
16 39
17 5
17 6
17 8
17 10
17 12
17 14
17 16
17 18
17 22
17 24
17 26
17 28
17 30
17 32
17 34
17 36
17 38
17 39
18 1
18 3
18 4
18 6
18 7
18 9
18 10
18 13
18 15
18 17
18 20
18 22
18 23
18 26
18 27
18 29
18 31
18 33
18 35
18 37
19 0
19 2
19 4
19 5
19 7
19 9
19 11
19 13
19 15
19 16
19 18
19 19
19 23
19 25
19 27
19 28
19 30
19 31
19 35
19 36
19 38
19 39
20 0
20 1
20 3
20 5
20 6
20 8
20 10
20 12
20 14
20 16
20 17
20 20
20 22
20 24
20 26
20 28
20 33
20 34
20 36
20 38
20 39
21 2
21 4
21 7
21 9
21 11
21 13
21 15
21 17
21 19
21 21
21 23
21 25
21 27
21 30
21 32
21 34
21 35
21 37
22 0
22 1
22 3
22 5
22 6
22 8
22 10
22 12
22 14
22 16
22 18
22 20
22 21
22 24
22 26
22 28
22 29
22 31
22 33
22 35
22 37
22 39
23 2
23 3
23 5
23 7
23 9
23 11
23 13
23 15
23 17
23 19
23 20
23 22
23 26
23 28
23 30
23 32
23 34
23 36
23 38
23 39
24 0
24 2
24 4
24 6
24 8
24 10
24 12
24 14
24 16
24 18
24 21
24 23
24 25
24 27
24 29
24 31
24 33
24 35
24 37
25 0
25 1
25 3
25 5
25 7
25 9
25 11
25 13
25 15
25 17
25 19
25 21
25 26
25 28
25 30
25 32
25 34
25 36
25 38
25 39
26 2
26 4
26 5
26 7
26 9
26 14
26 16
26 18
26 22
26 23
26 25
26 29
26 31
26 35
26 37
27 0
27 1
27 3
27 6
27 8
27 10
27 11
27 13
27 15
27 16
27 20
27 21
27 23
27 24
27 26
27 28
27 30
27 32
27 34
27 36
27 38
27 39
28 0
28 2
28 4
28 5
28 7
28 9
28 14
28 15
28 18
28 19
28 21
28 22
28 24
28 25
28 27
28 29
28 31
28 33
28 35
28 37
29 1
29 3
29 5
29 6
29 8
29 10
29 12
29 14
29 16
29 17
29 19
29 20
29 22
29 23
29 26
29 28
29 30
29 32
29 34
29 36
29 38
29 39
30 0
30 2
30 4
30 6
30 7
30 9
30 11
30 12
30 15
30 17
30 18
30 20
30 21
30 23
30 25
30 27
30 29
30 32
30 36
30 37
31 0
31 1
31 3
31 8
31 10
31 13
31 14
31 16
31 18
31 19
31 22
31 24
31 26
31 28
31 30
31 31
31 33
31 34
31 38
31 39
32 1
32 5
32 7
32 9
32 10
32 12
32 13
32 15
32 17
32 19
32 21
32 23
32 25
32 27
32 29
32 32
32 36
33 0
33 2
33 3
33 5
33 9
33 11
33 14
33 16
33 18
33 22
33 24
33 28
33 30
33 31
33 33
33 34
33 36
33 38
33 39
34 1
34 4
34 6
34 8
34 10
34 12
34 13
34 15
34 16
34 18
34 20
34 23
34 25
34 27
34 29
34 30
34 32
34 35
34 37
34 39
35 0
35 2
35 5
35 6
35 10
35 11
35 13
35 15
35 17
35 19
35 20
35 22
35 24
35 28
35 31
35 33
35 34
35 36
36 0
36 1
36 3
36 5
36 7
36 8
36 11
36 12
36 14
36 16
36 18
36 21
36 23
36 25
36 27
36 29
36 30
36 32
36 35
36 37
36 39
37 2
37 4
37 6
37 7
37 9
37 10
37 12
37 13
37 15
37 17
37 19
37 20
37 22
37 27
37 29
37 32
37 34
37 36
38 0
38 1
38 3
38 5
38 8
38 11
38 13
38 14
38 16
38 18
38 20
38 21
38 23
38 24
38 26
38 30
38 31
38 38
38 39
39 0
39 1
39 3
39 5
39 7
39 9
39 11
39 12
39 15
39 17
39 18
39 22
39 24
39 26
39 28
39 29
39 31
39 33
39 35
39 37
39 39
