1 1
1 4
1 7
1 13
1 18
1 21
1 23
1 28
1 30
1 32
1 34
1 37
2 22
2 27
2 29
2 33
2 38
3 1
3 7
3 19
3 26
3 28
4 5
4 8
4 13
4 15
4 23
4 27
4 29
5 3
5 9
5 14
5 16
5 20
5 22
5 30
5 33
5 36
6 1
6 4
6 10
6 13
6 15
6 17
6 19
6 21
6 23
6 27
6 29
6 31
6 34
7 3
7 5
7 16
7 18
7 20
7 22
7 24
7 26
7 28
7 30
7 32
7 36
8 4
8 9
8 13
8 15
8 19
8 23
8 29
8 31
8 37
9 3
9 5
9 7
9 10
9 12
9 14
9 22
9 26
9 28
9 30
9 32
9 36
9 38
10 6
10 13
10 15
10 23
10 25
10 27
10 33
10 35
10 37
11 14
11 17
11 19
11 26
11 32
11 34
11 36
11 38
12 1
12 7
12 9
12 12
12 18
12 22
12 31
12 33
12 35
13 2
13 4
13 6
13 13
13 17
13 23
13 32
13 34
14 5
14 10
14 12
14 18
14 21
14 24
14 28
14 30
14 35
14 38
15 1
15 13
15 19
15 29
15 31
16 2
16 9
16 14
16 24
16 28
16 30
16 32
16 35
16 38
17 7
17 13
17 15
17 23
17 25
17 29
18 14
18 20
18 22
18 24
18 35
18 37
19 2
19 4
19 12
19 15
19 18
19 23
19 29
19 32
19 34
19 36
19 38
20 1
20 5
20 30
20 33
20 37
21 2
21 4
21 6
21 20
21 29
21 31
21 38
22 3
22 10
22 15
22 19
22 24
22 27
22 33
23 9
23 14
23 25
23 34
23 37
24 7
24 11
24 13
24 21
24 30
24 33
24 36
25 1
25 3
25 6
25 12
25 14
25 16
25 20
25 22
25 24
25 29
26 2
26 4
26 21
26 23
26 25
26 28
26 34
26 36
27 1
27 3
27 10
27 22
27 24
27 29
27 33
27 35
27 37
28 9
28 11
28 16
28 28
28 30
28 32
28 34
28 36
29 4
29 10
29 12
29 21
29 31
29 33
30 13
30 16
30 20
30 24
30 26
30 32
31 1
31 10
31 12
31 14
31 17
31 19
31 21
31 23
31 25
31 33
31 36
32 9
32 15
32 18
32 20
32 22
32 24
32 34
33 5
33 7
33 14
33 17
33 21
33 25
33 30
33 32
34 1
34 4
34 6
34 8
34 33
34 35
35 2
35 5
35 7
35 13
35 18
35 38
36 1
36 3
36 6
36 8
36 11
36 14
36 27
36 30
36 32
37 4
37 9
37 12
37 15
37 18
37 22
37 25
37 31
37 33
37 35
37 38
38 5
38 8
38 10
38 14
38 16
38 19
38 21
38 23
38 26
38 30
38 32
38 34
38 37
0 1
0 4
0 13
0 15
0 21
0 23
0 25
0 34
0 37
1 0
1 24
2 1
2 2
2 10
2 9
2 11
2 24
2 39
3 0
3 18
2 18
4 18
6 36
6 35
6 37
7 34
7 33
8 0
8 1
7 1
9 1
9 39
10 0
10 3
10 2
11 1
11 39
13 3
12 3
13 26
12 26
14 3
14 9
13 9
14 26
14 39
15 21
15 20
15 35
15 34
15 36
16 5
16 19
16 27
16 39
17 5
17 27
18 0
18 18
18 17
18 21
17 21
18 29
18 28
18 30
19 21
19 39
20 0
21 7
20 7
21 39
22 6
22 18
23 38
22 38
23 39
24 38
26 6
26 5
26 7
27 0
27 5
28 17
27 17
28 39
29 0
29 1
28 1
29 3
28 3
31 0
31 4
30 4
31 7
32 36
32 35
32 37
33 26
34 0
34 10
34 9
34 21
34 20
34 22
34 26
35 23
35 39
36 0
37 1
37 39
38 0
39 1
39 5
39 8
39 10
39 23
39 26
39 30
39 32
0 6
3 33
3 34
6 6
6 7
15 15
19 13
20 13
18 26
20 15
20 16
23 3
23 4
30 28
23 26
24 26
24 31
25 31
30 30
32 29
32 28
35 15
38 17
39 17
0 11
0 27
1 5
1 35
3 12
2 31
3 21
3 30
3 37
5 24
4 38
5 26
6 2
8 17
7 12
9 8
9 16
10 21
9 34
11 10
11 6
11 23
12 28
12 37
13 19
13 36
14 14
14 22
16 10
15 17
15 25
16 16
17 1
17 3
17 31
19 25
17 38
18 33
19 9
17 9
20 24
20 35
21 32
22 13
22 21
23 35
25 37
24 19
24 28
25 33
26 9
26 13
27 19
26 30
27 12
27 26
28 23
27 31
29 25
29 29
30 6
30 9
30 34
30 18
31 27
31 31
32 1
32 11
32 16
33 34
33 19
34 31
36 21
35 36
36 16
39 38
37 13
38 6
38 24
1 16
2 16
7 38
7 39
38 12
38 11
22 1
22 0
30 37
31 38
34 24
35 25
12 14
12 15
13 15
22 11
21 11
21 12
24 9
24 8
25 8
37 28
38 28
38 27
0 0
0 2
0 3
0 5
0 7
0 10
0 12
0 14
0 16
0 18
0 20
0 22
0 24
0 26
0 28
0 30
0 32
0 33
0 35
0 36
0 38
0 39
1 2
1 3
1 6
1 8
1 9
1 11
1 12
1 14
1 17
1 19
1 20
1 22
1 27
1 29
1 31
1 33
1 36
1 38
1 39
2 0
2 4
2 5
2 7
2 13
2 15
2 17
2 19
2 21
2 23
2 25
2 26
2 28
2 30
2 32
2 34
2 35
2 37
3 2
3 5
3 6
3 8
3 9
3 11
3 13
3 15
3 20
3 22
3 23
3 25
3 27
3 29
3 32
3 36
3 38
3 39
4 0
4 1
4 3
4 4
4 6
4 7
4 9
4 12
4 14
4 16
4 17
4 19
4 20
4 22
4 24
4 26
4 28
4 30
4 31
4 33
4 34
4 36
4 39
5 1
5 2
5 4
5 5
5 7
5 8
5 10
5 11
5 13
5 15
5 17
5 19
5 21
5 23
5 27
5 29
5 31
5 32
5 34
5 35
5 37
5 38
6 0
6 3
6 5
6 9
6 11
6 12
6 14
6 16
6 18
6 20
6 22
6 24
6 26
6 28
6 30
6 32
6 33
6 39
7 0
7 2
7 4
7 6
7 7
7 9
7 10
7 13
7 15
7 17
7 19
7 21
7 23
7 25
7 27
7 29
7 31
7 35
7 37
8 3
8 5
8 7
8 8
8 10
8 12
8 14
8 16
8 18
8 20
8 22
8 24
8 26
8 28
8 30
8 32
8 33
8 36
8 38
8 39
9 0
9 2
9 4
9 6
9 9
9 11
9 13
9 15
9 18
9 19
9 21
9 23
9 25
9 27
9 29
9 31
9 33
9 35
9 37
10 4
10 5
10 7
10 8
10 10
10 12
10 14
10 16
10 17
10 19
10 20
10 22
10 24
10 26
10 28
10 30
10 32
10 34
10 36
10 38
10 39
11 0
11 2
11 5
11 7
11 9
11 12
11 13
11 15
11 16
11 18
11 20
11 22
11 24
11 25
11 27
11 29
11 31
11 33
11 35
11 37
12 0
12 2
12 4
12 6
12 8
12 10
12 11
12 13
12 17
12 19
12 21
12 23
12 25
12 27
12 29
12 30
12 32
12 34
12 36
12 38
12 39
13 1
13 5
13 7
13 8
13 10
13 12
13 14
13 16
13 18
13 21
13 22
13 24
13 28
13 30
13 31
13 33
13 35
13 38
13 39
14 1
14 2
14 4
14 6
14 7
14 11
14 13
14 17
14 19
14 20
14 23
14 25
14 27
14 29
14 31
14 32
14 34
14 36
14 37
15 0
15 2
15 4
15 5
15 9
15 10
15 12
15 14
15 16
15 18
15 22
15 24
15 27
15 28
15 30
15 32
15 38
15 39
16 1
16 3
16 7
16 8
16 11
16 13
16 15
16 18
16 20
16 23
16 25
16 29
16 31
16 33
16 34
16 36
16 37
17 0
17 2
17 4
17 6
17 8
17 10
17 12
17 14
17 16
17 17
17 20
17 22
17 24
17 26
17 28
17 30
17 32
17 35
17 37
17 39
18 2
18 4
18 7
18 9
18 10
18 12
18 13
18 15
18 19
18 23
18 25
18 32
18 34
18 36
18 38
18 39
19 0
19 1
19 3
19 5
19 6
19 8
19 11
19 14
19 16
19 17
19 19
19 20
19 22
19 24
19 26
19 28
19 30
19 31
19 33
19 35
19 37
20 2
20 4
20 6
20 8
20 9
20 12
20 14
20 18
20 20
20 23
20 29
20 31
20 32
20 34
20 36
20 38
20 39
21 0
21 1
21 3
21 5
21 10
21 15
21 16
21 18
21 19
21 21
21 22
21 24
21 25
21 27
21 28
21 30
21 33
21 36
21 37
22 2
22 4
22 5
22 7
22 9
22 12
22 14
22 16
22 20
22 23
22 25
22 26
22 28
22 29
22 31
22 32
22 34
22 35
22 37
22 39
23 0
23 2
23 7
23 8
23 10
23 11
23 13
23 15
23 18
23 19
23 21
23 23
23 24
23 27
23 30
23 31
23 33
23 36
24 1
24 3
24 4
24 6
24 10
24 12
24 14
24 16
24 17
24 20
24 22
24 24
24 25
24 27
24 29
24 32
24 34
24 35
24 37
24 39
25 0
25 2
25 4
25 5
25 7
25 9
25 11
25 13
25 15
25 17
25 19
25 21
25 23
25 25
25 28
25 30
25 32
25 34
25 36
25 39
26 0
26 1
26 3
26 10
26 12
26 14
26 16
26 18
26 20
26 22
26 24
26 26
26 27
26 29
26 33
26 35
26 37
26 38
27 2
27 4
27 6
27 7
27 9
27 11
27 14
27 16
27 18
27 20
27 21
27 23
27 25
27 28
27 30
27 32
27 34
27 36
27 38
27 39
28 0
28 2
28 4
28 8
28 10
28 12
28 15
28 19
28 21
28 22
28 24
28 26
28 27
28 29
28 31
28 33
28 35
28 37
29 5
29 6
29 8
29 9
29 11
29 13
29 14
29 16
29 17
29 20
29 22
29 24
29 26
29 28
29 30
29 32
29 34
29 36
29 39
30 0
30 1
30 3
30 5
30 7
30 10
30 12
30 14
30 15
30 17
30 19
30 21
30 23
30 25
30 27
30 31
30 33
30 36
30 38
31 2
31 9
31 11
31 13
31 15
31 16
31 18
31 20
31 22
31 24
31 26
31 28
31 30
31 32
31 34
31 35
31 37
31 39
32 0
32 2
32 4
32 5
32 7
32 8
32 10
32 12
32 14
32 17
32 19
32 21
32 23
32 25
32 26
32 30
32 32
32 33
33 0
33 1
33 4
33 6
33 8
33 9
33 12
33 13
33 15
33 16
33 18
33 20
33 22
33 24
33 28
33 29
33 31
33 33
33 35
33 37
33 39
34 2
34 3
34 5
34 7
34 11
34 13
34 14
34 17
34 18
34 25
34 27
34 28
34 30
34 32
34 34
34 36
34 38
34 39
35 0
35 1
35 3
35 4
35 6
35 8
35 9
35 11
35 12
35 14
35 16
35 17
35 19
35 20
35 22
35 24
35 27
35 29
35 30
35 32
35 33
35 35
35 37
36 2
36 4
36 5
36 7
36 9
36 10
36 12
36 13
36 15
36 18
36 20
36 22
36 25
36 26
36 28
36 29
36 31
36 33
36 35
36 38
36 39
37 0
37 2
37 3
37 5
37 6
37 8
37 10
37 11
37 14
37 16
37 17
37 19
37 21
37 23
37 24
37 26
37 27
37 30
37 32
37 34
37 36
37 37
38 3
38 4
38 7
38 9
38 13
38 15
38 18
38 20
38 22
38 25
38 29
38 31
38 33
38 35
38 36
38 38
38 39
39 0
39 2
39 4
39 6
39 7
39 9
39 11
39 12
39 14
39 16
39 18
39 19
39 21
39 22
39 24
39 25
39 27
39 29
39 31
39 33
39 34
39 37
39 39
