1 1
1 3
1 5
1 7
1 9
1 12
1 14
1 16
1 20
1 22
1 27
1 30
1 33
1 37
2 2
2 4
2 6
2 8
2 13
2 15
2 17
2 19
2 21
2 23
2 26
2 34
2 36
3 1
3 3
3 7
3 18
3 20
3 22
3 24
3 27
3 30
3 33
3 35
3 37
4 2
4 8
4 15
4 17
4 19
4 21
4 28
4 34
4 36
5 3
5 13
5 16
5 18
5 27
5 33
5 35
5 37
6 2
6 4
6 6
6 8
6 11
6 17
6 24
6 28
6 32
6 34
6 36
7 1
7 3
7 5
7 7
7 9
7 15
7 22
7 27
7 29
7 31
7 33
8 2
8 4
8 8
8 10
8 16
8 20
8 23
8 26
8 28
8 30
8 32
9 1
9 3
9 5
9 11
9 21
9 27
9 29
9 31
10 2
10 4
10 10
10 12
10 17
10 22
10 28
10 30
10 36
10 38
11 1
11 3
11 5
11 9
11 11
11 13
11 18
11 20
11 23
11 29
11 37
12 6
12 8
12 10
12 19
12 27
12 30
12 32
12 36
12 38
13 1
13 7
13 9
13 22
13 25
13 33
13 35
13 37
14 2
14 8
14 13
14 15
14 21
14 26
14 29
14 32
14 34
14 36
14 38
15 7
15 12
15 14
15 16
15 25
15 31
15 33
15 35
15 37
16 6
16 8
16 10
16 13
16 18
16 20
16 26
16 32
16 34
16 38
17 2
17 5
17 7
17 14
17 23
17 33
17 35
17 37
18 1
18 3
18 6
18 8
18 15
18 18
18 20
18 22
18 26
18 36
18 38
19 2
19 7
19 17
19 19
19 21
19 27
19 32
19 35
20 3
20 8
20 18
20 31
20 33
20 36
20 38
21 1
21 6
21 14
21 17
21 21
21 24
21 28
21 30
21 34
21 37
22 10
22 13
22 22
22 29
22 31
22 33
22 36
22 38
23 1
23 5
23 7
23 9
23 12
23 17
23 21
23 23
23 27
23 30
24 2
24 13
24 18
24 22
24 28
24 31
24 34
25 12
25 14
25 19
25 27
25 29
25 38
26 3
26 5
26 7
26 11
26 13
26 15
26 17
26 28
26 34
27 6
27 8
27 10
27 12
27 16
27 22
27 29
27 31
27 37
28 2
28 7
28 9
28 17
28 32
28 34
28 36
29 3
29 5
29 8
29 25
29 27
29 31
29 33
29 37
30 4
30 9
30 12
30 15
30 17
30 24
30 32
31 16
31 28
31 30
31 33
31 38
32 4
32 6
32 9
32 12
32 15
32 17
32 20
32 23
32 27
32 29
32 31
32 34
33 5
33 7
33 16
33 18
33 24
33 26
33 30
33 32
33 38
34 3
34 6
34 8
34 10
34 12
34 17
34 25
34 36
35 7
35 9
35 11
35 18
35 20
35 22
35 24
35 35
35 38
36 6
36 8
36 12
36 19
36 21
36 23
36 34
37 7
37 20
37 33
37 35
37 38
38 2
38 6
38 8
38 14
38 19
38 34
0 1
0 3
0 9
0 14
0 16
0 27
0 30
0 33
0 35
0 37
1 0
5 21
5 22
7 39
9 0
10 39
11 0
11 14
12 14
12 39
13 0
14 39
16 0
16 28
16 27
16 29
16 39
17 30
20 14
20 15
21 25
20 25
21 27
20 27
22 1
22 0
22 2
22 39
23 6
22 6
24 6
25 24
25 39
26 0
26 2
25 2
26 19
26 18
26 20
27 23
26 23
28 19
28 18
28 23
29 22
30 0
30 22
31 2
32 2
33 0
33 1
33 39
34 1
34 30
34 29
34 32
34 33
34 38
34 37
35 0
35 15
35 39
37 0
37 30
37 39
38 4
38 9
38 15
37 15
38 18
39 8
39 14
39 16
39 18
34 27
35 27
18 11
18 12
28 0
29 14
37 11
37 36
38 36
38 21
2 10
2 28
0 21
1 31
1 38
3 38
3 5
3 12
4 4
4 6
4 23
4 26
4 29
4 32
5 1
5 5
5 9
5 25
6 12
6 30
7 11
8 14
8 38
7 37
9 7
9 13
10 6
10 32
11 7
12 34
12 12
12 17
13 3
13 5
13 16
13 18
14 4
14 10
15 1
14 27
14 30
15 22
17 16
18 4
19 9
19 23
19 30
20 22
21 7
21 19
21 35
22 11
22 20
23 19
23 14
23 37
24 16
25 21
24 0
25 10
25 35
26 32
27 3
27 14
27 27
28 15
28 21
28 38
26 38
29 1
29 6
29 29
29 35
30 13
30 26
30 34
31 10
31 24
31 21
33 9
33 28
34 14
33 20
34 4
36 10
37 3
36 4
37 22
38 12
39 20
38 29
38 38
4 10
4 11
5 38
6 38
15 17
14 17
30 37
30 36
37 24
38 24
36 29
36 28
37 27
19 28
18 28
18 29
23 25
23 24
22 24
24 4
24 3
23 3
7 17
7 18
8 18
0 0
0 2
0 4
0 5
0 7
0 8
0 10
0 12
0 13
0 15
0 17
0 18
0 20
0 22
0 26
0 28
0 29
0 31
0 32
0 34
0 36
0 38
1 2
1 4
1 6
1 8
1 10
1 11
1 13
1 15
1 17
1 19
1 21
1 23
1 24
1 26
1 28
1 29
1 32
1 34
1 36
1 39
2 0
2 1
2 3
2 5
2 7
2 9
2 12
2 14
2 16
2 18
2 20
2 22
2 24
2 25
2 27
2 30
2 31
2 33
2 35
2 37
2 38
3 0
3 2
3 4
3 6
3 8
3 10
3 11
3 13
3 15
3 17
3 19
3 21
3 23
3 25
3 26
3 28
3 29
3 31
3 32
3 34
3 36
3 39
4 1
4 3
4 7
4 9
4 13
4 14
4 16
4 18
4 20
4 22
4 24
4 27
4 30
4 33
4 35
4 37
4 38
5 2
5 4
5 6
5 8
5 11
5 12
5 14
5 15
5 17
5 19
5 20
5 24
5 26
5 28
5 29
5 32
5 34
5 36
5 39
6 1
6 3
6 5
6 7
6 9
6 10
6 13
6 15
6 16
6 18
6 19
6 22
6 23
6 25
6 27
6 29
6 31
6 33
6 35
6 37
6 39
7 0
7 2
7 4
7 6
7 8
7 10
7 12
7 14
7 16
7 20
7 21
7 23
7 24
7 26
7 28
7 30
7 32
7 34
7 36
8 0
8 1
8 3
8 5
8 7
8 9
8 11
8 15
8 17
8 19
8 21
8 22
8 24
8 25
8 27
8 29
8 31
8 33
8 34
8 37
8 39
9 2
9 4
9 6
9 8
9 10
9 12
9 14
9 16
9 17
9 19
9 20
9 22
9 23
9 26
9 28
9 30
9 32
9 33
9 35
9 36
9 38
9 39
10 0
10 1
10 3
10 5
10 9
10 11
10 13
10 14
10 16
10 18
10 20
10 21
10 23
10 24
10 27
10 29
10 31
10 35
10 37
11 2
11 4
11 6
11 8
11 10
11 12
11 17
11 19
11 21
11 22
11 24
11 25
11 27
11 28
11 30
11 32
11 33
11 36
11 38
11 39
12 0
12 1
12 3
12 5
12 7
12 9
12 11
12 13
12 15
12 16
12 18
12 20
12 22
12 23
12 25
12 26
12 28
12 29
12 31
12 33
12 35
12 37
13 2
13 6
13 8
13 10
13 11
13 13
13 15
13 19
13 21
13 23
13 24
13 26
13 27
13 29
13 30
13 32
13 34
13 36
13 38
13 39
14 0
14 1
14 3
14 5
14 7
14 9
14 12
14 14
14 16
14 18
14 20
14 22
14 25
14 28
14 31
14 33
14 35
14 37
15 0
15 2
15 4
15 6
15 8
15 10
15 11
15 13
15 15
15 18
15 20
15 21
15 23
15 24
15 26
15 27
15 29
15 30
15 32
15 34
15 36
15 38
15 39
16 2
16 5
16 7
16 9
16 11
16 12
16 14
16 16
16 17
16 19
16 21
16 23
16 25
16 31
16 33
16 35
16 37
17 0
17 1
17 3
17 4
17 6
17 8
17 10
17 12
17 13
17 15
17 18
17 20
17 22
17 24
17 26
17 27
17 29
17 31
17 32
17 34
17 36
17 38
17 39
18 0
18 2
18 5
18 7
18 9
18 10
18 14
18 16
18 17
18 19
18 21
18 23
18 25
18 27
18 32
18 33
18 35
18 37
18 39
19 1
19 3
19 4
19 6
19 8
19 11
19 12
19 15
19 16
19 18
19 20
19 22
19 24
19 26
19 29
19 31
19 33
19 34
19 36
19 38
20 1
20 2
20 4
20 6
20 7
20 9
20 10
20 12
20 13
20 17
20 19
20 21
20 24
20 26
20 28
20 30
20 32
20 34
20 35
20 37
20 39
21 0
21 2
21 3
21 5
21 8
21 10
21 11
21 13
21 15
21 16
21 18
21 20
21 22
21 23
21 29
21 31
21 33
21 36
21 38
21 39
22 5
22 7
22 9
22 12
22 14
22 15
22 17
22 21
22 23
22 25
22 27
22 28
22 30
22 32
22 34
22 35
22 37
23 0
23 2
23 4
23 8
23 10
23 11
23 13
23 16
23 18
23 20
23 22
23 26
23 28
23 29
23 31
23 33
23 34
23 36
23 38
23 39
24 1
24 5
24 7
24 9
24 12
24 14
24 15
24 17
24 19
24 21
24 23
24 24
24 27
24 29
24 30
24 32
24 33
24 35
24 36
24 38
24 39
25 0
25 1
25 3
25 5
25 7
25 9
25 11
25 13
25 15
25 17
25 18
25 20
25 22
25 26
25 28
25 30
25 31
25 34
25 37
26 4
26 6
26 8
26 10
26 12
26 14
26 16
26 22
26 24
26 26
26 27
26 29
26 31
26 33
26 35
26 37
26 39
27 0
27 2
27 4
27 5
27 7
27 9
27 11
27 13
27 15
27 17
27 18
27 20
27 21
27 25
27 28
27 30
27 32
27 34
27 36
27 38
27 39
28 1
28 3
28 5
28 6
28 8
28 10
28 12
28 16
28 20
28 22
28 24
28 25
28 27
28 29
28 31
28 33
28 35
28 37
29 0
29 2
29 4
29 7
29 9
29 12
29 13
29 15
29 17
29 18
29 24
29 26
29 28
29 30
29 32
29 34
29 36
29 38
29 39
30 2
30 3
30 5
30 6
30 8
30 10
30 11
30 14
30 16
30 18
30 20
30 21
30 23
30 25
30 27
30 28
30 30
30 31
30 33
30 38
31 0
31 4
31 6
31 7
31 9
31 12
31 13
31 15
31 17
31 20
31 23
31 25
31 27
31 29
31 31
31 32
31 34
31 36
31 37
31 39
32 0
32 1
32 3
32 5
32 7
32 8
32 10
32 11
32 13
32 14
32 16
32 18
32 19
32 21
32 22
32 24
32 26
32 28
32 30
32 32
32 33
32 35
32 38
32 39
33 3
33 4
33 6
33 8
33 10
33 12
33 14
33 15
33 17
33 19
33 21
33 23
33 25
33 27
33 29
33 31
33 33
33 34
33 36
33 37
34 0
34 2
34 5
34 7
34 9
34 11
34 13
34 16
34 18
34 20
34 22
34 24
34 26
34 31
34 35
34 39
35 3
35 4
35 6
35 8
35 10
35 12
35 14
35 16
35 17
35 19
35 21
35 23
35 25
35 26
35 28
35 29
35 33
35 34
35 36
35 37
36 0
36 1
36 3
36 5
36 7
36 9
36 11
36 13
36 17
36 18
36 20
36 22
36 24
36 25
36 30
36 33
36 35
36 36
36 38
36 39
37 2
37 6
37 8
37 9
37 12
37 14
37 16
37 18
37 19
37 21
37 23
37 26
37 28
37 32
37 34
37 37
38 0
38 1
38 3
38 5
38 7
38 11
38 13
38 20
38 23
38 25
38 27
38 28
38 30
38 32
38 33
38 35
38 37
38 39
39 0
39 2
39 6
39 7
39 9
39 11
39 13
39 15
39 17
39 19
39 21
39 25
39 29
39 30
39 34
39 35
39 38
39 39
