1 7
1 10
1 15
1 18
1 27
1 33
1 35
1 38
2 2
2 4
2 11
2 14
2 19
2 26
2 32
3 1
3 3
3 15
3 18
3 20
3 25
3 38
4 2
4 14
4 19
4 21
4 29
4 32
4 35
4 37
5 3
5 6
5 15
5 20
5 22
5 30
5 36
6 4
6 7
6 10
6 16
6 19
6 21
6 29
6 31
6 34
6 37
7 2
7 12
7 17
7 20
7 25
7 27
7 32
7 35
8 1
8 9
8 13
8 24
8 28
8 31
8 33
8 37
9 2
9 6
9 8
9 10
9 12
9 23
9 29
9 32
9 34
9 38
10 1
10 3
10 5
10 7
10 9
10 11
10 18
10 30
10 33
10 35
10 37
11 4
11 6
11 8
11 10
11 12
11 19
11 23
11 28
11 31
11 36
12 5
12 7
12 9
12 11
12 17
12 20
12 22
12 29
12 37
13 1
13 3
13 6
13 10
13 16
13 18
13 21
13 23
13 25
13 30
14 4
14 17
14 22
14 32
15 3
15 5
15 7
15 9
15 11
15 18
15 33
15 35
16 1
16 6
16 10
16 12
16 23
17 2
17 5
17 11
17 15
17 24
17 28
17 32
18 18
18 25
18 27
18 33
19 11
19 15
19 17
19 23
19 26
19 31
20 2
20 18
20 21
20 24
21 17
21 22
21 25
22 8
22 18
22 21
22 23
22 29
22 35
22 37
23 7
23 16
23 19
23 22
23 28
23 30
23 36
23 38
24 11
24 14
24 20
24 23
24 29
24 37
25 8
25 10
25 17
25 19
25 21
25 28
25 35
25 38
26 9
26 11
26 18
26 20
26 22
26 29
26 33
27 1
27 10
27 13
27 17
27 21
27 23
27 25
27 34
27 37
28 6
28 9
28 14
28 16
28 26
28 29
28 32
28 35
28 38
29 3
29 5
29 17
29 27
29 30
29 36
30 2
30 4
30 9
30 13
30 16
30 18
30 21
30 26
30 28
30 37
31 3
31 5
31 8
31 15
31 17
31 22
31 27
31 30
31 36
31 38
32 6
32 23
32 26
32 31
32 33
32 37
33 2
33 5
33 7
33 9
33 11
33 13
33 27
33 38
34 3
34 6
34 8
34 10
34 12
34 14
34 17
34 22
34 26
34 37
35 1
35 4
35 9
35 11
35 15
35 21
35 27
35 35
36 2
36 5
36 34
37 6
37 29
37 38
38 1
38 5
38 9
38 25
38 28
0 1
0 3
0 7
0 10
0 12
0 15
0 18
0 33
0 35
0 38
1 0
1 6
1 28
0 28
1 34
1 39
2 6
2 34
3 0
3 29
3 28
3 30
3 39
4 13
4 27
5 0
5 39
6 27
7 4
7 3
7 26
7 37
7 36
7 38
8 0
8 17
8 18
8 26
10 0
10 16
10 15
11 14
14 39
15 30
14 30
15 36
14 36
16 22
16 28
16 35
17 20
17 37
16 37
17 39
18 5
18 4
18 7
18 20
19 0
19 13
19 12
19 29
19 33
19 32
20 3
19 3
20 4
20 7
20 11
20 10
21 3
21 11
21 29
21 33
22 2
22 25
22 24
22 26
22 34
23 2
23 32
23 34
23 39
24 0
24 1
24 3
24 32
24 33
26 13
26 12
26 14
26 31
29 0
30 11
30 25
31 35
32 0
32 35
33 20
34 18
34 23
33 23
35 17
35 16
35 23
35 39
36 31
35 31
36 33
35 33
37 15
36 15
37 23
37 22
37 25
37 26
37 39
38 4
38 17
38 24
38 33
38 34
37 34
38 38
38 37
39 4
39 16
39 18
39 20
39 23
39 25
39 28
39 37
1 23
4 7
9 19
9 20
17 0
11 1
21 13
21 14
29 22
29 23
1 8
1 16
2 21
3 10
3 16
3 33
4 4
3 36
5 8
6 5
7 14
6 11
7 10
10 13
10 24
8 35
11 38
9 4
12 0
12 15
12 27
13 8
12 35
13 12
13 31
14 6
13 38
14 10
14 24
15 13
16 8
16 33
17 30
17 9
18 1
19 19
20 35
21 5
21 31
21 38
23 17
24 6
24 27
25 30
27 15
28 20
28 24
29 10
30 6
30 14
31 1
30 29
32 16
32 21
32 8
32 12
32 18
32 28
33 15
34 28
35 6
35 13
35 25
35 36
36 18
37 36
38 14
39 6
1 20
0 20
19 38
19 39
38 30
39 30
8 15
9 14
17 13
16 14
20 26
20 27
21 27
24 16
24 15
25 15
26 4
25 4
25 5
26 26
25 26
25 25
4 24
5 24
5 25
0 0
0 2
0 4
0 6
0 8
0 9
0 11
0 13
0 14
0 16
0 17
0 19
0 21
0 23
0 24
0 27
0 29
0 31
0 32
0 34
0 36
0 37
0 39
1 2
1 4
1 9
1 11
1 14
1 17
1 19
1 22
1 25
1 26
1 30
1 32
1 36
1 37
2 0
2 1
2 3
2 5
2 7
2 8
2 10
2 12
2 13
2 15
2 16
2 18
2 20
2 22
2 23
2 25
2 27
2 28
2 30
2 31
2 33
2 35
2 38
2 39
3 2
3 4
3 5
3 9
3 11
3 13
3 14
3 17
3 19
3 21
3 23
3 24
3 26
3 32
3 35
3 37
4 0
4 1
4 3
4 6
4 8
4 9
4 15
4 16
4 18
4 20
4 22
4 25
4 26
4 28
4 30
4 31
4 33
4 34
4 36
4 38
4 39
5 2
5 4
5 5
5 7
5 10
5 11
5 13
5 14
5 16
5 17
5 19
5 21
5 23
5 29
5 31
5 32
5 34
5 35
5 37
6 0
6 2
6 3
6 6
6 8
6 9
6 12
6 14
6 15
6 17
6 18
6 20
6 22
6 25
6 26
6 28
6 30
6 32
6 33
6 35
6 36
6 38
6 39
7 0
7 1
7 5
7 7
7 9
7 11
7 13
7 16
7 18
7 19
7 21
7 22
7 24
7 28
7 29
7 31
7 33
7 34
8 2
8 3
8 6
8 8
8 10
8 12
8 14
8 16
8 20
8 23
8 25
8 27
8 29
8 30
8 32
8 34
8 36
8 38
9 0
9 1
9 3
9 5
9 7
9 9
9 11
9 13
9 15
9 18
9 22
9 24
9 27
9 28
9 30
9 31
9 33
9 35
9 37
9 39
10 2
10 4
10 6
10 8
10 10
10 12
10 17
10 19
10 20
10 23
10 26
10 28
10 29
10 31
10 32
10 34
10 36
10 38
10 39
11 0
11 2
11 3
11 5
11 7
11 9
11 11
11 13
11 15
11 17
11 18
11 20
11 22
11 24
11 25
11 27
11 29
11 30
11 32
11 33
11 35
11 37
12 1
12 3
12 4
12 6
12 8
12 10
12 12
12 16
12 18
12 19
12 21
12 23
12 25
12 28
12 30
12 31
12 33
12 36
12 38
12 39
13 0
13 2
13 4
13 5
13 7
13 9
13 11
13 13
13 15
13 17
13 19
13 20
13 22
13 24
13 26
13 27
13 29
13 32
13 34
13 35
13 37
13 39
14 1
14 3
14 5
14 7
14 9
14 11
14 13
14 14
14 16
14 18
14 20
14 21
14 23
14 25
14 28
14 29
14 31
14 33
14 35
14 37
15 1
15 2
15 4
15 6
15 8
15 10
15 12
15 15
15 17
15 19
15 22
15 23
15 26
15 32
15 34
15 38
15 39
16 0
16 2
16 3
16 5
16 7
16 9
16 11
16 13
16 15
16 17
16 18
16 20
16 24
16 26
16 27
16 29
16 30
16 32
16 34
16 36
16 38
16 39
17 1
17 3
17 4
17 6
17 10
17 12
17 14
17 16
17 18
17 22
17 23
17 25
17 27
17 29
17 31
17 33
18 0
18 2
18 6
18 8
18 9
18 11
18 12
18 15
18 17
18 19
18 21
18 23
18 24
18 26
18 28
18 31
18 32
18 34
18 36
18 37
18 39
19 2
19 4
19 9
19 10
19 14
19 16
19 18
19 21
19 22
19 24
19 25
19 27
19 28
19 30
19 34
19 35
19 37
20 0
20 1
20 6
20 8
20 12
20 14
20 15
20 17
20 19
20 20
20 22
20 23
20 25
20 31
20 32
20 36
20 38
20 39
21 1
21 2
21 4
21 6
21 8
21 10
21 12
21 16
21 18
21 21
21 23
21 24
21 26
21 28
21 30
21 32
21 34
21 35
21 37
22 0
22 5
22 7
22 9
22 10
22 13
22 14
22 16
22 17
22 19
22 20
22 22
22 28
22 30
22 36
22 38
22 39
23 0
23 1
23 3
23 4
23 6
23 8
23 9
23 11
23 14
23 15
23 18
23 20
23 21
23 23
23 24
23 26
23 27
23 29
23 31
23 33
23 35
23 37
24 5
24 7
24 8
24 10
24 12
24 13
24 17
24 19
24 21
24 22
24 24
24 25
24 28
24 30
24 31
24 35
24 36
24 38
24 39
25 0
25 1
25 3
25 7
25 9
25 11
25 12
25 14
25 16
25 18
25 20
25 22
25 23
25 27
25 29
25 33
25 34
25 36
25 37
25 39
26 1
26 2
26 5
26 8
26 10
26 17
26 19
26 21
26 23
26 25
26 28
26 30
26 32
26 34
26 35
26 37
26 38
27 0
27 2
27 4
27 6
27 7
27 9
27 11
27 12
27 14
27 16
27 18
27 20
27 22
27 24
27 26
27 29
27 32
27 33
27 35
27 36
27 38
27 39
28 0
28 1
28 3
28 5
28 7
28 8
28 10
28 11
28 13
28 15
28 17
28 19
28 21
28 23
28 25
28 27
28 28
28 30
28 31
28 33
28 34
28 36
28 37
28 39
29 2
29 4
29 6
29 9
29 13
29 14
29 16
29 18
29 21
29 25
29 26
29 28
29 29
29 31
29 32
29 34
29 35
29 37
29 38
30 0
30 1
30 3
30 5
30 8
30 10
30 12
30 15
30 17
30 19
30 20
30 22
30 23
30 27
30 30
30 32
30 33
30 35
30 36
30 38
31 0
31 2
31 4
31 6
31 7
31 9
31 13
31 14
31 16
31 18
31 21
31 23
31 25
31 26
31 28
31 29
31 31
31 33
31 37
31 39
32 2
32 3
32 5
32 7
32 9
32 11
32 13
32 15
32 17
32 20
32 22
32 24
32 25
32 27
32 30
32 32
32 34
32 36
32 38
33 0
33 1
33 3
33 4
33 6
33 8
33 10
33 12
33 14
33 17
33 18
33 22
33 24
33 26
33 28
33 29
33 31
33 33
33 34
33 37
33 39
34 1
34 2
34 4
34 5
34 7
34 9
34 11
34 13
34 15
34 16
34 20
34 21
34 25
34 27
34 30
34 32
34 35
34 36
34 38
34 39
35 0
35 2
35 3
35 5
35 7
35 8
35 10
35 12
35 14
35 18
35 20
35 22
35 24
35 26
35 28
35 30
35 32
35 34
35 37
36 0
36 1
36 3
36 4
36 6
36 8
36 9
36 11
36 14
36 16
36 19
36 21
36 22
36 26
36 27
36 29
36 35
36 36
36 38
36 39
37 1
37 2
37 4
37 5
37 7
37 9
37 10
37 12
37 13
37 17
37 18
37 20
37 24
37 28
37 30
37 31
37 33
37 35
37 37
38 0
38 2
38 6
38 8
38 10
38 11
38 13
38 15
38 19
38 21
38 22
38 26
38 27
38 29
38 39
39 0
39 1
39 3
39 5
39 7
39 9
39 11
39 12
39 14
39 15
39 17
39 19
39 21
39 22
39 24
39 26
39 27
39 29
39 31
39 33
39 34
39 36
39 38
39 39
