92 44
86 95
9 95
19 0
99 20
39 58
86 42
61 64
46 77
98 45
52 61
87 10
66 14
59 85
52 47
36 28
7 0
66 82
67 0
21 73
50 26
46 61
56 98
6 49
90 95
28 88
56 60
50 81
98 74
37 86
25 70
11 51
19 95
64 43
97 18
49 14
70 12
82 85
45 61
37 87
2 72
92 23
5 54
31 16
18 10
72 29
81 78
49 38
18 11
34 64
78 26
68 77
15 67
2 6
4 90
6 90
35 53
51 90
61 14
34 86
97 75
43 75
32 85
59 26
64 68
61 88
80 59
85 13
65 32
72 96
90 80
28 32
96 45
78 81
91 73
28 48
49 68
79 89
4 16
30 96
42 83
12 71
51 79
78 50
83 90
82 93
71 25
26 47
46 17
79 0
23 74
23 80
74 51
88 46
19 79
2 9
8 59
51 70
17 53
32 96
