69 96
64 25
77 12
38 94
2 95
12 33
35 69
92 84
57 8
90 18
77 11
8 56
15 69
81 93
31 51
6 49
15 38
75 69
59 81
82 31
24 58
16 43
60 85
26 74
52 96
91 56
19 10
59 4
25 40
95 95
28 97
24 23
22 75
75 29
78 57
70 72
43 39
41 4
42 60
89 11
91 12
34 35
58 18
61 90
68 40
77 44
33 72
84 45
81 17
40 43
33 31
69 37
96 94
81 87
0 23
77 99
84 39
64 18
72 99
88 30
2 71
62 31
63 74
33 61
31 31
46 7
57 31
58 8
71 86
26 59
16 78
41 39
73 21
52 72
56 69
46 44
97 71
70 54
32 22
95 2
93 19
30 94
25 15
67 80
32 83
77 36
80 92
21 77
85 33
62 21
9 7
89 7
52 94
47 38
7 41
58 78
2 62
37 30
43 59
36 45
