52 49
50 33
77 79
49 74
96 38
59 7
76 75
11 48
51 97
45 56
74 43
56 18
90 38
96 85
85 20
95 15
41 2
90 11
51 62
66 94
22 60
92 19
53 90
17 77
42 79
23 20
63 1
62 86
22 8
47 22
89 32
84 34
19 50
85 23
33 16
37 37
37 78
27 79
14 1
93 27
66 52
30 10
8 60
41 32
66 79
7 38
93 38
16 52
28 89
69 20
7 45
55 55
82 49
16 52
95 45
98 14
93 29
95 38
52 8
38 96
70 75
7 25
15 25
63 92
16 66
98 27
58 19
20 59
56 76
52 37
19 84
58 68
45 79
50 66
2 83
56 85
19 8
82 32
68 52
83 81
63 59
48 84
31 59
91 75
59 99
75 78
23 60
76 19
11 48
77 77
74 9
50 63
7 98
76 98
27 79
65 95
7 70
63 79
87 90
37 54
