43 8
89 32
91 13
6 88
28 87
4 36
86 92
52 54
51 30
0 16
57 97
77 3
57 37
81 78
52 20
27 35
99 32
77 47
19 48
60 80
87 95
30 85
14 54
55 50
52 70
25 37
36 12
78 63
6 18
91 20
53 88
64 89
8 25
13 1
37 8
80 56
37 13
59 11
25 50
70 63
14 37
6 8
10 0
42 29
60 80
76 93
10 2
33 66
67 58
0 63
2 32
9 20
17 7
10 8
27 20
9 93
47 59
86 2
76 69
97 26
1 77
78 97
23 48
12 64
63 95
33 97
47 98
28 8
98 19
91 17
49 3
57 42
80 3
13 19
64 9
48 57
36 6
4 96
96 18
99 43
16 86
85 31
59 91
48 76
14 12
46 11
23 76
24 35
60 90
20 7
29 83
72 91
96 4
49 36
89 63
18 65
98 39
46 89
79 49
75 53
