59 87
36 68
62 37
84 1
88 44
83 83
94 53
5 90
14 80
61 80
21 4
94 57
13 94
92 40
71 25
55 60
44 51
66 35
49 13
57 76
24 67
98 17
28 40
13 61
45 95
12 28
19 83
39 50
74 32
92 3
9 5
95 69
94 14
23 69
35 69
66 18
65 22
86 43
19 35
10 62
4 75
37 20
7 80
84 57
66 1
92 59
71 57
12 97
28 86
27 86
10 2
54 76
44 49
13 41
27 32
7 84
50 65
80 23
83 49
65 60
60 14
58 13
93 51
68 27
2 95
56 75
78 53
15 55
59 58
80 92
24 13
21 76
36 82
57 96
65 4
30 42
53 74
82 82
77 43
66 59
44 24
9 26
99 54
57 99
51 95
80 71
81 3
69 6
72 50
73 17
50 61
5 33
2 72
9 62
89 70
94 91
53 49
14 49
84 12
97 25
