13 16
49 8
66 39
31 20
61 70
5 93
12 46
13 20
21 27
73 63
71 66
67 59
16 32
29 61
13 64
80 55
47 11
54 27
9 60
54 97
61 56
34 26
36 85
22 53
11 66
17 9
8 26
48 86
44 77
71 35
40 40
15 25
22 71
69 52
84 18
40 87
37 86
36 89
34 91
66 87
28 55
9 9
27 6
80 67
34 14
68 60
97 6
69 92
90 72
89 46
24 9
89 29
54 89
85 45
93 24
54 79
62 1
77 26
91 72
31 39
43 29
9 47
12 14
71 91
46 5
77 35
46 39
6 65
56 27
35 53
16 30
94 1
72 4
56 89
35 27
95 75
77 61
92 72
37 79
9 38
75 22
73 15
96 86
46 5
68 60
5 66
79 29
3 34
95 89
31 96
13 64
72 54
80 63
65 42
9 37
80 7
89 69
68 60
63 89
60 6
