53 33
31 37
46 99
28 62
92 48
83 84
44 89
16 86
69 28
22 86
98 30
93 42
54 44
75 52
12 58
15 88
72 26
62 6
92 5
9 3
1 37
69 94
0 95
71 15
61 37
79 18
17 63
22 41
79 82
79 69
89 93
77 23
46 88
65 69
33 59
9 19
88 95
86 91
68 79
71 61
92 46
54 60
95 44
27 50
19 24
17 53
30 10
27 94
31 40
1 15
27 15
4 27
45 28
80 24
78 67
31 72
95 9
75 0
63 97
70 84
30 10
5 2
33 36
45 49
54 75
86 61
15 92
95 29
40 94
94 21
86 4
64 82
98 8
82 2
59 4
16 43
91 35
78 99
20 14
27 46
37 63
15 75
84 13
3 1
9 16
92 88
3 38
99 82
55 63
39 93
91 14
95 72
51 48
12 84
82 25
46 13
61 26
26 94
59 4
98 98
