14 75
40 33
35 95
86 61
29 48
16 62
66 65
42 76
57 88
46 23
42 7
73 86
7 38
26 34
84 45
9 63
0 87
32 64
85 23
69 8
85 13
91 68
35 89
44 38
39 59
26 40
98 69
30 1
49 10
67 38
65 28
6 97
68 28
65 54
48 26
76 8
4 68
0 63
11 49
52 61
62 80
52 49
29 15
52 96
31 3
3 46
20 53
89 51
38 72
17 81
38 63
52 28
84 80
58 39
39 37
75 37
30 30
80 67
90 1
75 43
28 86
79 73
35 4
29 82
1 30
60 89
68 31
15 89
52 69
93 82
91 70
97 66
15 9
45 90
80 27
99 8
97 35
31 69
89 26
26 72
88 92
38 18
89 99
68 60
33 88
6 43
32 34
24 65
46 91
95 5
44 13
58 34
14 53
2 49
37 72
18 37
92 24
66 7
65 71
96 1
