45 90
97 49
5 36
3 1
18 66
1 3
46 22
55 7
92 5
99 58
91 97
66 45
50 21
35 2
62 38
61 34
76 91
19 43
50 26
87 63
42 25
22 54
43 36
16 30
93 47
11 9
33 9
23 20
78 82
2 92
76 59
7 78
8 79
97 34
36 37
63 51
39 95
27 98
26 9
31 41
66 2
71 67
50 28
66 52
1 47
88 85
61 75
73 68
98 22
63 66
30 32
44 18
56 3
58 53
89 6
36 27
21 7
66 41
73 76
82 86
44 66
88 39
75 17
90 33
43 28
99 48
54 66
62 62
92 65
73 37
11 17
35 39
62 34
83 25
85 21
32 42
18 27
92 33
47 20
41 91
35 21
31 41
19 18
10 78
10 98
18 41
77 45
79 9
49 28
48 80
44 47
66 38
14 31
54 49
37 6
75 53
43 91
85 63
37 88
23 93
