5 1
45 78
0 13
98 19
82 10
96 43
92 12
41 57
13 68
61 84
71 51
79 27
82 12
66 73
48 28
70 55
53 6
57 55
68 96
2 81
32 3
6 19
49 28
29 14
35 44
45 91
61 10
70 53
19 42
45 23
26 15
36 36
86 40
83 15
94 95
84 21
51 31
25 33
85 41
80 83
81 91
67 53
26 7
95 14
94 93
92 60
21 67
70 45
10 0
67 15
92 83
62 83
43 98
29 98
2 20
95 7
38 34
83 65
92 10
6 98
34 16
32 22
63 21
65 75
34 49
91 15
68 3
25 21
80 65
26 99
92 85
0 16
53 86
20 96
8 35
53 47
19 63
56 61
31 33
60 78
42 39
63 55
41 64
30 74
7 2
71 32
79 51
14 88
98 9
31 34
31 66
43 18
14 9
33 26
35 61
24 11
85 77
0 45
34 41
48 41
