62 52
59 17
80 49
35 25
0 3
74 60
7 55
45 65
88 75
47 61
16 41
5 46
63 6
54 90
98 32
94 90
65 5
35 65
65 47
29 62
13 20
56 13
4 90
0 26
98 37
30 82
22 35
76 22
55 94
25 98
99 6
15 48
29 40
19 41
94 50
9 32
3 22
95 77
44 62
54 4
54 25
79 73
49 7
60 80
34 93
37 75
80 57
1 60
27 73
29 2
75 44
17 4
62 32
65 57
56 10
78 9
77 12
83 74
44 5
27 95
64 11
44 90
87 46
3 82
70 76
68 98
27 9
19 62
10 58
65 88
85 70
24 6
30 1
91 14
52 47
20 70
90 43
88 52
91 91
44 48
40 69
10 76
72 81
39 15
92 55
4 65
78 80
53 44
22 11
97 10
92 51
2 99
92 45
25 62
65 41
24 46
83 24
93 52
76 31
41 29
