77 52
24 61
23 36
49 42
24 16
19 50
42 91
6 78
83 62
57 82
88 39
30 19
18 20
80 23
14 7
34 44
11 98
16 77
62 9
9 45
26 56
73 61
8 21
32 75
62 53
74 62
97 46
21 89
58 56
25 42
18 6
38 49
33 29
98 22
95 28
9 33
42 22
74 61
60 17
84 6
59 7
5 38
54 87
58 86
89 81
74 79
72 27
52 44
48 15
28 75
40 87
94 75
23 22
10 30
43 73
75 79
87 3
97 37
41 52
28 68
88 46
72 96
27 20
73 21
90 35
17 82
57 59
36 95
97 6
86 35
46 37
17 41
84 15
1 24
81 91
55 64
74 2
43 55
56 58
56 98
5 62
13 16
48 94
90 81
91 7
52 58
87 38
57 38
13 20
8 72
3 95
59 47
5 97
3 19
19 64
52 41
52 96
37 75
53 14
45 47
