86 23
11 42
97 79
80 91
46 8
13 11
3 55
63 37
36 38
22 52
82 74
67 66
64 60
12 52
47 6
93 99
6 61
0 58
5 94
93 19
47 65
53 45
37 16
61 98
69 86
22 26
80 42
64 67
22 38
73 74
19 45
12 40
12 12
61 94
42 95
90 23
15 48
99 15
40 91
94 42
17 46
94 11
22 43
52 22
70 85
16 30
65 94
49 92
67 41
42 84
93 22
23 39
44 18
90 97
4 60
5 25
44 75
71 84
85 17
70 11
76 64
18 92
73 22
26 80
93 36
46 13
86 20
0 84
13 83
26 18
83 71
10 6
76 93
6 79
30 63
3 41
43 61
86 63
40 30
33 86
8 58
13 37
29 33
94 75
54 52
57 74
66 78
63 49
11 36
37 5
6 13
81 15
49 49
69 90
10 75
97 45
83 79
69 42
76 46
51 92
