45 83
6 40
32 81
88 17
94 14
40 74
12 63
62 54
45 70
21 38
1 30
62 49
71 2
94 29
77 47
11 28
89 41
70 40
99 28
39 79
75 36
81 96
35 88
20 58
5 74
27 17
60 52
45 13
35 59
88 16
19 54
97 96
43 76
36 12
3 8
74 79
82 29
63 92
10 74
85 41
58 98
84 85
93 61
38 17
11 14
89 41
87 79
25 54
17 12
31 20
41 33
0 66
40 7
90 4
55 44
83 62
54 97
56 19
70 88
36 10
40 23
91 63
57 43
15 60
49 14
78 2
92 35
92 55
91 8
62 92
46 99
77 14
82 55
25 82
77 73
70 90
0 26
66 49
79 52
51 61
49 21
60 83
67 99
4 44
6 72
65 56
82 76
71 38
33 27
88 61
94 62
98 70
65 96
52 52
9 49
19 0
49 34
42 3
32 41
10 90
