35 18
58 54
89 89
93 19
14 83
28 24
15 11
98 93
6 64
64 87
62 85
90 5
22 84
84 59
47 59
47 85
30 34
79 44
55 20
57 65
65 91
69 34
17 0
33 45
54 13
34 96
57 64
31 34
74 10
46 20
71 46
9 56
13 35
97 62
24 31
79 0
49 47
89 64
69 71
89 28
6 38
70 8
87 63
76 5
68 46
53 68
44 64
33 89
29 46
70 10
41 38
15 14
81 16
8 7
55 60
72 43
70 72
17 93
91 31
81 88
98 29
99 4
18 4
16 90
63 70
67 18
31 67
66 38
77 31
42 41
14 94
8 45
31 75
97 31
73 98
10 6
77 12
19 40
46 68
69 52
3 30
43 10
81 10
24 35
91 94
3 38
43 98
33 98
35 74
12 83
84 21
36 41
79 85
43 36
3 92
6 93
94 56
75 88
73 44
83 10
