69 27
0 69
52 59
57 5
43 81
13 14
70 36
36 85
91 35
2 95
24 69
80 90
7 97
76 38
65 43
23 91
60 98
90 67
26 54
88 24
6 82
12 21
57 69
41 30
91 5
34 58
55 33
40 4
73 76
74 94
90 67
81 47
7 52
5 51
63 59
96 12
26 71
14 71
25 74
6 37
73 25
21 30
37 41
69 54
94 96
52 43
43 36
75 12
88 36
98 4
63 27
51 96
91 71
56 20
82 14
54 55
57 30
1 86
41 42
90 64
62 13
9 67
38 55
10 70
57 38
54 81
90 75
83 10
30 63
9 8
58 45
61 92
61 11
67 12
94 98
71 30
96 70
16 57
75 49
3 25
16 13
19 84
3 19
94 27
84 47
27 48
73 7
98 26
25 48
43 56
31 6
56 34
49 11
66 23
74 13
15 48
11 67
36 56
44 0
71 90
