40 66
86 5
28 22
38 95
44 83
44 83
94 15
81 51
93 71
57 73
86 48
94 7
45 77
11 23
16 12
52 82
70 87
22 58
22 80
18 39
87 88
11 48
57 73
89 43
43 37
53 89
46 81
18 78
60 69
19 63
93 49
27 69
75 86
73 57
38 13
56 35
10 2
52 68
91 38
87 75
95 37
53 96
65 76
72 13
55 36
40 88
75 45
65 3
85 47
65 37
44 29
14 88
6 43
41 14
94 64
41 82
92 16
1 27
63 49
15 3
96 8
35 22
19 46
70 45
25 47
61 35
18 66
61 72
36 56
46 30
86 87
72 25
7 8
76 9
12 60
64 12
44 42
61 74
18 27
35 93
23 71
40 85
13 69
15 16
62 91
26 25
6 39
12 50
10 38
37 9
35 7
83 57
51 92
65 2
74 55
73 45
57 8
47 60
63 74
72 66
