23 96
17 88
7 57
73 33
14 4
23 47
71 79
20 33
31 68
48 14
37 49
61 34
89 90
50 1
4 97
73 78
21 5
30 72
48 53
17 34
32 29
40 54
79 70
58 63
49 16
10 8
29 18
31 74
30 72
9 74
77 1
56 78
21 37
76 32
96 61
43 48
0 33
84 63
54 3
77 79
29 42
4 16
80 29
24 57
79 37
19 3
18 26
60 11
12 70
77 8
14 49
51 87
87 80
75 75
25 48
61 79
1 61
40 5
15 66
24 16
60 82
43 45
51 68
29 31
27 36
82 34
42 54
30 77
18 88
1 43
44 58
55 72
45 33
8 16
49 64
9 17
92 2
40 56
71 2
0 46
61 24
84 92
57 52
1 22
82 21
40 61
92 75
87 52
26 34
79 30
94 88
81 56
15 42
96 82
61 90
40 49
22 47
86 55
29 96
20 86
