9 52
84 87
61 85
76 98
56 99
95 33
38 3
23 79
92 59
83 40
22 65
99 61
61 27
48 1
22 80
45 26
69 27
12 53
30 46
49 67
33 30
47 43
76 72
30 54
80 39
60 59
56 76
58 62
0 70
26 17
86 19
68 38
47 33
44 18
59 90
91 70
15 54
85 75
18 1
49 32
69 66
63 33
73 59
93 84
74 31
22 85
4 43
53 67
39 5
17 42
72 44
18 24
55 94
95 7
64 13
98 69
53 3
37 58
96 47
41 90
68 96
96 92
45 74
72 29
17 90
79 22
95 2
88 27
92 25
58 82
60 11
16 41
87 64
57 9
51 71
23 68
36 40
70 45
79 25
6 77
20 17
57 35
64 78
10 26
95 18
22 31
33 52
24 75
99 45
41 15
82 81
81 45
63 32
48 67
9 24
52 15
42 20
44 84
0 69
46 54
