78 83
19 36
40 35
88 26
23 32
22 33
86 22
43 7
88 94
44 25
55 46
56 22
91 5
94 77
79 95
53 48
72 28
45 68
25 71
62 94
12 71
39 92
33 69
98 81
14 40
52 70
80 57
57 78
35 28
96 21
70 45
53 48
37 91
72 0
33 38
70 0
97 40
97 93
81 63
46 70
60 62
19 10
81 38
72 76
32 50
10 31
56 14
98 81
34 68
91 31
59 40
96 55
82 90
61 63
28 97
81 41
9 28
80 74
79 34
5 23
62 22
28 98
68 86
1 85
76 70
58 49
33 31
7 91
57 41
88 98
84 24
8 56
65 7
30 39
97 30
34 34
96 29
37 2
65 29
72 34
48 94
51 59
83 85
49 45
17 52
92 71
91 50
91 31
82 36
78 84
48 30
11 21
29 53
4 82
47 26
63 38
85 77
53 88
6 93
76 17
