91 82
46 3
42 35
14 58
47 7
66 49
93 16
19 35
52 38
10 49
48 9
17 9
93 86
9 46
41 81
74 58
94 92
66 88
8 18
34 91
83 53
48 11
2 41
43 35
64 84
48 81
14 21
39 90
90 5
23 3
37 2
53 29
7 75
61 93
46 93
25 29
78 10
60 8
30 32
82 95
59 76
50 2
75 17
61 8
48 1
21 68
76 4
80 49
24 99
67 71
22 59
76 23
69 87
93 8
68 46
41 76
18 39
10 99
8 60
61 9
85 6
1 27
53 93
6 61
18 97
6 3
48 67
13 91
19 41
89 36
68 34
4 27
11 3
71 46
3 66
28 12
84 23
69 42
45 33
99 3
87 6
15 25
20 60
7 48
92 98
11 14
37 17
74 46
61 12
56 34
50 59
85 78
19 71
16 38
76 71
26 58
46 67
42 36
4 87
77 75
