38 87
83 76
85 56
40 2
92 9
1 37
99 2
99 53
42 62
48 95
65 58
14 21
60 18
54 97
59 76
23 55
29 22
33 89
54 61
98 72
92 38
2 56
53 60
51 8
3 68
37 49
7 90
52 84
35 24
52 21
21 7
37 27
27 36
36 96
2 57
10 88
13 58
94 9
99 43
8 58
23 86
85 5
11 88
78 58
37 48
92 65
67 23
86 52
97 5
91 9
6 27
55 35
67 53
69 92
57 14
4 72
38 5
46 77
42 86
96 71
77 89
52 54
44 91
97 1
16 34
12 18
37 29
63 59
2 56
34 70
88 17
35 82
3 96
21 39
82 1
9 12
7 31
36 89
9 55
85 7
39 54
39 77
16 55
85 39
27 23
98 72
45 97
24 53
24 60
65 74
5 35
31 53
82 14
23 91
39 34
87 37
99 23
32 81
27 80
49 16
