1 37
46 56
81 74
26 41
21 7
85 42
81 33
98 34
56 65
45 12
60 3
67 65
22 25
42 68
49 84
61 30
48 98
46 92
92 22
55 50
53 62
2 31
18 1
63 53
16 47
9 27
26 42
49 40
7 91
44 86
2 1
54 99
41 8
6 56
62 10
28 54
53 96
95 6
0 52
12 47
85 21
93 83
71 40
18 9
62 62
31 3
57 77
58 27
70 84
28 20
51 5
60 78
35 73
58 8
54 67
52 65
37 68
79 63
77 99
79 11
51 53
57 66
15 19
48 44
54 62
85 39
76 83
2 32
24 14
68 47
18 49
41 14
74 53
50 84
37 18
9 61
33 11
90 21
48 51
79 7
59 65
86 82
75 74
55 15
90 20
48 10
81 80
16 73
58 87
33 9
57 24
35 75
65 81
45 52
12 55
79 41
1 87
20 34
25 87
71 46
