73 64
69 18
24 1
48 40
14 23
80 32
42 45
31 44
32 44
52 83
92 59
97 29
40 49
83 73
22 68
92 75
85 6
87 55
91 40
81 35
72 21
81 58
31 21
41 25
37 68
56 53
34 35
38 90
96 76
41 43
77 34
77 8
77 77
88 64
99 94
98 26
28 91
51 69
18 18
9 73
71 9
16 95
26 58
63 79
6 50
99 59
55 21
44 27
10 44
11 36
98 93
64 36
46 43
34 7
69 51
4 98
33 11
16 71
9 97
14 75
91 18
90 58
27 62
59 4
86 57
35 88
70 70
89 22
16 13
20 60
58 63
27 64
28 32
5 63
64 88
11 2
23 37
56 63
14 71
81 46
43 71
52 90
94 87
29 10
10 1
60 60
3 54
15 98
82 38
21 8
76 77
53 37
86 94
91 83
32 26
1 37
3 10
87 72
12 58
44 0
