53 3
17 79
33 81
54 77
85 56
64 23
8 70
4 96
63 54
74 87
43 75
83 43
71 82
85 64
90 2
88 35
99 3
3 94
38 3
86 87
9 48
66 9
43 72
87 67
68 43
47 66
51 33
47 86
75 0
66 32
34 51
8 1
16 19
81 82
3 26
56 1
9 70
55 30
86 3
47 13
19 79
44 8
24 43
45 43
29 28
86 24
93 53
2 80
28 26
54 86
47 98
96 37
65 55
48 90
61 4
69 35
45 31
3 54
54 50
0 34
93 77
40 50
90 2
21 40
17 99
4 96
14 59
59 15
98 53
75 9
8 55
70 3
66 73
48 51
89 8
10 73
75 14
23 37
2 72
53 22
64 35
74 82
70 29
4 88
43 52
34 25
47 71
44 41
24 21
3 88
1 87
53 50
47 31
35 81
50 64
4 31
94 98
69 15
4 67
52 99
