73 60
66 48
23 44
4 3
64 61
24 53
57 31
70 23
10 11
71 42
54 81
29 80
37 6
97 10
62 48
53 20
6 9
4 44
26 66
12 80
31 20
47 84
49 23
94 74
74 21
67 73
47 29
97 53
4 94
56 11
79 91
40 2
49 56
16 60
14 55
6 57
23 45
77 8
7 45
74 29
45 31
6 88
35 56
52 19
40 86
14 30
10 49
53 93
12 41
14 92
84 14
40 31
14 55
97 84
91 35
20 79
29 49
76 25
52 89
61 19
3 91
9 68
21 94
88 61
26 11
39 78
67 8
69 65
29 26
8 67
69 56
55 54
49 77
67 4
55 4
42 4
53 72
5 27
52 47
7 75
82 78
85 75
22 10
11 71
71 74
9 21
10 10
42 22
29 14
33 40
45 91
85 68
46 93
73 33
95 57
60 31
63 69
97 7
35 68
39 82
