66 75
85 15
86 57
73 58
25 13
66 35
84 6
14 38
88 26
11 40
96 34
80 22
76 92
59 85
14 42
98 41
60 63
64 48
92 94
40 80
80 58
92 20
22 2
87 26
7 70
31 25
51 84
58 92
62 56
87 0
2 78
35 70
95 7
85 7
82 55
73 99
74 43
36 90
13 63
30 97
7 30
71 68
55 77
17 12
34 35
0 78
1 94
90 92
71 31
65 34
27 24
94 45
53 62
23 98
43 24
49 9
41 37
54 34
15 62
56 33
65 65
4 65
63 6
72 78
31 28
89 68
20 43
69 93
48 76
3 15
22 26
9 91
74 94
38 90
44 14
94 51
6 18
66 13
89 61
92 5
60 32
96 97
38 98
43 26
77 85
11 8
52 36
15 17
82 75
65 95
69 69
53 71
66 81
50 88
79 3
87 50
60 93
24 58
50 18
75 18
