50 72
18 55
11 63
11 45
15 71
59 22
15 19
77 73
71 10
8 59
47 16
74 45
44 32
13 56
60 88
55 4
8 18
85 27
66 98
95 95
38 18
40 83
99 42
59 26
54 31
43 47
29 15
14 33
17 8
15 29
72 27
65 28
89 32
45 43
18 91
22 31
12 51
30 55
2 22
43 67
66 69
77 29
45 75
36 17
44 5
24 90
69 47
88 0
22 38
67 32
38 54
56 84
9 70
87 75
9 83
61 39
58 64
15 49
82 56
2 74
22 76
61 55
27 98
32 81
81 19
67 22
51 99
36 77
99 92
28 2
91 36
86 57
87 27
57 31
43 58
60 90
12 33
0 41
88 64
40 75
90 18
85 47
73 95
68 7
45 7
42 59
83 45
47 51
64 33
4 31
40 21
74 29
82 27
90 15
11 54
81 58
45 19
28 92
54 7
27 3
