75 28
18 53
24 0
41 50
29 78
74 45
46 35
9 11
11 16
12 82
50 17
96 62
45 0
8 21
58 67
58 44
53 79
38 17
21 53
74 43
62 80
80 65
86 75
33 37
6 51
75 9
13 9
81 94
0 63
88 67
77 97
17 17
70 24
92 81
93 38
23 41
67 50
22 12
72 28
13 3
12 18
20 86
67 46
30 26
50 46
62 45
85 61
26 62
39 78
67 51
1 21
95 26
85 72
32 57
43 61
13 38
86 47
99 93
15 93
24 48
63 30
98 54
33 97
18 88
41 42
84 88
28 13
48 83
34 67
84 1
43 61
46 35
4 11
60 37
21 98
91 26
37 3
34 6
89 3
52 41
73 74
23 38
76 91
6 70
8 99
54 65
50 68
33 48
16 87
14 79
12 86
24 25
11 25
51 42
43 17
86 52
86 55
58 4
42 89
24 68
