33 82
61 53
82 70
98 19
31 87
67 84
73 28
81 46
95 51
92 9
19 42
32 22
28 43
99 13
47 55
94 31
46 29
41 48
79 22
98 94
8 73
64 34
51 8
82 99
37 79
11 41
82 83
31 2
1 10
58 9
22 77
38 1
91 48
37 37
17 89
31 35
83 85
66 84
63 47
20 40
38 29
47 37
78 40
34 54
62 81
55 84
39 99
88 10
64 70
89 14
5 61
6 57
26 95
98 65
26 97
21 44
21 88
34 6
11 89
43 5
22 54
5 79
14 33
32 65
75 86
34 16
9 55
25 94
48 81
50 94
9 80
82 6
92 12
90 53
53 53
65 7
33 37
75 30
48 15
25 67
13 73
22 81
59 35
54 2
36 54
69 46
88 94
63 78
12 84
62 61
63 55
19 90
20 73
8 77
77 43
31 79
11 87
52 16
96 91
61 16
