23 60
81 7
24 94
0 83
49 97
44 5
33 0
84 32
5 72
20 83
19 73
3 16
73 94
34 84
97 40
94 13
17 28
53 25
70 73
52 85
15 4
70 35
67 72
13 40
98 7
52 6
0 16
81 85
51 17
15 1
7 6
16 35
90 60
26 81
82 36
98 88
69 4
29 37
63 25
40 35
74 38
20 33
30 30
94 44
52 9
32 20
8 37
88 30
98 94
21 78
80 52
64 22
75 33
8 78
97 45
38 40
69 41
88 67
44 1
57 56
91 19
87 26
78 10
20 3
43 39
94 8
75 67
88 8
35 16
21 69
99 3
63 44
85 94
89 89
88 87
10 64
9 78
21 26
30 78
4 44
67 44
67 40
94 31
63 40
56 79
64 99
60 1
97 21
58 30
37 57
38 28
57 53
70 73
5 64
10 2
37 26
98 14
75 16
73 21
77 4
