65 34
27 75
44 87
59 89
81 58
7 58
9 26
49 57
12 77
55 11
45 67
86 52
75 68
0 24
43 15
62 84
15 64
47 88
99 22
22 6
80 12
39 94
52 3
88 32
24 20
85 39
76 41
81 51
40 62
7 10
99 43
68 26
90 35
67 42
65 94
83 71
13 5
80 89
36 84
20 46
63 40
94 28
90 86
39 47
51 77
67 25
36 54
10 37
11 14
5 14
53 14
50 48
72 71
37 32
87 23
71 29
22 49
64 14
67 25
90 25
12 14
63 69
66 63
60 19
0 52
41 54
25 2
26 22
24 91
7 53
74 11
16 96
48 1
6 74
32 80
43 19
9 82
49 87
29 74
28 42
54 69
82 94
9 5
68 86
19 98
96 28
82 58
88 31
69 35
36 74
81 44
82 88
43 58
94 52
11 59
4 48
3 53
22 5
84 12
26 26
