20 74
34 38
81 52
42 80
25 50
18 54
44 62
27 6
9 53
43 83
65 2
30 93
95 78
90 46
37 27
99 77
0 35
12 9
66 5
88 89
69 23
98 95
68 52
39 41
60 26
73 38
98 24
99 49
17 44
89 60
38 82
94 7
35 21
11 30
20 96
81 58
7 62
34 62
78 27
17 63
83 50
86 42
37 37
70 35
16 47
68 46
7 0
56 9
18 93
81 55
58 78
87 77
59 46
95 73
48 30
23 97
41 55
9 96
82 88
70 72
28 40
26 72
78 45
9 30
49 16
43 40
20 76
27 74
51 84
45 76
22 42
56 88
96 78
97 6
29 59
81 21
69 36
24 76
94 40
96 88
97 74
53 21
52 80
25 23
77 19
97 17
39 2
70 44
24 12
70 30
36 35
22 58
42 74
43 41
2 81
99 43
9 89
72 84
16 88
35 18
