34 51
63 27
86 10
85 19
38 27
30 60
1 15
22 93
39 19
68 38
56 28
63 53
40 95
99 40
50 70
58 5
71 22
23 93
74 44
93 35
36 88
10 22
66 79
64 61
45 23
44 92
77 28
56 35
56 71
9 39
16 77
87 32
37 93
32 63
39 48
89 45
3 18
16 74
24 0
76 89
76 6
66 12
73 51
49 26
0 38
62 17
18 92
35 45
14 95
1 99
44 41
79 9
65 33
92 98
46 55
6 79
22 87
35 4
40 34
34 1
95 93
98 72
20 10
74 79
36 71
81 86
80 80
81 5
99 20
38 3
54 43
75 82
53 55
1 65
96 0
90 35
56 57
61 4
42 27
52 17
48 74
32 25
84 13
63 63
52 97
61 59
96 3
97 71
64 41
79 81
53 40
42 6
20 42
92 97
32 27
7 29
48 40
55 70
77 30
99 73
