21 8
20 77
69 70
16 44
12 26
66 26
85 48
99 61
91 46
44 69
93 21
2 11
35 57
28 29
7 57
16 57
82 81
37 72
13 78
54 97
79 15
2 74
51 81
82 71
64 88
41 36
65 7
57 46
12 63
47 74
47 4
6 85
18 16
42 4
66 17
52 63
91 74
3 18
18 21
99 9
51 71
22 58
52 1
65 31
32 93
98 70
18 61
89 76
34 71
71 93
31 93
11 90
88 36
69 56
0 79
69 20
14 59
27 76
41 38
54 59
42 29
15 85
37 94
18 33
45 91
48 59
3 35
92 7
47 93
62 50
3 23
6 8
39 59
76 48
23 38
94 76
82 1
54 97
43 80
78 42
16 7
9 42
92 25
94 24
92 93
82 88
33 49
79 42
83 33
52 74
11 35
30 47
22 72
31 73
22 9
20 17
54 69
48 83
71 15
7 36
