64 42
35 97
81 3
22 53
98 58
30 48
39 65
94 81
50 48
95 18
16 57
23 56
73 51
74 35
6 88
71 45
19 52
87 86
14 22
16 18
70 44
58 34
31 94
64 74
70 43
54 54
16 90
92 4
86 34
91 53
7 65
95 32
23 97
33 29
32 9
50 79
11 15
96 98
1 98
60 3
90 43
36 27
99 59
28 87
86 29
98 33
15 12
37 67
58 9
80 48
73 58
90 41
42 78
30 85
26 72
79 60
53 78
95 79
89 51
35 34
21 1
71 12
71 9
39 87
53 39
54 87
32 6
12 80
58 59
90 54
83 96
39 1
54 74
9 71
99 16
7 27
51 36
9 34
30 49
35 85
38 49
31 63
13 20
93 3
43 43
82 41
86 78
95 3
34 9
46 85
47 45
85 7
37 28
86 37
75 6
54 12
69 70
59 21
13 24
83 29
