15 49
72 43
55 95
35 30
46 63
0 17
66 95
50 46
51 70
40 56
56 56
88 35
8 8
76 2
26 92
80 19
70 57
90 46
79 83
93 77
9 40
4 32
44 12
3 32
61 30
73 56
13 37
15 22
22 89
28 73
75 18
43 35
13 79
66 92
86 16
88 50
86 69
47 92
98 25
25 41
56 67
21 42
67 70
28 82
41 85
39 84
15 85
35 66
42 15
63 57
37 69
40 0
71 80
87 8
59 49
13 31
8 34
91 93
27 94
39 41
66 66
35 47
76 69
86 53
52 84
91 15
52 93
84 20
26 37
71 89
34 87
98 54
8 67
63 43
27 73
55 47
19 24
44 44
66 76
32 24
59 74
98 2
38 14
27 61
53 95
68 73
16 71
65 29
46 17
13 82
28 25
3 27
71 79
41 18
34 40
84 14
38 98
95 13
55 11
59 8
