28 64
8 25
80 89
34 66
92 43
69 6
3 5
90 1
92 74
63 20
8 97
85 97
56 90
64 5
39 62
40 65
41 14
23 41
69 93
3 33
77 5
74 12
40 69
1 93
71 73
64 4
65 0
70 12
95 39
90 13
68 38
6 72
7 13
53 63
80 70
72 79
37 85
39 50
17 90
51 73
35 91
34 65
40 37
31 96
53 53
96 1
88 36
45 93
53 6
40 42
64 63
61 90
40 94
67 56
1 96
78 91
82 89
78 96
98 77
3 27
39 92
38 10
18 77
83 97
14 18
3 4
72 86
97 42
42 16
38 60
23 43
90 86
82 20
39 33
43 89
35 0
8 93
46 16
69 85
40 27
1 86
41 3
98 85
1 0
73 53
72 21
38 59
19 61
66 37
42 19
75 58
48 9
94 96
12 42
34 92
89 91
45 67
71 47
55 23
7 95
