6 99
38 36
23 19
64 87
10 62
15 86
40 66
72 17
96 77
25 48
68 16
13 34
3 49
73 63
93 23
23 74
2 5
44 52
68 75
28 55
26 64
11 4
46 28
79 52
11 2
37 89
27 33
88 60
0 31
56 2
1 2
90 84
11 68
95 6
8 95
98 25
96 80
35 25
24 57
29 89
16 68
28 85
46 72
37 93
11 37
33 48
79 9
5 25
95 70
89 63
37 83
40 44
83 93
7 25
16 52
16 46
3 1
20 62
92 58
24 57
90 30
43 0
93 40
5 75
28 42
88 83
83 49
73 49
43 41
43 77
73 85
2 74
80 20
83 70
29 13
82 40
56 34
75 60
91 34
78 15
53 95
70 80
75 72
26 21
21 95
90 83
30 64
25 90
99 42
40 58
74 94
30 74
76 73
28 49
88 8
17 91
28 7
12 70
45 55
82 3
