82 78
54 24
40 15
59 41
92 61
13 89
82 78
4 66
81 13
53 1
20 48
60 70
8 75
60 12
28 93
41 77
4 74
36 23
69 51
31 9
3 23
5 64
19 94
64 62
63 44
57 73
40 43
73 79
79 51
72 12
42 65
99 52
1 29
68 54
81 19
65 54
40 91
55 5
38 81
82 97
70 53
29 90
18 74
22 69
73 76
87 98
75 69
18 58
84 79
27 76
22 69
40 73
0 74
36 92
89 96
94 99
48 89
55 31
61 54
41 48
51 69
20 22
6 81
9 44
96 22
21 76
46 29
47 66
92 58
97 31
88 39
32 33
89 54
39 95
46 16
37 9
15 4
32 1
75 67
55 73
1 31
7 34
28 45
47 7
30 3
84 75
47 78
60 60
45 28
49 77
76 17
56 48
50 17
33 55
74 26
33 3
78 83
37 23
13 35
59 42
