60 26
51 6
91 22
90 63
24 50
49 37
10 35
69 52
15 38
2 47
88 85
49 6
44 5
87 69
11 53
31 96
30 0
46 34
51 37
2 15
18 87
58 34
78 45
49 63
69 15
71 28
16 60
27 8
22 93
70 27
90 86
52 84
67 9
46 2
58 84
13 92
90 38
57 46
13 56
32 65
72 55
27 27
24 64
39 0
1 56
10 12
72 75
96 79
61 56
78 39
15 2
63 25
17 77
12 74
78 53
2 42
87 67
20 68
94 74
65 24
40 34
85 51
42 45
18 27
55 58
75 74
70 10
16 54
40 48
13 98
48 60
85 71
94 24
73 62
68 61
54 74
18 55
73 42
9 79
77 42
27 62
72 55
42 46
17 12
86 54
18 16
66 9
0 93
59 63
49 25
71 60
10 8
19 40
11 12
93 80
25 93
5 52
25 62
57 81
25 72
