77 0
66 96
52 25
27 38
57 40
1 53
15 36
69 77
38 93
85 99
98 80
81 19
68 56
73 82
14 95
35 8
77 45
37 41
56 57
40 78
89 25
12 40
41 12
4 76
17 17
97 64
31 57
77 70
97 78
53 17
58 78
11 52
14 42
70 48
12 48
95 57
89 53
44 24
3 85
8 52
45 32
36 57
37 83
93 24
22 3
72 25
5 17
13 34
44 39
38 67
64 23
13 66
82 85
27 23
68 53
86 22
1 78
78 43
65 0
89 13
25 51
31 72
85 57
10 27
91 72
8 21
57 59
64 63
87 30
52 70
45 91
75 56
77 6
63 91
40 96
46 67
90 92
60 60
48 46
11 97
40 31
32 19
22 99
1 84
20 48
56 97
31 40
15 63
59 96
45 81
6 68
32 65
23 91
39 31
27 54
71 31
82 81
76 54
90 38
23 63
