63 52
45 49
35 63
65 52
63 11
95 1
10 48
44 22
7 59
27 51
17 59
77 3
7 19
35 75
56 90
58 69
37 31
96 90
14 18
19 49
65 15
79 22
59 47
58 57
56 10
18 60
69 94
58 61
21 61
57 37
20 29
14 34
33 82
79 42
37 9
7 6
37 31
91 53
67 7
68 58
65 11
87 31
62 20
55 66
90 39
31 13
34 45
35 97
68 10
9 25
16 15
62 87
80 75
60 63
10 55
27 69
41 37
18 80
32 82
39 46
14 95
87 64
25 17
11 94
59 43
4 70
82 33
49 49
24 75
70 12
66 99
66 65
52 40
35 63
74 94
64 38
44 94
79 74
0 12
85 70
83 6
96 60
5 0
27 80
44 5
75 75
51 82
69 5
22 83
3 56
2 78
55 79
82 15
48 17
34 53
2 33
21 4
70 0
14 33
17 86
