62 21
72 42
92 11
28 25
31 39
54 78
74 87
6 5
24 18
43 41
10 90
63 70
55 38
71 41
63 94
9 62
63 10
99 10
64 21
19 98
25 60
9 77
36 14
34 1
73 10
95 2
98 66
27 33
19 91
25 38
46 23
60 59
6 21
28 12
75 66
92 12
94 82
1 46
44 4
44 20
12 7
34 9
22 5
4 97
60 45
12 9
24 87
98 14
11 46
91 33
37 36
9 22
70 33
73 32
37 57
79 71
16 22
75 57
83 40
81 21
77 74
63 95
70 19
36 97
42 29
91 56
98 20
40 6
29 31
71 31
70 88
67 64
1 36
92 22
25 83
69 55
42 73
40 56
97 5
48 40
70 97
63 93
62 59
26 73
82 42
62 90
55 47
1 46
30 28
41 37
2 83
90 99
12 95
27 19
17 67
28 18
88 81
48 68
12 41
17 4
