2 40
86 52
46 28
98 94
39 16
68 77
6 65
63 63
80 89
54 74
52 33
97 73
2 44
71 1
56 15
94 54
88 5
72 49
84 69
58 12
48 8
28 70
52 73
66 66
85 0
71 19
91 67
90 88
18 39
93 53
40 60
50 85
11 43
76 47
28 35
19 0
61 60
97 10
58 7
23 95
31 5
3 93
18 19
4 44
46 46
60 12
78 97
35 53
6 75
38 33
24 5
33 10
83 24
40 29
3 80
31 91
6 76
19 1
54 94
22 16
43 1
46 76
2 78
95 22
31 70
8 66
61 4
96 29
45 12
42 33
99 70
7 20
44 41
60 28
84 75
61 86
96 64
67 65
91 81
78 47
18 27
46 82
93 95
11 17
63 33
27 27
94 33
48 78
93 2
10 37
75 1
70 41
43 2
19 60
71 49
26 23
52 98
15 42
83 94
31 59
