97 72
72 99
85 11
59 34
37 55
71 78
48 44
22 63
60 28
34 36
82 34
35 84
16 78
91 66
25 12
54 7
18 69
36 68
52 79
59 69
78 25
71 25
94 60
44 67
88 18
90 70
21 73
73 2
39 39
55 41
52 91
60 89
9 93
90 32
89 93
71 54
32 39
68 88
24 51
78 54
68 36
82 4
60 63
6 61
68 14
93 12
39 91
74 83
4 1
85 69
16 28
26 92
80 83
71 86
65 55
22 84
18 99
20 87
3 82
71 2
33 35
73 9
23 50
34 81
80 58
57 52
43 82
4 28
55 10
33 75
14 13
21 94
80 33
73 47
13 71
93 9
36 81
89 70
62 86
24 18
61 48
81 57
53 0
15 39
15 38
69 48
64 58
89 32
97 16
77 25
82 38
85 66
97 37
6 40
70 2
28 21
55 16
28 81
1 68
37 66
