65 9
99 21
99 65
1 20
39 88
21 81
59 4
27 72
90 4
49 16
93 75
48 41
55 3
93 75
64 8
16 45
67 44
97 57
24 87
87 49
49 41
91 21
0 42
82 22
20 15
3 11
99 45
46 17
92 31
19 8
31 31
0 6
54 40
20 4
98 17
75 4
27 22
47 46
88 67
35 24
22 31
79 6
7 96
95 36
47 47
39 98
72 10
40 1
98 21
25 35
93 87
91 47
92 90
79 63
36 99
42 40
54 62
7 65
0 66
28 51
98 63
98 77
15 95
98 95
91 47
35 29
64 25
69 97
34 15
74 89
51 12
15 69
54 49
79 5
4 30
67 50
46 89
6 98
83 93
15 19
66 26
60 96
44 79
51 38
46 92
54 13
51 59
81 56
73 99
28 12
9 99
95 75
79 65
29 97
66 47
89 81
12 64
37 49
42 63
85 6
