46 1
46 40
66 87
81 3
72 62
4 43
4 71
50 75
15 25
15 79
13 76
47 35
38 10
50 14
94 55
63 42
26 24
83 58
30 17
93 94
75 63
71 95
92 72
64 78
68 96
30 29
38 16
66 11
71 80
20 87
11 70
3 90
64 70
60 4
66 21
63 34
74 55
70 68
77 15
53 20
6 63
77 49
70 25
76 87
73 40
54 53
65 52
93 76
22 53
30 91
39 13
8 22
87 30
30 33
13 82
93 89
34 89
78 74
84 74
55 95
37 97
33 20
92 92
31 16
24 88
71 69
57 80
7 59
34 28
41 43
55 64
17 7
59 56
46 65
70 79
71 1
50 58
62 66
74 80
95 61
49 45
13 72
16 80
51 8
86 40
15 36
50 34
22 5
98 22
88 65
14 3
51 93
54 73
12 17
8 98
78 25
78 13
31 88
4 29
1 57
