44 36
81 53
15 74
48 64
94 48
40 66
11 41
33 59
25 71
33 84
96 70
46 77
52 69
44 53
59 79
47 67
15 51
28 85
58 18
15 73
32 59
85 47
23 71
29 40
54 15
7 65
82 94
74 67
17 32
59 69
14 66
91 95
63 20
15 15
67 40
26 66
31 80
88 90
23 79
99 9
86 45
11 5
29 14
31 47
38 26
23 95
14 88
37 29
44 55
80 31
31 58
18 64
91 88
82 56
75 89
58 44
83 83
95 23
24 8
73 12
2 72
75 74
24 51
98 91
4 80
95 10
2 82
80 83
7 1
41 59
96 61
88 93
67 6
1 81
75 4
8 99
51 40
47 23
99 71
3 98
92 84
51 79
79 37
33 93
33 54
64 59
69 79
14 88
34 99
61 54
92 53
44 3
80 96
5 43
89 17
0 17
7 18
54 53
75 65
32 6
