94 37
17 7
64 89
84 14
73 17
31 25
74 42
43 84
26 83
23 38
74 19
3 53
52 52
26 66
5 33
80 39
26 34
91 27
67 79
67 24
70 27
3 92
59 9
19 33
76 54
53 86
24 74
32 95
33 23
70 39
19 89
90 65
84 83
72 24
79 67
78 81
69 22
92 52
9 94
22 34
2 26
51 38
1 35
22 94
59 86
23 23
6 16
28 59
47 19
74 95
59 11
36 68
47 34
57 98
11 75
54 63
37 92
78 77
59 27
37 12
61 28
17 93
83 24
47 26
57 81
49 13
39 41
30 89
31 57
51 72
57 87
74 36
43 75
6 42
0 4
1 41
60 2
27 80
25 33
3 84
57 24
33 29
13 65
20 53
87 73
38 42
93 63
3 24
64 75
31 83
51 66
46 5
73 21
47 96
82 5
59 40
52 67
36 33
2 54
68 93
