17 11
0 60
39 30
66 92
71 27
15 65
95 85
94 6
9 55
2 83
15 31
41 35
24 31
92 96
30 40
59 48
30 35
4 56
3 32
71 6
59 70
90 23
87 22
60 72
65 40
51 99
37 86
71 23
27 47
27 2
24 13
81 22
87 97
18 64
0 37
7 99
84 86
72 43
15 74
35 41
13 85
3 10
1 68
59 31
84 62
65 6
75 88
17 38
66 18
34 65
31 92
61 47
43 90
70 12
17 15
47 64
27 69
99 47
43 67
18 3
6 84
14 43
92 77
90 98
87 8
70 78
38 36
81 80
60 10
25 84
24 64
71 23
51 99
98 18
98 0
86 17
47 46
77 80
50 43
53 14
46 7
68 54
62 48
62 6
69 91
23 65
74 41
77 1
39 1
15 96
27 66
8 44
79 20
43 20
42 31
4 80
15 96
43 23
20 31
9 95
