27 5
94 76
79 59
69 67
24 66
81 73
14 32
81 42
61 54
8 69
51 68
30 15
0 48
14 67
18 85
29 56
58 38
80 53
76 76
50 53
57 77
96 6
59 4
25 10
98 95
89 25
32 4
99 87
92 46
6 3
84 15
31 48
5 2
0 53
7 28
22 21
92 44
62 61
61 9
60 54
50 54
77 10
29 34
47 13
85 63
46 41
60 76
68 93
55 85
33 26
58 80
57 4
79 82
28 25
47 75
85 25
31 54
16 45
11 13
34 43
46 0
26 44
54 75
19 28
46 13
78 58
33 17
35 72
1 48
37 16
80 17
38 9
77 82
89 69
35 87
22 75
44 52
93 16
66 0
38 9
29 33
3 21
38 78
95 96
21 37
41 27
30 46
21 49
2 32
11 10
61 33
49 94
16 68
89 72
52 63
93 30
97 59
19 91
33 96
45 96
