68 44
19 96
58 3
43 89
5 38
51 86
49 14
77 77
38 96
24 63
48 61
64 82
3 53
58 54
86 23
70 38
34 55
11 22
66 82
34 66
28 91
81 18
58 48
49 45
78 15
76 28
20 86
74 49
91 82
24 90
33 81
40 74
1 50
9 98
39 19
78 39
40 70
90 78
85 33
32 33
87 31
7 71
59 75
91 60
74 5
25 54
22 49
41 37
3 64
36 16
84 94
11 46
40 22
97 4
67 14
44 51
74 75
34 44
59 30
96 87
55 18
37 68
69 88
57 60
12 28
28 60
0 47
65 24
87 67
51 34
50 22
58 63
31 81
63 91
71 41
71 28
90 83
98 53
92 75
77 59
96 52
23 19
61 45
62 54
92 59
30 76
50 16
54 99
24 77
66 21
53 46
74 99
17 10
90 96
5 63
11 30
80 21
7 88
17 96
24 79
