40 62
96 92
71 89
68 26
91 55
90 91
71 93
11 88
51 23
22 15
8 25
11 42
18 45
23 35
34 17
57 90
3 82
21 27
32 43
89 39
22 51
86 7
78 35
57 96
68 91
58 70
26 3
19 62
16 16
48 58
39 32
51 60
41 90
83 29
0 67
69 64
40 42
88 9
42 25
68 83
62 62
55 93
13 61
50 90
30 18
48 40
57 76
49 21
37 99
58 23
20 97
89 16
99 70
28 10
12 41
53 14
91 88
45 95
92 23
57 83
51 42
99 44
75 20
4 63
64 60
58 90
25 11
9 43
33 25
34 14
55 91
93 16
42 36
52 69
0 56
77 15
93 54
6 89
67 41
46 57
40 67
58 76
25 85
83 1
13 68
89 57
24 53
66 92
7 42
46 63
75 66
17 38
95 57
74 29
78 33
73 54
70 8
77 21
37 78
94 61
