27 75
85 7
77 6
35 17
26 47
2 49
55 33
20 32
67 89
29 1
93 35
25 48
16 18
54 49
88 7
44 23
9 27
25 90
77 19
22 90
43 23
28 21
19 25
1 19
36 77
12 25
49 62
75 41
5 70
39 39
23 74
26 27
40 71
79 7
7 80
76 75
21 73
82 49
35 86
99 26
24 82
5 59
21 80
67 98
41 55
84 75
61 88
62 29
93 25
81 65
70 29
50 51
10 89
27 25
36 96
42 6
1 99
43 33
41 59
93 54
79 97
68 59
42 2
65 80
2 61
18 71
3 43
13 84
44 62
9 71
48 91
3 3
6 84
23 8
19 98
54 3
44 79
92 7
33 95
47 43
54 2
30 97
60 36
81 97
40 50
88 49
82 88
37 36
18 76
51 35
81 72
88 61
16 82
41 91
47 27
15 12
27 36
67 99
39 0
90 88
