91 52
14 50
86 61
99 16
2 52
28 7
31 80
59 1
13 43
8 96
50 67
28 72
90 16
60 91
80 26
62 70
34 5
76 23
22 13
47 20
39 4
4 12
53 21
64 41
76 72
48 73
75 98
22 90
23 54
24 51
64 2
71 37
64 72
81 24
29 81
22 42
39 59
24 9
43 2
39 49
8 98
73 33
55 45
7 85
21 61
63 83
53 85
32 56
98 66
15 26
42 49
85 6
53 24
87 56
92 90
84 32
81 95
22 56
55 57
41 24
51 56
68 65
2 54
48 37
78 74
57 34
82 19
77 54
52 37
19 49
62 10
7 63
25 6
73 88
6 49
80 67
88 3
39 40
29 42
72 59
68 70
91 44
55 48
16 95
1 28
71 89
35 66
49 8
62 8
89 16
5 60
9 47
30 83
66 76
86 63
9 64
10 94
28 93
21 93
26 74
