86 35
97 71
83 81
69 13
6 77
34 5
54 37
51 59
55 59
44 24
79 74
43 1
32 49
81 49
5 24
94 66
93 91
85 52
91 8
51 57
64 56
28 98
0 36
34 38
83 78
57 73
69 99
99 40
63 59
42 76
60 85
56 75
39 55
80 65
84 94
36 70
6 24
60 59
76 42
24 95
78 94
41 53
30 28
8 21
29 77
41 10
65 72
1 55
42 91
71 34
11 87
25 25
13 13
2 4
74 0
7 55
64 24
12 63
54 62
48 30
9 58
75 99
28 0
5 80
72 46
7 31
66 17
86 71
94 95
59 28
10 87
50 15
77 4
52 44
99 64
19 71
36 34
2 61
78 33
89 99
76 89
18 88
59 18
17 25
38 87
95 79
51 0
86 10
93 88
37 35
91 15
45 31
0 81
61 85
18 57
12 20
45 68
0 7
29 75
52 21
