20 79
55 92
54 33
5 70
80 35
96 80
99 86
8 58
84 58
95 50
87 93
60 70
34 24
38 58
14 69
79 72
19 54
32 90
97 87
80 36
82 49
56 69
28 91
82 35
95 46
52 84
1 92
34 63
24 11
97 84
44 0
82 65
62 71
86 9
61 2
34 15
11 25
35 18
52 84
68 32
99 24
65 7
3 14
5 38
51 47
8 84
6 19
39 35
27 11
53 72
6 38
25 59
28 97
63 24
93 89
54 14
80 67
74 84
59 97
80 19
91 81
79 69
8 16
92 70
69 87
24 61
84 38
46 27
41 90
9 1
38 10
25 82
25 65
20 11
96 24
38 87
97 14
74 5
96 94
8 37
17 43
5 41
99 33
10 54
73 30
68 63
94 34
71 18
45 20
87 18
39 93
94 14
63 24
31 39
74 19
83 37
14 45
67 81
65 74
53 13
