84 56
97 8
76 66
43 19
2 0
42 42
68 82
93 25
45 48
61 55
50 25
76 97
98 94
84 13
41 51
98 26
72 9
64 63
44 20
46 14
0 44
84 67
80 18
78 55
9 45
0 57
37 35
27 62
37 88
90 29
70 50
20 1
57 87
54 15
77 85
77 36
9 94
96 26
44 5
67 69
58 19
82 77
58 72
65 9
72 75
81 73
88 67
22 82
33 34
84 26
5 70
30 76
78 76
70 85
79 43
97 33
76 58
35 5
1 70
70 43
1 84
73 12
99 29
11 27
33 74
85 43
73 82
19 87
78 28
41 66
75 34
64 50
57 36
64 84
9 19
93 44
7 53
8 79
52 80
34 17
67 13
94 67
51 27
22 77
7 6
22 87
16 39
0 15
51 80
46 59
26 22
7 22
42 66
96 95
95 19
39 84
83 24
18 43
9 99
25 17
