75 92
9 80
1 72
56 54
78 62
41 24
58 98
60 74
52 91
23 98
34 17
26 3
22 50
26 60
89 80
32 68
36 76
0 2
81 73
70 1
42 53
41 10
15 90
54 49
18 95
56 58
78 24
62 42
42 44
37 35
54 97
77 39
78 0
14 73
10 90
19 80
71 39
30 69
90 76
52 88
1 48
55 58
38 67
80 35
26 28
90 34
14 52
4 31
32 85
66 88
63 22
38 67
25 69
66 38
96 60
71 19
93 39
55 2
5 47
55 33
36 23
66 52
95 20
20 95
6 9
0 22
6 66
0 74
55 23
33 14
71 11
39 31
34 0
34 50
21 81
32 17
14 26
98 21
4 7
10 95
48 37
93 30
24 44
91 80
77 34
28 33
49 2
89 50
50 62
28 96
3 12
26 58
2 93
1 53
20 92
52 57
80 87
6 55
82 81
60 77
