0 0
1 3
1 8
1 11
1 20
1 22
1 25
1 27
1 33
2 2
2 21
2 26
2 28
2 38
3 1
3 3
3 9
3 22
3 27
3 29
3 31
3 33
4 2
4 10
4 13
4 23
4 28
4 30
4 32
4 37
5 1
5 3
5 6
5 9
5 14
5 22
5 29
5 31
5 38
6 2
6 7
6 10
6 13
6 23
6 30
6 35
6 37
7 3
7 6
7 8
7 14
7 16
7 20
7 34
7 36
8 7
8 15
8 17
8 27
8 30
8 32
8 35
9 4
9 6
9 8
9 14
9 16
9 20
9 25
9 29
9 31
9 33
10 1
10 5
10 7
10 15
10 21
10 23
10 30
10 34
11 4
11 6
11 8
11 14
11 16
11 20
11 24
11 26
11 31
11 33
11 35
12 1
12 5
12 7
12 9
12 13
12 17
12 19
12 21
12 27
12 32
12 34
12 38
13 6
13 8
13 10
13 12
13 16
13 18
13 20
13 28
13 30
13 33
13 35
13 37
14 1
14 5
14 7
14 9
14 17
14 19
14 34
14 36
15 6
15 13
15 18
15 22
15 26
15 32
15 37
16 19
16 23
16 25
16 31
17 1
17 3
17 11
17 26
17 28
17 30
17 37
18 2
18 8
18 10
18 27
18 29
18 31
18 38
19 1
19 3
19 9
19 14
19 26
19 28
19 35
19 37
20 8
20 32
20 34
20 36
21 4
21 9
21 14
21 24
21 26
21 28
21 31
21 33
21 35
21 37
22 10
22 15
22 17
22 25
22 29
22 32
23 11
23 14
23 16
23 30
24 1
24 4
24 7
24 9
24 17
24 31
24 33
24 37
25 5
25 8
25 10
25 16
25 28
25 30
25 38
26 6
26 9
26 11
26 17
26 29
26 31
26 33
26 36
27 4
27 7
27 10
27 13
27 18
27 20
27 30
27 32
27 34
28 2
28 5
28 17
28 19
28 38
29 4
29 7
29 13
29 16
29 18
29 21
29 23
29 30
29 32
29 37
30 14
30 17
30 33
30 38
31 4
31 11
31 13
31 16
31 18
31 26
31 28
31 30
31 32
31 34
31 36
32 2
32 8
32 12
32 25
32 27
32 33
32 35
33 1
33 3
33 6
33 9
33 11
33 13
33 16
33 18
33 22
33 26
33 34
33 36
34 8
34 10
34 14
34 17
34 25
34 27
34 30
34 32
34 37
35 3
35 9
35 18
35 20
35 22
35 28
35 31
35 36
35 38
36 2
36 8
36 10
36 14
36 17
36 30
36 32
36 37
37 7
37 9
37 11
37 13
37 15
37 31
37 35
37 38
38 6
38 10
38 12
38 14
38 16
38 23
38 30
38 36
0 6
0 13
0 15
0 35
0 37
1 14
1 17
1 36
3 5
8 0
13 24
14 3
18 19
18 22
19 5
19 17
21 20
22 20
22 39
25 26
26 0
18 34
27 25
30 1
31 0
31 21
36 5
36 25
37 0
37 20
38 18
39 18
39 21
23 1
25 1
1 12
0 8
1 7
0 11
25 22
27 22
30 2
23 0
23 2
26 13
2 39
7 10
10 0
7 23
9 27
9 1
9 23
12 24
14 24
11 25
19 15
12 0
17 0
15 34
28 14
28 39
28 13
30 39
16 37
19 4
19 6
18 32
18 39
16 36
16 38
21 3
20 14
20 3
22 3
24 18
24 36
25 39
15 28
15 27
27 2
29 24
0 28
1 29
6 0
7 1
30 23
6 1
31 19
2 19
3 20
4 19
5 18
1 28
2 20
4 18
32 22
5 16
6 17
6 16
31 9
32 9
17 19
38 38
39 38
30 10
30 11
36 28
36 33
18 23
38 17
16 14
17 13
39 12
38 37
38 39
39 14
39 16
16 13
39 36
15 11
38 22
39 23
3 6
39 30
16 11
16 21
2 36
15 21
35 25
4 35
17 35
26 22
19 24
20 23
20 24
25 25
4 36
21 11
22 12
35 5
18 35
22 11
5 20
26 12
8 21
9 26
4 4
2 7
6 20
4 25
3 38
4 3
7 9
4 21
8 20
1 1
4 24
4 38
0 21
4 22
2 1
1 21
10 25
10 38
38 4
6 27
17 4
6 26
39 4
10 39
17 5
6 32
5 34
6 31
20 13
23 36
2 30
6 34
3 30
3 11
8 37
28 24
8 36
3 10
6 5
8 28
5 12
8 29
6 6
5 13
7 18
8 18
37 3
38 2
13 39
37 2
36 27
37 33
13 38
13 22
12 3
13 26
10 17
14 29
13 21
15 16
13 27
11 37
11 3
10 16
15 4
11 10
13 29
15 17
12 37
11 9
15 5
15 30
28 37
19 30
17 24
15 31
18 25
18 30
16 24
18 26
30 5
22 8
23 28
20 10
30 4
25 34
21 8
20 9
20 38
25 33
23 29
22 27
22 34
28 3
23 32
28 4
20 37
26 15
21 34
24 32
21 27
29 28
28 6
25 15
36 39
26 19
29 29
30 15
28 7
27 19
29 34
36 38
30 16
29 33
30 27
31 24
31 27
32 29
32 31
31 25
33 20
33 7
31 31
31 29
33 4
34 20
33 8
34 33
34 12
36 12
33 5
34 34
33 12
37 12
33 28
33 27
36 21
35 11
35 21
35 10
35 29
35 30
22 5
23 4
22 4
19 19
17 2
18 21
19 21
34 1
6 3
37 25
5 28
5 27
4 27
12 33
32 16
12 35
9 28
7 27
7 28
22 2
24 8
32 13
32 11
27 14
26 14
26 16
35 14
4 1
29 14
29 15
31 14
31 15
34 38
34 36
10 31
23 12
23 13
24 13
24 14
31 17
31 12
13 36
10 33
12 8
24 16
33 30
32 30
34 31
10 8
13 34
10 29
29 31
29 17
9 15
37 14
36 31
10 4
3 2
20 26
25 9
25 3
29 22
30 22
30 21
38 9
38 15
39 15
38 0
38 1
39 0
39 1
32 32
33 32
33 33
35 32
35 33
32 28
34 28
34 29
36 29
33 37
10 6
4 31
30 7
12 6
13 17
35 8
1 26
8 31
10 20
11 15
33 35
16 3
16 4
14 4
36 3
38 3
29 9
28 10
19 36
26 10
34 9
36 9
24 0
25 0
34 16
34 15
33 15
33 14
19 8
11 34
12 12
11 12
11 13
35 2
2 33
6 36
26 38
6 29
17 29
20 33
38 13
39 13
2 22
28 9
34 3
34 4
35 4
27 9
27 8
26 8
36 23
26 7
25 7
25 6
23 5
24 6
24 5
24 3
24 2
25 2
37 6
37 5
38 5
13 1
13 0
14 0
3 28
2 3
11 21
28 11
27 11
27 12
20 7
20 6
21 6
21 5
28 1
27 1
27 0
30 13
38 11
39 11
39 10
22 0
31 8
31 10
29 10
31 35
33 25
38 20
39 20
38 19
39 19
25 12
25 11
24 11
24 10
23 10
23 9
22 9
22 7
23 7
18 6
18 7
17 7
17 8
33 23
32 23
32 24
30 24
18 3
18 4
18 1
18 0
19 0
39 17
28 27
28 28
30 28
30 26
25 31
27 33
25 4
26 4
26 5
27 5
27 6
29 6
29 5
9 13
25 20
37 8
12 14
36 13
36 11
34 11
34 13
32 26
31 5
31 6
32 6
32 7
34 7
34 6
35 6
27 31
29 8
34 22
8 6
31 33
19 2
20 2
20 1
21 1
15 19
27 36
27 35
26 35
26 34
24 34
32 36
39 6
39 7
38 7
7 7
28 16
1 9
32 34
11 1
11 0
23 15
16 6
36 18
31 38
14 6
17 27
29 12
32 18
32 19
33 19
33 21
32 21
36 0
36 1
36 20
28 34
30 34
32 4
32 3
31 3
31 2
3 4
9 10
5 4
5 5
7 5
7 4
8 4
8 3
9 3
9 2
10 2
14 8
0 36
38 32
38 34
4 29
27 3
29 3
29 2
21 12
21 13
19 13
33 17
22 16
23 25
23 24
24 24
20 18
20 17
21 17
36 15
36 16
37 16
37 17
35 37
17 31
17 32
20 31
16 32
19 31
19 32
27 38
27 39
26 39
35 17
17 12
18 12
18 11
19 11
19 10
21 10
19 27
17 10
9 32
20 4
14 2
15 2
15 1
16 1
16 0
14 35
15 35
15 36
36 22
37 22
37 23
3 0
24 38
24 39
23 39
35 35
36 35
36 36
37 36
37 37
11 5
7 15
27 17
34 18
20 15
21 15
7 11
6 11
6 12
4 12
4 11
2 11
2 12
13 19
36 7
25 36
25 37
26 37
30 18
30 19
29 19
29 20
28 20
28 21
27 21
5 2
12 20
33 10
38 24
39 24
39 22
37 30
34 26
35 26
35 27
37 27
22 24
23 26
22 26
9 0
22 28
3 34
3 35
2 35
4 33
5 33
5 32
24 28
24 27
25 27
5 10
35 23
35 24
34 24
17 36
17 34
19 34
27 29
38 26
25 21
24 21
24 20
12 10
1 34
0 34
0 33
9 5
21 32
29 38
29 39
35 19
11 30
12 30
12 31
13 31
13 32
14 32
14 33
15 33
26 25
26 24
2 27
15 7
13 5
0 4
16 28
14 28
14 30
16 30
12 4
12 2
4 9
1 38
1 39
0 38
0 39
25 29
18 17
8 14
19 29
0 7
23 17
23 18
22 18
22 19
21 19
1 10
0 10
0 9
37 10
13 15
18 9
3 32
32 38
32 39
31 39
21 21
22 21
22 22
23 22
13 11
25 17
25 18
26 18
26 20
11 7
5 23
24 25
0 12
25 23
24 23
10 10
10 11
9 11
7 2
7 0
5 0
28 18
33 2
10 22
9 22
9 21
7 21
7 22
6 22
38 31
39 31
39 32
38 35
39 35
39 34
9 17
11 17
10 14
7 19
7 17
1 23
1 24
0 24
0 25
2 14
1 2
1 0
11 32
18 37
3 8
2 8
2 9
6 14
14 10
15 10
15 9
16 9
9 7
29 36
30 36
30 37
31 37
22 14
21 29
21 30
22 30
22 31
23 31
23 33
22 33
22 35
23 35
23 37
22 37
3 39
3 37
2 37
5 39
6 39
6 38
7 38
7 37
9 37
9 38
5 35
7 32
7 33
8 33
8 34
9 34
9 35
10 35
10 36
11 36
11 38
14 37
32 1
32 0
33 0
20 35
9 9
8 9
8 8
0 22
0 20
3 26
3 25
2 25
17 14
18 14
18 15
0 14
27 23
28 23
28 25
38 29
39 29
38 28
39 28
30 30
18 28
28 30
37 39
35 39
13 7
37 32
37 34
26 30
24 30
9 30
39 37
20 28
21 36
3 19
16 22
16 20
17 20
17 18
16 18
2 6
16 26
30 0
29 0
15 14
6 24
7 24
7 25
8 25
8 26
10 26
10 24
9 24
7 35
5 17
21 25
4 6
4 7
5 7
5 8
6 8
6 9
7 30
13 13
14 13
14 12
15 12
15 23
14 23
14 22
12 22
12 23
11 23
1 32
1 31
2 31
2 29
0 29
0 27
11 19
14 39
12 39
3 23
1 19
26 32
1 4
1 5
0 5
15 25
14 25
14 26
12 26
12 25
12 18
39 39
12 28
11 28
11 27
5 30
7 13
26 28
30 32
4 14
28 32
9 19
5 15
14 18
14 20
21 39
21 38
19 38
19 39
17 39
17 38
15 38
5 19
5 21
3 21
5 25
16 16
14 16
0 3
5 37
0 16
0 17
3 13
8 16
21 23
19 23
19 25
17 25
17 23
12 16
2 17
2 16
3 16
3 15
13 9
