0 0
1 1
1 6
1 8
1 12
1 14
1 18
1 20
1 22
1 27
1 32
1 38
2 2
2 5
2 7
2 13
2 21
2 23
2 28
2 31
2 33
3 1
3 3
3 6
3 12
3 14
3 22
3 24
3 27
3 29
3 34
3 38
4 2
4 4
4 9
4 13
4 15
4 20
4 23
4 28
4 35
4 37
5 1
5 6
5 8
5 10
5 12
5 16
5 18
5 22
5 33
5 36
6 2
6 9
6 15
6 17
6 23
6 29
6 31
6 35
6 37
7 1
7 3
7 16
7 22
7 24
7 26
7 28
7 30
7 32
7 36
7 38
8 2
8 6
8 8
8 10
8 12
8 17
8 20
8 23
8 27
8 29
8 31
8 37
9 1
9 7
9 9
9 11
9 16
9 21
9 24
9 26
9 30
9 38
10 2
10 8
10 10
10 12
10 14
10 19
10 25
11 1
11 7
11 9
11 11
11 13
11 20
11 22
11 24
11 26
11 31
11 33
12 2
12 8
12 10
12 12
12 14
12 16
12 18
12 21
12 23
12 25
12 27
12 32
12 34
12 36
13 1
13 3
13 9
13 11
13 13
13 15
13 17
13 19
13 22
13 24
13 26
13 28
13 33
13 35
14 2
14 4
14 7
14 10
14 12
14 18
14 20
14 23
14 25
14 27
14 29
14 34
14 36
15 1
15 3
15 8
15 11
15 13
15 19
15 21
15 24
15 26
15 30
15 33
15 35
16 2
16 4
16 6
16 9
16 12
16 20
16 22
16 25
16 29
16 31
16 34
16 36
17 1
17 5
17 7
17 13
17 18
17 21
17 23
17 30
17 32
17 37
18 6
18 10
18 12
18 14
18 20
18 22
18 24
18 26
18 28
18 33
18 36
18 38
19 1
19 7
19 11
19 15
19 21
19 23
19 25
19 27
19 29
19 32
19 34
19 37
20 2
20 4
20 8
20 16
20 18
20 20
20 24
20 26
20 28
20 31
20 33
20 35
20 38
21 1
21 9
21 11
21 14
21 17
21 19
21 25
21 27
21 32
21 34
21 36
22 2
22 7
22 10
22 12
22 15
22 20
22 23
22 26
22 28
22 33
22 35
22 37
23 1
23 6
23 8
23 11
23 16
23 22
23 24
23 27
23 29
23 34
23 36
23 38
24 2
24 5
24 7
24 9
24 12
24 17
24 19
24 23
24 26
24 28
24 30
24 32
24 37
25 1
25 3
25 6
25 8
25 13
25 16
25 18
25 27
25 29
25 31
25 33
25 36
25 38
26 2
26 4
26 7
26 14
26 17
26 19
26 28
26 30
26 34
27 1
27 3
27 5
27 8
27 10
27 15
27 18
27 23
27 27
27 35
28 2
28 4
28 6
28 9
28 11
28 14
28 16
28 19
28 22
28 24
28 28
28 30
28 33
28 36
29 3
29 5
29 8
29 12
29 15
29 17
29 20
29 23
29 29
29 31
29 34
29 37
30 2
30 4
30 13
30 16
30 18
30 24
30 27
30 32
31 1
31 3
31 5
31 8
31 12
31 14
31 17
31 19
31 22
31 25
31 31
31 35
31 37
32 2
32 4
32 7
32 9
32 11
32 13
32 23
32 26
32 30
32 36
33 1
33 10
33 14
33 17
33 19
33 22
33 24
33 31
33 35
34 2
34 4
34 11
34 13
34 15
34 18
34 20
34 23
34 25
34 27
34 29
34 34
34 36
35 1
35 3
35 5
35 10
35 12
35 14
35 16
35 19
35 21
35 24
35 26
35 28
35 37
36 2
36 4
36 7
36 9
36 11
36 13
36 15
36 20
36 22
36 25
36 29
37 1
37 10
37 12
37 14
37 16
37 18
37 21
37 23
37 32
37 34
38 2
38 11
38 13
38 15
38 19
38 22
38 24
38 33
38 35
38 37
0 4
0 10
0 16
1 16
3 17
10 4
11 38
11 39
13 39
14 38
15 16
15 39
29 0
30 39
36 39
38 6
39 4
39 6
39 8
39 17
39 30
0 14
1 9
1 11
0 12
38 5
38 7
11 30
0 27
0 22
1 39
3 39
3 0
5 0
7 39
7 0
7 4
9 39
10 38
12 38
10 30
12 30
9 0
10 3
10 5
11 0
14 37
18 39
1 15
23 39
25 0
25 39
0 2
1 3
0 33
1 34
1 33
1 2
27 0
28 25
31 0
3 18
12 4
13 5
13 4
0 38
32 27
32 29
33 0
25 23
26 24
26 23
10 16
11 16
34 33
2 19
1 19
33 33
35 33
9 34
9 35
3 32
2 35
5 38
2 32
4 5
3 25
5 34
3 35
39 22
39 15
39 13
38 38
38 39
36 30
39 11
38 25
38 26
37 38
39 38
5 28
39 2
7 14
37 25
39 25
39 19
6 7
5 24
39 33
6 13
5 23
5 13
5 7
7 15
4 21
6 28
4 6
5 37
5 35
3 26
6 33
4 22
7 9
8 9
9 28
7 33
11 35
18 2
9 22
8 28
12 35
18 1
16 14
9 23
16 10
16 13
11 32
10 21
16 11
16 0
11 21
10 27
8 4
17 3
16 1
10 26
16 3
13 31
20 12
13 32
20 11
17 19
17 20
19 13
20 6
27 25
16 27
18 4
17 25
15 27
17 9
18 13
19 6
18 5
18 25
18 9
22 17
23 17
19 30
19 31
20 0
19 17
21 21
20 22
20 17
20 1
22 30
21 20
19 3
27 20
37 30
24 10
19 22
23 13
21 5
23 30
20 3
23 20
24 11
27 19
23 12
21 4
24 20
26 12
30 9
27 31
21 29
27 30
30 8
25 12
21 28
23 25
28 7
23 26
26 32
27 37
28 8
25 32
32 20
29 10
30 11
28 37
32 19
32 15
30 12
28 10
32 14
26 26
29 35
30 6
26 27
33 8
30 5
29 36
33 5
32 8
33 4
34 9
37 8
34 10
32 32
36 8
32 31
35 35
34 30
34 35
34 31
36 27
33 26
35 27
34 26
34 3
26 3
26 8
38 36
32 17
37 22
7 37
30 37
16 5
28 23
27 14
18 37
22 1
37 15
36 14
24 18
3 37
36 12
37 17
25 17
37 13
11 25
36 10
17 22
11 23
36 16
19 8
25 19
24 8
37 11
24 16
22 3
24 6
32 12
32 10
30 17
7 35
17 12
36 1
18 11
18 32
36 34
35 34
35 36
36 3
23 37
30 3
25 7
32 22
28 3
7 17
36 32
35 32
23 7
23 15
38 9
8 11
26 18
28 5
38 14
39 14
35 4
31 18
17 17
13 25
31 13
35 6
34 6
34 7
34 24
31 7
31 6
32 6
32 5
34 19
16 38
32 38
34 14
35 15
13 23
35 25
34 12
32 3
35 13
35 20
38 20
38 12
39 12
21 35
28 15
8 30
14 35
15 25
35 11
35 29
35 30
33 30
33 29
34 1
34 0
35 0
33 36
14 11
31 4
34 5
36 6
36 5
37 5
37 4
34 38
29 6
29 7
27 7
27 6
26 6
26 5
25 5
25 4
24 4
24 3
15 29
38 10
39 10
39 9
7 23
25 30
32 35
23 23
29 16
25 37
33 11
11 12
14 19
17 31
37 9
37 7
8 36
4 36
7 29
9 25
3 13
35 7
12 22
12 15
32 1
32 0
35 9
33 9
12 3
11 3
11 2
33 7
31 16
31 15
30 15
30 14
29 14
29 13
28 13
28 12
33 20
33 21
34 21
34 22
35 22
35 23
36 23
36 24
37 24
36 21
23 35
24 29
33 23
37 33
24 1
24 0
23 0
38 0
27 4
2 6
17 36
9 8
13 12
26 1
26 0
38 31
12 11
14 13
5 11
17 38
17 39
16 39
31 38
31 39
32 39
38 16
39 16
17 6
16 35
20 32
27 11
26 11
26 10
25 10
25 9
38 21
39 21
39 20
31 21
31 20
30 33
31 33
30 20
30 19
29 19
29 18
28 18
28 17
4 27
5 27
5 26
6 26
27 17
27 16
14 3
26 16
26 15
9 12
25 15
11 14
25 14
24 14
24 13
22 6
22 5
23 5
22 14
22 13
21 13
21 12
15 20
13 36
13 37
12 37
19 38
19 39
20 39
3 23
11 8
2 27
28 0
28 1
15 12
18 23
3 30
4 30
4 31
20 25
0 29
20 9
15 36
15 37
16 37
32 37
39 7
4 3
22 11
4 14
37 2
29 4
33 15
33 16
34 16
34 17
35 17
35 18
36 18
36 19
37 19
37 20
35 38
35 39
34 39
6 30
39 5
24 38
24 39
8 16
36 37
37 37
37 39
39 39
39 37
4 34
4 33
3 33
33 13
18 7
14 28
26 13
29 33
29 32
28 32
28 31
28 35
28 34
27 34
27 33
26 33
26 31
4 8
30 1
30 0
29 39
29 38
31 11
29 11
29 9
31 9
30 35
30 34
31 34
29 24
29 25
30 25
30 26
31 26
31 27
31 36
29 30
6 36
27 28
0 13
1 13
34 37
8 38
8 39
1 25
14 24
10 11
37 28
38 29
24 22
25 22
25 21
26 21
26 20
12 1
12 0
13 0
24 36
2 38
2 39
5 29
4 29
6 16
19 24
6 34
12 9
10 33
10 34
11 34
20 19
7 25
1 7
12 24
14 1
11 36
10 36
10 37
9 37
10 1
10 0
38 34
39 34
39 35
2 12
2 11
3 11
12 39
18 21
20 5
20 7
21 7
21 8
22 8
22 9
23 9
23 10
38 1
39 1
39 0
26 38
27 38
26 39
27 39
21 10
9 6
9 5
8 5
8 3
9 3
9 2
2 30
2 29
1 29
1 28
0 28
16 21
10 24
22 34
28 20
28 21
29 21
29 22
30 22
30 23
31 23
31 24
32 24
32 25
33 25
7 6
6 6
6 8
7 8
7 10
6 10
38 32
39 32
39 31
33 34
33 32
31 32
2 14
2 15
3 15
3 16
4 16
22 22
22 21
23 21
33 27
19 12
8 34
20 34
14 15
15 15
15 14
14 17
15 17
15 18
16 18
16 19
10 9
18 19
18 18
19 18
19 16
18 16
18 15
17 15
17 14
8 13
8 14
9 14
9 15
10 15
23 19
22 19
22 18
21 18
33 18
5 20
5 19
6 19
12 5
11 5
11 6
39 24
39 23
38 23
22 36
13 29
12 29
12 28
11 28
11 27
19 20
9 27
3 31
9 29
10 29
8 24
37 0
6 32
5 32
5 31
31 30
31 29
30 29
30 28
29 28
29 27
28 27
21 31
22 31
22 32
23 32
23 33
24 33
24 34
25 34
25 35
26 35
26 36
27 36
9 17
10 17
10 18
11 18
11 19
12 19
12 20
13 20
13 21
14 21
14 22
15 22
15 23
16 23
16 24
17 24
26 29
0 11
15 34
37 31
38 28
5 17
19 26
0 15
17 26
16 26
5 15
19 14
20 14
20 15
21 15
21 16
22 16
10 39
16 28
17 28
17 29
18 29
18 30
8 32
9 32
9 31
10 31
13 16
20 30
20 29
22 29
13 14
14 30
14 31
15 31
15 32
16 32
16 33
17 33
17 34
18 34
18 35
19 35
19 36
20 36
20 37
21 37
21 38
22 38
22 39
7 31
1 21
0 21
0 20
12 17
12 31
6 14
6 12
7 12
14 26
39 26
39 18
38 18
0 30
38 3
39 3
14 39
21 26
30 31
37 29
13 34
6 20
7 20
7 21
8 21
8 22
8 18
8 19
9 19
9 20
10 20
10 22
4 0
4 1
5 21
4 19
4 18
14 5
14 6
15 6
15 7
16 7
16 8
17 8
3 21
3 20
2 20
17 10
35 2
2 18
19 10
15 10
15 9
14 9
14 8
13 8
13 7
12 7
37 35
7 27
39 29
36 28
36 26
37 26
6 18
5 9
8 1
8 0
6 1
6 0
6 3
6 4
5 4
5 5
24 31
20 21
27 9
1 26
0 26
0 25
8 26
10 7
20 23
21 23
21 24
22 24
22 25
24 25
24 24
25 24
13 27
3 5
3 4
2 4
2 3
34 28
12 26
6 39
6 38
4 38
4 39
33 2
16 30
25 28
23 28
4 10
6 22
2 24
2 25
21 33
2 8
2 9
3 9
19 33
0 39
1 23
0 23
0 3
19 28
31 2
2 22
10 13
1 31
0 37
1 37
1 36
2 36
0 1
2 34
0 34
0 32
2 1
2 0
1 0
27 24
27 26
25 26
4 12
3 28
17 2
17 4
19 2
19 4
29 2
27 22
12 13
13 10
27 2
14 33
8 7
12 33
15 4
25 2
4 25
4 24
6 24
24 27
19 0
21 0
9 10
15 0
17 0
1 17
0 17
0 18
3 7
22 27
23 2
20 27
1 5
0 5
0 6
13 18
18 27
11 10
0 9
0 8
21 2
28 29
15 2
13 2
7 2
5 2
3 2
