0 0
1 4
1 6
1 11
1 16
1 18
1 23
1 25
1 27
1 31
1 34
1 36
1 38
2 5
2 7
2 10
2 12
2 15
2 24
2 28
2 30
2 32
2 35
2 37
3 1
3 3
3 6
3 9
3 27
3 29
3 33
3 36
3 38
4 2
4 4
4 10
4 14
4 20
4 24
4 28
4 30
4 32
4 34
5 1
5 3
5 5
5 11
5 13
5 15
5 17
5 25
5 27
5 29
5 31
5 33
5 35
5 38
6 2
6 6
6 10
6 12
6 14
6 16
6 18
6 20
6 23
6 26
6 28
6 30
6 32
6 36
7 1
7 5
7 11
7 13
7 15
7 17
7 21
7 24
7 27
7 29
7 31
7 33
7 37
8 6
8 9
8 14
8 16
8 22
8 25
8 28
8 32
8 34
8 38
9 10
9 20
9 29
9 31
9 35
9 37
10 5
10 7
10 9
10 11
10 14
10 19
10 21
10 28
10 30
10 32
10 34
10 36
11 4
11 8
11 10
11 12
11 15
11 18
11 20
11 22
11 31
11 33
11 35
11 37
12 1
12 9
12 11
12 13
12 16
12 19
12 21
12 23
12 28
12 30
12 32
12 34
12 36
12 38
13 7
13 10
13 12
13 14
13 17
13 20
13 22
13 24
13 27
13 31
13 33
13 37
14 1
14 4
14 6
14 8
14 11
14 15
14 21
14 23
14 25
14 32
14 34
14 36
15 2
15 5
15 7
15 9
15 20
15 26
15 30
15 35
15 37
16 1
16 3
16 6
16 8
16 10
16 14
16 27
16 29
16 31
17 2
17 4
17 9
17 21
17 23
17 25
17 28
17 30
17 34
17 37
18 3
18 5
18 10
18 13
18 22
18 24
18 26
18 35
18 38
19 2
19 4
19 6
19 8
19 11
19 14
19 19
19 21
19 23
19 25
19 27
19 30
19 36
20 3
20 5
20 7
20 10
20 12
20 15
20 18
20 22
20 28
20 31
20 33
20 35
20 37
21 2
21 4
21 6
21 11
21 16
21 19
21 21
21 29
21 32
21 34
21 36
21 38
22 1
22 3
22 10
22 12
22 14
22 17
22 20
22 22
22 28
22 33
22 37
23 2
23 6
23 8
23 11
23 13
23 18
23 21
23 23
23 25
23 27
23 30
23 34
23 36
23 38
24 1
24 5
24 7
24 12
24 17
24 22
24 26
24 35
25 6
25 8
25 11
25 13
25 16
25 30
25 34
26 1
26 7
26 9
26 14
26 17
26 23
26 25
26 29
26 35
27 2
27 6
27 8
27 10
27 13
27 15
27 18
27 20
27 22
27 24
27 26
27 30
27 33
28 1
28 7
28 9
28 14
28 17
28 19
28 21
28 23
28 25
28 27
28 31
28 34
28 36
29 6
29 8
29 10
29 13
29 24
29 26
29 28
29 30
29 35
30 5
30 7
30 9
30 11
30 14
30 23
30 25
30 27
30 29
30 31
30 34
30 38
31 4
31 6
31 8
31 10
31 15
31 17
31 19
31 21
31 24
31 26
31 28
31 30
32 1
32 3
32 11
32 14
32 20
32 22
32 25
32 29
33 2
33 12
33 17
33 19
33 21
33 23
33 26
33 28
33 30
34 1
34 4
34 8
34 10
34 13
34 16
34 20
34 22
34 27
34 31
34 33
34 37
35 11
35 26
35 32
35 34
35 38
36 1
36 4
36 8
36 10
36 12
36 14
36 16
36 20
36 25
36 27
36 30
36 33
37 2
37 5
37 7
37 9
37 11
37 13
37 17
37 21
37 24
37 26
37 28
37 31
37 38
38 1
38 3
38 6
38 8
38 12
38 18
38 20
38 23
38 29
38 33
38 37
0 9
0 29
6 8
10 0
16 17
17 18
18 0
20 0
21 25
25 32
26 37
28 39
30 0
33 6
39 10
39 15
0 11
0 31
33 37
0 18
0 23
0 25
1 39
0 27
33 36
33 38
0 36
0 38
3 0
3 39
5 0
4 21
7 0
13 1
13 0
13 2
8 39
10 6
9 6
11 6
12 39
16 0
16 32
15 32
17 32
22 0
24 38
23 24
22 24
24 24
0 7
1 8
1 7
4 6
5 7
5 6
29 1
28 0
11 24
12 25
12 24
32 6
34 6
35 1
35 0
35 2
32 0
3 15
18 15
19 16
19 15
4 15
16 38
8 4
16 37
7 4
19 38
33 33
20 39
20 38
8 2
35 39
14 38
7 2
14 37
38 0
39 6
39 1
39 3
13 29
39 8
39 12
9 18
39 18
8 11
39 20
10 38
4 18
11 27
39 29
37 33
9 19
7 19
9 11
12 29
37 32
37 34
8 26
5 18
20 25
26 36
25 31
11 28
10 16
6 19
10 37
8 27
10 15
13 5
12 3
14 5
11 3
19 9
13 18
14 13
13 19
21 8
19 10
15 22
15 24
30 32
31 33
30 33
13 13
14 24
21 7
14 22
17 11
17 6
15 28
17 10
29 2
18 6
16 28
32 8
33 8
18 33
19 32
18 34
20 32
18 31
18 30
21 30
22 15
33 34
28 11
23 9
21 31
22 16
26 27
28 10
21 27
21 23
23 10
30 3
23 32
25 22
27 27
23 19
21 28
21 22
25 4
31 12
26 22
22 32
23 20
31 3
25 18
35 13
25 5
31 11
24 14
25 17
36 13
27 16
24 13
27 17
28 32
37 15
35 5
26 19
27 35
28 33
29 18
36 15
27 19
35 24
35 4
28 18
28 35
30 36
35 25
29 15
29 36
29 14
36 6
33 24
34 29
33 25
34 14
32 31
34 18
37 6
33 29
33 18
32 30
34 15
35 19
35 17
35 20
38 25
35 16
37 25
37 22
37 23
39 38
38 38
35 36
34 36
35 8
14 35
25 1
7 6
12 37
12 33
12 35
12 31
36 11
23 3
21 5
4 13
21 3
28 8
36 9
35 27
5 2
19 7
28 6
35 10
30 10
19 35
21 12
5 4
19 5
21 10
10 35
26 8
12 22
22 6
30 8
10 33
29 9
27 25
9 9
26 6
29 7
12 20
38 4
3 24
8 37
30 6
19 3
3 37
8 35
8 33
6 3
29 5
29 31
29 32
27 32
27 31
26 31
26 30
10 31
27 23
37 8
37 12
8 31
32 2
32 17
22 38
8 15
12 12
38 5
39 5
39 4
37 18
23 7
4 5
3 5
3 4
2 4
2 3
1 3
1 2
23 12
38 2
39 2
34 7
34 5
36 5
36 7
33 27
11 32
13 32
4 11
36 2
36 3
37 3
37 4
3 30
32 28
21 20
12 10
10 10
31 5
32 5
32 4
33 4
33 3
34 3
34 2
27 1
27 0
26 0
29 29
23 5
29 27
7 12
8 12
8 13
16 23
15 23
24 30
24 31
23 31
23 33
27 9
34 21
29 25
10 20
37 27
13 34
32 15
27 7
19 37
18 37
18 36
17 36
17 35
16 35
16 34
15 34
15 33
14 33
37 20
17 24
29 38
29 39
30 39
6 27
21 37
30 28
38 31
38 30
4 3
9 32
6 33
15 6
21 33
37 10
3 2
38 14
38 16
11 36
31 25
9 36
29 0
11 19
14 20
25 7
14 7
33 1
33 0
34 0
1 24
0 24
5 30
31 29
3 12
22 11
9 28
0 26
1 26
6 9
7 9
7 10
8 10
5 12
24 6
13 36
4 31
8 17
8 18
7 18
6 17
38 32
6 15
13 11
29 23
6 13
26 38
27 38
27 39
6 11
38 7
39 7
5 26
4 9
1 19
15 31
14 31
14 30
13 30
13 28
37 1
37 0
36 0
24 16
25 29
17 29
11 9
17 31
17 33
19 31
19 33
6 29
4 27
31 14
11 23
10 23
10 22
9 22
9 21
8 21
8 20
7 20
8 29
38 19
39 19
2 6
20 11
34 9
10 29
9 34
31 35
32 35
28 28
33 20
3 26
7 36
27 29
7 30
39 34
38 35
25 12
17 3
1 15
24 11
31 7
32 7
18 19
17 19
17 20
16 20
16 21
15 21
20 6
27 14
32 21
10 18
6 31
19 20
39 31
39 30
5 10
22 36
36 32
36 31
35 31
35 30
34 30
34 28
6 5
19 26
20 26
20 27
19 24
20 24
20 23
22 23
22 27
15 1
15 0
14 0
20 36
27 3
26 3
28 13
36 21
36 22
35 22
36 38
36 39
37 39
7 34
16 9
2 25
2 23
31 27
3 28
39 9
38 9
39 0
36 28
36 29
37 29
37 30
38 13
39 13
39 14
38 17
39 17
39 16
15 25
16 25
16 26
17 26
17 27
18 27
18 28
19 28
19 29
20 29
20 30
3 32
25 35
25 36
24 36
24 37
23 37
28 37
31 9
32 9
32 10
33 10
33 11
34 11
34 12
35 12
30 35
30 30
8 1
9 1
8 0
9 0
31 18
2 9
2 8
3 8
3 7
4 7
18 4
7 32
10 26
10 25
9 25
21 35
1 13
31 20
0 28
1 28
34 23
34 24
11 11
22 30
22 29
23 29
23 28
24 28
24 27
9 3
8 3
7 28
8 8
8 7
9 7
24 21
25 21
25 20
26 20
15 39
15 38
31 16
15 11
15 12
16 12
6 1
6 0
15 18
14 17
4 33
5 32
15 36
11 34
31 0
31 1
0 1
5 28
38 28
39 28
26 18
30 37
31 37
31 38
32 38
32 39
39 35
31 32
31 31
33 31
33 32
34 32
30 13
30 12
29 12
29 11
22 25
35 33
37 14
37 16
23 1
23 0
24 0
28 30
3 20
3 21
2 21
36 19
34 19
34 17
36 17
28 3
28 2
27 36
27 34
26 34
26 33
25 33
1 30
0 30
20 16
20 17
21 17
21 18
22 18
22 19
27 5
27 4
26 4
36 34
36 35
35 35
35 37
0 22
1 22
2 36
13 38
13 39
1 17
0 17
0 16
4 1
4 0
24 18
24 19
19 18
38 11
39 11
20 4
38 34
1 20
0 20
0 19
1 37
0 37
22 21
30 17
29 17
29 19
30 19
2 27
23 17
39 23
39 24
38 24
38 26
39 26
24 4
35 14
30 2
30 4
4 38
4 39
5 39
33 14
33 13
32 13
32 12
25 23
24 23
28 22
31 34
32 34
23 35
27 12
27 11
26 11
26 10
25 10
25 9
24 9
24 8
37 37
37 36
38 36
39 33
10 27
11 25
19 1
19 0
28 20
33 16
5 34
32 24
32 23
31 23
31 22
30 22
30 21
29 21
2 31
39 21
38 21
38 22
34 38
34 39
12 0
11 0
11 1
30 15
28 15
28 16
24 39
23 39
16 30
14 12
15 10
14 10
14 9
13 9
13 8
12 8
12 7
11 7
26 16
26 15
25 15
25 14
17 0
17 1
23 14
23 15
6 7
0 4
0 8
0 6
2 11
36 24
39 39
39 37
34 34
0 32
1 32
1 33
2 33
2 34
3 34
3 35
4 35
4 36
5 36
5 37
6 37
6 38
7 38
7 39
17 38
11 5
11 39
11 38
9 38
9 39
21 15
21 14
20 14
20 13
19 13
19 12
18 12
18 11
18 16
18 17
17 17
32 36
2 18
2 19
26 2
15 17
26 13
9 5
8 5
2 1
2 0
1 0
19 39
18 39
14 14
15 14
15 15
16 15
24 25
25 25
25 26
26 26
26 28
29 34
3 10
11 30
18 25
9 14
9 30
20 21
9 26
12 27
12 18
12 17
11 17
11 16
23 22
5 20
5 21
6 21
6 22
7 22
7 23
8 23
8 24
9 24
9 16
21 1
21 0
14 18
7 26
7 25
6 25
6 24
5 24
5 23
4 23
33 22
19 22
36 26
7 14
2 38
2 39
5 14
15 29
15 27
14 27
14 26
13 26
13 25
16 11
22 9
22 8
17 22
18 14
17 14
17 13
16 13
10 12
10 13
11 13
11 14
12 14
12 15
13 15
13 16
14 16
15 19
18 23
13 23
1 35
0 35
0 34
1 5
27 21
16 7
17 7
17 8
18 8
18 9
1 12
0 12
0 13
34 26
20 19
4 29
2 16
3 16
3 17
4 17
4 19
1 10
0 10
22 13
18 21
21 39
13 21
28 26
20 8
20 9
24 34
6 35
15 8
32 19
30 26
30 24
28 24
2 13
2 14
3 14
11 21
26 24
2 29
32 26
17 5
16 5
16 4
15 4
15 3
14 3
14 2
23 26
10 8
20 34
22 34
0 39
22 4
12 2
12 4
13 4
13 6
5 16
7 16
4 25
22 2
24 2
20 2
10 4
18 2
16 2
