0 0
1 2
1 4
1 6
1 8
1 10
1 15
1 18
1 22
1 24
1 26
1 29
1 34
1 37
2 3
2 5
2 7
2 9
2 14
2 23
2 25
2 30
2 33
3 4
3 6
3 8
3 10
3 12
3 18
3 21
3 24
3 26
3 29
3 31
3 34
3 37
4 2
4 5
4 7
4 9
4 11
4 13
4 15
4 19
4 23
4 27
4 30
4 32
4 35
5 1
5 3
5 8
5 12
5 14
5 28
5 31
5 33
6 2
6 4
6 7
6 13
6 15
6 19
6 23
6 26
6 29
6 32
6 34
6 36
7 1
7 3
7 5
7 8
7 14
7 16
7 21
7 24
7 27
7 30
7 33
7 35
7 37
8 2
8 4
8 6
8 9
8 11
8 13
8 23
8 25
8 28
8 31
8 34
8 36
8 38
9 1
9 3
9 5
9 7
9 10
9 12
9 26
9 32
9 37
10 4
10 6
10 8
10 11
10 16
10 20
10 31
10 36
11 1
11 3
11 5
11 7
11 9
11 15
11 17
11 19
11 21
11 32
11 34
11 37
12 2
12 4
12 6
12 8
12 10
12 13
12 16
12 18
12 20
12 22
12 33
12 35
12 38
13 3
13 7
13 9
13 17
13 19
13 21
13 23
13 26
13 28
13 31
13 34
13 36
14 10
14 18
14 20
14 22
14 27
14 32
14 35
14 37
15 1
15 3
15 6
15 9
15 11
15 19
15 21
15 24
15 26
15 28
15 31
15 33
15 36
15 38
16 2
16 4
16 7
16 10
16 14
16 25
16 27
16 34
16 37
17 3
17 5
17 8
17 11
17 13
17 15
17 17
17 21
17 24
17 26
17 29
17 38
18 1
18 4
18 6
18 12
18 14
18 16
18 18
18 25
18 33
18 36
19 5
19 7
19 24
19 26
19 29
19 32
19 37
20 4
20 6
20 8
20 19
20 21
20 23
20 25
20 27
20 30
20 33
20 36
21 5
21 7
21 16
21 18
21 20
21 22
21 24
21 28
21 31
21 34
22 1
22 3
22 6
22 8
22 11
22 15
22 17
22 19
22 21
22 23
22 32
23 4
23 7
23 9
23 12
23 16
23 18
23 20
23 22
23 24
23 27
23 33
23 35
23 37
24 1
24 3
24 5
24 8
24 13
24 17
24 19
24 21
24 23
24 25
24 28
24 30
24 32
24 34
24 36
25 2
25 6
25 9
25 11
25 18
25 20
25 24
25 26
25 29
25 31
25 33
25 37
26 3
26 5
26 7
26 10
26 12
26 14
26 19
26 21
26 23
26 25
26 28
26 30
26 32
26 38
27 8
27 11
27 13
27 15
27 18
27 20
27 22
27 29
27 31
27 33
27 36
28 2
28 7
28 9
28 12
28 14
28 16
28 19
28 21
28 23
28 25
28 32
28 37
29 1
29 3
29 5
29 8
29 11
29 13
29 15
29 17
29 22
29 28
29 36
29 38
30 2
30 6
30 14
30 16
30 18
30 35
30 37
31 1
31 3
31 5
31 11
31 13
31 15
31 17
31 19
31 21
31 23
31 25
31 28
31 36
31 38
32 2
32 6
32 9
32 12
32 14
32 26
32 29
32 37
33 7
33 10
33 13
33 15
33 17
33 27
33 30
33 32
33 35
34 2
34 8
34 11
34 14
34 18
34 21
34 23
34 25
34 29
34 31
34 33
34 36
35 1
35 3
35 5
35 7
35 9
35 12
35 20
35 22
35 24
35 35
35 37
36 2
36 4
36 6
36 8
36 13
36 17
36 21
36 23
36 25
36 29
36 36
37 1
37 3
37 5
37 7
37 12
37 20
37 22
37 24
37 26
37 31
37 35
37 37
38 2
38 4
38 6
38 11
38 13
38 16
38 19
38 23
38 25
38 27
38 34
0 13
0 20
0 32
3 0
6 39
8 18
10 29
10 39
11 28
20 0
24 39
26 0
30 33
38 39
39 9
39 30
0 6
0 22
9 20
0 2
1 1
0 24
1 21
0 4
0 15
1 19
2 18
9 19
9 21
0 26
0 34
0 37
2 17
4 21
5 0
5 19
7 17
7 0
5 18
5 20
6 21
8 39
9 0
11 0
12 39
15 0
15 39
19 1
21 36
21 35
21 37
22 0
29 29
24 0
0 11
1 12
1 11
0 30
1 31
1 30
26 39
30 8
29 39
30 7
30 9
31 0
33 2
33 1
33 3
31 22
13 15
14 16
13 16
30 22
32 22
34 27
1 27
1 28
20 14
18 21
20 13
19 21
6 9
39 13
3 14
5 16
2 35
4 14
39 27
7 10
2 1
39 25
39 23
39 2
39 4
4 25
6 8
39 11
5 15
5 35
39 34
2 38
8 10
3 25
5 10
3 22
2 34
4 36
6 35
3 23
2 37
4 10
4 37
5 24
9 14
5 23
8 14
10 13
10 12
7 22
9 24
14 4
6 17
7 23
12 24
18 27
16 22
12 23
13 11
14 3
8 24
18 26
9 30
16 21
13 10
9 31
13 5
10 22
13 1
13 2
12 5
11 22
15 13
19 2
16 13
28 29
18 30
14 30
15 17
18 29
21 9
16 32
18 34
14 31
15 18
21 8
15 32
34 26
18 35
22 30
16 16
22 25
22 34
22 31
17 16
19 18
19 15
22 24
23 34
18 15
20 18
21 26
20 26
24 15
23 15
38 17
39 18
23 29
25 13
25 16
38 18
28 35
27 3
24 29
25 17
28 3
28 36
26 13
25 35
24 35
25 27
25 28
32 4
31 4
29 20
29 24
29 27
28 24
28 20
27 26
31 30
28 10
32 30
27 25
28 11
36 27
37 14
32 20
32 24
37 27
37 13
33 28
31 20
38 8
34 4
34 16
33 5
35 32
31 24
34 19
34 32
33 6
33 16
34 34
35 4
33 29
38 7
36 11
34 20
36 0
34 35
36 12
38 21
36 1
38 32
35 18
37 21
36 38
38 36
36 18
37 32
29 31
37 36
36 37
4 17
3 17
1 3
0 3
0 5
1 5
0 1
1 7
0 7
0 8
18 24
11 20
10 15
9 15
9 16
8 16
8 17
11 18
12 15
12 14
11 14
11 13
9 13
37 25
31 2
16 26
11 16
37 23
27 32
21 6
32 38
25 10
14 9
35 23
16 24
22 22
25 32
1 17
1 16
0 16
34 28
32 28
32 27
31 27
31 26
34 24
35 21
25 30
36 24
0 14
1 14
27 21
2 15
3 15
3 13
2 13
2 12
0 12
22 20
0 10
23 36
30 36
25 21
38 24
39 24
36 7
23 17
5 2
36 5
34 30
7 15
36 3
23 21
30 3
3 11
37 34
38 29
8 12
27 38
14 28
27 23
14 26
28 22
35 36
38 26
39 26
23 32
37 4
36 20
31 12
27 12
32 3
32 5
34 5
34 3
15 10
12 21
37 2
23 8
35 29
34 38
34 39
34 7
26 22
29 16
3 9
28 13
26 20
35 25
35 26
36 26
36 28
35 2
26 29
36 33
35 33
35 34
13 35
8 5
28 8
38 3
39 3
38 15
38 14
39 14
33 18
33 19
32 19
32 13
19 36
36 35
6 3
23 13
14 21
38 12
39 12
23 23
38 28
39 28
39 29
28 38
28 39
27 39
38 22
39 22
38 20
38 10
39 10
34 37
33 37
33 36
32 36
32 35
31 35
31 34
30 34
33 23
32 23
32 25
33 25
33 26
25 3
35 14
35 15
36 15
39 37
38 37
38 35
39 35
39 33
38 33
38 31
39 31
21 17
37 38
37 39
30 1
30 0
29 0
30 13
8 3
33 34
33 33
32 33
32 32
26 18
29 2
37 29
37 30
36 30
36 31
35 31
30 17
38 5
39 5
39 6
39 39
20 16
19 16
19 17
18 17
5 32
7 13
25 34
25 36
26 36
26 37
27 37
32 17
37 19
24 24
24 20
10 5
29 32
30 32
30 31
31 31
38 1
39 1
39 0
28 1
13 27
27 34
27 35
29 35
21 21
35 38
35 39
33 21
32 21
35 19
35 17
34 17
31 18
25 23
34 15
31 16
31 6
31 7
32 7
32 8
33 8
33 9
34 9
34 10
35 10
35 11
37 11
19 33
19 34
20 34
20 35
3 5
26 33
35 13
34 13
34 12
33 12
33 11
32 11
32 10
31 10
31 9
26 4
27 4
27 5
28 5
28 6
29 6
29 7
33 39
30 5
22 2
23 3
27 19
20 24
12 9
20 22
13 8
24 18
11 8
10 1
10 0
25 19
20 20
10 32
26 24
34 1
32 1
32 0
2 24
21 23
39 8
37 8
37 9
36 9
11 6
27 2
26 2
10 3
29 12
30 38
30 39
31 39
18 32
35 8
30 25
29 25
29 23
30 23
36 14
37 17
37 16
36 16
2 29
30 19
29 19
29 18
28 18
28 17
27 17
27 16
26 16
26 15
24 33
36 22
17 18
17 34
17 33
16 33
22 35
22 33
21 33
21 32
20 32
20 31
19 31
19 30
16 31
17 31
17 30
13 20
37 6
23 19
25 5
13 18
19 9
11 2
23 1
23 0
39 16
39 17
6 22
8 22
8 21
15 27
22 18
5 13
28 33
16 3
27 7
12 3
9 6
27 30
28 30
28 31
31 29
30 29
30 28
29 4
34 22
32 15
29 21
30 21
35 6
21 19
24 4
33 14
22 12
21 12
21 11
24 16
37 0
35 0
30 11
26 6
28 26
26 26
26 27
24 27
24 26
23 26
23 25
19 12
17 12
29 14
28 28
27 28
19 6
31 14
24 14
25 14
7 2
17 23
17 22
18 22
29 37
6 1
6 0
31 37
21 25
39 19
33 31
25 12
24 12
24 11
23 11
23 10
22 10
22 9
8 1
8 0
21 27
22 27
22 28
23 28
27 14
23 30
1 9
2 8
21 15
21 14
22 14
24 22
19 0
18 0
26 11
24 2
19 23
13 38
25 25
16 19
14 19
3 30
10 25
11 25
11 26
21 30
21 29
20 29
20 28
19 28
19 27
13 13
22 16
19 14
22 7
30 15
10 30
26 31
20 5
8 30
8 29
7 29
7 28
6 28
6 27
5 27
5 26
4 26
25 38
25 39
2 6
24 31
13 25
13 24
14 24
14 23
15 23
15 22
18 5
17 20
18 20
18 19
19 19
17 27
17 28
16 28
16 29
15 29
15 30
13 30
13 29
12 29
12 28
28 15
1 35
1 36
0 35
0 36
25 0
25 1
4 24
12 34
29 9
29 10
6 24
6 25
7 25
7 26
8 26
8 27
9 27
9 28
10 28
20 9
20 10
19 10
19 4
19 38
20 38
20 39
10 21
9 23
10 23
11 24
9 25
6 33
21 0
21 1
12 19
7 34
20 7
2 10
16 38
16 39
17 39
4 22
2 21
2 22
6 20
7 20
7 19
8 19
18 13
27 10
27 9
26 9
26 8
25 8
25 7
24 7
24 6
23 6
23 5
22 5
22 4
21 4
21 3
20 3
20 2
4 20
3 20
3 19
2 19
4 8
17 10
17 9
16 9
16 8
15 8
15 7
14 7
14 6
13 6
9 2
13 4
19 8
18 8
18 7
17 7
17 6
16 6
16 5
15 5
15 4
10 19
18 3
18 2
17 2
17 1
16 1
16 0
4 0
4 1
12 0
12 1
14 1
14 0
1 23
0 23
24 9
23 39
23 38
22 38
22 37
24 37
20 37
18 38
18 37
17 37
17 36
16 36
16 35
15 35
15 34
14 34
14 33
13 33
13 32
12 32
12 31
11 31
1 25
0 25
10 26
12 17
12 26
3 35
3 36
12 7
5 36
6 14
10 7
19 25
14 15
14 14
15 14
14 38
14 39
13 39
15 12
14 12
14 11
9 38
9 39
12 12
12 11
11 11
11 10
10 10
7 39
7 38
10 9
9 9
9 8
8 8
8 7
7 7
7 6
6 6
6 5
5 5
5 4
4 4
4 3
3 3
3 2
2 2
0 19
0 18
16 15
16 17
14 17
10 17
5 11
5 9
7 9
7 11
15 20
8 35
2 0
17 4
0 21
5 34
4 34
4 33
3 33
3 32
2 32
2 31
15 2
5 7
17 25
19 39
16 11
13 37
12 37
12 36
11 36
11 35
10 35
10 34
9 34
9 33
8 33
8 32
7 32
7 31
21 39
6 31
6 30
5 30
5 29
4 29
4 28
3 28
3 27
2 27
2 26
17 14
11 4
3 7
11 33
9 4
9 11
18 11
0 31
1 38
1 39
0 38
0 39
11 38
11 39
0 29
0 27
13 22
15 25
14 36
7 4
27 0
4 31
2 4
9 36
15 37
3 39
3 38
4 6
7 36
6 16
6 18
4 18
4 16
1 33
0 33
5 38
5 39
8 37
10 37
4 12
6 37
6 12
