0 0
1 1
1 7
1 9
1 15
1 17
1 20
1 22
1 24
1 26
1 28
1 30
1 32
1 34
1 37
2 8
2 10
2 16
2 18
2 21
2 23
2 27
2 33
2 35
3 9
3 12
3 15
3 20
3 22
3 28
3 34
3 36
4 4
4 13
4 21
4 23
4 27
4 29
5 1
5 3
5 6
5 22
5 24
5 28
5 30
5 37
6 2
6 7
6 9
6 12
6 14
6 16
6 19
6 21
6 29
6 36
6 38
7 1
7 3
7 13
7 15
7 20
7 22
7 27
7 30
8 11
8 14
8 16
8 19
8 21
8 23
8 28
8 33
9 12
9 15
9 17
9 24
9 30
9 32
9 34
10 3
10 5
10 8
10 11
10 13
10 18
10 25
10 27
10 31
10 33
10 35
10 38
11 2
11 7
11 9
11 12
11 26
11 28
11 30
11 32
11 34
11 36
12 1
12 8
12 10
12 13
12 15
12 17
12 19
12 21
12 23
12 29
12 31
34 35
12 35
12 37
13 2
13 7
13 9
13 11
13 16
13 18
13 20
13 30
13 32
13 34
13 36
13 38
14 3
14 6
14 10
14 12
14 15
14 17
14 19
14 21
14 23
14 28
14 33
14 35
14 37
15 7
15 9
15 11
15 16
15 18
15 20
15 22
15 27
15 29
15 34
15 36
16 4
16 10
16 12
16 14
16 17
16 19
16 21
16 23
16 26
16 28
16 33
16 35
16 37
17 3
17 11
17 15
17 18
17 20
17 22
17 24
17 27
17 32
17 38
18 2
18 9
18 16
18 19
18 21
18 23
18 26
18 31
19 1
19 3
19 7
19 10
19 14
19 18
19 20
19 22
19 30
19 35
19 37
20 6
20 11
20 15
20 19
20 21
20 23
20 26
20 31
20 34
20 36
21 3
21 5
21 7
21 12
21 20
21 22
21 27
21 30
21 32
21 37
22 4
22 6
22 8
22 11
22 13
22 15
22 21
22 23
22 28
22 31
22 33
22 36
22 38
23 5
23 12
23 14
23 16
23 18
23 20
23 22
23 24
23 29
23 34
23 37
24 1
24 3
24 11
24 13
24 15
24 23
24 25
24 38
25 2
25 10
25 12
25 14
25 16
25 26
25 29
25 35
25 37
26 1
26 3
26 9
26 11
26 13
26 17
26 20
26 27
26 30
26 36
26 38
27 2
27 4
27 6
27 10
27 21
27 23
27 25
27 29
27 31
28 1
28 3
28 9
28 11
28 14
28 19
28 22
28 26
28 30
28 35
29 2
29 4
29 6
29 10
29 15
29 18
29 20
29 27
29 29
30 1
30 3
30 7
30 9
30 11
30 21
30 26
30 28
30 30
31 2
31 4
31 6
31 8
31 10
31 12
31 22
31 25
31 29
31 32
32 3
32 5
32 7
32 11
32 13
32 20
32 23
32 37
33 10
33 14
33 21
33 24
33 29
33 38
34 20
34 25
34 30
34 32
34 37
35 2
35 11
35 13
35 16
35 18
35 21
35 24
35 31
35 36
35 38
36 1
36 3
36 6
36 8
36 12
36 17
36 20
36 22
36 29
36 32
36 35
37 2
37 4
37 7
37 21
37 23
37 25
37 27
37 30
37 33
37 36
37 38
38 1
38 3
38 6
38 9
38 11
38 18
38 20
38 22
38 24
38 29
38 31
38 37
0 11
2 39
3 0
3 1
3 38
4 18
4 39
10 0
10 21
14 25
17 0
17 7
20 39
22 0
24 8
25 6
28 38
28 39
30 35
30 37
30 39
31 16
33 17
34 0
38 14
38 15
39 13
39 26
0 17
0 7
0 9
0 24
3 4
0 26
37 14
0 22
2 12
4 15
4 14
4 16
4 26
5 0
7 4
7 0
10 19
12 26
10 39
12 0
13 39
17 39
19 0
20 16
22 39
23 31
24 5
2 1
24 39
24 0
25 34
27 38
29 38
24 34
26 34
33 39
26 39
27 32
27 33
3 6
4 5
26 32
28 32
4 6
28 36
30 18
8 35
9 36
27 36
29 36
8 8
9 8
9 35
31 33
30 32
14 1
15 2
14 2
32 29
35 39
32 28
32 30
5 26
35 10
14 24
3 3
34 10
36 10
36 0
8 4
17 35
18 35
39 1
10 15
38 17
39 3
3 30
11 15
39 24
3 29
39 22
39 20
38 12
38 0
39 11
39 31
39 18
16 7
3 18
8 2
3 37
3 32
12 5
4 35
1 13
23 8
7 2
12 4
2 31
3 33
31 15
7 17
33 18
3 35
1 14
32 33
30 31
5 13
15 32
7 16
1 31
6 13
15 38
2 19
15 33
15 37
2 20
5 8
19 16
10 23
9 22
33 34
7 37
8 22
6 31
23 30
6 8
10 24
33 35
24 4
8 29
14 31
6 37
6 30
7 24
8 30
13 31
7 23
9 28
30 17
10 6
34 27
35 26
10 28
25 23
34 26
19 5
10 7
11 18
26 23
20 5
19 32
12 18
19 28
20 8
19 31
19 29
20 7
19 12
21 18
20 12
37 17
21 19
17 13
16 13
19 24
37 12
18 4
19 23
18 3
17 25
17 26
18 17
22 26
26 7
22 27
27 7
23 35
18 18
38 32
39 33
38 33
23 36
8 34
22 17
24 19
24 21
26 15
3 27
3 26
2 26
23 21
23 19
23 17
27 16
25 15
27 27
27 17
28 27
28 24
27 24
35 8
34 22
26 28
33 5
33 7
29 12
34 21
29 25
33 31
32 25
26 29
33 12
29 11
34 7
31 27
34 5
29 26
34 31
32 12
33 25
2 7
3 7
3 8
30 27
36 24
6 3
6 4
5 4
5 5
3 5
37 5
37 24
32 36
37 6
35 19
33 37
35 20
39 38
38 38
37 28
37 29
30 33
15 26
14 26
14 27
15 35
31 35
29 3
29 5
15 21
15 19
29 1
27 3
29 7
15 17
27 5
24 37
36 36
35 6
13 35
27 1
13 37
13 33
21 21
21 36
21 23
19 9
19 8
18 8
18 7
11 35
21 8
21 15
21 16
22 16
22 18
20 18
12 36
35 37
20 37
20 35
11 31
38 21
39 21
12 2
20 30
10 26
22 37
15 10
34 24
15 12
38 19
39 19
12 34
38 10
39 10
39 9
7 14
38 23
39 23
39 17
13 19
35 32
35 35
11 33
13 17
11 29
37 3
33 23
33 22
32 22
32 21
31 21
31 20
30 20
30 19
29 19
35 25
36 25
36 23
35 23
35 22
39 12
29 28
13 21
36 21
25 13
19 21
31 3
34 36
22 5
22 12
18 30
30 4
22 32
23 32
23 33
24 33
38 25
39 25
31 7
36 2
31 5
13 15
29 9
36 7
20 3
25 36
27 30
31 9
13 10
19 19
28 4
31 38
32 14
32 15
33 15
33 16
34 16
27 9
23 15
19 36
10 12
25 17
36 38
36 39
37 39
26 21
24 35
22 35
22 34
21 34
21 33
20 33
20 32
18 32
13 8
23 13
23 23
30 15
35 12
9 33
21 1
38 36
38 35
37 35
37 34
36 34
36 33
30 8
13 6
13 5
14 5
14 4
15 4
15 3
16 3
8 1
9 1
8 0
9 0
28 18
37 22
18 38
17 2
28 15
28 16
29 16
29 17
6 20
16 27
24 12
2 11
3 11
3 10
4 10
4 9
5 9
5 7
34 38
34 39
22 24
22 7
23 7
23 6
24 6
21 13
8 3
9 3
29 30
29 31
28 31
17 31
21 31
1 2
32 38
32 39
31 39
30 6
37 37
26 12
25 3
25 4
26 4
25 9
25 8
26 8
26 6
10 34
29 35
29 34
28 34
28 33
11 5
11 6
9 6
9 5
8 5
39 39
39 37
11 38
28 2
6 1
6 0
20 10
14 36
31 17
26 16
26 14
27 14
27 13
28 13
28 12
30 12
30 13
31 13
28 0
31 11
8 38
18 22
37 20
6 15
24 16
9 31
14 34
30 2
31 37
20 22
25 38
25 39
23 9
22 9
22 10
23 38
23 39
28 6
6 22
29 37
20 1
20 0
21 0
17 21
25 20
24 20
17 19
20 14
5 29
11 8
27 39
16 34
17 34
17 33
27 11
29 39
31 31
31 30
14 7
33 30
33 32
32 32
32 34
34 33
34 34
1 8
0 8
18 27
18 28
17 28
24 14
26 37
27 37
30 22
29 22
29 21
28 21
28 20
27 20
27 19
26 19
26 18
19 38
19 39
18 39
25 1
25 0
26 0
16 22
17 23
21 2
22 2
22 3
23 3
23 4
25 11
27 35
26 35
8 20
23 28
1 33
22 14
5 2
11 21
9 21
9 23
11 23
26 33
9 25
8 15
18 0
18 1
29 14
11 13
27 22
22 22
34 29
35 29
35 30
36 30
36 31
37 31
37 32
16 36
17 36
17 37
18 37
1 3
2 3
2 2
24 29
24 30
25 30
25 31
26 31
39 32
39 34
37 26
10 2
28 23
28 25
30 25
19 2
28 8
12 30
2 0
1 0
20 27
20 28
21 28
21 29
22 29
22 30
21 38
21 39
12 38
12 39
11 39
23 11
32 10
15 6
16 6
16 5
17 5
17 4
19 4
26 2
19 6
33 20
15 8
16 8
16 9
17 9
17 10
18 10
18 11
19 11
5 19
5 18
6 18
6 17
14 22
8 17
8 18
9 18
9 19
24 2
4 0
4 1
8 39
9 39
9 38
19 13
13 23
13 24
12 24
12 25
11 25
0 38
0 1
0 2
4 3
7 21
30 10
35 27
36 27
36 28
38 28
38 27
39 27
23 1
23 0
9 16
10 16
10 17
11 17
11 19
39 14
39 15
11 37
10 37
10 36
31 23
31 24
32 24
32 26
31 26
31 28
23 25
23 26
24 26
24 27
25 27
25 28
15 30
14 30
14 29
13 29
13 28
12 28
12 27
11 27
21 6
33 28
33 27
28 10
27 28
8 36
7 36
7 38
24 24
25 24
25 25
26 25
26 26
27 26
38 30
39 30
39 29
3 23
4 31
5 32
5 34
6 34
6 33
15 23
15 24
16 24
16 25
18 25
18 24
0 4
14 32
10 9
10 10
11 10
11 11
12 11
12 12
13 12
13 13
14 13
14 14
15 14
15 15
16 15
16 16
17 16
17 17
16 32
19 17
21 11
20 24
20 25
21 25
21 26
19 15
18 15
18 14
17 14
17 12
16 29
24 22
25 22
5 38
5 39
6 39
26 10
14 9
10 4
5 36
4 36
4 37
1 29
24 18
7 9
8 9
8 10
10 14
9 14
9 13
8 13
8 12
7 12
7 11
6 11
6 10
14 39
14 38
16 38
16 39
24 10
35 17
2 15
36 16
37 16
37 15
0 10
1 10
15 1
16 1
16 0
0 32
12 7
2 13
3 13
3 14
21 4
0 6
1 6
1 5
14 16
19 34
13 3
32 6
33 6
22 20
5 23
11 0
11 1
12 16
10 30
16 11
13 0
13 1
4 32
11 3
12 22
5 21
0 12
0 13
19 26
20 20
8 24
6 24
5 14
5 12
4 12
1 16
0 16
0 15
2 17
3 17
3 16
14 11
4 22
3 39
30 29
7 31
2 9
1 38
1 39
0 39
12 9
18 20
5 31
2 22
16 20
39 6
39 7
38 7
38 8
37 8
37 9
36 9
12 14
2 30
2 32
2 37
2 36
1 36
1 35
0 35
0 34
36 11
37 11
36 13
37 13
6 35
4 34
4 30
16 18
8 7
7 7
7 6
6 6
5 33
28 29
14 20
7 33
32 18
32 19
34 18
34 19
36 19
36 18
37 18
9 11
7 19
0 37
2 24
15 28
12 32
2 34
38 2
39 2
3 21
14 18
12 20
7 26
8 26
8 27
9 27
9 29
7 29
7 28
6 28
6 27
5 27
5 25
32 8
33 8
33 9
34 9
34 3
33 3
33 2
1 21
0 21
0 20
0 30
0 18
1 18
1 19
3 19
5 16
1 25
0 25
1 27
0 27
0 28
4 20
35 15
35 14
34 14
34 13
33 13
33 11
34 11
4 24
37 1
37 0
39 0
1 23
0 23
10 32
33 4
32 4
35 3
35 4
36 4
36 5
38 5
38 4
39 4
8 32
4 28
34 2
30 0
31 0
31 1
32 1
32 2
35 0
35 1
2 28
33 0
