0 0
1 6
1 9
1 14
1 16
1 20
1 22
1 28
1 30
1 32
1 34
1 36
2 1
2 11
2 13
2 15
2 27
2 29
2 31
2 33
2 37
3 2
3 4
3 12
3 14
3 26
3 28
3 30
3 32
3 34
3 36
3 38
4 1
4 3
4 5
4 8
4 11
4 13
4 25
4 27
4 35
4 37
5 2
5 4
5 6
5 9
5 12
5 14
5 18
5 20
5 26
5 28
5 30
5 32
5 34
5 38
6 3
6 5
6 7
6 13
6 15
6 17
6 19
6 21
6 23
6 25
6 29
6 31
6 33
6 35
6 37
7 1
7 4
7 8
7 11
7 14
7 16
7 18
7 20
7 22
7 24
7 30
7 36
7 38
8 3
8 5
8 7
8 9
8 12
8 15
8 17
8 19
8 23
8 25
8 28
8 35
8 37
9 4
9 6
9 11
9 13
9 16
9 18
9 20
9 22
9 24
9 26
9 29
9 36
9 38
10 1
10 3
10 5
10 14
10 17
10 21
10 23
10 27
10 30
10 32
10 35
11 2
11 4
11 6
11 11
11 13
11 15
11 22
11 24
11 26
11 28
11 33
11 36
11 38
12 1
12 3
12 5
12 10
12 12
12 14
12 16
12 18
12 23
12 32
12 34
12 37
13 4
13 6
13 9
13 11
13 13
13 15
13 17
13 19
13 22
13 30
13 33
13 35
13 38
14 5
14 7
14 10
14 12
14 14
14 16
14 18
14 20
14 29
14 31
14 37
15 3
15 6
15 8
15 11
15 13
15 15
15 17
15 19
15 21
15 24
15 26
15 30
15 32
15 38
16 4
16 7
16 10
16 12
16 16
16 22
16 27
16 29
16 31
16 37
17 2
17 19
17 21
17 26
17 28
17 30
17 32
17 36
17 38
18 1
18 3
18 7
18 13
18 15
18 20
18 27
18 29
18 31
18 33
18 35
18 37
19 2
19 8
19 10
19 12
19 14
19 19
19 21
19 26
19 28
19 30
19 32
19 36
19 38
20 1
20 7
20 9
20 11
20 13
20 20
20 22
20 27
20 29
20 31
20 37
21 2
21 8
21 10
21 12
21 16
21 21
21 23
21 25
21 28
21 30
21 32
21 35
22 1
22 3
22 9
22 17
22 19
22 22
22 24
22 31
23 2
23 4
23 7
23 10
23 12
23 16
23 18
23 20
23 30
23 35
24 3
24 6
24 8
24 11
24 13
24 15
24 17
24 19
24 21
24 28
24 31
25 7
25 9
25 12
25 14
25 18
25 27
25 32
25 38
26 2
26 4
26 6
26 8
26 23
26 26
26 28
26 30
26 33
26 36
27 3
27 9
27 15
27 17
27 21
27 27
27 29
27 34
28 1
28 10
28 14
28 22
28 32
28 35
28 38
29 2
29 4
29 8
29 15
29 17
29 20
29 23
29 25
29 31
29 33
29 36
30 3
30 5
30 7
30 9
30 11
30 13
30 16
30 18
30 21
30 29
30 32
30 37
31 1
31 4
31 10
31 12
31 14
31 17
31 19
31 22
31 25
31 30
31 33
31 36
32 2
32 7
32 9
32 11
32 13
32 15
32 18
32 21
32 23
32 27
32 29
32 31
32 34
32 37
33 1
33 3
33 8
33 10
33 12
33 14
33 16
33 28
33 33
33 35
33 38
34 4
34 7
34 9
34 11
34 13
34 24
34 27
34 29
35 5
35 8
35 10
35 12
35 18
35 20
35 23
35 25
35 28
35 33
35 36
36 1
36 6
36 9
36 11
36 13
36 19
36 21
36 24
36 27
37 2
37 5
37 7
37 10
37 14
37 16
37 18
37 20
37 37
38 1
38 3
38 6
38 8
38 15
38 17
38 19
38 21
38 27
38 30
38 33
38 38
1 23
1 24
0 3
0 25
3 17
11 8
13 26
14 1
16 0
18 24
22 37
24 24
25 0
27 12
31 39
36 39
39 12
39 24
0 20
1 21
2 0
2 20
1 19
0 6
0 32
0 9
0 14
0 22
27 18
2 23
37 36
36 0
0 34
0 30
1 1
39 38
3 39
4 0
5 39
36 3
36 2
7 39
9 9
10 0
9 39
12 0
23 38
24 39
24 38
11 39
13 1
15 1
26 38
27 38
13 39
15 39
15 33
17 39
27 16
18 0
17 7
18 16
18 34
17 6
17 8
20 0
17 34
19 34
19 39
21 37
22 0
34 21
34 20
32 25
3 18
33 0
11 7
9 33
9 32
33 39
39 33
3 9
38 10
39 10
3 8
1 26
1 27
38 9
38 11
38 0
39 1
39 15
39 3
39 6
39 17
39 19
39 8
39 21
3 24
3 25
6 27
3 6
5 27
3 5
7 32
39 30
6 32
7 26
38 39
13 36
5 22
5 16
7 25
12 26
19 24
1 2
8 10
7 2
28 12
13 37
6 16
13 28
6 22
36 33
37 34
7 3
14 33
8 11
37 33
26 18
13 29
38 36
10 19
8 30
9 19
9 30
11 20
11 21
11 17
12 17
14 35
15 35
17 16
18 9
14 27
19 9
15 27
16 14
15 14
17 11
2 16
3 16
3 15
25 34
16 11
15 9
25 33
15 10
32 24
18 22
21 14
18 18
18 21
18 19
20 14
22 33
22 15
22 32
23 5
29 34
22 16
23 23
25 3
23 6
25 10
26 14
29 35
27 7
22 23
26 3
29 27
25 16
27 5
25 11
26 7
27 14
24 16
27 25
29 26
26 5
28 28
28 3
24 26
27 26
27 28
29 3
29 10
24 27
30 10
34 2
33 2
35 14
32 32
37 12
35 13
32 33
36 12
31 20
31 21
33 22
36 15
33 36
32 22
37 15
33 37
34 15
12 9
11 9
11 10
33 15
33 18
35 16
35 30
34 18
35 29
37 25
35 17
37 24
35 26
35 27
37 28
37 27
14 24
16 32
16 33
17 33
17 35
12 4
15 37
22 2
8 36
1 0
3 1
3 0
17 37
5 37
34 33
10 4
36 10
16 36
10 2
17 31
29 32
20 2
35 11
22 35
15 31
17 29
11 37
35 9
19 37
10 11
36 5
19 15
19 16
20 16
20 17
21 17
19 13
37 19
15 29
4 32
4 34
4 36
30 36
23 31
37 17
18 36
11 32
19 11
37 21
19 31
6 4
6 36
15 25
25 28
28 0
7 37
31 37
29 24
17 27
23 11
37 6
9 37
19 29
4 12
31 29
38 4
23 13
3 37
18 32
30 25
23 3
6 6
24 1
4 14
34 12
4 4
34 10
34 8
4 2
3 22
2 22
2 21
2 36
32 14
3 27
34 14
36 14
34 16
36 16
32 12
29 7
18 2
15 20
38 5
39 5
39 4
11 14
19 7
18 28
32 10
19 27
21 1
21 0
5 29
33 13
6 34
38 31
37 3
37 4
31 13
33 11
9 35
20 28
31 11
28 15
32 8
33 9
23 1
23 0
24 0
32 30
17 20
19 1
19 0
22 12
10 36
14 38
14 39
4 24
2 24
20 32
18 26
1 39
35 19
5 31
24 2
25 2
25 4
24 4
24 5
37 9
37 8
36 8
36 7
35 7
35 6
34 6
22 5
22 4
21 4
21 3
34 5
33 5
33 4
32 4
32 3
31 3
31 2
30 2
30 1
29 1
35 38
5 25
15 18
16 38
16 39
21 9
8 0
16 28
38 7
39 7
19 20
36 31
2 12
31 9
2 32
20 38
20 39
21 38
21 39
33 7
6 24
39 28
3 33
31 7
25 8
3 31
38 18
39 18
7 19
5 0
5 1
6 1
6 2
1 7
11 5
20 12
3 29
30 17
11 3
38 13
35 24
17 0
17 1
38 2
39 2
30 12
38 32
39 32
39 31
8 38
8 39
38 20
39 20
7 35
30 4
1 37
1 38
2 38
2 39
12 38
12 39
24 12
10 31
10 38
10 39
6 38
6 39
6 14
9 5
16 26
39 9
4 38
4 39
8 2
8 1
9 1
9 0
9 21
33 34
21 31
8 6
33 29
13 18
24 7
18 38
18 39
26 29
3 11
24 14
8 4
3 13
27 30
24 20
36 20
2 14
12 11
2 34
25 6
34 1
35 1
34 0
35 0
8 24
36 28
14 11
13 34
14 34
38 16
39 16
34 38
34 39
35 39
14 36
10 24
11 1
11 0
14 6
9 25
13 14
15 7
0 39
32 1
32 0
31 0
5 19
23 17
23 19
11 12
38 22
38 23
39 22
39 23
28 6
27 6
24 35
24 34
23 34
23 33
24 32
37 31
37 30
36 30
21 11
9 3
15 12
4 28
7 0
12 13
26 9
26 10
27 10
25 13
26 13
26 12
30 28
30 27
31 27
31 26
32 26
28 17
28 18
29 18
29 19
30 19
30 20
14 17
38 28
38 29
39 29
4 18
2 18
2 19
35 37
36 37
36 36
20 8
34 23
33 23
33 24
14 13
12 33
29 39
1 10
35 4
35 3
34 3
7 5
1 8
0 8
0 7
8 34
8 33
7 33
21 33
21 34
18 14
32 20
32 19
33 19
36 18
21 36
20 36
20 35
19 35
36 32
35 32
38 14
39 14
39 13
32 39
32 38
1 4
5 35
10 13
21 22
13 12
29 16
18 5
18 4
19 4
12 15
1 17
13 5
28 27
33 17
32 17
32 16
31 16
31 15
30 15
30 14
29 14
29 13
28 13
39 27
7 31
8 31
3 3
28 29
29 29
29 30
30 30
30 31
31 31
31 32
14 15
20 23
19 23
19 22
17 22
8 29
7 29
7 28
6 28
19 33
39 0
10 6
10 7
9 7
9 8
8 8
33 32
33 31
34 31
34 30
23 37
23 36
34 28
2 7
2 6
12 36
12 35
11 35
11 34
10 34
10 33
14 32
13 32
13 31
12 31
12 30
11 30
11 29
10 29
10 28
9 28
9 27
8 27
8 26
6 26
7 21
30 8
12 19
12 20
13 20
13 21
14 21
14 22
15 22
15 23
16 23
16 24
17 24
17 25
3 35
37 13
37 11
32 28
4 6
4 7
5 7
5 8
6 8
6 9
7 9
7 10
27 4
28 4
1 15
0 15
0 16
30 6
25 39
26 39
21 29
9 10
5 33
23 26
25 26
21 13
21 15
23 15
37 0
37 1
7 7
28 2
27 2
27 1
26 1
26 0
26 34
26 35
27 35
27 36
28 36
12 2
13 2
13 3
14 3
14 4
15 4
15 5
16 5
16 6
28 37
29 37
29 38
30 38
30 39
28 11
29 11
29 9
28 9
28 8
27 8
1 29
0 29
0 28
1 35
0 35
0 36
25 15
26 15
25 17
26 17
26 19
25 19
39 11
36 23
36 22
35 22
35 21
19 5
20 5
20 6
21 6
21 7
22 7
22 8
23 8
23 9
24 9
24 10
13 0
11 25
12 25
12 24
18 6
17 4
17 3
16 3
16 2
15 2
19 25
20 25
20 26
21 26
21 27
22 27
22 28
23 28
23 29
24 29
24 30
25 30
25 31
26 31
26 32
27 32
27 33
28 33
28 34
2 28
22 30
7 15
27 20
28 20
28 21
29 21
29 22
30 22
30 23
31 23
31 24
5 3
12 6
12 7
13 7
13 8
14 8
14 9
33 21
19 3
15 0
16 30
31 18
9 12
26 37
25 37
25 36
16 9
16 8
20 30
16 17
17 17
17 18
18 12
17 12
17 13
16 13
12 22
10 20
5 13
25 23
25 24
26 24
26 25
28 25
23 39
19 18
18 30
9 17
11 27
12 27
12 28
38 26
38 25
39 25
38 35
39 35
38 34
39 34
30 33
30 34
31 34
31 35
32 35
32 36
10 18
11 18
7 17
32 6
8 22
24 22
23 22
23 21
22 21
22 20
21 20
21 19
20 19
14 30
0 23
0 24
10 22
22 25
13 16
15 16
1 11
0 11
0 10
34 36
34 35
35 35
35 34
36 34
23 24
39 37
38 37
8 16
6 30
11 16
10 16
10 15
9 15
9 14
8 14
8 13
7 13
7 12
6 12
6 11
5 11
5 10
4 10
4 9
1 33
0 33
1 13
0 13
20 21
1 31
0 31
28 39
8 18
22 10
18 8
1 5
0 5
0 4
18 10
17 10
16 15
17 15
10 26
16 21
14 28
14 26
20 10
33 27
13 23
0 18
0 19
2 30
25 21
26 21
26 22
27 22
27 23
28 23
2 9
2 10
6 18
0 21
4 30
26 27
24 18
37 38
37 39
39 39
2 4
22 18
21 24
36 25
36 26
34 26
34 25
8 20
4 26
13 10
6 20
31 5
4 20
5 5
29 5
5 17
5 15
5 23
5 21
7 23
11 23
9 23
16 19
28 31
14 19
2 2
0 2
2 26
0 26
