0 0
1 1
1 5
1 13
1 21
1 23
1 25
1 27
1 30
1 32
1 34
1 37
2 2
2 7
2 12
2 17
2 20
2 22
2 24
2 33
3 1
3 3
3 8
3 16
3 18
3 21
3 30
4 4
4 13
4 19
4 25
4 36
5 1
5 3
5 5
5 8
5 10
5 14
5 20
5 22
5 24
5 26
6 2
6 4
6 9
6 11
6 13
6 18
6 21
6 25
6 28
6 31
6 33
6 37
7 1
7 3
7 5
7 10
7 14
7 20
7 34
8 2
8 4
8 6
8 9
8 21
8 25
8 29
8 38
9 1
9 3
9 5
9 7
9 10
9 13
9 20
9 26
9 30
9 33
9 35
10 2
10 8
10 14
10 25
10 27
10 29
10 34
10 36
10 38
11 1
11 19
11 26
11 28
11 33
12 5
12 7
12 11
12 23
12 25
13 4
13 6
13 8
13 16
13 20
13 22
13 30
13 33
13 36
14 2
14 9
14 11
14 26
14 34
15 1
15 6
15 10
15 12
15 19
15 27
15 35
15 37
16 2
16 5
16 11
16 20
16 22
16 24
16 26
16 28
16 34
16 36
16 38
17 4
17 6
17 10
17 12
17 15
17 18
17 23
17 27
17 29
17 37
18 1
18 7
18 13
18 19
18 22
18 30
18 38
19 2
19 12
19 14
19 17
19 23
20 7
20 9
20 11
20 13
20 18
20 20
21 5
21 8
21 12
21 26
21 31
22 13
22 21
22 36
23 6
23 8
23 14
23 16
23 37
24 1
24 5
24 7
24 9
24 13
24 17
24 20
24 23
24 38
25 6
25 8
25 10
25 24
25 34
25 37
26 1
26 7
26 9
26 16
26 19
26 21
26 23
26 38
27 2
27 5
27 8
27 10
27 13
27 15
27 17
27 20
27 22
27 24
27 29
27 32
27 35
27 37
28 6
28 11
28 16
28 18
28 21
28 25
28 30
28 38
29 4
29 17
29 19
29 22
29 31
30 3
30 7
30 23
30 25
30 32
31 2
31 9
31 14
31 17
31 20
31 24
31 26
31 30
31 36
32 15
32 25
32 27
32 37
33 6
33 11
33 14
33 18
33 20
33 35
34 2
34 5
34 10
34 12
34 19
34 21
34 25
34 31
34 33
34 36
34 38
35 1
35 3
35 6
35 9
35 13
35 17
35 20
35 24
35 26
35 29
35 32
35 37
36 4
36 7
36 10
36 12
36 21
36 30
36 36
37 3
37 8
37 11
37 16
37 31
37 35
37 37
38 2
38 4
38 7
38 9
38 15
38 22
38 32
38 34
38 36
0 10
3 39
4 38
5 39
8 17
8 18
8 23
10 17
13 0
14 39
15 16
19 32
19 35
20 28
20 37
20 39
21 0
21 2
22 28
22 33
23 3
23 32
24 27
25 26
28 27
29 0
29 35
30 38
32 33
38 39
39 24
39 27
39 29
39 38
22 35
0 23
32 6
0 30
0 21
5 28
25 1
1 26
0 25
22 3
24 3
0 27
0 32
1 38
25 0
25 2
0 37
3 0
1 7
2 26
4 30
2 11
31 35
2 38
4 29
4 31
4 37
3 36
5 33
5 0
5 27
3 35
7 18
9 18
6 32
6 36
12 1
10 39
14 30
14 29
14 31
12 33
13 19
13 15
12 32
12 34
12 15
14 15
15 0
19 38
26 29
22 1
23 0
23 1
22 20
21 36
16 39
32 38
18 39
19 24
21 18
20 19
20 5
21 4
19 19
38 21
28 13
25 25
21 16
22 16
28 8
1 6
27 28
28 39
31 32
30 33
30 14
31 1
30 1
32 1
0 15
1 14
33 17
1 15
1 9
2 8
1 8
19 28
23 28
32 12
39 32
39 7
39 4
32 11
39 9
39 22
17 33
18 34
39 36
39 34
18 32
17 34
24 33
11 17
24 34
19 0
20 1
19 1
29 38
32 7
11 10
11 11
3 11
27 0
28 1
0 2
27 1
1 2
5 34
7 32
3 24
4 24
4 21
3 32
5 16
5 21
6 23
2 32
12 2
5 6
7 36
5 15
6 29
5 7
5 23
7 22
12 19
8 27
6 30
18 36
9 27
11 3
26 30
21 20
14 36
10 6
8 34
7 21
12 9
11 35
17 36
7 26
8 14
6 19
15 36
25 13
37 13
28 12
38 12
10 3
28 7
37 12
9 24
10 35
12 27
9 34
31 31
30 15
9 6
13 9
32 17
14 23
8 31
9 14
26 13
7 25
15 8
6 20
16 9
18 20
11 22
8 30
13 23
11 27
16 7
16 3
9 25
14 3
17 8
34 7
14 8
16 10
15 21
17 25
16 13
18 21
12 22
16 6
16 4
14 4
18 8
34 6
22 9
16 25
17 2
16 12
16 21
22 5
21 6
23 10
22 8
24 21
25 20
21 10
21 7
23 5
18 2
26 11
24 10
24 22
24 15
18 26
26 20
20 10
22 25
26 10
23 15
22 26
36 38
32 21
28 36
29 20
33 24
24 36
32 20
36 37
29 11
24 37
27 36
29 21
33 37
33 25
30 11
31 22
34 37
30 22
33 28
32 28
36 32
37 32
36 24
34 27
37 5
34 26
37 24
37 4
38 0
38 1
16 33
32 3
33 2
32 2
18 29
19 29
19 30
13 11
22 22
21 28
21 27
19 9
34 1
36 1
12 30
36 35
1 12
1 11
0 11
32 0
33 0
5 31
5 32
3 31
3 33
21 30
22 31
23 31
26 8
27 21
24 8
27 16
35 36
32 5
33 5
2 30
27 23
34 20
25 23
20 31
20 32
21 32
21 33
24 6
23 33
25 33
25 32
26 32
4 10
3 10
3 9
2 9
31 29
10 1
4 12
3 12
3 13
2 13
2 14
15 34
10 37
18 10
3 2
3 4
4 8
19 7
37 7
18 6
0 9
29 25
23 24
25 9
37 15
16 15
16 16
17 16
17 17
18 17
18 18
19 18
29 18
32 26
14 10
12 0
11 0
34 9
30 26
31 25
13 21
18 4
23 20
23 21
25 21
25 19
24 19
24 18
23 18
23 17
19 20
17 20
17 19
16 19
16 18
15 18
34 17
34 18
35 18
35 19
36 19
36 20
35 10
35 21
38 35
39 35
13 7
16 27
35 12
38 30
14 6
14 33
28 33
24 12
25 12
25 11
27 11
27 12
24 24
24 25
23 25
18 27
19 27
19 26
20 26
29 16
29 15
28 15
28 14
27 14
1 28
19 11
23 11
23 9
21 9
21 11
20 17
21 17
16 23
29 5
30 5
29 23
34 11
27 9
28 9
28 10
29 10
29 12
34 22
33 22
33 21
31 21
31 23
32 23
32 24
34 24
7 9
25 30
5 36
5 37
21 15
23 23
10 33
23 38
25 38
6 3
31 15
31 16
32 16
23 27
23 29
24 29
25 14
24 14
24 16
25 16
25 17
26 17
26 18
27 18
27 19
28 19
28 20
32 18
31 18
31 19
30 19
30 20
23 13
13 5
17 28
18 12
29 3
3 37
2 37
34 39
34 32
28 22
28 24
21 25
21 24
20 24
20 23
20 8
25 27
26 27
26 28
27 30
27 31
28 31
28 32
29 32
29 33
31 37
31 38
33 38
33 36
32 36
32 35
38 5
38 6
39 5
39 6
25 7
7 4
19 3
19 22
15 9
17 9
15 7
17 7
32 30
32 31
33 31
21 19
21 21
20 21
30 35
30 36
33 19
28 5
28 4
27 4
27 3
26 3
26 2
35 2
11 25
22 14
22 12
3 28
3 27
36 6
36 5
35 5
35 4
34 4
34 3
33 3
29 7
29 6
30 6
23 7
20 12
10 15
4 18
5 18
5 19
7 19
38 10
26 22
24 2
26 15
31 33
39 33
38 33
12 6
14 12
27 7
27 6
26 6
26 5
25 5
25 4
24 4
30 24
15 11
38 31
39 31
39 30
26 24
26 25
27 25
27 26
28 26
30 17
33 10
7 17
6 17
6 16
4 16
18 23
18 24
17 24
17 26
31 27
5 4
27 38
27 39
26 39
5 13
30 13
31 13
31 12
35 33
36 33
8 3
17 38
17 39
21 13
36 31
35 31
35 30
34 30
34 29
33 29
28 17
2 39
1 29
0 29
0 28
33 27
31 3
31 4
30 4
27 33
27 34
26 34
26 35
25 35
25 36
23 36
23 35
3 29
35 27
35 28
36 28
36 29
37 29
37 30
7 11
9 4
39 37
38 37
36 3
2 23
3 23
3 22
4 22
32 14
15 2
15 3
15 24
14 24
14 25
13 25
13 26
12 26
6 12
28 28
28 29
29 29
29 30
30 30
30 31
19 13
2 21
35 0
5 29
7 29
7 28
8 28
8 26
6 26
6 27
8 1
11 29
22 37
21 37
21 35
20 35
20 34
14 27
16 35
21 39
22 39
35 25
36 25
36 26
38 8
39 8
17 11
38 3
39 3
39 2
14 19
14 20
15 20
15 22
14 22
11 31
11 32
13 32
13 31
15 31
17 22
15 28
15 29
16 29
16 30
17 30
38 16
4 39
18 33
15 5
34 35
34 34
33 34
33 33
12 28
13 28
13 29
20 14
2 27
2 28
28 35
28 37
29 37
29 39
38 13
38 14
39 14
39 15
14 16
14 17
13 17
10 20
10 21
8 10
24 0
22 0
22 2
2 25
3 25
6 1
6 0
7 0
13 13
30 28
4 20
3 20
3 19
2 19
2 18
1 18
1 17
18 31
9 38
9 39
8 39
12 12
38 11
39 11
39 10
35 15
35 14
34 14
19 39
39 18
30 9
30 8
31 8
31 7
4 26
4 27
39 20
5 9
35 23
36 23
36 22
37 22
37 21
18 35
18 37
19 37
20 4
20 6
22 4
22 6
31 10
26 0
28 0
28 2
12 4
11 4
11 5
10 5
19 16
19 15
18 15
18 14
17 14
17 13
15 13
15 14
14 14
5 11
17 5
3 17
6 14
33 7
33 8
12 37
12 38
13 38
2 5
2 6
0 6
0 5
6 5
6 6
7 6
7 13
7 15
8 13
8 15
5 25
35 7
35 8
36 8
36 9
37 9
37 10
9 29
15 38
15 39
24 39
10 19
9 19
8 37
7 37
7 38
6 38
6 39
12 20
11 20
11 21
12 24
39 21
38 23
39 23
0 38
0 39
8 22
6 22
6 24
33 15
34 15
4 3
13 3
13 2
36 13
36 14
9 17
8 7
8 8
9 8
9 9
10 9
10 10
33 12
33 13
34 13
1 4
8 24
10 24
10 23
11 23
12 18
11 18
9 36
2 34
2 35
1 35
1 36
0 36
10 7
11 7
11 8
12 8
12 10
11 16
12 16
0 26
6 8
11 2
14 0
14 1
37 2
26 37
38 25
38 26
39 25
39 26
35 16
36 16
4 0
4 1
36 17
37 17
37 18
38 18
38 19
39 19
36 11
17 3
17 1
16 1
16 0
2 1
2 0
1 0
12 14
11 14
11 13
10 13
10 12
9 12
9 11
14 37
13 37
37 36
9 32
9 31
7 31
7 33
8 33
8 35
7 35
11 39
11 38
12 36
11 36
14 35
13 35
13 34
11 34
0 3
0 1
13 39
9 21
15 26
3 15
4 35
4 34
6 34
4 14
6 10
2 3
8 20
20 2
20 0
18 0
16 37
4 5
4 6
8 5
9 0
1 33
0 33
0 34
39 17
2 16
3 7
10 26
39 28
37 34
30 0
30 2
0 24
1 24
10 28
0 14
0 13
10 30
7 2
9 2
1 20
0 20
0 19
5 2
1 31
0 31
1 22
0 22
32 9
39 39
0 16
35 38
37 38
37 39
37 0
39 0
