0 0
1 10
1 12
1 20
1 22
1 24
1 26
1 38
2 5
2 19
2 21
2 23
2 25
2 30
3 1
3 4
3 6
3 14
3 20
3 24
3 26
3 28
3 31
3 34
4 5
4 13
4 19
4 25
4 27
4 29
4 35
5 2
5 6
5 15
5 20
5 23
5 28
5 31
5 36
6 3
6 5
6 7
6 9
6 21
6 34
7 6
7 8
7 10
7 12
7 23
7 27
7 31
7 33
7 38
8 2
8 5
8 7
8 11
8 18
8 20
8 28
8 32
9 6
9 10
9 21
9 23
9 31
10 1
10 11
10 24
10 32
10 38
11 12
11 15
11 18
11 21
11 34
11 36
12 3
12 10
12 17
12 19
12 29
13 2
13 4
13 11
13 18
13 30
14 17
14 29
14 36
15 4
15 7
15 15
15 23
16 6
16 8
16 16
16 22
16 24
16 31
16 34
16 36
16 38
17 11
17 23
17 28
17 30
17 35
18 2
18 6
18 12
18 19
19 1
19 3
19 5
19 10
19 18
19 25
19 27
19 38
20 2
20 6
20 9
20 20
20 28
20 37
21 10
21 21
21 24
21 29
21 31
21 33
21 38
22 9
22 16
22 22
22 28
22 30
22 37
23 15
23 21
23 23
23 29
23 36
24 1
24 4
24 14
24 20
24 22
24 28
24 30
24 33
24 35
25 8
25 13
25 15
25 17
25 21
25 27
25 29
25 31
25 34
26 3
26 5
26 9
26 14
26 26
27 1
27 4
27 10
27 18
27 25
27 31
28 2
28 11
28 13
28 26
28 35
29 12
29 14
29 20
29 22
29 37
30 8
30 11
30 13
30 23
30 25
30 34
31 4
31 9
31 12
31 24
31 33
32 5
32 8
32 10
32 14
32 16
32 19
32 23
32 29
33 6
33 9
33 15
33 17
33 22
34 4
34 8
34 23
34 26
34 28
34 32
34 34
35 1
35 5
35 24
35 27
35 35
36 6
36 8
36 12
36 17
36 28
36 31
36 36
36 38
37 1
37 4
37 22
37 24
38 2
38 5
38 15
38 17
38 23
38 25
38 28
38 30
38 35
0 4
0 15
0 29
0 31
0 36
1 35
3 10
3 39
6 0
7 14
7 25
8 16
9 15
9 36
11 26
12 0
12 24
12 27
12 32
14 0
14 13
16 26
19 33
20 16
21 0
23 25
23 39
26 37
29 31
30 0
30 2
33 12
33 38
34 11
36 10
38 11
38 19
39 10
39 19
0 22
0 38
1 37
1 39
2 38
18 20
2 1
16 11
17 19
0 20
0 26
0 24
13 13
15 13
19 39
3 0
21 39
5 25
7 39
4 31
4 30
4 32
12 21
6 12
6 23
16 4
9 28
6 22
6 24
17 10
11 32
13 32
30 16
31 17
12 15
31 16
12 20
12 22
16 17
17 27
15 17
17 17
20 31
18 30
21 32
21 6
21 5
21 7
28 37
30 35
24 37
23 37
29 2
31 2
29 15
28 27
29 21
28 22
30 21
32 20
0 13
1 14
33 19
15 1
16 0
29 28
30 29
30 28
16 1
1 13
3 36
4 37
38 36
5 17
6 16
37 12
36 13
5 16
39 28
39 17
37 36
39 36
4 36
39 2
8 3
9 4
8 4
8 38
9 39
9 38
6 13
7 15
11 37
12 38
18 33
11 38
14 8
16 25
15 9
29 9
21 37
18 22
19 23
15 8
4 9
29 8
26 36
32 12
19 36
20 35
36 9
18 23
38 18
20 36
5 9
14 5
16 12
2 2
14 4
12 14
25 10
26 11
7 21
16 3
28 23
27 6
28 5
26 10
27 5
8 21
22 32
8 17
27 33
27 32
1 16
18 14
38 7
36 19
2 11
12 36
24 9
32 34
28 36
29 35
1 11
32 33
3 18
23 31
6 28
24 8
39 7
13 36
15 21
33 18
19 14
3 12
1 17
7 28
3 19
6 19
6 35
23 30
38 3
39 4
15 22
4 21
9 33
38 4
9 8
3 13
9 12
6 36
5 19
9 32
4 20
18 28
8 8
9 11
19 28
11 23
13 9
9 2
10 23
13 10
10 2
14 31
19 7
15 28
22 11
14 30
19 6
18 4
20 22
16 32
15 29
17 37
22 10
20 21
19 4
16 33
16 37
24 12
23 17
22 4
24 26
24 13
23 19
23 16
22 35
26 16
23 4
24 27
23 20
25 16
26 7
22 36
29 18
25 4
26 28
26 4
28 18
25 7
25 28
33 7
29 26
35 29
33 8
30 26
34 6
35 28
31 31
31 22
35 3
35 6
31 32
31 23
36 21
34 3
37 21
39 24
36 2
37 14
19 37
36 1
38 24
38 14
14 7
7 11
6 11
6 10
27 11
3 35
2 35
2 34
8 19
33 26
30 33
10 37
10 36
28 21
28 20
12 2
10 21
23 28
38 34
38 33
37 33
15 36
14 23
21 28
4 17
4 18
2 18
11 3
12 16
11 16
11 17
27 26
27 27
26 27
26 29
7 3
7 2
6 2
37 28
21 30
20 30
20 29
31 8
20 32
20 33
5 3
17 6
19 26
36 24
34 15
35 15
29 13
15 34
22 21
29 11
35 13
35 12
34 12
32 15
37 23
38 9
21 34
21 35
23 35
13 17
17 31
17 32
18 31
18 32
24 15
28 0
19 35
18 35
18 34
17 34
38 29
39 29
39 30
35 19
35 20
36 20
36 22
19 24
20 24
20 25
21 25
21 26
28 3
29 4
13 31
15 31
15 32
34 33
30 19
7 32
33 20
33 21
38 6
37 6
37 5
36 5
36 4
35 4
35 2
37 2
37 3
13 33
14 33
17 29
18 29
18 27
30 24
35 26
35 25
34 25
34 24
30 38
39 25
39 23
38 8
37 8
37 9
28 39
39 3
39 5
24 34
15 6
15 5
16 5
13 3
12 5
12 6
26 13
27 13
27 14
28 14
28 15
32 0
39 9
38 16
39 16
39 15
29 3
37 25
37 26
38 26
38 27
39 27
35 23
30 22
32 22
3 25
33 29
33 30
34 30
14 28
16 28
16 27
28 1
29 1
29 0
28 4
33 16
37 17
37 18
36 18
37 15
37 13
36 7
30 4
27 3
27 2
26 2
26 1
25 1
25 0
24 0
28 12
12 4
12 18
35 8
35 9
34 9
34 10
33 10
12 30
30 12
7 37
8 37
8 36
10 6
10 7
11 7
30 7
30 20
31 20
31 19
20 10
35 0
27 0
26 24
33 23
32 24
32 25
31 25
21 3
33 28
32 28
32 30
32 31
1 25
0 25
7 9
1 28
28 38
29 38
29 39
30 37
31 37
31 38
2 26
4 1
39 18
14 9
12 9
36 11
37 11
8 29
9 29
9 30
3 15
2 15
2 4
10 34
10 33
11 33
4 28
29 19
29 17
30 17
26 21
24 21
6 8
9 3
9 1
8 1
8 0
7 0
6 33
13 5
13 6
31 35
31 34
33 34
33 35
34 35
15 38
14 38
14 37
30 31
38 31
37 31
37 30
36 30
36 29
38 22
10 5
9 5
9 7
7 7
8 6
39 11
37 0
38 0
38 1
39 1
27 17
26 17
26 18
25 18
27 39
32 1
31 1
31 0
25 20
25 22
3 27
38 20
39 20
36 16
14 11
16 7
34 29
36 32
35 32
35 31
34 31
7 18
6 18
6 17
23 22
11 29
11 28
12 28
35 36
5 7
28 31
28 30
27 30
7 5
9 9
10 9
10 10
11 10
11 11
12 11
12 12
13 12
16 9
16 10
8 39
10 39
33 14
18 16
17 15
20 7
20 8
18 7
18 8
17 8
11 35
12 35
12 34
31 5
31 6
32 6
32 7
34 7
34 5
33 5
33 4
32 4
32 3
31 3
4 15
4 14
5 14
5 13
2 22
1 19
0 19
0 18
30 15
30 14
31 14
31 13
32 13
4 4
33 0
17 2
17 3
18 3
18 5
28 6
29 6
25 11
25 12
23 12
23 11
21 11
11 6
22 8
22 7
23 7
23 6
24 6
24 5
25 5
20 1
20 0
19 0
25 3
24 3
24 2
6 6
11 8
7 30
16 23
25 38
26 15
2 37
3 37
13 14
11 14
11 13
10 13
10 12
8 12
29 27
29 25
28 25
1 33
21 14
32 36
39 13
39 32
4 26
5 26
5 27
6 27
6 29
5 29
5 30
9 27
8 27
8 26
7 26
7 13
22 15
32 9
14 35
5 24
4 24
4 23
3 23
25 9
23 9
0 14
0 12
4 34
5 34
5 35
7 35
7 34
8 34
8 33
11 31
10 31
20 38
20 39
18 10
18 11
19 11
19 12
20 12
20 13
3 7
25 14
2 39
6 4
32 11
31 11
31 10
30 10
30 9
4 6
9 22
34 37
34 39
33 37
33 39
34 1
0 10
0 9
1 9
1 8
2 8
25 30
28 10
28 9
27 9
27 8
26 8
26 6
35 17
34 17
34 18
32 18
32 17
27 24
27 23
26 23
2 24
5 5
27 19
26 31
0 2
31 29
29 29
7 24
21 2
22 2
22 3
3 16
2 16
1 27
0 27
0 28
3 33
3 32
5 32
5 1
5 0
4 0
18 1
36 37
37 37
37 38
38 38
38 39
0 39
17 16
17 24
17 25
18 25
14 2
15 2
15 3
36 27
35 38
6 20
7 20
7 22
8 23
18 13
17 13
17 12
13 26
14 25
34 27
5 37
5 38
6 38
6 39
0 23
1 23
1 21
0 21
15 12
23 1
3 5
12 37
8 10
23 14
2 14
0 16
34 22
18 18
17 18
26 25
13 29
24 23
18 15
20 3
8 31
8 15
6 15
5 22
5 21
3 21
2 28
2 29
3 29
3 30
3 3
3 2
4 2
19 2
22 0
15 14
16 14
16 15
19 16
19 17
19 22
21 22
21 23
22 23
22 24
23 24
23 26
25 26
21 18
22 18
37 35
36 35
36 34
35 34
0 37
15 0
17 0
21 9
16 30
0 6
14 18
15 18
15 19
10 15
29 23
17 22
13 24
13 25
25 35
25 36
24 36
33 32
20 5
22 5
6 31
15 24
15 25
4 8
4 10
2 10
2 12
4 12
13 39
12 39
1 30
0 30
2 0
9 24
39 37
39 35
25 39
24 39
24 38
9 20
22 38
22 39
14 26
13 19
13 20
14 20
14 21
16 21
16 20
17 20
24 29
19 9
22 29
20 18
20 19
19 19
19 20
22 27
20 27
21 16
21 17
22 17
16 39
13 1
13 0
26 34
26 33
25 33
25 32
24 32
24 31
36 39
2 31
2 20
27 35
27 36
18 39
18 38
17 38
17 36
24 17
9 18
10 18
10 19
11 19
11 20
29 36
24 19
1 2
1 3
0 3
13 22
11 22
11 24
26 38
0 35
0 34
29 34
28 34
28 33
12 26
2 6
1 6
1 5
0 5
11 1
11 0
10 0
16 35
22 31
14 15
14 16
15 16
23 33
22 33
22 19
0 1
4 39
10 25
10 26
0 7
21 20
0 32
