0 0
1 1
1 4
1 6
1 9
1 11
1 13
1 15
1 19
1 23
1 25
1 27
1 29
1 31
1 36
2 2
2 10
2 12
2 14
2 16
2 20
2 26
2 30
2 32
2 35
3 6
3 8
3 11
3 13
3 17
3 19
3 21
3 23
3 27
3 29
3 31
4 5
4 7
4 18
4 20
4 22
4 24
4 26
4 28
4 30
5 4
5 14
5 23
5 25
5 29
5 32
5 34
5 38
6 9
6 11
6 13
6 15
6 24
6 33
7 1
7 8
7 10
7 12
7 16
7 22
7 32
8 15
8 21
8 23
8 31
8 34
8 36
9 5
9 14
9 16
9 18
9 22
9 26
9 35
9 37
10 1
10 4
10 13
10 17
10 19
10 25
10 27
10 29
10 34
10 36
10 38
11 2
11 5
11 14
11 20
11 26
11 30
11 33
11 37
12 1
12 3
12 6
12 15
12 27
12 31
12 34
12 38
13 16
13 23
13 37
14 24
14 28
15 1
15 16
15 23
15 25
15 38
16 4
16 6
16 13
16 15
16 17
16 19
16 21
16 24
16 37
17 5
17 7
17 9
17 16
17 20
17 22
17 26
17 28
17 31
17 33
17 35
18 1
18 8
18 10
18 17
18 21
18 27
18 29
18 32
19 15
19 18
19 22
19 26
19 28
19 30
19 38
20 8
20 10
20 21
20 24
20 27
20 31
20 35
20 37
21 2
21 4
21 6
21 25
21 32
21 34
22 1
22 3
22 5
22 7
22 20
22 22
22 24
22 26
22 31
22 35
23 2
23 6
23 8
23 10
23 13
23 21
23 32
23 34
23 36
24 1
24 3
24 9
24 16
24 33
24 37
25 2
25 13
25 15
25 17
25 21
25 24
25 26
25 34
25 36
26 1
26 3
26 14
26 22
26 25
26 27
26 29
26 35
27 4
27 6
27 10
27 13
27 21
27 28
27 34
27 36
28 1
28 3
28 5
28 22
28 29
28 35
28 37
29 2
29 4
29 6
29 9
29 11
29 15
29 19
29 21
29 36
30 1
30 3
30 5
30 8
30 10
30 16
30 18
30 20
30 22
30 32
30 34
30 38
31 4
31 14
31 19
31 21
31 23
31 25
31 27
31 30
32 15
32 24
32 38
33 12
33 16
33 18
33 23
33 25
33 29
33 37
34 6
34 15
34 17
34 19
34 22
34 24
34 26
34 30
34 32
34 34
34 36
34 38
35 7
35 9
35 11
35 14
35 18
35 20
35 23
35 25
35 29
35 31
35 33
35 35
36 6
36 10
36 15
36 19
36 24
36 32
36 34
37 5
37 20
37 28
37 31
37 33
37 36
37 38
38 2
38 13
38 15
38 18
38 21
38 25
38 27
38 29
38 32
0 33
0 38
1 38
4 0
7 5
7 27
8 39
9 7
12 9
15 9
17 39
18 13
20 0
21 18
25 6
26 31
26 39
28 24
28 26
28 31
32 0
33 9
35 0
35 1
37 0
38 10
39 4
39 6
39 9
39 11
39 23
39 35
39 37
15 6
19 39
0 15
0 36
18 38
0 31
0 6
0 19
0 23
0 25
3 35
38 3
1 37
1 39
34 1
36 1
6 29
6 28
6 30
12 23
12 22
12 24
14 27
10 39
13 27
15 27
12 0
16 12
16 14
13 31
15 14
17 14
12 39
15 2
17 24
14 2
16 2
16 35
17 34
18 0
18 34
19 24
22 27
22 28
21 27
23 27
25 9
9 8
30 27
33 11
27 7
29 29
28 0
29 28
29 30
30 36
31 1
30 0
39 13
13 10
14 11
32 4
30 17
13 11
32 3
32 5
29 17
31 17
30 25
7 2
8 3
7 3
12 13
13 14
35 8
12 14
34 8
36 8
37 10
39 15
37 39
23 17
38 24
39 32
39 2
23 16
39 27
39 25
39 29
39 21
13 25
14 25
9 6
7 26
24 6
22 18
26 30
1 21
28 23
2 21
8 25
0 10
15 7
9 25
1 10
5 27
4 27
18 37
6 20
3 15
3 34
1 17
37 3
6 19
12 19
3 1
4 9
2 15
19 23
5 6
8 19
2 17
2 1
11 19
4 8
4 12
10 23
17 23
13 32
4 6
9 19
3 12
9 23
5 10
4 3
32 11
6 7
25 10
6 10
6 8
8 9
5 3
7 9
30 35
9 28
10 28
10 31
12 29
19 5
10 30
11 29
18 5
17 3
19 16
17 4
19 17
20 19
16 8
21 30
24 31
37 24
20 29
23 31
17 8
23 23
21 31
19 19
21 9
19 29
22 23
32 36
20 9
19 11
20 3
27 19
33 36
32 30
27 11
27 15
24 25
19 10
21 3
21 21
22 37
26 37
22 14
24 12
25 32
27 20
33 30
27 14
27 12
25 25
29 13
26 23
26 16
24 13
23 14
30 12
22 36
22 21
24 20
26 36
28 10
28 33
25 33
25 4
31 39
28 13
26 24
25 16
29 10
30 11
37 16
29 7
24 21
27 33
31 33
25 3
31 38
29 8
37 15
30 33
33 33
34 33
35 21
37 7
35 22
37 6
35 27
36 17
35 37
34 27
37 13
34 37
35 17
33 28
33 13
32 27
14 23
12 10
11 10
6 2
6 1
16 20
16 18
14 29
21 26
20 26
20 25
19 25
11 27
16 16
33 38
14 16
12 16
16 3
18 3
18 2
37 37
7 15
13 8
12 8
12 7
11 7
11 6
4 29
23 33
2 19
37 32
7 17
20 28
21 28
20 30
22 30
23 35
4 25
5 15
36 33
35 10
4 23
33 24
28 4
34 11
34 12
35 12
35 13
35 15
9 21
28 2
33 22
11 36
37 27
33 26
21 35
11 17
9 17
10 14
35 6
36 31
21 33
2 23
38 26
39 26
2 6
22 25
4 21
28 6
28 7
30 7
30 6
30 4
30 9
1 28
38 28
39 28
17 25
16 25
16 26
15 26
35 34
3 37
9 36
35 32
26 6
26 7
11 15
2 27
23 7
24 7
24 8
25 8
23 5
24 5
24 4
26 4
9 15
15 28
16 28
35 24
7 0
8 22
7 21
7 20
8 20
18 35
19 35
18 33
18 20
38 30
4 19
27 38
24 38
25 38
8 18
0 37
27 22
27 23
25 23
25 22
35 19
39 24
29 22
29 23
30 23
30 24
31 24
21 39
11 1
11 0
10 0
5 20
2 37
2 36
3 36
28 36
2 31
35 30
1 35
0 35
0 34
13 3
14 3
14 4
15 4
15 5
16 5
38 34
23 38
23 37
29 20
32 34
30 37
29 37
29 38
28 38
28 39
27 39
6 39
20 36
16 31
16 0
31 26
30 26
38 7
38 8
39 7
39 8
3 38
4 38
22 2
30 19
24 29
3 20
21 37
21 38
20 38
20 39
14 1
13 1
13 0
12 2
38 31
39 31
39 30
15 24
24 39
25 39
1 12
31 8
27 29
27 30
28 30
22 4
27 25
28 25
10 2
10 3
11 3
11 4
12 4
12 5
13 5
13 6
36 11
37 11
36 9
37 9
36 7
5 33
27 37
17 27
2 25
3 24
35 39
2 29
25 37
34 25
19 27
34 35
38 17
38 16
39 16
8 35
37 30
37 29
36 29
36 28
35 28
23 9
9 34
34 23
35 26
36 26
36 25
37 25
7 31
7 30
8 30
8 29
9 29
9 27
24 36
11 34
10 33
38 1
39 1
38 0
39 0
22 6
31 31
32 32
34 31
22 39
37 23
36 23
33 6
33 5
34 5
34 4
38 14
39 14
6 32
38 33
39 33
39 34
39 19
3 18
24 32
26 32
15 33
14 33
25 1
5 30
5 31
4 31
4 32
3 32
29 1
29 0
18 28
38 5
39 5
32 35
31 35
31 34
17 17
27 1
27 0
26 0
5 24
6 38
7 38
7 39
26 13
25 27
23 1
36 5
36 4
37 4
37 2
36 2
16 1
17 1
17 0
9 13
25 14
18 18
12 26
13 26
13 24
39 10
10 35
30 2
31 2
31 3
36 0
2 11
32 21
30 21
39 3
32 37
37 34
37 35
36 35
36 36
35 36
26 26
18 39
1 5
0 5
0 4
17 29
17 30
18 30
18 31
19 31
19 32
20 32
18 26
34 2
34 0
33 0
24 30
25 30
25 29
11 38
11 39
31 13
31 12
32 12
21 15
20 15
8 14
33 34
31 10
32 10
32 9
32 14
11 25
11 24
10 24
10 22
11 22
11 21
15 15
32 31
31 5
10 11
10 12
11 12
11 13
13 13
13 15
36 16
33 15
5 39
32 25
31 0
34 29
16 33
16 34
3 28
1 24
0 24
3 30
36 20
36 21
37 21
15 0
33 3
32 23
25 18
26 18
13 30
12 30
12 28
13 28
26 2
29 5
32 7
31 22
26 28
5 13
4 13
4 14
3 14
24 2
36 18
37 18
37 19
38 19
38 20
39 20
26 34
29 32
28 32
28 34
29 34
29 35
39 12
38 12
6 35
6 36
5 36
31 32
18 22
18 23
10 9
10 8
8 8
8 10
9 10
23 29
23 28
30 28
31 28
31 29
32 29
24 34
6 25
6 26
5 26
27 5
18 9
35 38
36 38
36 39
33 32
30 31
30 30
13 21
13 20
31 20
23 22
23 24
24 24
24 26
23 26
21 24
8 12
3 10
3 9
2 9
2 8
1 8
1 7
0 7
22 15
2 4
2 3
1 3
1 2
0 2
0 1
6 12
22 34
5 28
13 39
13 38
14 38
14 37
15 37
14 10
14 9
27 35
17 6
9 38
9 39
3 22
12 33
12 32
11 32
11 31
1 26
0 26
0 27
38 36
39 36
15 32
14 32
24 18
24 17
28 28
28 27
27 27
1 30
0 30
0 29
20 34
34 39
10 5
30 39
32 39
5 18
5 17
4 17
4 16
3 16
4 11
5 11
5 9
25 20
25 19
26 19
7 11
22 32
32 16
31 16
31 15
30 15
30 14
29 14
25 35
29 12
33 17
9 4
8 4
8 5
7 36
6 34
7 34
7 33
8 33
8 32
9 32
9 31
1 14
0 14
0 13
7 28
22 13
21 13
21 12
20 12
20 11
15 17
39 18
20 18
20 20
21 20
21 22
20 22
20 23
8 26
13 34
14 34
8 24
7 24
7 23
6 23
6 22
5 22
34 7
34 9
34 21
34 20
33 20
33 19
32 19
32 18
31 18
27 9
28 9
28 11
26 11
26 10
24 10
21 1
21 0
22 0
19 1
19 0
13 22
6 14
29 3
18 11
16 23
16 22
15 22
15 21
14 21
14 20
15 19
2 33
2 34
4 34
16 36
17 36
17 37
19 37
15 13
15 12
14 12
21 5
22 8
21 8
21 7
20 7
20 6
19 6
17 13
17 12
20 16
21 16
28 21
23 20
23 19
22 19
5 0
3 0
3 2
4 2
4 4
12 37
17 32
24 15
27 17
26 17
2 13
29 18
28 19
22 17
0 11
0 9
29 16
28 16
28 15
6 4
6 5
5 5
5 7
7 7
16 38
16 39
15 39
34 16
5 35
19 13
19 14
20 14
8 2
8 1
9 1
20 2
20 4
19 4
21 10
22 10
22 11
23 11
23 12
25 12
5 37
10 37
38 38
38 39
39 38
39 39
12 20
8 37
13 36
18 16
18 15
17 15
1 32
0 32
26 15
7 13
12 18
13 18
13 17
26 21
18 7
27 3
10 18
0 16
1 16
1 18
0 18
0 20
1 20
1 22
0 22
16 7
16 9
14 7
34 14
12 35
1 0
10 26
38 22
39 22
17 19
19 8
23 3
24 0
36 14
17 10
3 5
3 7
19 21
17 21
0 39
2 39
3 26
8 16
34 18
6 16
10 16
10 20
