0 0
1 1
1 3
1 5
1 7
1 10
1 12
1 14
1 16
1 21
1 23
1 25
1 33
1 36
2 4
2 11
2 13
2 15
2 17
2 26
2 30
2 37
3 14
3 18
3 20
3 23
3 38
4 1
4 5
4 7
4 10
4 15
4 19
4 21
4 24
4 30
4 37
5 2
5 8
5 11
5 16
5 22
5 25
5 31
5 33
5 35
6 3
6 5
6 7
6 12
6 17
6 23
6 26
6 34
6 36
7 4
7 10
7 18
7 24
7 30
7 37
8 12
8 19
8 25
8 29
8 31
8 36
8 38
9 1
9 5
9 13
9 15
9 20
9 24
9 34
9 37
10 2
10 4
10 6
10 8
10 14
10 19
10 21
10 38
11 1
11 3
11 5
11 9
11 16
11 18
11 20
11 22
11 29
11 31
11 36
12 4
12 13
12 19
12 21
12 26
12 30
12 32
13 5
13 9
13 12
13 20
13 27
13 31
14 1
14 3
14 10
14 15
14 19
14 24
14 26
14 33
14 36
15 2
15 4
15 6
15 8
15 11
15 14
15 16
15 18
15 20
15 25
15 28
15 37
16 9
16 15
16 17
16 23
16 29
16 31
16 33
16 36
17 16
17 24
17 32
17 34
18 2
18 11
18 20
18 22
18 25
18 36
18 38
19 7
19 12
19 16
19 23
19 29
19 31
20 2
20 10
20 13
20 15
20 17
20 20
20 22
20 24
20 28
20 30
20 32
20 38
21 1
21 3
21 6
21 11
21 16
21 19
21 21
21 23
21 29
21 37
22 2
22 5
22 9
22 12
22 22
22 33
22 38
23 1
23 8
23 10
23 16
23 30
23 34
23 37
24 2
24 11
24 15
24 17
24 21
24 24
24 26
24 29
24 35
25 1
25 3
25 5
25 7
25 16
25 18
25 20
25 25
25 30
25 36
26 6
26 10
26 12
26 14
26 17
26 19
26 24
26 26
26 28
26 32
26 37
27 1
27 13
27 15
27 18
27 23
27 25
27 27
27 29
27 35
28 5
28 7
28 10
28 12
28 14
28 19
28 22
28 26
28 28
28 30
28 36
29 3
29 6
29 8
29 11
29 29
29 31
29 37
30 2
30 4
30 7
30 12
30 21
30 23
30 25
30 30
30 35
31 1
31 3
31 5
31 8
31 11
31 17
31 19
31 22
31 26
31 28
31 34
31 36
32 2
32 6
32 9
32 12
32 15
32 23
32 27
32 29
32 31
32 33
32 35
33 1
33 5
33 8
33 10
33 13
33 19
33 22
33 28
33 36
34 2
34 4
34 9
34 11
34 14
34 20
34 23
34 26
34 37
35 1
35 3
35 10
35 12
35 15
35 21
35 24
35 27
35 38
36 2
36 4
36 8
36 11
36 13
36 17
36 22
36 25
36 28
36 30
36 32
36 34
36 36
37 7
37 10
37 12
37 14
37 23
37 26
37 29
37 31
37 33
37 35
38 6
38 11
38 13
38 15
38 17
38 20
38 24
38 27
38 30
38 34
38 36
0 28
0 38
1 39
2 28
6 0
6 14
6 39
12 34
13 39
17 0
19 0
24 39
28 39
29 0
32 39
37 0
37 39
38 1
38 38
39 1
39 3
39 9
39 32
39 38
0 12
0 16
8 15
0 14
0 3
0 5
0 7
1 6
27 0
0 36
0 23
0 25
22 32
3 39
4 0
3 30
9 0
3 29
3 31
7 7
7 12
8 39
9 16
7 11
7 13
10 39
8 32
10 7
7 32
9 32
9 7
11 7
11 0
13 6
13 8
14 0
15 21
15 5
14 5
16 5
27 3
27 2
20 25
21 32
23 32
21 0
30 24
23 0
22 39
22 35
22 34
25 0
25 4
25 8
24 4
26 4
24 8
26 8
25 32
26 33
27 33
39 20
31 0
31 37
7 20
8 21
8 20
33 0
32 30
9 26
10 25
9 29
10 28
31 30
33 30
9 25
9 9
10 10
10 9
10 29
36 38
35 0
35 39
16 13
17 14
16 14
39 36
39 17
39 15
39 34
39 13
39 11
39 30
39 6
39 27
2 27
12 33
11 27
26 39
27 38
4 13
26 38
38 2
9 22
12 27
38 37
4 14
2 32
10 22
14 31
1 19
29 15
30 14
11 14
2 6
4 26
16 20
0 30
29 14
1 32
0 19
15 31
4 25
1 30
17 20
5 37
12 14
4 3
6 37
5 3
4 32
6 19
9 18
7 22
5 32
6 18
9 19
8 23
8 17
6 22
8 4
10 33
8 24
7 17
10 34
9 4
12 17
12 2
11 17
11 2
25 31
16 38
15 34
16 7
15 33
16 37
13 29
19 3
23 3
17 30
17 26
15 7
14 17
16 30
23 2
17 28
18 17
19 2
12 29
36 37
15 17
16 28
18 16
20 8
27 20
22 20
22 29
19 14
20 14
21 20
18 12
22 17
23 29
21 4
17 35
19 8
22 13
20 18
23 6
22 16
17 36
22 14
21 5
22 6
20 19
25 23
26 30
20 36
23 18
27 30
25 24
30 9
25 11
9 8
27 16
27 6
24 18
20 37
25 34
30 8
26 11
27 17
28 6
24 34
37 3
29 27
28 24
28 32
17 12
34 6
36 3
31 20
32 25
28 27
27 24
28 31
27 19
32 7
34 5
30 33
31 21
31 25
32 8
33 34
30 34
32 34
33 24
29 22
36 15
37 18
33 17
30 22
35 33
33 23
37 15
37 20
33 18
35 29
35 19
37 17
36 33
35 20
36 29
38 22
9 6
37 22
36 9
36 10
5 15
6 15
6 16
30 13
23 24
19 20
9 2
13 15
13 24
10 20
12 12
12 25
36 5
37 34
8 37
10 24
11 24
11 23
12 23
12 22
13 22
13 21
14 21
14 20
34 3
30 11
9 12
37 30
37 32
27 10
31 27
10 5
8 30
9 30
9 31
10 31
35 11
32 3
10 3
4 16
21 22
37 13
30 3
16 32
36 35
20 23
15 15
21 2
37 11
18 21
28 11
15 13
15 12
14 12
14 11
13 11
13 10
35 2
35 4
31 23
33 9
25 2
31 35
28 29
2 36
27 28
19 38
35 32
35 34
25 17
2 16
33 38
28 13
16 1
27 14
12 20
26 13
2 34
3 33
0 34
24 16
33 29
33 31
18 19
31 18
2 14
11 19
22 8
32 5
20 16
38 8
36 12
18 26
18 27
17 27
37 6
22 0
22 1
29 30
13 19
6 35
24 1
24 0
25 6
14 14
2 31
26 9
26 7
27 7
27 5
26 5
26 3
32 32
3 34
11 38
4 6
5 12
5 13
6 13
28 3
28 4
29 4
29 5
30 5
30 6
31 6
31 7
33 6
33 7
35 6
33 2
35 16
34 16
15 3
38 12
39 12
4 31
17 3
17 4
18 4
1 15
0 15
5 7
28 37
27 37
27 36
26 36
26 35
25 35
25 33
32 1
32 0
2 33
34 1
34 0
12 1
13 1
12 0
13 0
29 7
17 29
18 29
34 38
34 39
33 39
4 33
18 7
2 0
15 1
15 0
16 0
36 0
36 1
10 13
11 13
11 15
10 15
10 16
38 5
39 5
39 4
24 13
24 12
23 12
33 4
4 38
5 38
4 39
5 39
17 6
16 6
16 8
4 20
38 16
39 16
19 22
12 5
12 6
11 6
27 39
25 39
26 0
26 1
36 39
36 16
26 27
11 32
11 33
9 33
32 28
38 14
39 14
33 37
32 37
32 36
1 34
1 35
0 35
14 38
17 2
16 2
16 4
12 9
12 8
11 8
9 38
9 39
12 3
13 3
13 4
14 4
19 15
19 13
36 7
31 2
16 16
38 7
39 7
39 8
5 5
1 13
0 13
14 2
3 13
12 16
12 18
24 20
38 18
38 19
39 18
39 19
21 15
7 29
20 0
20 1
29 2
25 12
24 14
25 14
25 15
26 15
26 16
5 36
4 36
4 35
6 8
7 8
7 9
1 4
0 4
31 12
23 15
38 28
30 0
30 1
9 21
7 21
7 23
9 23
0 6
0 33
25 19
37 8
37 9
35 9
35 8
34 8
35 17
34 17
24 3
22 3
22 4
20 4
20 3
14 6
24 5
23 5
23 7
24 7
2 12
8 16
8 18
10 18
12 38
12 39
11 39
24 25
37 2
37 4
39 2
18 3
25 10
24 10
24 9
23 9
21 7
20 7
20 6
19 6
19 5
18 5
9 10
8 10
8 11
28 15
28 16
13 26
9 14
8 14
8 13
2 39
2 38
15 19
16 19
16 18
10 1
10 0
21 13
21 12
20 12
20 11
19 11
19 10
18 10
18 9
17 9
29 10
29 9
28 9
28 8
18 37
22 23
17 17
19 17
19 18
21 18
21 17
23 17
22 19
23 19
32 13
32 14
33 14
33 15
34 15
22 21
23 21
23 22
24 22
24 23
26 23
38 35
39 35
28 1
28 0
11 21
15 29
34 19
36 19
36 18
11 4
23 13
20 9
21 9
21 10
22 10
22 11
23 11
13 33
13 32
14 32
17 38
17 39
18 39
20 21
8 0
8 1
7 0
7 1
5 17
6 6
7 6
7 5
8 5
8 3
7 3
11 37
10 37
10 36
9 36
9 35
8 35
8 34
7 34
7 33
6 33
14 30
13 30
18 1
18 0
13 28
14 28
14 27
15 27
15 26
2 1
3 1
3 0
7 38
7 39
11 11
11 10
24 30
24 31
23 31
26 25
6 11
6 10
5 10
5 9
4 9
4 8
3 8
3 7
2 7
2 5
3 5
3 4
4 4
4 2
5 19
7 19
17 13
30 15
31 15
31 16
32 16
32 17
36 14
35 14
35 13
34 13
34 12
33 12
33 11
32 11
32 10
31 10
31 9
17 11
16 11
16 10
15 10
15 9
14 9
14 8
12 31
39 25
19 34
20 33
39 10
38 10
26 18
1 2
0 2
0 1
13 13
17 15
3 15
1 11
0 11
0 10
4 18
21 38
21 39
20 39
20 29
15 38
15 39
14 39
1 24
0 24
1 0
30 17
3 19
5 21
2 23
30 26
29 26
29 25
28 25
6 27
5 27
5 28
8 27
7 26
27 26
11 30
5 34
19 28
2 18
1 18
1 17
0 17
16 21
16 22
17 22
17 23
18 23
18 24
19 24
19 25
20 31
21 31
21 30
22 30
22 28
21 28
21 27
20 27
31 4
7 31
6 31
6 30
5 30
17 33
30 37
30 36
29 36
29 35
28 35
28 34
27 34
37 36
37 37
14 16
14 18
35 37
35 36
34 36
34 35
33 35
33 33
17 25
16 25
16 24
15 24
15 23
14 23
2 25
1 26
1 27
0 26
0 27
1 37
0 37
19 33
19 32
18 32
18 31
17 31
27 32
29 32
29 33
31 33
14 37
13 37
13 36
12 36
12 35
11 35
21 33
3 37
32 19
32 22
32 20
38 29
39 29
39 28
33 20
39 33
38 33
33 21
34 21
10 26
11 26
11 28
34 22
21 24
21 25
22 25
22 26
23 26
23 27
24 27
24 28
25 28
25 29
26 29
35 22
35 23
36 23
36 24
2 3
37 24
30 31
31 31
37 25
38 25
38 26
39 26
26 31
25 26
39 37
20 34
6 2
31 29
30 29
30 28
29 28
6 4
28 23
29 23
29 21
28 21
28 20
30 20
30 19
29 19
29 18
28 18
5 26
26 20
26 21
25 21
38 0
39 0
1 20
2 20
2 21
3 21
3 22
4 22
4 23
5 23
5 24
6 24
6 25
7 25
7 27
0 8
1 8
1 9
2 9
2 10
3 10
3 11
4 11
23 33
3 26
3 27
29 12
38 23
38 21
39 21
8 26
3 24
37 28
37 27
36 27
36 26
35 26
35 25
34 25
34 24
23 38
23 39
1 22
0 22
0 21
32 24
5 1
5 0
27 12
18 34
18 35
32 26
33 26
33 27
34 27
34 28
35 28
16 35
16 34
35 30
14 34
14 35
34 10
2 29
14 25
6 28
8 28
9 28
0 39
4 29
4 28
39 24
36 31
19 30
29 39
29 38
25 37
24 37
24 36
23 36
23 35
21 35
21 36
19 36
3 17
15 36
22 37
27 22
36 21
39 39
38 39
7 36
38 31
39 31
0 29
0 31
31 39
