28 51
79 0
49 23
6 32
85 25
86 86
93 44
29 41
96 92
27 89
13 43
61 29
34 2
83 6
74 4
74 0
45 71
26 18
15 24
16 10
25 52
96 81
95 59
67 64
5 98
81 43
79 48
61 81
50 17
28 43
81 85
56 25
75 43
19 82
59 7
61 49
73 37
11 70
17 88
62 54
0 6
77 99
65 71
2 49
52 46
53 67
14 14
22 74
30 51
62 70
44 97
29 7
32 21
30 75
59 64
81 26
12 66
84 59
17 50
16 32
0 96
66 77
96 82
67 98
73 80
31 90
88 42
19 42
99 58
11 32
4 59
83 86
83 60
87 68
0 54
38 40
92 63
53 23
74 13
67 74
81 7
16 30
46 91
91 59
89 68
11 3
59 0
71 72
11 95
68 78
76 92
57 96
13 79
52 92
28 88
7 12
90 18
73 53
19 50
37 2
