84 21
41 25
98 46
32 74
32 27
29 87
49 16
42 67
50 41
93 64
54 61
37 25
45 97
89 55
22 70
7 27
27 30
4 60
24 74
86 45
14 96
65 74
90 56
49 88
83 48
98 8
37 51
32 48
91 25
86 31
30 68
63 26
81 52
99 42
24 70
35 98
67 4
97 86
50 96
40 6
94 35
7 40
2 77
32 88
43 7
8 2
59 82
84 71
65 65
7 40
63 69
24 21
26 46
95 78
2 17
71 25
5 13
1 43
77 16
59 49
65 65
74 42
29 72
37 88
71 29
36 29
29 7
14 28
31 76
67 45
77 84
26 51
88 69
97 47
59 30
2 22
72 99
39 3
71 4
41 80
58 93
30 71
95 62
25 7
53 14
71 91
52 17
72 51
67 96
81 67
81 12
7 92
30 17
21 30
49 72
11 44
57 58
27 89
83 54
32 79
