79 94
22 1
20 38
52 18
77 89
68 48
52 1
83 56
55 19
17 78
56 66
33 42
83 49
55 30
95 53
58 73
50 92
22 37
22 52
60 94
19 75
18 60
8 43
4 46
45 37
85 44
53 41
95 83
20 42
59 9
30 32
82 62
24 42
20 66
53 18
96 45
45 23
34 93
95 29
35 37
56 8
32 32
13 14
79 74
84 54
89 38
49 11
68 39
15 16
20 96
7 65
30 83
14 85
20 0
81 94
2 33
42 29
36 98
5 28
23 49
88 39
81 90
57 28
74 34
22 52
97 92
74 22
51 48
21 48
56 81
71 84
66 45
42 86
98 2
3 70
16 92
61 8
82 58
52 22
25 80
65 38
45 86
27 49
39 24
89 90
2 31
78 86
16 1
78 29
37 70
19 28
95 66
63 23
75 87
1 58
25 66
10 68
57 75
63 68
63 52
