70 41
6 52
68 50
0 66
69 32
73 28
61 32
21 97
67 33
27 7
55 38
92 29
37 54
75 73
60 97
4 80
68 36
6 67
80 6
76 35
51 66
24 19
40 25
96 72
88 42
70 29
92 21
25 73
29 95
89 30
38 35
33 65
70 69
29 82
36 50
86 21
49 31
93 58
98 41
57 42
16 48
12 21
0 54
32 71
66 63
28 68
17 71
18 83
69 37
37 18
14 79
55 36
32 82
89 42
73 3
68 76
93 21
25 92
13 25
58 74
72 82
96 62
70 57
73 57
25 37
63 9
10 39
78 20
0 19
78 26
18 40
87 88
82 60
29 70
17 42
76 32
60 98
24 35
63 61
33 20
29 25
66 88
81 31
35 88
83 47
87 31
50 44
28 22
59 53
87 41
78 74
79 36
54 77
33 83
3 0
13 78
92 38
79 73
90 17
36 67
