6 42
98 3
68 81
50 21
35 1
48 49
46 76
47 36
48 89
63 75
32 28
1 47
57 5
58 17
25 80
8 63
4 46
19 24
46 70
18 22
48 39
97 30
64 95
83 18
83 60
0 89
18 40
51 53
47 97
46 60
52 33
9 17
65 71
77 52
69 27
96 3
96 92
23 27
64 83
57 36
78 90
59 86
87 80
4 3
17 14
48 74
37 16
64 89
36 9
29 93
33 46
23 85
70 23
25 50
3 30
20 80
9 4
76 37
60 76
51 49
83 78
89 57
56 38
55 6
57 5
58 3
80 24
0 20
70 86
17 91
88 79
92 36
94 13
26 20
72 9
77 11
20 8
57 15
90 28
4 96
37 65
62 98
27 46
51 63
12 49
10 31
96 64
69 45
98 23
76 52
94 19
20 27
67 81
43 97
80 4
73 6
7 11
87 80
35 78
13 51
