27 69
96 99
11 86
89 22
85 97
64 60
14 56
36 27
40 5
11 6
92 94
35 65
60 17
21 24
27 32
87 97
6 95
13 11
1 63
11 93
16 43
23 46
7 5
60 57
35 75
96 64
97 29
54 99
56 91
73 79
92 65
21 33
43 48
13 7
55 29
73 93
96 16
60 53
52 21
54 36
37 26
79 26
29 96
64 98
67 77
62 60
9 93
65 91
8 66
53 4
8 45
85 84
91 13
50 94
16 12
1 65
40 13
27 24
55 10
42 65
81 87
31 0
28 7
64 27
18 83
18 5
52 41
43 91
66 94
29 66
9 13
38 10
99 68
62 22
57 93
46 89
69 92
72 42
55 13
59 72
51 34
27 72
98 16
7 18
1 1
15 58
25 87
93 54
61 9
86 76
79 61
36 96
55 22
29 66
92 77
50 77
75 39
82 96
27 24
99 35
