45 18
46 30
5 71
29 24
48 42
50 69
46 1
33 45
88 53
74 3
59 34
68 47
55 88
11 86
13 58
56 86
24 88
95 23
95 67
48 9
64 51
98 22
45 9
45 94
88 21
13 53
28 67
0 91
89 10
64 97
84 99
45 51
75 12
28 12
87 31
60 63
40 88
77 22
69 79
62 94
71 10
76 83
93 84
92 94
98 12
52 2
22 72
48 84
75 82
15 41
61 70
73 32
56 53
94 28
17 80
83 39
95 37
46 37
6 96
22 58
40 53
21 4
79 70
31 94
26 88
77 22
79 84
89 46
19 84
7 66
40 94
59 2
75 85
79 82
93 46
30 70
77 9
48 36
28 99
79 78
33 13
21 51
0 37
21 98
53 37
8 1
23 36
97 12
98 65
3 72
9 69
35 10
49 97
19 21
25 6
98 1
99 63
26 14
46 92
8 62
