68 32
43 43
45 32
7 10
91 46
56 36
11 83
8 70
23 23
77 20
75 4
58 79
83 99
43 96
46 25
0 39
11 98
89 35
11 79
86 22
29 48
80 60
49 1
9 27
35 62
66 12
2 50
79 5
71 25
73 11
36 13
23 41
49 79
20 43
48 77
38 9
9 55
68 31
61 56
33 3
61 54
19 46
68 73
11 56
76 35
27 49
32 81
45 73
7 36
92 83
32 70
45 21
63 28
25 9
58 19
32 59
87 55
99 55
8 52
11 17
27 68
58 73
43 8
88 22
5 69
86 5
80 11
76 20
94 95
15 13
83 24
58 9
52 81
56 53
49 13
32 34
17 57
43 27
71 65
28 73
39 4
88 80
17 86
47 75
36 86
46 73
69 65
34 56
57 34
63 2
24 41
24 42
52 41
68 85
74 50
52 56
80 37
20 20
34 54
81 15
