7 43
75 93
75 80
88 29
45 38
28 67
30 70
28 57
49 76
24 99
73 1
68 77
15 57
43 79
69 26
34 79
74 15
0 67
68 24
36 7
75 75
80 81
82 42
77 42
74 44
78 31
25 5
32 86
67 67
93 60
20 97
26 77
26 57
97 31
50 30
81 88
13 93
30 72
37 39
95 70
2 5
12 98
67 17
16 80
57 61
21 69
95 83
15 0
76 51
32 89
52 92
59 56
87 89
20 18
70 39
94 1
30 3
26 91
37 81
49 18
27 0
65 99
88 22
66 44
67 36
49 74
75 82
68 86
85 44
78 6
91 84
13 99
24 85
64 29
81 26
14 90
25 95
56 59
94 73
90 87
4 15
96 94
94 80
53 70
7 38
46 61
4 89
7 97
1 55
76 32
54 72
39 22
17 2
47 9
79 28
99 85
92 1
42 96
36 36
81 35
