65 88
92 46
91 36
90 45
53 30
38 49
50 76
95 87
10 4
85 11
48 24
94 72
55 60
2 49
4 33
59 86
1 44
79 49
68 60
88 79
26 2
14 15
69 88
26 49
11 39
52 85
67 71
23 58
86 89
98 18
91 28
68 99
10 49
52 43
1 54
59 37
34 49
1 8
84 66
71 19
61 73
44 69
86 89
13 17
11 75
61 91
35 83
23 71
52 90
0 89
54 69
91 65
45 1
82 46
4 20
99 69
81 14
23 26
62 69
81 33
7 76
76 93
95 96
37 26
15 34
45 31
17 80
96 58
40 23
16 51
31 43
97 65
92 10
35 82
14 31
18 85
81 88
1 91
15 66
66 52
9 41
42 46
5 39
71 0
3 54
15 41
15 75
76 1
19 48
22 14
80 41
39 92
64 39
46 17
60 61
31 89
14 23
39 86
13 48
32 37
