96 71
40 25
91 6
71 25
36 25
45 21
8 46
4 36
40 76
3 76
56 8
49 95
41 40
54 96
21 63
38 48
96 13
35 72
89 44
79 43
68 72
40 56
43 70
41 29
77 50
19 91
12 31
86 3
52 64
82 51
34 83
2 86
60 88
78 12
89 14
59 40
62 54
57 13
5 7
26 63
28 29
55 50
50 17
21 41
92 70
49 75
61 45
76 68
65 2
56 80
33 43
71 71
97 43
74 14
56 34
85 70
32 94
19 18
84 80
77 86
51 67
66 48
57 49
71 69
89 28
21 71
15 61
50 33
45 98
58 16
84 64
7 82
69 91
50 96
49 49
87 87
47 35
52 5
44 62
25 58
66 47
88 47
61 41
41 22
9 33
9 40
7 61
3 86
48 22
99 51
52 40
17 51
54 0
66 35
84 86
26 59
10 8
23 63
72 29
82 32
