18 30
71 34
17 26
75 99
25 72
97 42
33 17
37 90
95 37
80 76
93 2
31 21
32 66
18 32
91 78
76 47
58 66
62 60
65 23
9 89
22 39
57 78
57 20
67 92
62 35
5 69
95 97
19 87
48 36
18 18
45 8
64 43
66 47
76 11
10 79
78 42
75 98
30 53
97 78
33 1
18 16
21 90
19 31
32 63
36 9
42 11
58 20
45 56
85 8
79 86
24 23
9 54
77 39
52 22
51 85
17 21
92 38
73 84
0 22
9 91
51 36
40 70
45 88
42 26
94 72
15 31
98 27
26 28
73 18
91 3
49 27
28 35
66 58
33 30
93 55
13 73
46 50
88 16
28 50
25 10
6 63
1 11
91 18
77 44
42 34
47 18
8 28
63 35
4 62
99 32
75 79
11 70
76 26
65 73
67 18
30 30
85 10
10 44
54 79
82 43
