78 7
23 12
84 27
68 26
20 44
91 89
36 64
51 39
42 75
12 44
83 90
41 13
21 77
19 19
13 56
84 67
57 85
58 80
2 82
2 97
71 15
50 38
5 46
60 52
86 29
38 7
2 8
0 82
73 8
86 41
4 87
1 5
57 14
54 58
72 92
6 68
2 87
59 17
55 18
22 55
58 65
68 64
2 82
66 81
49 6
2 75
29 20
46 46
29 61
18 36
25 49
49 20
59 70
74 62
99 55
74 21
77 19
93 8
37 34
80 32
58 67
46 44
87 29
90 29
27 72
18 83
80 27
78 4
81 7
85 74
95 46
90 14
72 86
85 29
87 63
84 93
18 74
86 49
46 25
99 20
35 86
94 29
41 86
26 68
10 25
39 15
25 55
1 53
12 59
84 4
59 8
24 75
97 18
56 79
31 93
94 21
19 78
66 26
71 45
55 69
