56 80
44 62
18 88
5 15
26 18
82 44
92 7
60 27
20 66
66 96
88 62
96 88
19 74
97 22
64 49
82 21
17 32
99 84
42 84
0 40
7 89
3 73
31 42
0 8
31 14
36 41
2 5
77 42
16 29
14 94
60 65
62 4
99 33
85 6
1 96
21 95
83 99
28 43
52 66
75 94
79 53
37 2
1 85
59 0
19 83
76 78
57 71
84 99
64 19
36 32
37 56
31 13
69 9
30 69
48 82
21 48
3 36
97 73
55 3
96 36
19 80
71 85
56 19
59 60
58 72
14 38
43 89
49 89
43 6
13 20
61 1
14 18
37 50
34 24
43 56
91 47
42 77
9 20
83 52
93 96
41 52
20 1
5 54
55 28
38 92
12 2
33 48
42 0
39 84
81 64
89 74
74 34
63 64
66 56
80 93
48 83
6 1
2 93
17 28
95 4
