82 48
59 33
26 53
64 19
17 37
48 89
24 25
5 27
8 98
87 86
42 36
1 0
39 38
91 30
50 73
1 7
8 10
33 90
18 20
60 72
50 72
59 8
5 21
85 14
43 74
45 28
63 8
73 20
2 25
88 15
63 82
44 58
2 44
67 98
15 91
49 91
70 92
99 56
1 15
94 41
92 91
23 95
7 52
87 3
49 57
38 69
95 16
54 6
80 37
98 91
37 21
20 79
0 33
60 84
18 12
64 52
88 41
81 61
80 26
62 1
91 7
75 17
58 59
94 71
81 10
97 3
50 2
51 41
43 92
53 13
79 21
65 88
29 8
33 40
71 89
56 88
51 51
79 35
69 15
47 79
74 31
10 9
24 20
56 60
91 23
8 22
50 24
75 37
94 54
89 37
82 33
66 7
45 81
18 63
99 6
74 28
47 1
53 7
14 32
87 30
