33 40
14 48
29 56
63 73
27 7
10 67
57 60
65 36
27 32
36 89
19 85
72 52
52 78
65 21
35 33
92 55
26 42
81 49
14 66
91 60
5 1
33 24
12 75
33 0
91 13
46 84
62 12
94 21
44 24
41 91
34 9
8 26
41 45
6 36
6 36
96 69
17 75
81 79
86 13
34 45
20 70
83 96
21 92
28 70
78 33
96 5
67 52
7 15
87 13
38 7
28 76
20 92
64 16
95 31
10 28
6 59
76 32
16 91
81 19
84 43
77 53
33 85
61 0
12 68
79 71
15 62
83 15
28 37
16 72
7 28
45 38
0 21
10 7
45 30
29 72
98 79
15 64
95 27
60 6
1 98
0 53
84 54
19 22
94 55
36 19
0 2
88 15
84 79
41 76
67 19
34 51
14 4
65 93
10 61
50 15
55 36
19 88
63 2
23 74
35 80
