41 9
8 18
36 3
21 97
88 29
6 98
18 21
76 32
64 30
98 23
39 24
20 94
96 52
58 72
62 23
92 17
82 78
19 24
33 56
97 40
80 3
79 24
76 71
52 67
94 16
45 98
98 98
54 8
51 83
90 18
5 3
66 41
61 56
75 55
27 81
81 49
62 9
3 91
87 54
9 77
23 24
81 32
49 16
64 73
25 56
70 74
33 35
6 84
60 34
59 14
74 90
14 25
17 15
74 55
89 21
52 64
28 38
64 98
43 68
99 10
22 26
73 6
17 50
53 44
42 85
12 5
54 75
30 71
97 91
98 17
24 52
52 64
38 91
28 5
19 84
52 97
65 22
97 97
49 21
34 3
11 90
83 46
84 43
61 53
87 79
81 40
25 42
8 41
6 28
41 59
21 20
44 16
80 58
49 0
90 78
15 61
37 60
98 5
62 33
79 75
