65 90
92 13
29 36
46 37
94 77
43 2
99 14
83 4
51 61
77 60
42 67
55 49
85 77
63 36
25 5
40 74
38 78
52 31
8 79
27 96
35 55
28 34
70 90
32 61
89 22
88 71
89 99
11 39
63 55
97 13
86 40
58 99
36 5
11 13
94 63
10 17
24 61
71 67
54 30
63 52
38 61
79 3
59 90
41 93
66 79
58 88
25 9
32 81
20 71
97 98
66 17
21 62
78 12
93 79
98 40
73 81
11 66
85 41
56 82
74 60
65 79
57 24
81 46
40 55
80 94
19 3
91 6
92 78
36 96
43 27
8 27
57 77
3 12
31 17
83 76
8 92
88 79
1 79
36 5
92 46
10 90
6 51
47 63
41 49
69 10
16 37
55 16
60 77
96 17
54 0
9 90
96 23
61 91
6 85
66 38
14 66
19 40
34 71
97 3
31 23
