59 57
2 34
32 63
12 70
14 39
36 67
94 81
96 92
97 33
14 82
53 3
75 14
85 23
10 36
48 45
5 10
36 30
65 13
14 81
36 13
66 61
23 35
8 57
41 82
11 55
88 96
21 63
28 82
82 56
24 24
8 57
0 59
2 12
91 65
57 0
97 11
85 72
12 34
39 98
17 88
11 30
69 48
73 57
64 49
85 9
26 82
12 53
59 55
36 91
13 83
80 19
20 35
58 96
55 23
52 74
19 93
59 18
60 82
48 45
15 23
13 52
92 88
63 47
30 24
59 55
48 0
21 8
19 40
19 2
9 67
48 5
10 19
51 11
56 4
84 1
65 34
24 61
6 64
32 69
35 68
87 14
90 27
89 52
43 3
24 29
92 34
88 10
95 3
43 65
65 0
76 27
96 6
11 66
15 90
7 42
53 40
67 67
95 81
89 73
16 54
