10 92
72 72
1 82
82 22
89 92
49 10
4 96
75 12
4 82
13 63
79 14
87 76
27 3
35 12
86 24
41 95
0 84
81 27
70 80
31 97
56 26
65 16
19 68
74 64
95 17
14 14
93 51
21 66
14 49
59 13
31 79
45 12
80 0
17 17
90 24
20 99
39 6
88 45
41 14
90 25
49 29
6 42
11 95
41 65
26 74
70 96
14 31
93 38
46 82
64 15
84 81
57 85
95 65
45 60
82 31
59 11
37 46
42 90
9 86
47 31
94 76
72 24
68 82
16 88
67 33
58 0
10 80
59 59
9 56
45 58
97 98
61 16
74 99
29 26
70 20
26 79
59 94
27 57
17 90
30 12
74 6
17 85
62 91
0 91
31 26
49 77
1 94
48 49
16 7
39 81
36 38
58 61
51 40
82 3
83 44
92 46
7 6
9 51
16 99
83 25
