65 70
72 77
45 68
40 13
63 39
40 64
27 76
70 25
16 16
65 92
18 55
85 89
89 9
94 6
73 56
79 43
80 53
68 89
89 40
70 18
28 96
87 66
16 21
15 41
56 10
3 23
2 19
54 28
60 49
12 35
92 48
29 1
3 10
19 54
69 2
53 16
85 65
44 88
5 61
22 4
92 69
2 64
77 64
39 5
51 4
39 3
43 36
63 26
93 86
94 6
77 18
89 93
83 8
74 51
22 76
81 78
22 88
7 95
40 63
74 44
56 3
9 31
51 55
96 94
87 50
1 93
54 96
61 37
37 23
60 56
44 35
46 48
82 59
45 80
27 14
5 37
83 39
88 19
3 2
41 51
14 56
91 36
74 80
57 27
11 70
34 20
91 75
67 13
9 75
73 48
39 46
97 49
82 78
16 61
32 77
12 45
92 10
6 60
88 87
38 16
