14 28
0 4
88 37
49 72
92 56
76 18
73 77
32 97
68 53
15 93
88 77
78 17
57 82
77 51
75 46
86 3
47 62
31 24
12 52
51 21
43 43
76 74
76 12
18 14
4 96
43 50
19 24
74 70
17 3
27 19
5 63
25 80
37 42
73 30
96 78
36 32
92 24
3 40
48 52
96 52
86 92
70 71
56 5
92 96
41 38
80 25
22 49
2 61
16 60
70 97
0 33
51 33
11 30
31 34
36 81
58 61
34 23
14 87
22 36
17 34
87 30
78 71
94 83
17 61
43 60
90 0
23 9
10 30
31 84
61 43
45 43
42 16
31 5
29 55
70 60
75 57
32 4
85 29
89 53
17 39
58 74
42 70
52 8
89 39
90 56
9 58
42 12
42 55
34 9
19 14
7 15
17 57
57 25
0 56
64 91
42 44
45 35
29 37
0 11
34 53
