30 79
9 55
23 7
23 81
92 29
8 57
89 16
65 84
39 6
22 89
95 95
53 36
33 96
87 2
45 26
87 33
96 87
79 52
25 10
63 81
59 85
81 34
14 52
0 5
97 21
44 97
66 59
1 18
43 76
68 95
67 42
87 30
30 51
65 83
37 52
12 50
99 98
96 44
78 59
73 85
31 83
45 4
51 20
2 58
49 40
4 32
6 72
19 14
36 83
48 18
88 45
14 90
82 55
78 91
62 0
56 45
39 6
53 47
36 97
19 62
1 37
26 17
99 48
69 71
55 0
74 98
34 77
86 41
33 32
37 67
51 33
70 37
79 14
32 83
46 98
37 40
2 19
50 51
45 19
21 68
12 75
85 0
52 87
72 21
57 97
35 71
95 18
48 68
87 89
45 56
17 26
72 56
23 80
83 96
91 91
79 40
71 77
39 45
21 14
71 23
