48 43
86 59
5 3
90 96
39 46
78 45
8 23
90 47
45 24
73 64
26 18
84 45
52 68
65 77
8 12
50 20
58 81
63 1
96 9
84 92
61 97
25 39
72 27
20 93
92 90
26 64
18 58
40 46
47 91
7 92
32 42
96 42
52 22
7 78
12 94
45 18
32 64
12 31
83 12
58 94
0 35
91 85
9 68
3 22
31 30
90 61
83 31
68 82
67 63
44 30
84 84
64 41
20 75
80 69
80 69
85 95
24 41
46 74
67 60
78 22
70 62
70 95
31 59
52 41
45 44
54 82
23 14
16 23
17 12
30 4
58 53
52 44
44 26
38 3
22 19
79 87
95 58
27 27
7 22
36 85
99 61
31 78
49 95
54 30
85 85
76 82
87 4
51 60
85 48
70 41
96 59
17 38
17 25
90 86
52 36
37 69
61 64
81 49
76 17
49 8
