51 10
92 94
99 13
25 83
26 98
83 86
49 30
65 74
85 43
23 73
91 35
82 77
93 51
28 91
92 45
17 55
12 43
62 34
85 32
51 74
12 81
25 70
70 9
73 74
80 91
93 51
42 1
31 57
96 82
14 7
22 93
51 46
92 88
78 82
40 53
97 29
94 85
63 49
12 31
95 48
72 59
66 76
48 32
17 60
39 62
61 10
35 51
28 98
90 21
19 28
58 12
83 68
56 36
79 46
20 40
85 92
69 38
30 0
43 63
24 10
9 92
97 30
33 44
41 36
28 70
61 37
61 62
60 56
49 34
40 61
69 91
68 86
80 52
55 10
58 60
49 54
81 32
92 88
3 92
26 83
16 88
7 72
23 46
72 29
65 11
52 49
91 46
0 53
33 85
4 26
6 91
2 86
40 21
54 80
49 98
0 98
17 29
79 50
6 5
68 26
