42 93
0 77
24 91
91 58
98 41
82 90
50 35
81 17
24 54
81 29
78 51
35 97
25 1
32 75
60 17
30 94
69 4
78 49
38 27
2 29
26 43
37 50
1 61
87 60
58 70
90 10
6 65
83 37
9 61
62 71
13 80
68 76
96 16
32 67
58 27
66 15
86 51
94 74
17 48
45 94
37 15
76 32
34 31
35 95
69 93
58 59
19 95
2 10
31 42
68 83
49 30
65 0
12 12
3 49
87 15
90 18
86 84
17 34
17 9
21 24
29 35
2 26
51 95
53 40
27 40
55 39
67 65
5 61
49 9
86 74
18 97
53 12
67 24
82 65
48 92
90 9
29 14
0 75
51 46
22 75
85 42
16 79
93 58
28 88
36 45
78 99
61 86
87 87
29 0
47 20
64 95
97 31
43 98
75 1
23 46
33 83
24 52
29 85
22 2
13 32
