25 14
3 18
24 16
38 85
41 54
83 25
44 2
88 71
39 61
48 67
39 51
83 25
88 10
6 85
89 35
27 21
96 46
77 40
92 7
59 47
28 43
24 20
64 25
84 2
74 50
14 47
97 61
72 14
86 61
75 20
11 20
87 66
29 93
69 6
29 86
23 27
93 3
50 67
48 98
42 42
69 89
77 25
2 81
12 9
68 21
38 71
49 44
90 89
80 52
33 34
63 42
78 15
49 1
68 9
28 75
56 74
17 40
10 97
57 35
79 95
15 84
71 7
44 24
30 8
67 49
7 7
33 74
41 4
2 35
8 58
91 84
46 90
14 25
56 6
77 11
87 76
85 41
68 61
23 26
69 20
60 14
17 75
92 8
17 18
0 16
78 88
67 8
19 42
10 60
77 11
4 37
3 65
5 69
6 9
91 82
28 85
18 17
14 1
35 81
11 47
