85 68
14 1
32 11
42 11
42 63
70 30
86 48
3 89
27 89
90 93
0 70
59 65
22 10
77 35
88 14
52 5
15 17
54 41
68 63
4 82
91 46
36 13
28 58
69 2
36 15
36 12
85 25
53 23
7 73
46 56
35 95
83 72
86 88
1 74
72 58
72 58
37 50
62 91
87 92
44 7
51 76
44 33
70 45
97 25
50 66
28 92
9 58
36 56
95 57
27 49
48 31
32 54
57 24
6 28
60 11
43 0
91 86
23 36
55 60
66 39
88 21
7 81
99 10
66 54
32 97
89 71
83 5
48 70
87 91
86 38
3 24
58 47
66 61
91 12
25 52
79 98
52 21
94 16
15 61
24 7
21 87
58 17
76 73
49 45
45 25
16 77
14 54
28 29
57 72
77 94
60 24
68 72
16 97
31 53
40 14
56 65
75 98
23 91
73 41
18 24
