34 22
4 4
9 7
93 92
21 17
7 94
92 94
6 52
9 54
7 91
57 79
31 50
14 64
89 17
49 23
63 60
30 12
18 28
5 15
50 16
68 66
54 32
9 54
26 73
44 54
29 97
69 45
33 52
49 83
17 41
90 70
69 40
10 42
42 52
63 32
88 67
11 97
4 12
18 70
10 50
85 14
94 23
77 53
84 28
75 51
98 35
19 26
44 50
76 51
45 33
19 41
58 95
75 83
4 28
51 13
9 42
2 38
94 14
59 31
48 51
52 19
51 35
63 99
36 99
90 92
60 39
62 65
51 83
35 72
59 28
94 71
47 31
44 75
90 77
45 93
99 86
83 50
16 62
83 68
96 24
45 90
28 28
92 80
71 97
92 66
23 71
91 23
43 61
33 40
81 32
72 22
50 78
89 95
37 46
4 71
66 56
90 4
90 27
15 83
9 24
