41 17
55 7
97 73
95 19
31 7
17 90
8 79
60 97
47 19
67 79
30 80
68 66
5 44
19 96
33 23
11 43
1 25
44 25
14 10
47 18
41 74
60 7
24 26
79 11
12 70
68 90
24 80
64 98
37 49
85 65
78 14
4 21
2 22
39 10
11 91
70 52
9 31
73 86
99 37
87 33
23 18
3 8
77 40
75 1
16 63
21 42
74 81
7 60
55 92
56 61
86 78
20 49
57 73
7 74
83 32
37 90
55 25
93 54
51 78
81 23
81 62
42 86
35 82
12 47
66 41
20 62
37 54
71 65
9 99
21 70
28 45
59 57
81 16
84 41
58 21
22 56
12 74
22 96
48 22
95 18
99 27
36 8
23 54
96 2
58 79
98 75
9 15
25 2
57 10
81 66
62 25
98 74
35 21
9 3
1 57
63 85
28 54
81 55
37 51
56 84
