23 9
69 8
65 61
14 94
61 3
59 4
2 1
97 45
90 10
88 1
22 11
45 34
16 75
33 33
67 22
31 95
44 42
39 99
57 19
80 41
2 27
44 26
74 3
70 85
96 0
77 60
55 70
41 24
34 66
40 65
33 3
38 66
71 68
48 86
82 65
18 4
47 55
31 94
45 44
73 31
28 28
72 50
99 71
79 0
51 90
74 26
16 35
19 30
38 31
37 27
59 4
17 15
64 58
81 28
88 96
2 67
27 73
26 72
5 83
81 31
29 59
40 86
2 98
4 53
72 17
73 4
47 13
35 54
27 34
93 64
52 29
10 19
79 4
72 73
0 34
65 70
51 29
81 59
33 89
14 17
38 33
50 47
67 73
67 86
2 35
87 31
20 53
1 47
51 91
64 77
63 27
6 43
23 50
79 56
31 89
64 81
27 87
1 70
51 17
24 72
