94 66
22 50
48 1
4 48
49 71
14 85
63 14
92 48
61 83
79 60
40 27
69 57
82 55
24 34
87 82
92 91
14 31
88 42
86 63
53 77
94 31
15 94
55 29
16 40
75 39
38 41
79 31
90 62
25 29
72 32
62 67
35 70
2 12
97 90
31 54
92 75
14 23
38 83
4 10
96 35
34 55
74 94
5 50
20 70
55 92
15 31
75 83
28 60
95 92
67 66
21 61
17 34
1 94
94 63
19 12
73 5
40 10
24 94
2 44
48 5
80 20
0 12
70 69
78 83
5 6
4 47
56 39
83 34
67 22
74 28
46 53
28 92
58 7
52 90
81 57
48 43
33 81
81 92
37 81
56 58
6 35
50 21
67 50
34 95
42 40
68 20
42 88
23 86
56 10
12 17
89 38
42 43
96 20
84 45
61 94
51 1
67 12
27 16
52 3
14 98
