53 93
14 77
58 91
81 11
69 63
54 68
55 31
57 87
58 91
49 37
3 26
32 34
68 11
1 0
5 10
22 51
58 51
31 81
42 48
62 28
40 40
41 25
73 89
31 20
60 67
11 33
11 14
94 59
2 14
36 62
31 83
91 99
86 94
3 52
26 59
88 83
71 51
85 44
59 60
97 31
67 28
23 0
37 0
91 48
75 70
73 48
90 53
66 72
25 88
68 48
23 96
24 26
35 97
81 63
5 50
27 22
14 66
71 19
74 6
36 7
96 94
25 75
91 88
71 63
34 78
29 20
21 25
61 28
90 20
86 14
80 2
33 5
11 56
35 44
61 89
83 14
90 48
42 49
50 44
29 5
68 8
22 21
96 0
72 93
0 76
75 73
39 68
18 56
4 28
3 58
70 30
46 5
68 0
76 76
95 78
73 67
18 18
33 4
5 22
93 14
