87 25
59 30
56 15
13 94
75 85
17 58
31 75
32 26
87 73
88 67
0 89
36 98
7 68
21 73
97 94
78 41
99 32
14 74
30 83
42 23
92 0
58 5
41 79
95 77
97 76
84 42
32 72
75 70
62 58
26 19
2 4
42 42
97 14
81 68
36 27
78 50
11 86
31 49
49 90
1 51
54 47
13 21
20 99
88 42
28 26
53 9
79 39
58 81
31 29
76 5
80 51
90 89
78 22
60 41
63 51
35 40
5 15
43 59
52 92
18 56
15 20
41 98
38 9
26 59
73 69
95 31
33 33
64 19
51 58
50 40
43 90
14 92
5 23
86 78
24 40
83 54
6 59
39 88
16 48
70 73
75 4
80 34
80 36
33 71
20 88
19 1
9 20
83 48
10 44
67 49
80 86
16 9
53 8
14 13
32 6
63 86
30 40
94 86
5 36
30 83
