59 44
57 96
21 36
24 19
74 79
7 71
75 27
37 90
51 67
69 43
88 27
36 77
89 10
51 98
31 72
75 42
58 63
66 58
37 87
37 96
40 81
20 37
86 76
99 45
78 97
72 59
63 7
74 26
16 20
66 93
51 5
40 10
53 67
77 32
23 47
99 99
87 99
86 53
86 6
83 89
86 14
0 11
37 88
3 82
80 96
53 63
92 85
2 14
71 83
74 36
12 16
72 31
58 77
19 11
50 25
66 62
85 12
77 67
71 54
94 39
41 89
35 6
31 11
5 71
22 99
75 74
36 48
64 90
90 14
26 84
24 88
18 13
49 41
26 45
9 64
45 14
85 96
70 28
54 81
75 49
75 41
3 15
28 37
41 65
28 59
5 17
6 98
24 6
69 54
0 52
96 96
48 61
82 86
58 58
71 82
0 83
54 3
17 51
96 44
55 72
