38 2
83 76
57 36
93 33
6 93
67 79
25 47
62 87
89 85
99 88
42 25
7 30
48 48
16 43
75 63
99 86
28 25
81 30
85 59
9 37
77 88
59 93
56 12
11 4
94 92
54 6
8 18
11 83
51 5
31 82
96 60
46 43
15 16
89 57
12 49
22 89
57 50
68 88
29 91
42 55
16 33
38 23
11 73
24 51
77 13
63 55
88 5
46 20
33 37
90 21
41 4
32 12
76 97
16 54
59 3
57 79
1 11
16 0
42 81
29 45
23 81
43 35
78 3
15 77
33 99
99 85
75 23
98 3
62 88
23 89
44 12
88 22
88 0
39 52
76 63
16 2
69 2
84 78
99 1
2 61
1 9
9 79
47 48
7 54
48 76
41 26
61 63
80 42
24 28
62 82
42 99
94 62
71 31
37 22
9 10
20 15
81 53
27 15
3 71
13 0
