74 54
25 50
71 23
16 41
40 23
71 69
51 61
62 98
68 79
82 55
9 22
76 62
38 6
89 50
36 57
91 75
45 91
84 6
41 89
22 49
53 97
31 89
2 56
87 75
26 84
53 44
93 42
36 19
78 52
52 71
49 71
61 36
99 91
52 8
13 24
44 98
68 80
69 27
49 75
43 12
28 93
83 92
76 9
0 39
45 41
80 49
2 79
57 27
51 82
92 34
67 85
87 10
23 63
71 34
99 41
15 40
68 92
69 45
89 98
12 39
25 91
36 70
66 84
69 83
60 52
29 92
0 96
63 37
49 0
9 33
58 74
39 33
48 0
10 8
19 54
34 96
93 50
60 59
81 61
96 89
57 64
8 92
26 72
93 59
62 90
59 53
56 59
56 36
57 41
58 71
39 49
24 23
16 39
60 43
76 84
83 69
99 77
85 5
75 16
16 92
