32 23
14 53
59 77
81 55
12 18
3 53
75 65
54 42
43 28
23 77
50 65
43 88
79 90
55 36
73 99
86 29
54 53
57 20
73 72
9 89
49 22
20 50
37 38
27 32
42 75
34 49
48 71
20 36
59 14
96 9
38 18
29 62
59 46
39 96
34 22
96 29
89 80
53 13
76 28
31 78
2 67
18 52
1 82
15 56
35 29
71 91
54 25
81 8
18 99
55 67
18 65
73 17
48 73
16 48
13 98
51 15
28 8
77 16
69 31
51 81
21 23
69 49
55 39
41 50
55 35
82 47
64 21
78 37
76 84
74 9
51 91
18 49
44 12
74 40
76 63
97 41
46 10
2 93
92 81
4 49
75 0
65 28
39 95
1 67
0 55
46 30
59 92
4 15
29 44
23 74
29 84
92 84
4 60
0 48
78 24
1 49
12 82
76 87
51 94
33 22
