34 53
88 89
84 75
28 58
69 80
11 57
58 19
62 13
15 61
60 73
67 68
34 9
40 22
79 63
45 70
55 67
14 47
63 70
5 57
96 81
78 64
54 64
37 84
90 60
77 9
71 69
72 42
79 13
83 71
90 71
43 31
62 80
45 86
97 24
58 10
76 42
99 21
63 56
34 90
69 10
35 60
53 56
69 34
86 11
27 4
11 88
31 84
46 13
38 44
54 16
78 40
64 49
49 36
93 23
0 48
24 86
24 34
62 74
55 24
44 74
35 65
30 54
96 66
91 40
52 56
89 85
34 13
58 75
0 10
46 29
2 62
7 74
70 85
12 18
49 66
97 64
22 26
27 55
18 12
87 51
93 56
16 24
85 77
62 31
77 85
10 54
1 91
2 78
37 73
28 56
39 15
40 35
11 64
9 9
74 15
92 24
49 81
42 27
59 55
28 42
