3 65
67 8
0 22
22 49
8 82
59 48
94 96
8 21
46 31
71 23
38 19
10 36
82 4
47 23
59 14
46 78
30 77
83 27
27 25
60 39
71 68
13 84
76 52
65 68
29 21
78 66
52 69
17 60
75 70
69 81
89 66
1 95
39 72
55 34
63 89
8 19
63 89
53 3
60 24
11 81
27 38
92 59
78 89
28 63
86 13
31 96
22 27
91 61
4 45
89 89
68 37
39 25
10 42
59 93
30 68
25 57
40 65
91 77
77 1
36 46
78 82
19 59
24 77
11 32
41 21
39 45
13 32
14 10
45 89
31 48
28 37
10 38
1 1
40 19
66 87
28 57
18 8
65 80
53 99
56 51
17 45
27 3
41 64
6 69
88 70
57 69
41 10
73 15
0 59
54 44
79 59
46 12
96 48
91 81
36 3
65 25
27 64
17 76
39 44
23 87
