64 6
70 34
66 33
14 22
80 12
11 18
0 26
83 16
94 44
55 94
99 18
70 0
13 17
34 99
87 96
14 68
87 80
90 38
38 87
0 39
46 27
25 79
0 17
49 11
55 63
99 35
11 56
56 49
36 31
86 68
76 62
70 66
33 9
16 59
85 59
51 20
38 92
62 15
58 43
6 3
19 45
84 25
57 24
63 85
39 59
5 14
99 49
75 60
2 21
27 18
58 3
74 88
37 9
79 25
64 49
90 83
23 42
34 66
60 7
47 5
39 74
5 86
31 96
7 9
90 70
83 4
54 13
82 4
87 94
72 75
95 33
98 20
23 68
41 9
69 34
45 93
11 9
71 29
15 14
14 97
36 62
12 37
12 13
4 14
4 31
27 87
4 90
63 34
24 49
70 80
31 32
62 27
10 11
35 22
49 40
64 91
81 73
11 21
90 58
58 69
