1 95
10 1
79 77
64 88
6 22
31 15
51 9
60 19
25 71
78 94
75 14
97 7
47 71
92 33
86 20
44 50
92 77
64 44
98 94
88 25
29 12
63 71
68 12
91 37
17 72
47 47
47 2
94 53
0 3
86 4
71 66
79 18
90 60
36 90
36 25
17 8
41 48
24 46
97 29
18 44
48 74
64 7
17 63
71 90
28 67
90 57
1 81
71 97
41 67
63 0
20 5
88 71
39 70
44 84
70 98
92 37
11 31
81 93
43 73
6 60
12 62
57 2
55 4
16 81
11 5
12 88
17 19
54 62
96 5
42 31
21 21
2 27
61 31
60 65
34 82
38 87
13 87
46 14
10 98
37 33
29 39
74 34
38 68
94 80
85 8
25 22
12 31
44 90
92 5
18 98
70 57
81 55
30 41
74 9
66 99
70 16
17 24
59 46
87 74
26 36
