54 93
10 35
12 26
17 87
70 2
95 47
85 64
52 94
46 3
78 48
75 71
41 93
78 61
95 71
56 86
7 22
61 3
36 33
91 20
43 90
60 18
3 54
52 16
57 46
31 98
37 4
31 83
83 6
67 21
28 94
83 18
42 88
65 46
1 28
54 28
77 39
20 71
17 64
82 29
63 47
12 46
12 97
20 44
92 99
86 49
27 4
63 76
87 51
7 80
53 5
94 33
77 11
29 73
54 64
91 1
71 69
61 79
39 80
47 96
66 8
48 60
85 76
38 4
2 78
16 88
66 99
96 37
94 80
33 40
2 12
39 95
84 60
5 44
23 89
59 23
84 34
54 80
83 10
38 7
99 82
1 60
18 98
69 27
94 95
22 93
50 11
28 28
40 62
3 49
8 43
32 12
76 69
76 76
96 72
7 4
70 9
33 27
50 0
91 93
54 66
