72 85
6 92
97 3
81 62
50 7
72 88
29 48
60 9
3 31
4 75
99 87
97 28
89 60
4 48
39 19
70 67
26 71
7 27
77 52
15 10
52 41
99 81
42 12
97 97
57 25
3 71
87 75
20 2
87 98
20 91
56 25
9 55
83 3
47 75
64 74
63 28
69 16
59 85
45 58
62 66
79 67
75 54
15 85
46 4
4 8
79 73
50 88
38 51
82 22
1 96
28 96
39 66
51 97
3 30
93 49
97 99
4 16
81 29
83 20
63 65
4 41
31 88
89 7
39 95
47 72
26 92
24 50
85 53
33 62
7 24
21 69
88 84
93 37
43 3
66 87
54 95
31 45
0 31
98 96
19 63
32 91
83 63
50 0
88 1
92 52
17 90
20 46
27 77
66 75
95 51
75 60
47 98
95 52
67 65
92 85
21 44
39 52
43 1
65 47
30 89
