46 21
86 75
97 76
54 77
37 60
35 8
18 1
46 51
18 50
14 34
54 69
41 19
34 67
74 55
79 95
55 83
80 98
57 0
17 42
8 24
54 18
11 29
29 92
72 90
7 82
95 74
93 0
89 1
5 92
58 63
28 44
86 97
88 79
4 1
62 65
52 43
47 12
28 98
37 21
24 86
10 47
34 79
56 59
55 20
80 98
57 50
24 91
2 16
45 53
47 98
25 55
5 23
60 98
91 40
87 78
1 4
45 80
76 93
54 63
90 69
7 71
29 52
23 23
97 68
39 11
1 28
20 18
66 2
70 88
4 72
45 48
74 20
40 49
99 99
44 53
81 10
83 74
90 90
90 31
72 50
70 38
96 63
29 70
94 86
89 91
95 43
72 42
58 92
82 2
29 6
4 91
44 18
63 12
51 7
30 7
69 57
60 80
85 53
97 39
30 88
