44 66
3 30
59 50
58 62
91 25
47 31
39 27
51 14
53 77
88 95
8 12
71 89
0 48
8 71
65 98
72 46
24 77
40 49
69 22
95 77
73 64
93 80
73 29
57 74
40 36
24 73
12 20
89 95
97 75
68 1
21 54
35 8
13 24
52 42
11 88
15 79
85 67
57 1
77 95
23 72
18 11
92 30
70 65
74 92
96 35
63 55
89 93
1 99
20 18
30 81
17 3
25 20
4 58
62 4
39 75
50 28
86 34
74 44
38 45
60 5
6 97
43 43
72 98
64 71
74 17
43 84
38 56
90 64
13 15
72 45
13 34
92 7
30 82
78 96
56 6
42 94
16 90
88 62
22 25
70 76
5 60
16 79
88 17
4 85
59 46
63 98
57 41
94 42
87 78
66 39
39 25
31 26
16 25
2 43
75 98
98 10
55 58
53 20
49 20
81 70
