35 35
42 12
12 68
19 46
81 6
41 69
98 3
8 83
57 84
69 36
91 57
83 96
79 17
41 98
78 43
51 22
0 79
73 85
20 8
78 52
61 49
84 62
67 89
97 75
18 43
30 55
90 46
51 67
61 32
96 10
88 75
79 54
45 24
35 55
2 21
70 30
82 64
2 83
92 19
9 6
75 32
42 48
98 84
95 3
22 73
14 0
15 1
53 33
1 19
95 82
72 55
22 58
14 29
35 97
83 64
18 49
10 9
47 45
45 28
5 93
80 43
5 68
42 47
79 88
95 66
83 66
69 89
5 51
42 42
24 32
52 92
23 16
92 50
27 91
21 55
29 22
63 5
0 21
58 22
78 19
97 90
87 36
0 12
73 27
56 39
31 63
52 32
34 45
42 79
60 43
96 16
36 1
29 49
52 16
60 65
41 98
30 31
9 6
82 13
73 42
