6 58
30 7
5 72
88 62
37 68
21 99
94 61
92 32
40 3
78 77
50 87
19 15
74 95
55 8
96 10
8 24
53 86
98 44
3 23
49 26
87 42
51 3
84 54
22 54
16 36
61 88
95 57
26 3
71 90
65 15
23 28
26 78
45 34
82 84
65 74
49 96
21 5
18 71
41 46
51 64
69 68
85 91
61 72
75 27
59 71
94 59
17 27
52 58
25 42
89 35
17 82
40 69
0 91
9 78
52 40
32 66
85 72
31 26
77 84
69 82
84 27
90 54
72 67
39 61
7 72
66 12
44 62
15 33
45 13
2 83
57 10
90 18
38 53
95 46
71 68
38 64
2 95
75 27
79 85
22 66
3 97
20 85
37 97
40 24
99 4
14 94
10 56
53 73
32 93
92 2
17 82
19 64
24 35
91 23
36 92
2 45
55 51
5 17
29 2
96 90
