41 72
52 15
75 19
88 90
7 62
99 79
64 25
39 22
11 10
80 17
90 39
33 89
93 67
5 62
50 7
86 53
75 5
20 94
82 11
16 50
60 52
57 88
5 12
73 26
12 4
81 19
25 85
45 67
65 82
86 83
5 32
96 64
11 5
75 25
54 9
30 99
46 1
53 84
58 83
74 86
74 93
9 34
11 75
45 17
23 66
11 35
85 72
7 17
62 52
55 1
66 5
96 87
1 53
89 15
52 52
95 68
56 37
47 66
57 46
5 93
52 37
56 44
48 90
25 15
2 76
56 42
65 17
36 38
80 28
12 94
87 46
43 30
12 65
11 42
83 94
23 97
37 94
43 21
21 10
64 29
73 79
58 8
66 19
75 47
39 21
44 95
43 94
17 18
77 70
69 24
32 89
88 69
10 80
40 24
79 46
23 5
21 18
91 50
41 74
10 12
