45 4
84 73
91 33
61 34
24 54
91 28
70 31
14 45
29 40
46 99
18 83
98 44
64 13
54 63
43 34
3 83
47 64
99 52
98 65
96 58
74 69
32 32
7 7
92 44
63 99
65 91
29 9
92 37
52 61
42 60
59 52
31 12
18 99
56 24
23 85
36 58
12 98
41 92
40 53
37 0
75 99
44 18
90 94
15 48
4 9
93 91
18 54
64 61
95 33
58 34
30 42
23 29
17 1
5 77
71 3
32 0
32 40
97 51
45 75
25 94
14 17
84 10
17 17
46 51
12 1
33 38
8 91
54 41
91 17
67 55
28 76
1 18
53 47
4 34
7 32
69 81
58 14
19 36
81 34
44 92
89 44
48 57
17 80
30 75
38 61
80 12
92 49
93 74
15 43
47 66
77 25
83 89
73 84
59 96
48 86
51 35
20 12
65 31
94 14
90 22
