3 72
0 33
25 81
41 87
69 19
69 24
43 10
27 77
6 61
92 5
96 85
54 13
99 27
18 85
36 54
62 2
18 58
65 39
85 13
26 4
90 51
96 92
98 30
26 64
47 73
23 83
38 33
81 35
60 35
21 28
94 33
99 23
14 59
4 48
77 3
95 47
23 72
60 46
18 8
59 17
32 3
13 24
74 72
14 87
33 32
11 22
29 51
95 92
86 11
33 66
16 86
23 6
17 35
18 75
80 87
51 12
53 45
36 39
23 24
69 72
17 35
38 31
68 9
39 55
89 20
41 56
23 62
5 31
9 92
66 64
83 84
69 4
13 44
80 50
63 88
78 22
3 66
55 31
19 27
68 60
38 61
79 38
63 85
2 30
95 71
68 43
16 10
61 90
40 41
89 92
38 25
60 31
98 25
17 87
33 23
65 60
4 54
91 60
83 4
38 97
