12 93
85 42
53 92
53 7
37 63
53 70
21 97
83 89
75 86
0 55
26 45
74 18
22 59
46 74
28 22
65 73
89 87
69 14
53 41
33 21
75 6
1 14
52 65
72 32
70 47
18 86
62 40
20 69
23 4
75 92
16 51
86 65
97 49
8 63
45 74
87 24
92 65
78 30
79 35
58 13
80 30
76 96
7 4
86 31
19 54
99 5
36 65
73 12
7 40
18 40
94 9
2 66
25 44
56 97
2 97
76 76
5 60
90 87
59 96
17 67
19 82
70 34
84 81
62 84
21 69
83 36
24 80
92 55
32 65
24 1
50 6
75 41
68 38
76 92
17 7
44 3
96 98
95 23
47 7
18 44
4 79
46 29
18 69
96 29
1 24
82 95
23 34
20 46
0 93
12 53
20 34
61 57
38 61
23 44
69 31
14 11
82 23
48 16
19 74
0 82
