76 53
2 23
74 37
13 71
13 62
32 71
32 39
66 37
28 3
14 74
14 95
86 40
99 56
40 48
5 43
79 64
62 91
84 42
1 72
70 64
55 32
63 87
82 1
38 91
92 41
91 58
39 75
2 49
76 43
61 77
27 69
29 96
30 59
72 93
31 65
4 1
61 58
24 45
42 15
2 96
72 59
80 78
4 27
48 31
56 48
18 97
68 31
3 44
68 83
95 23
34 18
57 70
19 40
7 65
63 95
35 43
79 97
82 54
79 48
56 25
72 52
82 24
58 52
31 82
11 90
1 57
26 1
65 31
15 29
93 71
31 65
61 72
92 82
87 31
56 4
84 55
54 16
2 19
34 20
12 81
25 49
76 92
43 36
99 25
8 46
15 97
57 90
2 45
45 54
73 99
63 86
24 99
69 82
52 20
97 59
93 76
98 70
5 34
7 5
26 19
