95 3
90 83
23 21
70 30
90 17
23 39
60 92
22 32
41 62
34 60
40 35
41 77
97 1
7 23
62 91
88 40
33 6
36 32
92 86
32 89
96 85
72 27
79 91
88 28
64 10
82 19
2 68
78 3
55 12
8 39
82 46
62 53
71 60
97 39
17 7
97 48
49 24
51 89
47 32
18 76
59 26
71 12
44 70
12 84
75 41
90 6
73 44
62 23
17 91
74 55
52 19
19 74
7 85
93 95
90 7
54 75
44 73
59 1
50 51
95 77
43 70
22 60
97 44
83 62
69 74
0 28
11 37
92 22
35 16
82 63
5 19
77 43
90 43
88 98
15 26
88 25
99 4
21 70
16 82
27 53
30 36
76 12
80 89
35 19
1 25
73 10
3 7
60 13
55 9
35 67
66 85
61 75
93 29
72 25
11 37
64 77
97 90
56 9
32 25
61 54
