59 26
64 24
0 98
33 86
52 29
97 93
12 69
23 45
58 62
40 98
26 84
84 5
0 85
98 16
26 22
30 97
2 38
53 17
46 28
32 42
24 73
78 89
54 24
46 91
0 31
55 76
46 5
54 51
84 1
76 39
57 42
0 33
98 14
89 37
2 2
15 56
74 81
38 2
66 35
88 72
84 3
49 93
28 56
94 31
49 46
95 85
15 22
5 58
2 37
30 13
71 90
20 95
60 62
90 74
41 51
13 87
52 18
61 74
56 75
6 62
22 36
50 97
94 41
46 80
25 73
98 85
32 67
41 21
70 86
39 38
44 55
31 62
31 85
11 71
9 12
39 30
98 7
97 18
50 97
74 43
54 40
28 13
52 62
48 21
29 83
32 8
71 41
24 80
18 39
35 9
54 43
23 61
7 70
4 91
47 10
74 95
5 55
61 4
65 17
50 2
