38 94
13 10
1 66
24 90
35 74
36 78
8 84
13 26
91 13
5 80
51 45
68 4
64 50
15 99
11 23
8 54
79 65
10 91
84 79
68 99
9 40
96 30
75 84
35 15
73 33
35 62
24 89
10 35
8 19
8 69
79 16
10 16
80 21
78 51
83 99
2 68
32 80
17 91
41 68
51 8
89 37
26 51
52 10
25 42
0 52
81 46
37 85
26 55
59 60
28 78
89 34
15 77
67 2
38 85
75 84
5 20
94 17
20 13
97 24
87 20
21 18
93 79
35 54
99 27
62 98
67 80
72 74
87 21
65 12
53 26
58 9
81 79
85 57
46 47
56 37
45 35
93 69
9 0
81 96
43 91
96 19
64 58
91 58
11 23
85 91
39 76
57 82
63 59
29 1
7 76
41 80
30 83
8 61
20 84
87 81
55 70
52 66
93 80
59 73
66 76
