25 1
22 24
46 28
88 94
57 0
29 73
29 66
42 28
52 71
51 21
74 60
84 1
5 24
36 50
38 56
80 20
18 46
31 77
63 31
76 5
93 40
86 79
16 42
1 13
95 14
75 15
59 81
55 9
83 24
39 8
17 12
78 35
82 36
81 0
89 51
6 34
69 3
54 22
81 77
36 81
93 42
56 48
49 54
51 83
87 85
41 64
76 84
73 62
97 23
58 64
67 15
52 59
0 57
95 22
52 0
19 30
89 0
73 75
89 34
18 0
41 79
37 48
74 85
3 32
30 41
13 93
71 84
36 94
96 34
71 44
63 85
65 71
36 77
87 65
12 25
21 31
18 18
50 58
66 13
80 84
90 98
2 99
94 87
6 29
42 24
59 32
89 61
33 34
25 33
79 18
85 95
37 45
12 84
77 47
4 91
63 59
63 54
4 34
90 63
91 35
