26 88
40 39
0 78
18 43
76 11
58 39
39 35
92 11
12 93
64 67
28 69
86 0
10 58
42 72
29 28
48 81
0 64
78 24
17 61
9 75
43 79
7 27
81 83
53 77
40 9
57 98
13 55
69 23
53 67
4 56
0 66
92 53
92 17
61 69
8 14
13 57
39 63
33 95
0 67
43 83
70 27
74 30
35 26
41 79
71 73
69 99
64 18
75 48
99 7
23 93
57 31
9 85
70 80
55 4
41 99
49 68
94 95
88 28
25 16
53 11
91 78
87 21
29 79
18 26
35 62
35 34
31 37
46 44
69 4
87 56
52 73
11 6
29 9
81 70
18 33
15 2
45 64
43 59
84 70
47 6
39 86
51 22
2 4
17 97
67 7
3 43
85 9
86 46
69 14
99 22
99 3
26 45
62 95
46 86
54 73
33 55
3 37
47 85
75 72
92 26
