65 65
29 0
78 36
98 27
67 31
12 59
75 9
72 33
48 84
17 87
65 8
57 15
78 74
25 84
6 57
48 90
3 41
63 81
14 69
95 57
22 22
73 53
57 8
80 43
66 64
92 93
27 47
77 72
61 14
84 75
15 27
96 61
59 43
56 19
84 86
39 47
35 71
66 9
50 94
53 81
24 46
34 99
25 59
52 49
78 37
55 63
86 39
54 44
31 50
12 21
80 4
38 3
0 26
34 50
96 69
81 65
95 11
3 24
89 83
90 47
67 29
79 80
32 0
42 98
17 67
93 9
8 5
84 49
49 23
16 8
0 47
94 62
18 90
63 34
51 33
52 13
65 93
46 90
30 91
29 7
1 50
8 94
34 70
80 30
82 6
54 49
98 79
3 75
22 12
2 96
39 49
28 67
10 8
70 33
75 60
35 41
38 13
15 14
49 44
15 26
